53
HM585496_Human_herpesvirus_1            0.0000000 0.0058994 0.0000010 0.0039269 0.0078728 0.0058997 0.0098756 0.0078727 0.0039269 0.0078704 0.0118425 0.0118425 0.2713325 0.2747018 0.2762201 0.1671184 0.2765599 0.2721849 0.2727081 0.2747779 0.2765599 0.2689279 0.2452311 0.2903064 0.2798799 0.2809317 0.2795337 0.2725907 0.2770972 0.2770972 0.0058952 0.0058997 0.0058997 0.0058994 0.0058952 0.2417090 0.2795337 0.0058974 0.0138377 0.2766818 0.2832764 0.2792358 0.2770972 0.2800780 0.2792358 0.2821428 0.2800780 0.2766818 0.2823864 0.2780082 0.2794393 0.0058975 0.4801174 
HM585497_Human_herpesvirus_1            0.0058994 0.0000000 0.0058994 0.0019578 0.0058876 0.0039218 0.0078777 0.0058875 0.0019578 0.0058858 0.0098403 0.0098403 0.2708094 0.2741709 0.2756832 0.1671184 0.2760266 0.2716588 0.2721800 0.2742467 0.2760266 0.2684000 0.2440692 0.2895696 0.2793344 0.2803416 0.2789940 0.2720583 0.2765621 0.2765620 0.0039188 0.0039218 0.0039218 0.0000010 0.0039188 0.2412465 0.2789940 0.0039203 0.0078676 0.2761481 0.2827275 0.2786973 0.2765621 0.2795360 0.2786973 0.2815982 0.2795360 0.2761481 0.2818407 0.2774696 0.2788952 0.0039204 0.4712700 
HM585498_Human_herpesvirus_1            0.0000010 0.0058994 0.0000000 0.0039269 0.0078728 0.0058997 0.0098756 0.0078727 0.0039269 0.0078704 0.0118425 0.0118425 0.2713325 0.2747018 0.2762201 0.1671184 0.2765599 0.2721849 0.2727081 0.2747779 0.2765599 0.2689279 0.2452311 0.2903064 0.2798799 0.2809317 0.2795337 0.2725907 0.2770972 0.2770972 0.0058952 0.0058997 0.0058997 0.0058994 0.0058952 0.2417090 0.2795337 0.0058974 0.0138377 0.2766818 0.2832764 0.2792358 0.2770972 0.2800780 0.2792358 0.2821428 0.2800780 0.2766818 0.2823864 0.2780082 0.2794393 0.0058975 0.4801174 
HM585501_Human_herpesvirus_1            0.0039269 0.0019578 0.0039269 0.0000000 0.0039190 0.0019579 0.0058992 0.0039190 0.0000010 0.0039179 0.0078601 0.0078601 0.2678725 0.2712148 0.2727077 0.1671184 0.2730729 0.2687111 0.2692246 0.2712900 0.2730729 0.2654160 0.2370676 0.2856286 0.2763377 0.2771094 0.2760266 0.2690782 0.2736012 0.2736014 0.0019564 0.0019579 0.0019579 0.0019578 0.0019564 0.2384187 0.2760266 0.0019572 0.0098403 0.2731927 0.2797380 0.2757342 0.2736012 0.2765621 0.2757342 0.2786226 0.2765621 0.2731927 0.2788618 0.2744968 0.2759030 0.0019572 0.4747021 
HM585502_Human_herpesvirus_1            0.0078728 0.0058876 0.0078728 0.0039190 0.0000000 0.0058879 0.0098558 0.0078570 0.0039190 0.0078547 0.0098375 0.0098375 0.2652262 0.2685554 0.2700315 0.1671184 0.2704160 0.2660559 0.2665634 0.2686296 0.2704160 0.2627252 0.2370676 0.2821046 0.2736464 0.2742081 0.2733614 0.2663946 0.2709395 0.2709392 0.0058834 0.0058879 0.0058879 0.0058876 0.0058834 0.2358428 0.2733614 0.0019579 0.0118233 0.2705345 0.2770564 0.2730728 0.2709395 0.2738910 0.2730728 0.2759523 0.2738910 0.2705345 0.2761888 0.2718249 0.2732153 0.0058857 0.4711063 
HM585504_Human_herpesvirus_1            0.0058997 0.0039218 0.0058997 0.0019579 0.0058879 0.0000000 0.0078781 0.0019552 0.0019579 0.0058861 0.0098408 0.0098408 0.2708059 0.2741671 0.2756793 0.1671184 0.2760227 0.2716553 0.2721764 0.2742429 0.2760227 0.2683966 0.2370676 0.2895630 0.2793301 0.2803370 0.2789899 0.2720547 0.2765581 0.2765580 0.0039190 0.0039220 0.0039220 0.0039218 0.0039190 0.2412451 0.2789899 0.0039205 0.0118272 0.2761442 0.2827231 0.2786932 0.2765581 0.2795318 0.2786932 0.2815938 0.2795318 0.2761442 0.2818363 0.2774656 0.2788910 0.0039206 0.4789783 
HM585508_Human_herpesvirus_1            0.0098756 0.0078777 0.0098756 0.0058992 0.0098558 0.0078781 0.0000000 0.0098557 0.0058992 0.0098529 0.0138371 0.0138371 0.2714037 0.2747732 0.2762918 0.1671184 0.2766311 0.2722562 0.2727788 0.2748493 0.2766311 0.2690004 0.2386321 0.2866276 0.2770809 0.2779120 0.2796050 0.2726628 0.2771685 0.2771685 0.0078721 0.0078781 0.0078781 0.0078777 0.0078721 0.2417789 0.2796050 0.0078751 0.0158384 0.2767530 0.2833480 0.2793070 0.2771685 0.2801494 0.2793070 0.2822142 0.2801494 0.2767530 0.2824578 0.2780798 0.2795112 0.0078752 0.4845254 
HM585509_Human_herpesvirus_1            0.0078727 0.0058875 0.0078727 0.0039190 0.0078570 0.0019552 0.0098557 0.0000000 0.0039190 0.0078546 0.0118187 0.0118187 0.2734671 0.2768411 0.2783700 0.1671184 0.2786932 0.2743246 0.2748522 0.2769177 0.2786932 0.2711024 0.2370676 0.2931105 0.2820358 0.2832549 0.2816693 0.2747531 0.2792341 0.2792341 0.0058834 0.0058878 0.0058878 0.0058875 0.0058834 0.2438361 0.2816693 0.0058856 0.0138098 0.2788160 0.2854187 0.2813689 0.2792341 0.2822172 0.2813689 0.2842779 0.2822172 0.2788160 0.2845232 0.2801517 0.2815928 0.0058857 0.4825753 
HM585510_Human_herpesvirus_1            0.0039269 0.0019578 0.0039269 0.0000010 0.0039190 0.0019579 0.0058992 0.0039190 0.0000000 0.0039179 0.0078601 0.0078601 0.2678725 0.2712148 0.2727077 0.1671184 0.2730729 0.2687111 0.2692246 0.2712900 0.2730729 0.2654160 0.2370676 0.2856286 0.2763377 0.2771094 0.2760266 0.2690782 0.2736012 0.2736014 0.0019564 0.0019579 0.0019579 0.0019578 0.0019564 0.2384187 0.2760266 0.0019572 0.0098403 0.2731927 0.2797380 0.2757342 0.2736012 0.2765621 0.2757342 0.2786226 0.2765621 0.2731927 0.2788618 0.2744968 0.2759030 0.0019572 0.4747021 
HM585511_Human_herpesvirus_1            0.0078704 0.0058858 0.0078704 0.0039179 0.0078547 0.0058861 0.0098529 0.0078546 0.0039179 0.0000000 0.0118152 0.0118152 0.2733974 0.2767707 0.2782990 0.1671184 0.2786226 0.2742547 0.2747820 0.2768472 0.2786226 0.2710319 0.2432936 0.2930144 0.2819639 0.2831772 0.2815982 0.2746823 0.2791633 0.2791633 0.0058816 0.0058861 0.0058861 0.0058858 0.0058816 0.2437724 0.2815982 0.0058839 0.0138058 0.2787454 0.2853466 0.2812978 0.2791633 0.2821458 0.2812978 0.2842063 0.2821458 0.2787454 0.2844515 0.2800805 0.2815211 0.0058840 0.4712700 
HM585512_Human_herpesvirus_1            0.0118425 0.0098403 0.0118425 0.0078601 0.0098375 0.0098408 0.0138371 0.0118187 0.0078601 0.0118152 0.0000000 0.0000010 0.2731526 0.2765217 0.2780471 0.1671184 0.2783723 0.2740083 0.2745345 0.2765980 0.2783723 0.2707850 0.2370676 0.2926655 0.2817074 0.2828995 0.2813444 0.2744328 0.2789121 0.2789121 0.0098332 0.0098408 0.0098408 0.0098403 0.0098332 0.2435588 0.2813444 0.0098370 0.0019565 0.2784949 0.2850881 0.2810448 0.2789121 0.2818911 0.2810448 0.2839499 0.2818911 0.2784949 0.2841946 0.2798275 0.2812654 0.0098371 0.4770884 
HM585513_Human_herpesvirus_1            0.0118425 0.0098403 0.0118425 0.0078601 0.0098375 0.0098408 0.0138371 0.0118187 0.0078601 0.0118152 0.0000010 0.0000000 0.2731526 0.2765217 0.2780471 0.1671184 0.2783723 0.2740083 0.2745345 0.2765980 0.2783723 0.2707850 0.2370676 0.2926655 0.2817074 0.2828995 0.2813444 0.2744328 0.2789121 0.2789121 0.0098332 0.0098408 0.0098408 0.0098403 0.0098332 0.2435588 0.2813444 0.0098370 0.0019565 0.2784949 0.2850881 0.2810448 0.2789121 0.2818911 0.2810448 0.2839499 0.2818911 0.2784949 0.2841946 0.2798275 0.2812654 0.0098371 0.4770884 
HSV2_1                                  0.2713325 0.2708094 0.2713325 0.2678725 0.2652262 0.2708059 0.2714037 0.2734671 0.2678725 0.2733974 0.2731526 0.2731526 0.0000000 0.0019829 0.0019918 0.0000010 0.0200496 0.0039783 0.0019879 0.0019834 0.0200496 0.0060669 0.0000010 0.0025824 0.0222966 0.0218011 0.0220899 0.0020035 0.0200827 0.0200827 0.2705240 0.2708059 0.2708059 0.2708094 0.2705240 0.0912885 0.0220899 0.2652259 0.2761078 0.0200563 0.0242000 0.0220735 0.0200827 0.0221265 0.0220735 0.0241129 0.0221265 0.0200563 0.0200414 0.0221632 0.0222717 0.2675230 0.3721373 
HSV2_2                                  0.2747018 0.2741709 0.2747018 0.2712148 0.2685554 0.2741671 0.2747732 0.2768411 0.2712148 0.2767707 0.2765217 0.2765217 0.0019829 0.0000000 0.0000021 0.0000010 0.0180589 0.0019907 0.0000021 0.0000021 0.0180589 0.0040481 0.0000010 0.0000025 0.0202859 0.0196379 0.0200976 0.0000021 0.0180888 0.0180888 0.2738803 0.2741671 0.2741671 0.2741709 0.2738803 0.0892389 0.0200976 0.2685553 0.2794958 0.0221265 0.0222010 0.0200827 0.0180888 0.0201309 0.0200827 0.0221210 0.0201309 0.0221265 0.0180515 0.0201643 0.0202631 0.2708593 0.3697168 
HSV2_3                                  0.2762201 0.2756832 0.2762201 0.2727077 0.2700315 0.2756793 0.2762918 0.2783700 0.2727077 0.2782990 0.2780471 0.2780471 0.0019918 0.0000021 0.0000000 0.0000010 0.0160941 0.0019992 0.0000010 0.0000010 0.0160941 0.0020293 0.0000010 0.0000010 0.0183053 0.0175049 0.0181349 0.0000027 0.0161208 0.0161208 0.2753886 0.2756793 0.2756793 0.2756832 0.2727077 0.0896717 0.0181349 0.2700315 0.2810414 0.0201674 0.0202356 0.0181215 0.0161208 0.0181651 0.0181215 0.0201624 0.0181651 0.0201674 0.0160875 0.0181954 0.0182847 0.2723483 0.3650856 
HSV2_4                                  0.1671184 0.1671184 0.1671184 0.1671184 0.1671184 0.1671184 0.1671184 0.1671184 0.1671184 0.1671184 0.1671184 0.1671184 0.0000010 0.0000010 0.0000010 0.0000000 0.0000010 0.0000010 0.0000010 0.0000010 0.0000010 0.0000010 0.0000010 0.0000010 0.0000010 0.0000010 0.0000010 0.0000010 0.0000010 0.0000010 0.1671184 0.1671184 0.1671184 0.1671184 0.1671184 0.0000010 0.0000010 0.1671184 0.1671184 0.0000010 0.0000010 0.0000010 0.0000010 0.0000010 0.0000010 0.0382854 0.0000010 0.0000010 0.0000010 0.0000010 0.0000010 0.1671184 0.1275196 
HSV2_5                                  0.2765599 0.2760266 0.2765599 0.2730729 0.2704160 0.2760227 0.2766311 0.2786932 0.2730729 0.2786226 0.2783723 0.2783723 0.0200496 0.0180589 0.0160941 0.0000010 0.0000000 0.0201294 0.0160620 0.0160252 0.0000010 0.0000022 0.0150207 0.0156515 0.0019980 0.0000022 0.0019797 0.0161892 0.0000010 0.0000010 0.2757342 0.2760227 0.2760227 0.2760266 0.2730730 0.0867650 0.0019797 0.2704160 0.2813444 0.0039627 0.0039760 0.0019782 0.0000010 0.0019829 0.0019782 0.0039617 0.0019829 0.0039627 0.0039643 0.0019862 0.0019957 0.2727158 0.3632119 
HSV2_6                                  0.2721849 0.2716588 0.2721849 0.2687111 0.2660559 0.2716553 0.2722562 0.2743246 0.2687111 0.2742547 0.2740083 0.2740083 0.0039783 0.0019907 0.0019992 0.0000010 0.0201294 0.0000000 0.0019952 0.0019907 0.0201294 0.0060917 0.0049678 0.0025953 0.0223863 0.0218954 0.0221779 0.0020110 0.0201628 0.0201628 0.2713717 0.2716553 0.2716553 0.2716588 0.2713717 0.0916734 0.0221779 0.2660556 0.2769742 0.0242151 0.0242969 0.0221615 0.0201628 0.0222148 0.0221615 0.0242091 0.0222148 0.0242151 0.0201212 0.0222519 0.0223613 0.2683594 0.3662482 
HSV2_7                                  0.2727081 0.2721800 0.2727081 0.2692246 0.2665634 0.2721764 0.2727788 0.2748522 0.2692246 0.2747820 0.2745345 0.2745345 0.0019879 0.0000021 0.0000010 0.0000010 0.0160620 0.0019952 0.0000000 0.0000010 0.0160620 0.0020253 0.0000010 0.0000010 0.0182684 0.0174670 0.0180988 0.0000021 0.0160887 0.0160887 0.2718916 0.2721764 0.2721764 0.2721800 0.2692246 0.0872314 0.0180988 0.2665631 0.2775082 0.0201272 0.0201951 0.0180854 0.0160887 0.0181288 0.0180854 0.0201222 0.0181288 0.0201272 0.0160555 0.0181590 0.0182480 0.2688715 0.3665688 
HSV2_8                                  0.2747779 0.2742467 0.2747779 0.2712900 0.2686296 0.2742429 0.2748493 0.2769177 0.2712900 0.2768472 0.2765980 0.2765980 0.0019834 0.0000021 0.0000010 0.0000010 0.0160252 0.0019907 0.0000010 0.0000000 0.0160252 0.0020206 0.0000010 0.0000010 0.0182260 0.0174234 0.0180571 0.0000027 0.0160517 0.0160517 0.2739560 0.2742429 0.2742429 0.2742467 0.2712900 0.0892622 0.0180571 0.2686295 0.2795731 0.0200808 0.0201484 0.0180439 0.0160517 0.0180870 0.0180439 0.0200759 0.0180870 0.0200808 0.0160187 0.0181170 0.0182057 0.2709344 0.3665688 
HSV2_9                                  0.2765599 0.2760266 0.2765599 0.2730729 0.2704160 0.2760227 0.2766311 0.2786932 0.2730729 0.2786226 0.2783723 0.2783723 0.0200496 0.0180589 0.0160941 0.0000010 0.0000010 0.0201294 0.0160620 0.0160252 0.0000000 0.0000022 0.0150207 0.0156515 0.0019980 0.0000022 0.0019797 0.0161892 0.0000010 0.0000010 0.2757342 0.2760227 0.2760227 0.2760266 0.2730730 0.0867650 0.0019797 0.2704160 0.2813444 0.0039627 0.0039760 0.0019782 0.0000010 0.0019829 0.0019782 0.0039617 0.0019829 0.0039627 0.0039643 0.0019862 0.0019957 0.2727158 0.3632119 
HSV2_10                                 0.2689279 0.2684000 0.2689279 0.2654160 0.2627252 0.2683966 0.2690004 0.2711024 0.2654160 0.2710319 0.2707850 0.2707850 0.0060669 0.0040481 0.0020293 0.0000010 0.0000022 0.0060917 0.0020253 0.0020206 0.0000022 0.0000000 0.0000022 0.0000025 0.0000026 0.0000024 0.0000022 0.0020360 0.0000022 0.0000022 0.2681128 0.2683966 0.2683966 0.2684000 0.2654157 0.0817825 0.0000022 0.2627247 0.2737877 0.0020161 0.0020230 0.0020161 0.0000022 0.0000022 0.0020161 0.0020156 0.0000022 0.0020161 0.0000022 0.0000022 0.0000022 0.2650636 0.3553527 
HSV2_11                                 0.2452311 0.2440692 0.2452311 0.2370676 0.2370676 0.2370676 0.2386321 0.2370676 0.2370676 0.2432936 0.2370676 0.2370676 0.0000010 0.0000010 0.0000010 0.0000010 0.0150207 0.0049678 0.0000010 0.0000010 0.0150207 0.0000022 0.0000000 0.0000010 0.0150207 0.0150207 0.0150207 0.0000010 0.0150207 0.0150207 0.2370676 0.2440653 0.2440653 0.2440692 0.2370676 0.0854114 0.0150207 0.2370676 0.2440692 0.0150207 0.0150207 0.0150207 0.0150207 0.0150207 0.0150207 0.0200587 0.0150207 0.0150207 0.0150207 0.0150207 0.0152695 0.2370676 0.3165161 
HSV2_12                                 0.2903064 0.2895696 0.2903064 0.2856286 0.2821046 0.2895630 0.2866276 0.2931105 0.2856286 0.2930144 0.2926655 0.2926655 0.0025824 0.0000025 0.0000010 0.0000010 0.0156515 0.0025953 0.0000010 0.0000010 0.0156515 0.0000025 0.0000010 0.0000000 0.0182979 0.0156903 0.0182979 0.0000021 0.0156852 0.0156515 0.2856286 0.2895630 0.2895630 0.2895696 0.2856286 0.1009013 0.0182979 0.2821055 0.2966386 0.0209352 0.0210271 0.0156515 0.0156852 0.0183374 0.0156515 0.0209285 0.0183374 0.0209352 0.0156433 0.0183771 0.0184945 0.2851348 0.3685120 
HSV2_13                                 0.2798799 0.2793344 0.2798799 0.2763377 0.2736464 0.2793301 0.2770809 0.2820358 0.2763377 0.2819639 0.2817074 0.2817074 0.0222966 0.0202859 0.0183053 0.0000010 0.0019980 0.0223863 0.0182684 0.0182260 0.0019980 0.0000026 0.0150207 0.0182979 0.0000000 0.0021635 0.0000027 0.0163419 0.0020013 0.0019980 0.2790344 0.2793301 0.2793301 0.2793344 0.2763380 0.0899103 0.0000027 0.2736466 0.2847227 0.0019984 0.0020052 0.0039993 0.0020013 0.0000027 0.0039993 0.0019980 0.0000027 0.0019984 0.0019993 0.0000027 0.0000027 0.2759719 0.3608153 
HSV2_14                                 0.2809317 0.2803416 0.2809317 0.2771094 0.2742081 0.2803370 0.2779120 0.2832549 0.2771094 0.2831772 0.2828995 0.2828995 0.0218011 0.0196379 0.0175049 0.0000010 0.0000022 0.0218954 0.0174670 0.0174234 0.0000022 0.0000024 0.0150207 0.0156903 0.0021635 0.0000000 0.0021503 0.0176178 0.0000022 0.0000022 0.2771094 0.2803370 0.2803370 0.2803416 0.2771098 0.0875850 0.0021503 0.2742083 0.2861534 0.0043045 0.0043201 0.0021486 0.0000022 0.0021541 0.0021486 0.0043033 0.0021541 0.0043045 0.0043064 0.0021579 0.0021692 0.2767140 0.3551509 
HSV2_15                                 0.2795337 0.2789940 0.2795337 0.2760266 0.2733614 0.2789899 0.2796050 0.2816693 0.2760266 0.2815982 0.2813444 0.2813444 0.0220899 0.0200976 0.0181349 0.0000010 0.0019797 0.0221779 0.0180988 0.0180571 0.0019797 0.0000022 0.0150207 0.0182979 0.0000027 0.0021503 0.0000000 0.0161892 0.0019829 0.0019829 0.2786973 0.2789899 0.2789899 0.2789940 0.2760269 0.0890355 0.0000010 0.2733615 0.2843301 0.0019801 0.0019868 0.0039627 0.0019829 0.0000010 0.0039627 0.0019797 0.0000010 0.0019801 0.0019809 0.0000010 0.0000010 0.2756644 0.3600744 
HSV2_16                                 0.2725907 0.2720583 0.2725907 0.2690782 0.2663946 0.2720547 0.2726628 0.2747531 0.2690782 0.2746823 0.2744328 0.2744328 0.0020035 0.0000021 0.0000027 0.0000010 0.0161892 0.0020110 0.0000021 0.0000027 0.0161892 0.0020360 0.0000010 0.0000021 0.0163419 0.0176178 0.0161892 0.0000000 0.0162162 0.0162162 0.2717676 0.2720547 0.2720547 0.2720583 0.2690782 0.0879633 0.0161892 0.2663944 0.2774315 0.0182287 0.0182897 0.0182287 0.0162162 0.0162162 0.0182287 0.0182241 0.0162162 0.0182287 0.0141370 0.0162433 0.0163234 0.2687223 0.3668794 
HSV2_17                                 0.2770972 0.2765621 0.2770972 0.2736012 0.2709395 0.2765581 0.2771685 0.2792341 0.2736012 0.2791633 0.2789121 0.2789121 0.0200827 0.0180888 0.0161208 0.0000010 0.0000010 0.0201628 0.0160887 0.0160517 0.0000010 0.0000022 0.0150207 0.0156852 0.0020013 0.0000022 0.0019829 0.0162162 0.0000000 0.0000010 0.2762685 0.2765581 0.2765581 0.2765621 0.2736014 0.0846466 0.0019829 0.2709395 0.2818911 0.0039692 0.0039825 0.0019815 0.0000010 0.0019829 0.0019815 0.0039682 0.0019829 0.0039692 0.0039708 0.0019862 0.0019990 0.2732425 0.3608947 
HSV2_18                                 0.2770972 0.2765620 0.2770972 0.2736014 0.2709392 0.2765580 0.2771685 0.2792341 0.2736014 0.2791633 0.2789121 0.2789121 0.0200827 0.0180888 0.0161208 0.0000010 0.0000010 0.0201628 0.0160887 0.0160517 0.0000010 0.0000022 0.0150207 0.0156515 0.0019980 0.0000022 0.0019829 0.0162162 0.0000010 0.0000000 0.2762685 0.2765580 0.2765580 0.2765620 0.2736015 0.0869159 0.0019829 0.2709391 0.2818911 0.0039692 0.0039825 0.0019815 0.0000010 0.0019862 0.0019815 0.0039682 0.0019862 0.0039692 0.0039708 0.0019894 0.0019990 0.2732428 0.3640406 
JN400093_Human_herpesvirus_1            0.0058952 0.0039188 0.0058952 0.0019564 0.0058834 0.0039190 0.0078721 0.0058834 0.0019564 0.0058816 0.0098332 0.0098332 0.2705240 0.2738803 0.2753886 0.1671184 0.2757342 0.2713717 0.2718916 0.2739560 0.2757342 0.2681128 0.2370676 0.2856286 0.2790344 0.2771094 0.2786973 0.2717676 0.2762685 0.2762685 0.0000000 0.0039190 0.0039190 0.0039188 0.0039160 0.2410014 0.2786973 0.0039175 0.0118181 0.2758554 0.2824247 0.2784013 0.2762685 0.2792383 0.2784013 0.2812978 0.2792383 0.2758554 0.2815398 0.2771739 0.2785963 0.0039176 0.4747263 
JN420339_Human_herpesvirus_1            0.0058997 0.0039218 0.0058997 0.0019579 0.0058879 0.0039220 0.0078781 0.0058878 0.0019579 0.0058861 0.0098408 0.0098408 0.2708059 0.2741671 0.2756793 0.1671184 0.2760227 0.2716553 0.2721764 0.2742429 0.2760227 0.2683966 0.2440653 0.2895630 0.2793301 0.2803370 0.2789899 0.2720547 0.2765581 0.2765580 0.0039190 0.0000000 0.0000010 0.0039218 0.0039190 0.2412451 0.2789899 0.0039205 0.0118272 0.2761442 0.2827231 0.2786932 0.2765581 0.2795318 0.2786932 0.2815938 0.2795318 0.2761442 0.2818363 0.2774656 0.2788910 0.0039206 0.4789783 
JN420340_Human_herpesvirus_1            0.0058997 0.0039218 0.0058997 0.0019579 0.0058879 0.0039220 0.0078781 0.0058878 0.0019579 0.0058861 0.0098408 0.0098408 0.2708059 0.2741671 0.2756793 0.1671184 0.2760227 0.2716553 0.2721764 0.2742429 0.2760227 0.2683966 0.2440653 0.2895630 0.2793301 0.2803370 0.2789899 0.2720547 0.2765581 0.2765580 0.0039190 0.0000010 0.0000000 0.0039218 0.0039190 0.2412451 0.2789899 0.0039205 0.0118272 0.2761442 0.2827231 0.2786932 0.2765581 0.2795318 0.2786932 0.2815938 0.2795318 0.2761442 0.2818363 0.2774656 0.2788910 0.0039206 0.4789783 
JN420341_Human_herpesvirus_1            0.0058994 0.0000010 0.0058994 0.0019578 0.0058876 0.0039218 0.0078777 0.0058875 0.0019578 0.0058858 0.0098403 0.0098403 0.2708094 0.2741709 0.2756832 0.1671184 0.2760266 0.2716588 0.2721800 0.2742467 0.2760266 0.2684000 0.2440692 0.2895696 0.2793344 0.2803416 0.2789940 0.2720583 0.2765621 0.2765620 0.0039188 0.0039218 0.0039218 0.0000000 0.0039188 0.2412465 0.2789940 0.0039203 0.0078676 0.2761481 0.2827275 0.2786973 0.2765621 0.2795360 0.2786973 0.2815982 0.2795360 0.2761481 0.2818407 0.2774696 0.2788952 0.0039204 0.4712700 
JN420342_Human_herpesvirus_1            0.0058952 0.0039188 0.0058952 0.0019564 0.0058834 0.0039190 0.0078721 0.0058834 0.0019564 0.0058816 0.0098332 0.0098332 0.2705240 0.2738803 0.2727077 0.1671184 0.2730730 0.2713717 0.2692246 0.2712900 0.2730730 0.2654157 0.2370676 0.2856286 0.2763380 0.2771098 0.2760269 0.2690782 0.2736014 0.2736015 0.0039160 0.0039190 0.0039190 0.0039188 0.0000000 0.2410014 0.2760269 0.0039175 0.0118181 0.2731928 0.2797385 0.2757345 0.2736014 0.2765624 0.2757345 0.2786231 0.2765624 0.2731928 0.2788623 0.2744969 0.2759032 0.0039176 0.4706917 
JQ360576_Chimpanzee_alpha-1_herpesvirus 0.2417090 0.2412465 0.2417090 0.2384187 0.2358428 0.2412451 0.2417789 0.2438361 0.2384187 0.2437724 0.2435588 0.2435588 0.0912885 0.0892389 0.0896717 0.0000010 0.0867650 0.0916734 0.0872314 0.0892622 0.0867650 0.0817825 0.0854114 0.1009013 0.0899103 0.0875850 0.0890355 0.0879633 0.0846466 0.0869159 0.2410014 0.2412451 0.2412451 0.2412465 0.2410014 0.0000000 0.0890355 0.2358411 0.2464036 0.0912388 0.0915543 0.0845336 0.0846466 0.0869131 0.0845336 0.0912154 0.0869131 0.0912388 0.0912805 0.0870645 0.0851125 0.2381133 0.3880546 
KF781518_Human_herpesvirus_2            0.2795337 0.2789940 0.2795337 0.2760266 0.2733614 0.2789899 0.2796050 0.2816693 0.2760266 0.2815982 0.2813444 0.2813444 0.0220899 0.0200976 0.0181349 0.0000010 0.0019797 0.0221779 0.0180988 0.0180571 0.0019797 0.0000022 0.0150207 0.0182979 0.0000027 0.0021503 0.0000010 0.0161892 0.0019829 0.0019829 0.2786973 0.2789899 0.2789899 0.2789940 0.2760269 0.0890355 0.0000000 0.2733615 0.2843301 0.0019801 0.0019868 0.0039627 0.0019829 0.0000010 0.0039627 0.0019797 0.0000010 0.0019801 0.0019809 0.0000010 0.0000010 0.2756644 0.3600744 
KM222720_Human_herpesvirus_1            0.0058974 0.0039203 0.0058974 0.0019572 0.0019579 0.0039205 0.0078751 0.0058856 0.0019572 0.0058839 0.0098370 0.0098370 0.2652259 0.2685553 0.2700315 0.1671184 0.2704160 0.2660556 0.2665631 0.2686295 0.2704160 0.2627247 0.2370676 0.2821055 0.2736466 0.2742083 0.2733615 0.2663944 0.2709395 0.2709391 0.0039175 0.0039205 0.0039205 0.0039203 0.0039175 0.2358411 0.2733615 0.0000000 0.0118227 0.2705345 0.2770567 0.2730729 0.2709395 0.2738911 0.2730729 0.2759526 0.2738911 0.2705345 0.2761891 0.2718249 0.2732154 0.0039191 0.4711298 
KM222726_Human_herpesvirus_1            0.0138377 0.0078676 0.0138377 0.0098403 0.0118233 0.0118272 0.0158384 0.0138098 0.0098403 0.0138058 0.0019565 0.0019565 0.2761078 0.2794958 0.2810414 0.1671184 0.2813444 0.2769742 0.2775082 0.2795731 0.2813444 0.2737877 0.2440692 0.2966386 0.2847227 0.2861534 0.2843301 0.2774315 0.2818911 0.2818911 0.0118181 0.0118272 0.0118272 0.0078676 0.0118181 0.2464036 0.2843301 0.0118227 0.0000000 0.2814687 0.2880963 0.2840260 0.2818911 0.2848837 0.2840260 0.2869439 0.2848837 0.2814687 0.2871920 0.2828189 0.2842758 0.0118228 0.4736583 
KP334094_Human_herpesvirus_2            0.2766818 0.2761481 0.2766818 0.2731927 0.2705345 0.2761442 0.2767530 0.2788160 0.2731927 0.2787454 0.2784949 0.2784949 0.0200563 0.0221265 0.0201674 0.0000010 0.0039627 0.0242151 0.0201272 0.0200808 0.0039627 0.0020161 0.0150207 0.0209352 0.0019984 0.0043045 0.0019801 0.0182287 0.0039692 0.0039692 0.2758554 0.2761442 0.2761442 0.2761481 0.2731928 0.0912388 0.0019801 0.2705345 0.2814687 0.0000000 0.0039769 0.0059491 0.0039692 0.0019834 0.0059491 0.0039627 0.0019834 0.0000010 0.0039652 0.0019866 0.0019962 0.2728352 0.3633216 
KP334095_Human_herpesvirus_2            0.2832764 0.2827275 0.2832764 0.2797380 0.2770564 0.2827231 0.2833480 0.2854187 0.2797380 0.2853466 0.2850881 0.2850881 0.0242000 0.0222010 0.0202356 0.0000010 0.0039760 0.0242969 0.0201951 0.0201484 0.0039760 0.0020230 0.0150207 0.0210271 0.0020052 0.0043201 0.0019868 0.0182897 0.0039825 0.0039825 0.2824247 0.2827231 0.2827231 0.2827275 0.2797385 0.0915543 0.0019868 0.2770567 0.2880963 0.0039769 0.0000000 0.0059690 0.0039825 0.0019900 0.0059690 0.0039760 0.0019900 0.0039769 0.0039785 0.0019933 0.0020030 0.2793693 0.3598097 
KR135300_Human_herpesvirus_2            0.2792358 0.2786973 0.2792358 0.2757342 0.2730728 0.2786932 0.2793070 0.2813689 0.2757342 0.2812978 0.2810448 0.2810448 0.0220735 0.0200827 0.0181215 0.0000010 0.0019782 0.0221615 0.0180854 0.0180439 0.0019782 0.0020161 0.0150207 0.0156515 0.0039993 0.0021486 0.0039627 0.0182287 0.0019815 0.0019815 0.2784013 0.2786932 0.2786932 0.2786973 0.2757345 0.0845336 0.0039627 0.2730729 0.2840260 0.0059491 0.0059690 0.0000000 0.0019815 0.0039692 0.0000010 0.0059476 0.0039692 0.0059491 0.0059515 0.0039757 0.0039949 0.2753727 0.3632201 
KR135302_Human_herpesvirus_2            0.2770972 0.2765621 0.2770972 0.2736012 0.2709395 0.2765581 0.2771685 0.2792341 0.2736012 0.2791633 0.2789121 0.2789121 0.0200827 0.0180888 0.0161208 0.0000010 0.0000010 0.0201628 0.0160887 0.0160517 0.0000010 0.0000022 0.0150207 0.0156852 0.0020013 0.0000022 0.0019829 0.0162162 0.0000010 0.0000010 0.2762685 0.2765581 0.2765581 0.2765621 0.2736014 0.0846466 0.0019829 0.2709395 0.2818911 0.0039692 0.0039825 0.0019815 0.0000000 0.0019829 0.0019815 0.0039682 0.0019829 0.0039692 0.0039708 0.0019862 0.0019990 0.2732425 0.3608947 
KR135305_Human_herpesvirus_2            0.2800780 0.2795360 0.2800780 0.2765621 0.2738910 0.2795318 0.2801494 0.2822172 0.2765621 0.2821458 0.2818911 0.2818911 0.0221265 0.0201309 0.0181651 0.0000010 0.0019829 0.0222148 0.0181288 0.0180870 0.0019829 0.0000022 0.0150207 0.0183374 0.0000027 0.0021541 0.0000010 0.0162162 0.0019829 0.0019862 0.2792383 0.2795318 0.2795318 0.2795360 0.2765624 0.0869131 0.0000010 0.2738911 0.2848837 0.0019834 0.0019900 0.0039692 0.0019829 0.0000000 0.0039692 0.0019829 0.0000010 0.0019834 0.0019842 0.0000010 0.0000010 0.2761987 0.3577552 
KR135306_Human_herpesvirus_2            0.2792358 0.2786973 0.2792358 0.2757342 0.2730728 0.2786932 0.2793070 0.2813689 0.2757342 0.2812978 0.2810448 0.2810448 0.0220735 0.0200827 0.0181215 0.0000010 0.0019782 0.0221615 0.0180854 0.0180439 0.0019782 0.0020161 0.0150207 0.0156515 0.0039993 0.0021486 0.0039627 0.0182287 0.0019815 0.0019815 0.2784013 0.2786932 0.2786932 0.2786973 0.2757345 0.0845336 0.0039627 0.2730729 0.2840260 0.0059491 0.0059690 0.0000010 0.0019815 0.0039692 0.0000000 0.0059476 0.0039692 0.0059491 0.0059515 0.0039757 0.0039949 0.2753727 0.3632201 
KR135308_Human_herpesvirus_2            0.2821428 0.2815982 0.2821428 0.2786226 0.2759523 0.2815938 0.2822142 0.2842779 0.2786226 0.2842063 0.2839499 0.2839499 0.0241129 0.0221210 0.0201624 0.0382854 0.0039617 0.0242091 0.0201222 0.0200759 0.0039617 0.0020156 0.0200587 0.0209285 0.0019980 0.0043033 0.0019797 0.0182241 0.0039682 0.0039682 0.2812978 0.2815938 0.2815938 0.2815982 0.2786231 0.0912154 0.0019797 0.2759526 0.2869439 0.0039627 0.0039760 0.0059476 0.0039682 0.0019829 0.0059476 0.0000000 0.0019829 0.0039627 0.0039643 0.0019862 0.0019957 0.2782568 0.3632119 
KR135312_Human_herpesvirus_2            0.2800780 0.2795360 0.2800780 0.2765621 0.2738910 0.2795318 0.2801494 0.2822172 0.2765621 0.2821458 0.2818911 0.2818911 0.0221265 0.0201309 0.0181651 0.0000010 0.0019829 0.0222148 0.0181288 0.0180870 0.0019829 0.0000022 0.0150207 0.0183374 0.0000027 0.0021541 0.0000010 0.0162162 0.0019829 0.0019862 0.2792383 0.2795318 0.2795318 0.2795360 0.2765624 0.0869131 0.0000010 0.2738911 0.2848837 0.0019834 0.0019900 0.0039692 0.0019829 0.0000010 0.0039692 0.0019829 0.0000000 0.0019834 0.0019842 0.0000010 0.0000010 0.2761987 0.3577552 
KR135314_Human_herpesvirus_2            0.2766818 0.2761481 0.2766818 0.2731927 0.2705345 0.2761442 0.2767530 0.2788160 0.2731927 0.2787454 0.2784949 0.2784949 0.0200563 0.0221265 0.0201674 0.0000010 0.0039627 0.0242151 0.0201272 0.0200808 0.0039627 0.0020161 0.0150207 0.0209352 0.0019984 0.0043045 0.0019801 0.0182287 0.0039692 0.0039692 0.2758554 0.2761442 0.2761442 0.2761481 0.2731928 0.0912388 0.0019801 0.2705345 0.2814687 0.0000010 0.0039769 0.0059491 0.0039692 0.0019834 0.0059491 0.0039627 0.0019834 0.0000000 0.0039652 0.0019866 0.0019962 0.2728352 0.3633216 
KR135326_Human_herpesvirus_2            0.2823864 0.2818407 0.2823864 0.2788618 0.2761888 0.2818363 0.2824578 0.2845232 0.2788618 0.2844515 0.2841946 0.2841946 0.0200414 0.0180515 0.0160875 0.0000010 0.0039643 0.0201212 0.0160555 0.0160187 0.0039643 0.0000022 0.0150207 0.0156433 0.0019993 0.0043064 0.0019809 0.0141370 0.0039708 0.0039708 0.2815398 0.2818363 0.2818363 0.2818407 0.2788623 0.0912805 0.0019809 0.2761891 0.2871920 0.0039652 0.0039785 0.0059515 0.0039708 0.0019842 0.0059515 0.0039643 0.0019842 0.0039652 0.0000000 0.0019874 0.0019970 0.2784953 0.3595113 
KR135327_Human_herpesvirus_2            0.2780082 0.2774696 0.2780082 0.2744968 0.2718249 0.2774656 0.2780798 0.2801517 0.2744968 0.2800805 0.2798275 0.2798275 0.0221632 0.0201643 0.0181954 0.0000010 0.0019862 0.0222519 0.0181590 0.0181170 0.0019862 0.0000022 0.0150207 0.0183771 0.0000027 0.0021579 0.0000010 0.0162433 0.0019862 0.0019894 0.2771739 0.2774656 0.2774656 0.2774696 0.2744969 0.0870645 0.0000010 0.2718249 0.2828189 0.0019866 0.0019933 0.0039757 0.0019862 0.0000010 0.0039757 0.0019862 0.0000010 0.0019866 0.0019874 0.0000000 0.0000010 0.2741358 0.3554300 
KR135330_Human_herpesvirus_2            0.2794393 0.2788952 0.2794393 0.2759030 0.2732153 0.2788910 0.2795112 0.2815928 0.2759030 0.2815211 0.2812654 0.2812654 0.0222717 0.0202631 0.0182847 0.0000010 0.0019957 0.0223613 0.0182480 0.0182057 0.0019957 0.0000022 0.0152695 0.0184945 0.0000027 0.0021692 0.0000010 0.0163234 0.0019990 0.0019990 0.2785963 0.2788910 0.2788910 0.2788952 0.2759032 0.0851125 0.0000010 0.2732154 0.2842758 0.0019962 0.0020030 0.0039949 0.0019990 0.0000010 0.0039949 0.0019957 0.0000010 0.0019962 0.0019970 0.0000010 0.0000000 0.2755388 0.3533583 
KT887224_Human_herpesvirus_1            0.0058975 0.0039204 0.0058975 0.0019572 0.0058857 0.0039206 0.0078752 0.0058857 0.0019572 0.0058840 0.0098371 0.0098371 0.2675230 0.2708593 0.2723483 0.1671184 0.2727158 0.2683594 0.2688715 0.2709344 0.2727158 0.2650636 0.2370676 0.2851348 0.2759719 0.2767140 0.2756644 0.2687223 0.2732425 0.2732428 0.0039176 0.0039206 0.0039206 0.0039204 0.0039176 0.2381133 0.2756644 0.0039191 0.0118228 0.2728352 0.2793693 0.2753727 0.2732425 0.2761987 0.2753727 0.2782568 0.2761987 0.2728352 0.2784953 0.2741358 0.2755388 0.0000000 0.4739001 
NC_006560_Cercopithecine_herpesvirus_2  0.4801174 0.4712700 0.4801174 0.4747021 0.4711063 0.4789783 0.4845254 0.4825753 0.4747021 0.4712700 0.4770884 0.4770884 0.3721373 0.3697168 0.3650856 0.1275196 0.3632119 0.3662482 0.3665688 0.3665688 0.3632119 0.3553527 0.3165161 0.3685120 0.3608153 0.3551509 0.3600744 0.3668794 0.3608947 0.3640406 0.4747263 0.4789783 0.4789783 0.4712700 0.4706917 0.3880546 0.3600744 0.4711298 0.4736583 0.3633216 0.3598097 0.3632201 0.3608947 0.3577552 0.3632201 0.3632119 0.3577552 0.3633216 0.3595113 0.3554300 0.3533583 0.4739001 0.0000000 
