67
HM585496_Human_herpesvirus_1            0.0000000 0.0039820 0.0039747 0.0019867 0.0019867 0.0039747 0.0039747 0.0000010 0.0119934 0.0019864 0.0140164 0.0039820 0.0079682 0.0079682 0.0039709 0.0099793 0.3584587 0.3728084 0.3088631 0.2933634 0.3558221 0.2299657 0.3730944 0.2840912 0.3175840 0.3373044 0.0892808 0.1265535 0.3218588 0.2647436 0.3558221 0.1144622 0.3390846 0.3291313 0.0079615 0.0059937 0.0059849 0.0039819 0.0079895 0.0039799 0.0039762 0.3741029 0.0059849 0.0019864 0.0059705 0.0059705 0.0039762 0.0059604 0.3564620 0.3573556 0.3594196 0.3587740 0.3594196 0.3590293 0.3523738 0.3543957 0.3523738 0.3587740 0.3572829 0.3580008 0.3585950 0.3543957 0.3594065 0.3594065 0.3536869 0.0079837 0.4412174 
HM585497_Human_herpesvirus_1            0.0039820 0.0000000 0.0039820 0.0059856 0.0059856 0.0039820 0.0039820 0.0039820 0.0119979 0.0019901 0.0180958 0.0000010 0.0120016 0.0120016 0.0079761 0.0140288 0.3594160 0.3773026 0.3106248 0.2933634 0.3601973 0.2309070 0.3771049 0.2850754 0.3193646 0.3383573 0.0892808 0.1265535 0.3236268 0.2657332 0.3601973 0.1144622 0.3437307 0.3309370 0.0119914 0.0019968 0.0019938 0.0039894 0.0039924 0.0039873 0.0039835 0.3785904 0.0019938 0.0019901 0.0059815 0.0059815 0.0039835 0.0099748 0.3608477 0.3617564 0.3575483 0.3631671 0.3575483 0.3634280 0.3567219 0.3587785 0.3567219 0.3631671 0.3554063 0.3561215 0.3629851 0.3587785 0.3638119 0.3638119 0.3580576 0.0039894 0.4442127 
HM585498_Human_herpesvirus_1            0.0039747 0.0039820 0.0000000 0.0059746 0.0059746 0.0039747 0.0000010 0.0039747 0.0079774 0.0019864 0.0180623 0.0039820 0.0119794 0.0119794 0.0079614 0.0140029 0.3606916 0.3750098 0.3098287 0.2933634 0.3593695 0.2309070 0.3750593 0.2850754 0.3185588 0.3383573 0.0892808 0.1265535 0.3228262 0.2657332 0.3593695 0.1144622 0.3428756 0.3301183 0.0119693 0.0059937 0.0059849 0.0079837 0.0079895 0.0039799 0.0039762 0.3759676 0.0059849 0.0019864 0.0059705 0.0059705 0.0039762 0.0099565 0.3600170 0.3609216 0.3629851 0.3623318 0.3629851 0.3625913 0.3559039 0.3579511 0.3559039 0.3623318 0.3608477 0.3615745 0.3621506 0.3579511 0.3629734 0.3629734 0.3572336 0.0079837 0.4448010 
HM585499_Human_herpesvirus_1            0.0019867 0.0059856 0.0059746 0.0000000 0.0000010 0.0059746 0.0059746 0.0019867 0.0140192 0.0039804 0.0160496 0.0059856 0.0099793 0.0099793 0.0059690 0.0119982 0.3629043 0.3771387 0.3137362 0.3046475 0.3594065 0.2356880 0.3769594 0.2893132 0.3224249 0.3423598 0.0892808 0.1322838 0.3266261 0.2702265 0.3594065 0.1202857 0.3429018 0.3339342 0.0099709 0.0080070 0.0079952 0.0059856 0.0100061 0.0059825 0.0059768 0.3777688 0.0079952 0.0039804 0.0079759 0.0079759 0.0059768 0.0079624 0.3600546 0.3609600 0.3630251 0.3623713 0.3630251 0.3626310 0.3559381 0.3579871 0.3559381 0.3623713 0.3608860 0.3616135 0.3621899 0.3579871 0.3630135 0.3630135 0.3572689 0.0099987 0.4479780 
HM585500_Human_herpesvirus_1            0.0019867 0.0059856 0.0059746 0.0000010 0.0000000 0.0059746 0.0059746 0.0019867 0.0140192 0.0039804 0.0160496 0.0059856 0.0099793 0.0099793 0.0059690 0.0119982 0.3629043 0.3771387 0.3137362 0.3046475 0.3594065 0.2356880 0.3769594 0.2893132 0.3224249 0.3423598 0.0892808 0.1322838 0.3266261 0.2702265 0.3594065 0.1202857 0.3429018 0.3339342 0.0099709 0.0080070 0.0079952 0.0059856 0.0100061 0.0059825 0.0059768 0.3777688 0.0079952 0.0039804 0.0079759 0.0079759 0.0059768 0.0079624 0.3600546 0.3609600 0.3630251 0.3623713 0.3630251 0.3626310 0.3559381 0.3579871 0.3559381 0.3623713 0.3608860 0.3616135 0.3621899 0.3579871 0.3630135 0.3630135 0.3572689 0.0099987 0.4479780 
HM585501_Human_herpesvirus_1            0.0039747 0.0039820 0.0039747 0.0059746 0.0059746 0.0000000 0.0039747 0.0039747 0.0119934 0.0019864 0.0180623 0.0039820 0.0119794 0.0119794 0.0079614 0.0140029 0.3628551 0.3770772 0.3137309 0.2933634 0.3593695 0.2357534 0.3769047 0.2893306 0.3224115 0.3423257 0.0892808 0.1317613 0.3266090 0.2702620 0.3593695 0.1198009 0.3428756 0.3339100 0.0119693 0.0059937 0.0059849 0.0079837 0.0079895 0.0039799 0.0039762 0.3777163 0.0059849 0.0019864 0.0059705 0.0059705 0.0039762 0.0099565 0.3600170 0.3609216 0.3629851 0.3623318 0.3629851 0.3625913 0.3559039 0.3579511 0.3559039 0.3623318 0.3608477 0.3615745 0.3621506 0.3579511 0.3629734 0.3629734 0.3572336 0.0079837 0.4477697 
HM585502_Human_herpesvirus_1            0.0039747 0.0039820 0.0000010 0.0059746 0.0059746 0.0039747 0.0000000 0.0039747 0.0079774 0.0019864 0.0180623 0.0039820 0.0119794 0.0119794 0.0079614 0.0140029 0.3606916 0.3750098 0.3098287 0.2933634 0.3593695 0.2309070 0.3750593 0.2850754 0.3185588 0.3383573 0.0892808 0.1265535 0.3228262 0.2657332 0.3593695 0.1144622 0.3428756 0.3301183 0.0119693 0.0059937 0.0059849 0.0079837 0.0079895 0.0039799 0.0039762 0.3759676 0.0059849 0.0019864 0.0059705 0.0059705 0.0039762 0.0099565 0.3600170 0.3609216 0.3629851 0.3623318 0.3629851 0.3625913 0.3559039 0.3579511 0.3559039 0.3623318 0.3608477 0.3615745 0.3621506 0.3579511 0.3629734 0.3629734 0.3572336 0.0079837 0.4448010 
HM585503_Human_herpesvirus_1            0.0000010 0.0039820 0.0039747 0.0019867 0.0019867 0.0039747 0.0039747 0.0000000 0.0119934 0.0019864 0.0140164 0.0039820 0.0079682 0.0079682 0.0039709 0.0099793 0.3584587 0.3728084 0.3088631 0.2933634 0.3558221 0.2299657 0.3730944 0.2840912 0.3175840 0.3373044 0.0892808 0.1265535 0.3218588 0.2647436 0.3558221 0.1144622 0.3390846 0.3291313 0.0079615 0.0059937 0.0059849 0.0039819 0.0079895 0.0039799 0.0039762 0.3741029 0.0059849 0.0019864 0.0059705 0.0059705 0.0039762 0.0059604 0.3564620 0.3573556 0.3594196 0.3587740 0.3594196 0.3590293 0.3523738 0.3543957 0.3523738 0.3587740 0.3572829 0.3580008 0.3585950 0.3543957 0.3594065 0.3594065 0.3536869 0.0079837 0.4412174 
HM585504_Human_herpesvirus_1            0.0119934 0.0119979 0.0079774 0.0140192 0.0140192 0.0119934 0.0079774 0.0119934 0.0000000 0.0099897 0.0140318 0.0119979 0.0200784 0.0200784 0.0160123 0.0221291 0.3563984 0.3717828 0.3103955 0.2825596 0.3634017 0.2309070 0.3757119 0.2850754 0.3191328 0.3381074 0.0892808 0.1265535 0.3233966 0.2657332 0.3634017 0.1144622 0.3509159 0.3307019 0.0200612 0.0100230 0.0100082 0.0120155 0.0120244 0.0079880 0.0119979 0.3828369 0.0100082 0.0099897 0.0140094 0.0140094 0.0119979 0.0180223 0.3640585 0.3649766 0.3670415 0.3663789 0.3670415 0.3666433 0.3599131 0.3619912 0.3599131 0.3663789 0.3649012 0.3656389 0.3661950 0.3619912 0.3670315 0.3670315 0.3612630 0.0120155 0.4458059 
HM585508_Human_herpesvirus_1            0.0019864 0.0019901 0.0019864 0.0039804 0.0039804 0.0019864 0.0019864 0.0019864 0.0099897 0.0000000 0.0160477 0.0019901 0.0099781 0.0099781 0.0059683 0.0119968 0.3594160 0.3737606 0.3098287 0.2933634 0.3565912 0.2309070 0.3739445 0.2850754 0.3185588 0.3383573 0.0892808 0.1265535 0.3228262 0.2657332 0.3565912 0.1144622 0.3398824 0.3301183 0.0099697 0.0039931 0.0039872 0.0059849 0.0059893 0.0019891 0.0019872 0.3749102 0.0039872 0.0000010 0.0039776 0.0039776 0.0019872 0.0079614 0.3572336 0.3581307 0.3601973 0.3595492 0.3601973 0.3598058 0.3531346 0.3551646 0.3531346 0.3595492 0.3580577 0.3587785 0.3593695 0.3551646 0.3601845 0.3601845 0.3544530 0.0059849 0.4428288 
HM585509_Human_herpesvirus_1            0.0140164 0.0180958 0.0180623 0.0160496 0.0160496 0.0180623 0.0180623 0.0140164 0.0140318 0.0160477 0.0000000 0.0180958 0.0221246 0.0221246 0.0180449 0.0241830 0.3696422 0.3846278 0.3187227 0.3038189 0.3724362 0.2353553 0.3879541 0.2927237 0.3307935 0.3501270 0.0892808 0.1320905 0.3348533 0.2739002 0.3724362 0.1201065 0.3568557 0.3422002 0.0221057 0.0160774 0.0160537 0.0140216 0.0180825 0.0140350 0.0180691 0.3873544 0.0160537 0.0160477 0.0200939 0.0200939 0.0180691 0.0200594 0.3731118 0.3740574 0.3761181 0.3754371 0.3761181 0.3757122 0.3689069 0.3710481 0.3689069 0.3754371 0.3739783 0.3747378 0.3752478 0.3710481 0.3761127 0.3761127 0.3702980 0.0180691 0.4379468 
HM585510_Human_herpesvirus_1            0.0039820 0.0000010 0.0039820 0.0059856 0.0059856 0.0039820 0.0039820 0.0039820 0.0119979 0.0019901 0.0180958 0.0000000 0.0120016 0.0120016 0.0079761 0.0140288 0.3594160 0.3773026 0.3106248 0.2933634 0.3601973 0.2309070 0.3771049 0.2850754 0.3193646 0.3383573 0.0892808 0.1265535 0.3236268 0.2657332 0.3601973 0.1144622 0.3437307 0.3309370 0.0119914 0.0019968 0.0019938 0.0039894 0.0039924 0.0039873 0.0039835 0.3785904 0.0019938 0.0019901 0.0059815 0.0059815 0.0039835 0.0099748 0.3608477 0.3617564 0.3575483 0.3631671 0.3575483 0.3634280 0.3567219 0.3587785 0.3567219 0.3631671 0.3554063 0.3561215 0.3629851 0.3587785 0.3638119 0.3638119 0.3580576 0.0039894 0.4442127 
HM585512_Human_herpesvirus_1            0.0079682 0.0120016 0.0119794 0.0099793 0.0099793 0.0119794 0.0119794 0.0079682 0.0200784 0.0099781 0.0221246 0.0120016 0.0000000 0.0000010 0.0039706 0.0019826 0.3655499 0.3816237 0.3148954 0.3046475 0.3684001 0.2398431 0.3826686 0.2976038 0.3303851 0.3454708 0.1205316 0.1318888 0.3344444 0.2740052 0.3684001 0.1199198 0.3525610 0.3417759 0.0079515 0.0140478 0.0140271 0.0120016 0.0160505 0.0119954 0.0119839 0.3868866 0.0140271 0.0099781 0.0139931 0.0139931 0.0119839 0.0059600 0.3690660 0.3699974 0.3720564 0.3713846 0.3720564 0.3716544 0.3648958 0.3670047 0.3648958 0.3713846 0.3699206 0.3706689 0.3711981 0.3670047 0.3720486 0.3720486 0.3662658 0.0160386 0.4430301 
HM585513_Human_herpesvirus_1            0.0079682 0.0120016 0.0119794 0.0099793 0.0099793 0.0119794 0.0119794 0.0079682 0.0200784 0.0099781 0.0221246 0.0120016 0.0000010 0.0000000 0.0039706 0.0019826 0.3655499 0.3816237 0.3148954 0.3046475 0.3684001 0.2398431 0.3826686 0.2976038 0.3303851 0.3454708 0.1205316 0.1318888 0.3344444 0.2740052 0.3684001 0.1199198 0.3525610 0.3417759 0.0079515 0.0140478 0.0140271 0.0120016 0.0160505 0.0119954 0.0119839 0.3868866 0.0140271 0.0099781 0.0139931 0.0139931 0.0119839 0.0059600 0.3690660 0.3699974 0.3720564 0.3713846 0.3720564 0.3716544 0.3648958 0.3670047 0.3648958 0.3713846 0.3699206 0.3706689 0.3711981 0.3670047 0.3720486 0.3720486 0.3662658 0.0160386 0.4430301 
HM585514_Human_herpesvirus_1            0.0039709 0.0079761 0.0079614 0.0059690 0.0059690 0.0079614 0.0079614 0.0039709 0.0160123 0.0059683 0.0180449 0.0079761 0.0039706 0.0039706 0.0000000 0.0059686 0.3655499 0.3796577 0.3168740 0.2933634 0.3615511 0.2398431 0.3792064 0.2928078 0.3254996 0.3454708 0.1205316 0.1318888 0.3296343 0.2740052 0.3615511 0.1199198 0.3452477 0.3369298 0.0079539 0.0100027 0.0099880 0.0079761 0.0120001 0.0079720 0.0079644 0.3798973 0.0099880 0.0059683 0.0099639 0.0099639 0.0079644 0.0019801 0.3622018 0.3631112 0.3651697 0.3645133 0.3651697 0.3647747 0.3580827 0.3601409 0.3580827 0.3645133 0.3630367 0.3637673 0.3643311 0.3601409 0.3651590 0.3651590 0.3594196 0.0119913 0.4400883 
HM585515_Human_herpesvirus_1            0.0099793 0.0140288 0.0140029 0.0119982 0.0119982 0.0140029 0.0140029 0.0099793 0.0221291 0.0119968 0.0241830 0.0140288 0.0019826 0.0019826 0.0059686 0.0000000 0.3700307 0.3859904 0.3197825 0.3161583 0.3720486 0.2456339 0.3865803 0.3029176 0.3353125 0.3505727 0.1205316 0.1376594 0.3392955 0.2795475 0.3720486 0.1257854 0.3564520 0.3466634 0.0099583 0.0160857 0.0160620 0.0140288 0.0180918 0.0140216 0.0140082 0.3906194 0.0160620 0.0119968 0.0160230 0.0160230 0.0140082 0.0079618 0.3727229 0.3736666 0.3757266 0.3750463 0.3757266 0.3753207 0.3685235 0.3706605 0.3685235 0.3750463 0.3735884 0.3743466 0.3748574 0.3706605 0.3757204 0.3757204 0.3699118 0.0180784 0.4498112 
HSV2_1                                  0.3584587 0.3594160 0.3606916 0.3629043 0.3629043 0.3628551 0.3606916 0.3584587 0.3563984 0.3594160 0.3696422 0.3594160 0.3655499 0.3655499 0.3655499 0.3700307 0.0000000 0.0024245 0.0123503 0.0385813 0.0243306 0.0038486 0.0000024 0.0032154 0.0186198 0.0120225 0.0000010 0.0000010 0.0212775 0.0105858 0.0243306 0.0000010 0.0216414 0.0211406 0.3655499 0.3602169 0.3594160 0.3584587 0.3612345 0.3594160 0.3594160 0.1186721 0.3594160 0.3594160 0.3630796 0.3630796 0.3594160 0.3612495 0.0243306 0.0267909 0.0267787 0.0267909 0.0267787 0.0268029 0.0243306 0.0243306 0.0243306 0.0267909 0.0243704 0.0267787 0.0267787 0.0243306 0.0243935 0.0243935 0.0243306 0.3628551 0.3487540 
HSV2_2                                  0.3728084 0.3773026 0.3750098 0.3771387 0.3771387 0.3770772 0.3750098 0.3728084 0.3717828 0.3737606 0.3846278 0.3773026 0.3816237 0.3816237 0.3796577 0.3859904 0.0024245 0.0000000 0.0089498 0.0607683 0.0305423 0.0038486 0.0046363 0.0032082 0.0244298 0.0116931 0.0000010 0.0000010 0.0269282 0.0070706 0.0305423 0.0000010 0.0259630 0.0267575 0.3835391 0.3790794 0.3782676 0.3773026 0.3800857 0.3747168 0.3698192 0.1221844 0.3782676 0.3737606 0.3808530 0.3808530 0.3698192 0.3754751 0.0305423 0.0329231 0.0352928 0.0329231 0.0352928 0.0329374 0.0305423 0.0305423 0.0281343 0.0329231 0.0329750 0.0352928 0.0329085 0.0305423 0.0306183 0.0306183 0.0305423 0.3815988 0.3604542 
HSV2_3                                  0.3088631 0.3106248 0.3098287 0.3137362 0.3137362 0.3137309 0.3098287 0.3088631 0.3103955 0.3098287 0.3187227 0.3106248 0.3148954 0.3148954 0.3168740 0.3197825 0.0123503 0.0089498 0.0000000 0.0357015 0.0174313 0.0038631 0.0147019 0.0037802 0.0150807 0.0030402 0.0000010 0.0000010 0.0180653 0.0074349 0.0174313 0.0000010 0.0200256 0.0180653 0.3127542 0.3114247 0.3106248 0.3096546 0.3125125 0.3098287 0.3098287 0.1150799 0.3106248 0.3098287 0.3139532 0.3139532 0.3098287 0.3121317 0.0174313 0.0204778 0.0203486 0.0203597 0.0203486 0.0174313 0.0174313 0.0175323 0.0144895 0.0203597 0.0204317 0.0204666 0.0203486 0.0175323 0.0174313 0.0174313 0.0174313 0.3145368 0.2813130 
HSV2_4                                  0.2933634 0.2933634 0.2933634 0.3046475 0.3046475 0.2933634 0.2933634 0.2933634 0.2825596 0.2933634 0.3038189 0.2933634 0.3046475 0.3046475 0.2933634 0.3161583 0.0385813 0.0607683 0.0357015 0.0000000 0.0000010 0.0239453 0.0518040 0.0120166 0.0000010 0.0141925 0.0000010 0.0120166 0.0000010 0.0000010 0.0000010 0.0127743 0.0000010 0.0000010 0.2933634 0.2951285 0.2933634 0.2933634 0.2976032 0.2933634 0.2933634 0.1021525 0.2933634 0.2933634 0.3029292 0.3029292 0.2933634 0.2933634 0.0000010 0.0000010 0.0000010 0.0000010 0.0000010 0.0000010 0.0000010 0.0000010 0.0068229 0.0000010 0.0000010 0.0000010 0.0000010 0.0000010 0.0000010 0.0000010 0.0000010 0.2933634 0.3030727 
HSV2_5                                  0.3558221 0.3601973 0.3593695 0.3594065 0.3594065 0.3593695 0.3593695 0.3558221 0.3634017 0.3565912 0.3724362 0.3601973 0.3684001 0.3684001 0.3615511 0.3720486 0.0243306 0.0305423 0.0174313 0.0000010 0.0000000 0.0115866 0.0249921 0.0128809 0.0000026 0.0114099 0.0000010 0.0091791 0.0000010 0.0000021 0.0000010 0.0094872 0.0021509 0.0000010 0.3679447 0.3616308 0.3609779 0.3601973 0.3624583 0.3573631 0.3533156 0.1028110 0.3609779 0.3565912 0.3625132 0.3625132 0.3533156 0.3580827 0.0000010 0.0019659 0.0039252 0.0019583 0.0039252 0.0019590 0.0019575 0.0000010 0.0019575 0.0019583 0.0039360 0.0039405 0.0019575 0.0000010 0.0019603 0.0019603 0.0000010 0.3637712 0.3927119 
HSV2_6                                  0.2299657 0.2309070 0.2309070 0.2356880 0.2356880 0.2357534 0.2309070 0.2299657 0.2309070 0.2309070 0.2353553 0.2309070 0.2398431 0.2398431 0.2398431 0.2456339 0.0038486 0.0038486 0.0038631 0.0239453 0.0115866 0.0000000 0.0038486 0.0077546 0.0077412 0.0038486 0.0000010 0.0045847 0.0115866 0.0115866 0.0115866 0.0047385 0.0154736 0.0115866 0.2347937 0.2309070 0.2309070 0.2299657 0.2309070 0.2309070 0.2309070 0.0805190 0.2309070 0.2309070 0.2309070 0.2309070 0.2309070 0.2342224 0.0115866 0.0154736 0.0115866 0.0154736 0.0115866 0.0115866 0.0115866 0.0115866 0.0115866 0.0154736 0.0115866 0.0115866 0.0115866 0.0115866 0.0115866 0.0115866 0.0115866 0.2357534 0.2615520 
HSV2_7                                  0.3730944 0.3771049 0.3750593 0.3769594 0.3769594 0.3769047 0.3750593 0.3730944 0.3757119 0.3739445 0.3879541 0.3771049 0.3826686 0.3826686 0.3792064 0.3865803 0.0000024 0.0046363 0.0147019 0.0518040 0.0249921 0.0038486 0.0000000 0.0032081 0.0236787 0.0115037 0.0000010 0.0000010 0.0261179 0.0105858 0.0249921 0.0000010 0.0205340 0.0259571 0.3860711 0.3794146 0.3786886 0.3778252 0.3803139 0.3747979 0.3704262 0.1127152 0.3786886 0.3739445 0.3802717 0.3802717 0.3704262 0.3754749 0.0249921 0.0272108 0.0292413 0.0270982 0.0292413 0.0271086 0.0270877 0.0250958 0.0228668 0.0270982 0.0271778 0.0293630 0.0270877 0.0250958 0.0250464 0.0250464 0.0250304 0.3816655 0.3721515 
HSV2_8                                  0.2840912 0.2850754 0.2850754 0.2893132 0.2893132 0.2893306 0.2850754 0.2840912 0.2850754 0.2850754 0.2927237 0.2850754 0.2976038 0.2976038 0.2928078 0.3029176 0.0032154 0.0032082 0.0037802 0.0120166 0.0128809 0.0077546 0.0032081 0.0000000 0.0072882 0.0036238 0.0000010 0.0046109 0.0109100 0.0109489 0.0128809 0.0047664 0.0161227 0.0109100 0.2931083 0.2850754 0.2850754 0.2840912 0.2850754 0.2850754 0.2850754 0.1065740 0.2850754 0.2850754 0.2850754 0.2850754 0.2850754 0.2877100 0.0128809 0.0161227 0.0128809 0.0161227 0.0128809 0.0161321 0.0128809 0.0128809 0.0128809 0.0161227 0.0128809 0.0128809 0.0128809 0.0128809 0.0129253 0.0129253 0.0128809 0.2893306 0.3104541 
HSV2_9                                  0.3175840 0.3193646 0.3185588 0.3224249 0.3224249 0.3224115 0.3185588 0.3175840 0.3191328 0.3185588 0.3307935 0.3193646 0.3303851 0.3303851 0.3254996 0.3353125 0.0186198 0.0244298 0.0150807 0.0000010 0.0000026 0.0077412 0.0236787 0.0072882 0.0000000 0.0088157 0.0000010 0.0046014 0.0000026 0.0000022 0.0000026 0.0047562 0.0032128 0.0000026 0.3214260 0.3201743 0.3193646 0.3183853 0.3212622 0.3185588 0.3185588 0.1028099 0.3193646 0.3185588 0.3226367 0.3226367 0.3185588 0.3207935 0.0000026 0.0028277 0.0000026 0.0028119 0.0000026 0.0028133 0.0000026 0.0000027 0.0028104 0.0028119 0.0000027 0.0000027 0.0000026 0.0000027 0.0000026 0.0000026 0.0000026 0.3232265 0.3204363 
HSV2_10                                 0.3373044 0.3383573 0.3383573 0.3423598 0.3423598 0.3423257 0.3383573 0.3373044 0.3381074 0.3383573 0.3501270 0.3383573 0.3454708 0.3454708 0.3454708 0.3505727 0.0120225 0.0116931 0.0030402 0.0141925 0.0114099 0.0038486 0.0115037 0.0036238 0.0088157 0.0000000 0.0000010 0.0000010 0.0115261 0.0105035 0.0114099 0.0000010 0.0130128 0.0114557 0.3412614 0.3392332 0.3383573 0.3373044 0.3403787 0.3383573 0.3383573 0.1068343 0.3383573 0.3383573 0.3425711 0.3425711 0.3383573 0.3405678 0.0114099 0.0142791 0.0114099 0.0142791 0.0114099 0.0142864 0.0114099 0.0114099 0.0085358 0.0142791 0.0114557 0.0114099 0.0114099 0.0114099 0.0114099 0.0114099 0.0114099 0.3423257 0.3451746 
HSV2_11                                 0.0892808 0.0892808 0.0892808 0.0892808 0.0892808 0.0892808 0.0892808 0.0892808 0.0892808 0.0892808 0.0892808 0.0892808 0.1205316 0.1205316 0.1205316 0.1205316 0.0000010 0.0000010 0.0000010 0.0000010 0.0000010 0.0000010 0.0000010 0.0000010 0.0000010 0.0000010 0.0000000 0.0000010 0.0000010 0.0000010 0.0000010 0.0000010 0.0277506 0.0000010 0.0892808 0.0892808 0.0892808 0.0892808 0.0892808 0.0892808 0.0892808 0.1137895 0.0892808 0.0892808 0.0892808 0.0892808 0.0892808 0.1205316 0.0000010 0.0277506 0.0000010 0.0277506 0.0000010 0.0000010 0.0000010 0.0000010 0.0000010 0.0277506 0.0000010 0.0000010 0.0000010 0.0000010 0.0000010 0.0000010 0.0000010 0.0892808 0.1938753 
HSV2_12                                 0.1265535 0.1265535 0.1265535 0.1322838 0.1322838 0.1317613 0.1265535 0.1265535 0.1265535 0.1265535 0.1320905 0.1265535 0.1318888 0.1318888 0.1318888 0.1376594 0.0000010 0.0000010 0.0000010 0.0120166 0.0091791 0.0045847 0.0000010 0.0046109 0.0046014 0.0000010 0.0000010 0.0000000 0.0091791 0.0091791 0.0091791 0.0000010 0.0137950 0.0091791 0.1265535 0.1265535 0.1265535 0.1265535 0.1265535 0.1265535 0.1265535 0.0569711 0.1265535 0.1265535 0.1265535 0.1265535 0.1265535 0.1262304 0.0091791 0.0137950 0.0091791 0.0137950 0.0091791 0.0091791 0.0091791 0.0091791 0.0091791 0.0137950 0.0091791 0.0091791 0.0091791 0.0091791 0.0091791 0.0091791 0.0091791 0.1317613 0.2414823 
HSV2_13                                 0.3218588 0.3236268 0.3228262 0.3266261 0.3266261 0.3266090 0.3228262 0.3218588 0.3233966 0.3228262 0.3348533 0.3236268 0.3344444 0.3344444 0.3296343 0.3392955 0.0212775 0.0269282 0.0180653 0.0000010 0.0000010 0.0115866 0.0261179 0.0109100 0.0000026 0.0115261 0.0000010 0.0091791 0.0000000 0.0000021 0.0000010 0.0094872 0.0031334 0.0000010 0.3256313 0.3244313 0.3236269 0.3226551 0.3255055 0.3228262 0.3228262 0.1128752 0.3236269 0.3228262 0.3268328 0.3268328 0.3228262 0.3250017 0.0000010 0.0027660 0.0000010 0.0027509 0.0000010 0.0027523 0.0000010 0.0000010 0.0027495 0.0027509 0.0000010 0.0000010 0.0000010 0.0000010 0.0000010 0.0000010 0.0000010 0.3274192 0.3492145 
HSV2_14                                 0.2647436 0.2657332 0.2657332 0.2702265 0.2702265 0.2702620 0.2657332 0.2647436 0.2657332 0.2657332 0.2739002 0.2657332 0.2740052 0.2740052 0.2740052 0.2795475 0.0105858 0.0070706 0.0074349 0.0000010 0.0000021 0.0115866 0.0105858 0.0109489 0.0000022 0.0105035 0.0000010 0.0091791 0.0000021 0.0000000 0.0000021 0.0094872 0.0034701 0.0000021 0.2692577 0.2657332 0.2657332 0.2647436 0.2657332 0.2657332 0.2657332 0.1044841 0.2657332 0.2657332 0.2657332 0.2657332 0.2657332 0.2686410 0.0000021 0.0034701 0.0000021 0.0034701 0.0000021 0.0034722 0.0000021 0.0000021 0.0000021 0.0034701 0.0000021 0.0000021 0.0000021 0.0000021 0.0000021 0.0000021 0.0000021 0.2702620 0.3022758 
HSV2_15                                 0.3558221 0.3601973 0.3593695 0.3594065 0.3594065 0.3593695 0.3593695 0.3558221 0.3634017 0.3565912 0.3724362 0.3601973 0.3684001 0.3684001 0.3615511 0.3720486 0.0243306 0.0305423 0.0174313 0.0000010 0.0000010 0.0115866 0.0249921 0.0128809 0.0000026 0.0114099 0.0000010 0.0091791 0.0000010 0.0000021 0.0000000 0.0094872 0.0021509 0.0000010 0.3679447 0.3616308 0.3609779 0.3601973 0.3624583 0.3573631 0.3533156 0.1028110 0.3609779 0.3565912 0.3625132 0.3625132 0.3533156 0.3580827 0.0000010 0.0019659 0.0039252 0.0019583 0.0039252 0.0019590 0.0019575 0.0000010 0.0019575 0.0019583 0.0039360 0.0039405 0.0019575 0.0000010 0.0019603 0.0019603 0.0000010 0.3637712 0.3927119 
HSV2_16                                 0.1144622 0.1144622 0.1144622 0.1202857 0.1202857 0.1198009 0.1144622 0.1144622 0.1144622 0.1144622 0.1201065 0.1144622 0.1199198 0.1199198 0.1199198 0.1257854 0.0000010 0.0000010 0.0000010 0.0127743 0.0094872 0.0047385 0.0000010 0.0047664 0.0047562 0.0000010 0.0000010 0.0000010 0.0094872 0.0094872 0.0094872 0.0000000 0.0142584 0.0094872 0.1144622 0.1144622 0.1144622 0.1144622 0.1144622 0.1144622 0.1144622 0.0539841 0.1144622 0.1144622 0.1144622 0.1144622 0.1144622 0.1199198 0.0094872 0.0142584 0.0094872 0.0142584 0.0094872 0.0094872 0.0094872 0.0094872 0.0094872 0.0142584 0.0094872 0.0094872 0.0094872 0.0094872 0.0094872 0.0094872 0.0094872 0.1198009 0.2443461 
HSV2_17                                 0.3390846 0.3437307 0.3428756 0.3429018 0.3429018 0.3428756 0.3428756 0.3390846 0.3509159 0.3398824 0.3568557 0.3437307 0.3525610 0.3525610 0.3452477 0.3564520 0.0216414 0.0259630 0.0200256 0.0000010 0.0021509 0.0154736 0.0205340 0.0161227 0.0032128 0.0130128 0.0277506 0.0137950 0.0031334 0.0034701 0.0021509 0.0142584 0.0000000 0.0031198 0.3520914 0.3452170 0.3445419 0.3437307 0.3445419 0.3406834 0.3363820 0.0918909 0.3445419 0.3398824 0.3430609 0.3430609 0.3363820 0.3415462 0.0021552 0.0000010 0.0064749 0.0000010 0.0064749 0.0043092 0.0043058 0.0021601 0.0021509 0.0000010 0.0064749 0.0065027 0.0043058 0.0021601 0.0043125 0.0043125 0.0021552 0.3475526 0.3977965 
HSV2_18                                 0.3291313 0.3309370 0.3301183 0.3339342 0.3339342 0.3339100 0.3301183 0.3291313 0.3307019 0.3301183 0.3422002 0.3309370 0.3417759 0.3417759 0.3369298 0.3466634 0.0211406 0.0267575 0.0180653 0.0000010 0.0000010 0.0115866 0.0259571 0.0109100 0.0000026 0.0114557 0.0000010 0.0091791 0.0000010 0.0000021 0.0000010 0.0094872 0.0031198 0.0000000 0.3329127 0.3317597 0.3309371 0.3299457 0.3328468 0.3301183 0.3301183 0.1124036 0.3309371 0.3301183 0.3341390 0.3341390 0.3301183 0.3322667 0.0000010 0.0027553 0.0000010 0.0027404 0.0000010 0.0027417 0.0000010 0.0000010 0.0027390 0.0027404 0.0000010 0.0000010 0.0000010 0.0000010 0.0000010 0.0000010 0.0000010 0.3347383 0.3532974 
JN400093_Human_herpesvirus_1            0.0079615 0.0119914 0.0119693 0.0099709 0.0099709 0.0119693 0.0119693 0.0079615 0.0200612 0.0099697 0.0221057 0.0119914 0.0079515 0.0079515 0.0079539 0.0099583 0.3655499 0.3835391 0.3127542 0.2933634 0.3679447 0.2347937 0.3860711 0.2931083 0.3214260 0.3412614 0.0892808 0.1265535 0.3256313 0.2692577 0.3679447 0.1144622 0.3520914 0.3329127 0.0000000 0.0140359 0.0140152 0.0119914 0.0160368 0.0119852 0.0119738 0.3864035 0.0140152 0.0099697 0.0139812 0.0139812 0.0119738 0.0099471 0.3686090 0.3695380 0.3715949 0.3709248 0.3715949 0.3711938 0.3644462 0.3665497 0.3644462 0.3709248 0.3694614 0.3702078 0.3707388 0.3665497 0.3715869 0.3715869 0.3658126 0.0160250 0.4544784 
JN420337_Human_herpesvirus_1            0.0059937 0.0019968 0.0059937 0.0080070 0.0080070 0.0059937 0.0059937 0.0059937 0.0100230 0.0039931 0.0160774 0.0019968 0.0140478 0.0140478 0.0100027 0.0160857 0.3602169 0.3790794 0.3114247 0.2951285 0.3616308 0.2309070 0.3794146 0.2850754 0.3201743 0.3392332 0.0892808 0.1265535 0.3244313 0.2657332 0.3616308 0.1144622 0.3452170 0.3317597 0.0140359 0.0000000 0.0000010 0.0019938 0.0019953 0.0019956 0.0059960 0.3828499 0.0000010 0.0039931 0.0080014 0.0080014 0.0059960 0.0120090 0.3622859 0.3632015 0.3589717 0.3646126 0.3589717 0.3648759 0.3581393 0.3602115 0.3581393 0.3646126 0.3568239 0.3575444 0.3644292 0.3602115 0.3652628 0.3652628 0.3594852 0.0019938 0.4373753 
JN420338_Human_herpesvirus_1            0.0059849 0.0019938 0.0059849 0.0079952 0.0079952 0.0059849 0.0059849 0.0059849 0.0100082 0.0039872 0.0160537 0.0019938 0.0140271 0.0140271 0.0099880 0.0160620 0.3594160 0.3782676 0.3106248 0.2933634 0.3609779 0.2309070 0.3786886 0.2850754 0.3193646 0.3383573 0.0892808 0.1265535 0.3236269 0.2657332 0.3609779 0.1144622 0.3445419 0.3309371 0.0140152 0.0000010 0.0000000 0.0019909 0.0019923 0.0019927 0.0059872 0.3821555 0.0000010 0.0039872 0.0079896 0.0079896 0.0059872 0.0119913 0.3616308 0.3625432 0.3583237 0.3639539 0.3583237 0.3642161 0.3574941 0.3595590 0.3574941 0.3639539 0.3561788 0.3568968 0.3637712 0.3595590 0.3646016 0.3646016 0.3588353 0.0019909 0.4373753 
JN420339_Human_herpesvirus_1            0.0039819 0.0039894 0.0079837 0.0059856 0.0059856 0.0079837 0.0079837 0.0039819 0.0120155 0.0059849 0.0140216 0.0039894 0.0120016 0.0120016 0.0079761 0.0140288 0.3584587 0.3773026 0.3096546 0.2933634 0.3601973 0.2299657 0.3778252 0.2840912 0.3183853 0.3373044 0.0892808 0.1265535 0.3226551 0.2647436 0.3601973 0.1144622 0.3437307 0.3299457 0.0119914 0.0019938 0.0019909 0.0000000 0.0039865 0.0039872 0.0079867 0.3813305 0.0019909 0.0059849 0.0099918 0.0099918 0.0079867 0.0099748 0.3608477 0.3617564 0.3575483 0.3631671 0.3575483 0.3634280 0.3567219 0.3587785 0.3567219 0.3631671 0.3554064 0.3561215 0.3629851 0.3587785 0.3638119 0.3638119 0.3580577 0.0039835 0.4357830 
JN420340_Human_herpesvirus_1            0.0079895 0.0039924 0.0079895 0.0100061 0.0100061 0.0079895 0.0079895 0.0079895 0.0120244 0.0059893 0.0180825 0.0039924 0.0160505 0.0160505 0.0120001 0.0180918 0.3612345 0.3800857 0.3125125 0.2976032 0.3624583 0.2309070 0.3803139 0.2850754 0.3212622 0.3403787 0.0892808 0.1265535 0.3255055 0.2657332 0.3624583 0.1144622 0.3445419 0.3328468 0.0160368 0.0019953 0.0019923 0.0039865 0.0000000 0.0039901 0.0079925 0.3837062 0.0019923 0.0059893 0.0099991 0.0099991 0.0079925 0.0140068 0.3631156 0.3640343 0.3597959 0.3654442 0.3597959 0.3657085 0.3589608 0.3610401 0.3589608 0.3654442 0.3576467 0.3583697 0.3652601 0.3610401 0.3660969 0.3660969 0.3603114 0.0039865 0.4373753 
JN420341_Human_herpesvirus_1            0.0039799 0.0039873 0.0039799 0.0059825 0.0059825 0.0039799 0.0039799 0.0039799 0.0079880 0.0019891 0.0140350 0.0039873 0.0119954 0.0119954 0.0079720 0.0140216 0.3594160 0.3747168 0.3098287 0.2933634 0.3573631 0.2309070 0.3747979 0.2850754 0.3185588 0.3383573 0.0892808 0.1265535 0.3228262 0.2657332 0.3573631 0.1144622 0.3406834 0.3301183 0.0119852 0.0019956 0.0019927 0.0039872 0.0039901 0.0000000 0.0039814 0.3784561 0.0019927 0.0019891 0.0059784 0.0059784 0.0039814 0.0099697 0.3580080 0.3589087 0.3609779 0.3603273 0.3609779 0.3605851 0.3538981 0.3559364 0.3538981 0.3603273 0.3588353 0.3595590 0.3601468 0.3559364 0.3609654 0.3609654 0.3552219 0.0039872 0.4428288 
JN420342_Human_herpesvirus_1            0.0039762 0.0039835 0.0039762 0.0059768 0.0059768 0.0039762 0.0039762 0.0039762 0.0119979 0.0019872 0.0180691 0.0039835 0.0119839 0.0119839 0.0079644 0.0140082 0.3594160 0.3698192 0.3098287 0.2933634 0.3533156 0.2309070 0.3704262 0.2850754 0.3185588 0.3383573 0.0892808 0.1265535 0.3228262 0.2657332 0.3533156 0.1144622 0.3363820 0.3301183 0.0119738 0.0059960 0.0059872 0.0079867 0.0079925 0.0039814 0.0000000 0.3715740 0.0059872 0.0019872 0.0059727 0.0059727 0.0000010 0.0099602 0.3539510 0.3548380 0.3569050 0.3562639 0.3569050 0.3565167 0.3498749 0.3518816 0.3498749 0.3562639 0.3547660 0.3554786 0.3560862 0.3518816 0.3568909 0.3568909 0.3511781 0.0079867 0.4428288 
JQ360576_Chimpanzee_alpha-1_herpesvirus 0.3741029 0.3785904 0.3759676 0.3777688 0.3777688 0.3777163 0.3759676 0.3741029 0.3828369 0.3749102 0.3873544 0.3785904 0.3868866 0.3868866 0.3798973 0.3906194 0.1186721 0.1221844 0.1150799 0.1021525 0.1028110 0.0805190 0.1127152 0.1065740 0.1028099 0.1068343 0.1137895 0.0569711 0.1128752 0.1044841 0.1028110 0.0539841 0.0918909 0.1124036 0.3864035 0.3828499 0.3821555 0.3813305 0.3837062 0.3784561 0.3715740 0.0000000 0.3821555 0.3749102 0.3809081 0.3809081 0.3715740 0.3763583 0.1029672 0.0987376 0.1055457 0.1005656 0.1055457 0.1050433 0.1049565 0.1009863 0.1005223 0.1005656 0.1058612 0.1037189 0.1031913 0.1009863 0.1051256 0.1051256 0.1029672 0.3849796 0.4116264 
JQ730035_Human_herpesvirus_1            0.0059849 0.0019938 0.0059849 0.0079952 0.0079952 0.0059849 0.0059849 0.0059849 0.0100082 0.0039872 0.0160537 0.0019938 0.0140271 0.0140271 0.0099880 0.0160620 0.3594160 0.3782676 0.3106248 0.2933634 0.3609779 0.2309070 0.3786886 0.2850754 0.3193646 0.3383573 0.0892808 0.1265535 0.3236269 0.2657332 0.3609779 0.1144622 0.3445419 0.3309371 0.0140152 0.0000010 0.0000010 0.0019909 0.0019923 0.0019927 0.0059872 0.3821555 0.0000000 0.0039872 0.0079896 0.0079896 0.0059872 0.0119913 0.3616308 0.3625432 0.3583237 0.3639539 0.3583237 0.3642161 0.3574941 0.3595590 0.3574941 0.3639539 0.3561788 0.3568968 0.3637712 0.3595590 0.3646016 0.3646016 0.3588353 0.0019909 0.4373753 
KF498959_Human_herpesvirus_1            0.0019864 0.0019901 0.0019864 0.0039804 0.0039804 0.0019864 0.0019864 0.0019864 0.0099897 0.0000010 0.0160477 0.0019901 0.0099781 0.0099781 0.0059683 0.0119968 0.3594160 0.3737606 0.3098287 0.2933634 0.3565912 0.2309070 0.3739445 0.2850754 0.3185588 0.3383573 0.0892808 0.1265535 0.3228262 0.2657332 0.3565912 0.1144622 0.3398824 0.3301183 0.0099697 0.0039931 0.0039872 0.0059849 0.0059893 0.0019891 0.0019872 0.3749102 0.0039872 0.0000000 0.0039776 0.0039776 0.0019872 0.0079614 0.3572336 0.3581307 0.3601973 0.3595492 0.3601973 0.3598058 0.3531346 0.3551646 0.3531346 0.3595492 0.3580577 0.3587785 0.3593695 0.3551646 0.3601845 0.3601845 0.3544530 0.0059849 0.4428288 
KM222721_Human_herpesvirus_1            0.0059705 0.0059815 0.0059705 0.0079759 0.0079759 0.0059705 0.0059705 0.0059705 0.0140094 0.0039776 0.0200939 0.0059815 0.0139931 0.0139931 0.0099639 0.0160230 0.3630796 0.3808530 0.3139532 0.3029292 0.3625132 0.2309070 0.3802717 0.2850754 0.3226367 0.3425711 0.0892808 0.1265535 0.3268328 0.2657332 0.3625132 0.1144622 0.3430609 0.3341390 0.0139812 0.0080014 0.0079896 0.0099918 0.0099991 0.0059784 0.0059727 0.3809081 0.0079896 0.0039776 0.0000000 0.0000010 0.0059727 0.0119623 0.3631671 0.3640810 0.3661429 0.3654832 0.3661429 0.3657462 0.3590342 0.3611028 0.3590342 0.3654832 0.3640061 0.3647404 0.3653002 0.3611028 0.3661326 0.3661326 0.3603779 0.0099918 0.4428288 
KM222722_Human_herpesvirus_1            0.0059705 0.0059815 0.0059705 0.0079759 0.0079759 0.0059705 0.0059705 0.0059705 0.0140094 0.0039776 0.0200939 0.0059815 0.0139931 0.0139931 0.0099639 0.0160230 0.3630796 0.3808530 0.3139532 0.3029292 0.3625132 0.2309070 0.3802717 0.2850754 0.3226367 0.3425711 0.0892808 0.1265535 0.3268328 0.2657332 0.3625132 0.1144622 0.3430609 0.3341390 0.0139812 0.0080014 0.0079896 0.0099918 0.0099991 0.0059784 0.0059727 0.3809081 0.0079896 0.0039776 0.0000010 0.0000000 0.0059727 0.0119623 0.3631671 0.3640810 0.3661429 0.3654832 0.3661429 0.3657462 0.3590342 0.3611028 0.3590342 0.3654832 0.3640061 0.3647404 0.3653002 0.3611028 0.3661326 0.3661326 0.3603779 0.0099918 0.4428288 
KM222724_Human_herpesvirus_1            0.0039762 0.0039835 0.0039762 0.0059768 0.0059768 0.0039762 0.0039762 0.0039762 0.0119979 0.0019872 0.0180691 0.0039835 0.0119839 0.0119839 0.0079644 0.0140082 0.3594160 0.3698192 0.3098287 0.2933634 0.3533156 0.2309070 0.3704262 0.2850754 0.3185588 0.3383573 0.0892808 0.1265535 0.3228262 0.2657332 0.3533156 0.1144622 0.3363820 0.3301183 0.0119738 0.0059960 0.0059872 0.0079867 0.0079925 0.0039814 0.0000010 0.3715740 0.0059872 0.0019872 0.0059727 0.0059727 0.0000000 0.0099602 0.3539510 0.3548380 0.3569050 0.3562639 0.3569050 0.3565167 0.3498749 0.3518816 0.3498749 0.3562639 0.3547660 0.3554786 0.3560862 0.3518816 0.3568909 0.3568909 0.3511781 0.0079867 0.4428288 
KM222727_Human_herpesvirus_1            0.0059604 0.0099748 0.0099565 0.0079624 0.0079624 0.0099565 0.0099565 0.0059604 0.0180223 0.0079614 0.0200594 0.0099748 0.0059600 0.0059600 0.0019801 0.0079618 0.3612495 0.3754751 0.3121317 0.2933634 0.3580827 0.2342224 0.3754749 0.2877100 0.3207935 0.3405678 0.1205316 0.1262304 0.3250017 0.2686410 0.3580827 0.1199198 0.3415462 0.3322667 0.0099471 0.0120090 0.0119913 0.0099748 0.0140068 0.0099697 0.0099602 0.3763583 0.0119913 0.0079614 0.0119623 0.0119623 0.0099602 0.0000000 0.3587257 0.3596240 0.3616824 0.3610336 0.3616824 0.3612909 0.3546322 0.3566650 0.3546322 0.3610336 0.3595507 0.3602724 0.3608536 0.3566650 0.3616702 0.3616702 0.3559525 0.0139965 0.4449972 
KP334095_Human_herpesvirus_2            0.3564620 0.3608477 0.3600170 0.3600546 0.3600546 0.3600170 0.3600170 0.3564620 0.3640585 0.3572336 0.3731118 0.3608477 0.3690660 0.3690660 0.3622018 0.3727229 0.0243306 0.0305423 0.0174313 0.0000010 0.0000010 0.0115866 0.0249921 0.0128809 0.0000026 0.0114099 0.0000010 0.0091791 0.0000010 0.0000021 0.0000010 0.0094872 0.0021552 0.0000010 0.3686090 0.3622859 0.3616308 0.3608477 0.3631156 0.3580080 0.3539510 0.1029672 0.3616308 0.3572336 0.3631671 0.3631671 0.3539510 0.3587257 0.0000000 0.0019687 0.0039309 0.0019610 0.0039309 0.0019617 0.0019603 0.0000010 0.0019603 0.0019610 0.0039417 0.0039463 0.0019603 0.0000010 0.0019631 0.0019631 0.0000010 0.3644292 0.3875230 
KR135298_Human_herpesvirus_2            0.3573556 0.3617564 0.3609216 0.3609600 0.3609600 0.3609216 0.3609216 0.3573556 0.3649766 0.3581307 0.3740574 0.3617564 0.3699974 0.3699974 0.3631112 0.3736666 0.0267909 0.0329231 0.0204778 0.0000010 0.0019659 0.0154736 0.0272108 0.0161227 0.0028277 0.0142791 0.0277506 0.0137950 0.0027660 0.0034701 0.0019659 0.0142584 0.0000010 0.0027553 0.3695380 0.3632015 0.3625432 0.3617564 0.3640343 0.3589087 0.3548380 0.0987376 0.3625432 0.3581307 0.3640810 0.3640810 0.3548380 0.3596240 0.0019687 0.0000000 0.0059157 0.0000010 0.0059157 0.0039377 0.0039348 0.0019659 0.0039348 0.0000010 0.0059320 0.0059157 0.0039348 0.0019659 0.0039404 0.0039404 0.0019687 0.3653491 0.4013690 
KR135300_Human_herpesvirus_2            0.3594196 0.3575483 0.3629851 0.3630251 0.3630251 0.3629851 0.3629851 0.3594196 0.3670415 0.3601973 0.3761181 0.3575483 0.3720564 0.3720564 0.3651697 0.3757266 0.0267787 0.0352928 0.0203486 0.0000010 0.0039252 0.0115866 0.0292413 0.0128809 0.0000026 0.0114099 0.0000010 0.0091791 0.0000010 0.0000021 0.0039252 0.0094872 0.0064749 0.0000010 0.3715949 0.3589717 0.3583237 0.3575483 0.3597959 0.3609779 0.3569050 0.1055457 0.3583237 0.3601973 0.3661429 0.3661429 0.3569050 0.3616824 0.0039309 0.0059157 0.0000000 0.0058926 0.0000010 0.0058947 0.0039252 0.0039405 0.0058905 0.0058926 0.0000010 0.0000010 0.0019585 0.0039405 0.0058988 0.0058988 0.0039252 0.3611143 0.3939084 
KR135301_Human_herpesvirus_2            0.3587740 0.3631671 0.3623318 0.3623713 0.3623713 0.3623318 0.3623318 0.3587740 0.3663789 0.3595492 0.3754371 0.3631671 0.3713846 0.3713846 0.3645133 0.3750463 0.0267909 0.0329231 0.0203597 0.0000010 0.0019583 0.0154736 0.0270982 0.0161227 0.0028119 0.0142791 0.0277506 0.0137950 0.0027509 0.0034701 0.0019583 0.0142584 0.0000010 0.0027404 0.3709248 0.3646126 0.3639539 0.3631671 0.3654442 0.3603273 0.3562639 0.1005656 0.3639539 0.3595492 0.3654832 0.3654832 0.3562639 0.3610336 0.0019610 0.0000010 0.0058926 0.0000000 0.0058926 0.0039223 0.0039195 0.0019659 0.0039195 0.0000010 0.0059089 0.0059157 0.0039195 0.0019659 0.0039251 0.0039251 0.0019610 0.3667515 0.3977965 
KR135302_Human_herpesvirus_2            0.3594196 0.3575483 0.3629851 0.3630251 0.3630251 0.3629851 0.3629851 0.3594196 0.3670415 0.3601973 0.3761181 0.3575483 0.3720564 0.3720564 0.3651697 0.3757266 0.0267787 0.0352928 0.0203486 0.0000010 0.0039252 0.0115866 0.0292413 0.0128809 0.0000026 0.0114099 0.0000010 0.0091791 0.0000010 0.0000021 0.0039252 0.0094872 0.0064749 0.0000010 0.3715949 0.3589717 0.3583237 0.3575483 0.3597959 0.3609779 0.3569050 0.1055457 0.3583237 0.3601973 0.3661429 0.3661429 0.3569050 0.3616824 0.0039309 0.0059157 0.0000010 0.0058926 0.0000000 0.0058947 0.0039252 0.0039405 0.0058905 0.0058926 0.0000010 0.0000010 0.0019585 0.0039405 0.0058988 0.0058988 0.0039252 0.3611143 0.3939084 
KR135303_Human_herpesvirus_2            0.3590293 0.3634280 0.3625913 0.3626310 0.3626310 0.3625913 0.3625913 0.3590293 0.3666433 0.3598058 0.3757122 0.3634280 0.3716544 0.3716544 0.3647747 0.3753207 0.0268029 0.0329374 0.0174313 0.0000010 0.0019590 0.0115866 0.0271086 0.0161321 0.0028133 0.0142864 0.0000010 0.0091791 0.0027523 0.0034722 0.0019590 0.0094872 0.0043092 0.0027417 0.3711938 0.3648759 0.3642161 0.3634280 0.3657085 0.3605851 0.3565167 0.1050433 0.3642161 0.3598058 0.3657462 0.3657462 0.3565167 0.3612909 0.0019617 0.0039377 0.0058947 0.0039223 0.0058947 0.0000000 0.0039209 0.0019666 0.0039209 0.0039223 0.0059109 0.0059178 0.0039209 0.0019666 0.0039265 0.0039265 0.0019617 0.3670166 0.3953661 
KR135304_Human_herpesvirus_2            0.3523738 0.3567219 0.3559039 0.3559381 0.3559381 0.3559039 0.3559039 0.3523738 0.3599131 0.3531346 0.3689069 0.3567219 0.3648958 0.3648958 0.3580827 0.3685235 0.0243306 0.0305423 0.0174313 0.0000010 0.0019575 0.0115866 0.0270877 0.0128809 0.0000026 0.0114099 0.0000010 0.0091791 0.0000010 0.0000021 0.0019575 0.0094872 0.0043058 0.0000010 0.3644462 0.3581393 0.3574941 0.3567219 0.3589608 0.3538981 0.3498749 0.1049565 0.3574941 0.3531346 0.3590342 0.3590342 0.3498749 0.3546322 0.0019603 0.0039348 0.0039252 0.0039195 0.0039252 0.0039209 0.0000000 0.0019652 0.0039181 0.0039195 0.0039360 0.0039405 0.0039181 0.0019652 0.0039236 0.0039236 0.0000010 0.3602783 0.3974592 
KR135307_Human_herpesvirus_2            0.3543957 0.3587785 0.3579511 0.3579871 0.3579871 0.3579511 0.3579511 0.3543957 0.3619912 0.3551646 0.3710481 0.3587785 0.3670047 0.3670047 0.3601409 0.3706605 0.0243306 0.0305423 0.0175323 0.0000010 0.0000010 0.0115866 0.0250958 0.0128809 0.0000027 0.0114099 0.0000010 0.0091791 0.0000010 0.0000021 0.0000010 0.0094872 0.0021601 0.0000010 0.3665497 0.3602115 0.3595590 0.3587785 0.3610401 0.3559364 0.3518816 0.1009863 0.3595590 0.3551646 0.3611028 0.3611028 0.3518816 0.3566650 0.0000010 0.0019659 0.0039405 0.0019659 0.0039405 0.0019666 0.0019652 0.0000000 0.0019652 0.0019659 0.0039514 0.0039405 0.0019652 0.0000010 0.0019680 0.0019680 0.0000010 0.3623605 0.3962313 
