43
HM585496_Human_herpesvirus_1            0.0000000 0.0000010 0.0019765 0.0019765 0.0019747 0.0019747 0.0019777 0.0039600 0.0019777 0.0039546 0.0019773 0.0019747 0.0950630 0.0952706 0.0954783 0.0823774 0.0950778 0.0932322 0.0974685 0.0892630 0.0973344 0.0950630 0.0720905 0.0925785 0.0927985 0.0930014 0.0952118 0.0910930 0.0927985 0.0932125 0.0039552 0.0019739 0.0019739 0.0039552 0.0930789 0.0039516 0.0039516 0.0950630 0.0019777 0.0019747 0.0951573 0.0952118 0.1985676 
HM585497_Human_herpesvirus_1            0.0000010 0.0000000 0.0019765 0.0019765 0.0019747 0.0019747 0.0019777 0.0039600 0.0019777 0.0039546 0.0019773 0.0019747 0.0950630 0.0952706 0.0954783 0.0823774 0.0950778 0.0932322 0.0974685 0.0892630 0.0973344 0.0950630 0.0720905 0.0925785 0.0927985 0.0930014 0.0952118 0.0910930 0.0927985 0.0932125 0.0039552 0.0019739 0.0019739 0.0039552 0.0930789 0.0039516 0.0039516 0.0950630 0.0019777 0.0019747 0.0951573 0.0952118 0.1985676 
HM585499_Human_herpesvirus_1            0.0019765 0.0019765 0.0000000 0.0000010 0.0039588 0.0039588 0.0039649 0.0059553 0.0039649 0.0059473 0.0039642 0.0039588 0.0974322 0.0976454 0.0978597 0.0823774 0.0974474 0.0932322 0.0998512 0.0892630 0.0997136 0.0974322 0.0720905 0.0925785 0.0951573 0.0953662 0.0975859 0.0910930 0.0951573 0.0955830 0.0059481 0.0039573 0.0039573 0.0059481 0.0954451 0.0059427 0.0059427 0.0974322 0.0039649 0.0039588 0.0975301 0.0975859 0.2013738 
HM585500_Human_herpesvirus_1            0.0019765 0.0019765 0.0000010 0.0000000 0.0039588 0.0039588 0.0039649 0.0059553 0.0039649 0.0059473 0.0039642 0.0039588 0.0974322 0.0976454 0.0978597 0.0823774 0.0974474 0.0932322 0.0998512 0.0892630 0.0997136 0.0974322 0.0720905 0.0925785 0.0951573 0.0953662 0.0975859 0.0910930 0.0951573 0.0955830 0.0059481 0.0039573 0.0039573 0.0059481 0.0954451 0.0059427 0.0059427 0.0974322 0.0039649 0.0039588 0.0975301 0.0975859 0.2013738 
HM585501_Human_herpesvirus_1            0.0019747 0.0019747 0.0039588 0.0039588 0.0000000 0.0000010 0.0039613 0.0059498 0.0039613 0.0019754 0.0039605 0.0039552 0.0973344 0.0975473 0.0977611 0.0860366 0.0973497 0.0958671 0.0997506 0.0918472 0.0996134 0.0973344 0.0752676 0.0952642 0.0950630 0.0952706 0.0974879 0.0937334 0.0950630 0.0954868 0.0019757 0.0039536 0.0039536 0.0019757 0.0953493 0.0059373 0.0059373 0.0973344 0.0039613 0.0039552 0.0974322 0.0974879 0.2011521 
HM585502_Human_herpesvirus_1            0.0019747 0.0019747 0.0039588 0.0039588 0.0000010 0.0000000 0.0039613 0.0059498 0.0039613 0.0019754 0.0039605 0.0039552 0.0973344 0.0975473 0.0977611 0.0860366 0.0973497 0.0958671 0.0997506 0.0918472 0.0996134 0.0973344 0.0752676 0.0952642 0.0950630 0.0952706 0.0974879 0.0937334 0.0950630 0.0954868 0.0019757 0.0039536 0.0039536 0.0019757 0.0953493 0.0059373 0.0059373 0.0973344 0.0039613 0.0039552 0.0974322 0.0974879 0.2011521 
HM585503_Human_herpesvirus_1            0.0019777 0.0019777 0.0039649 0.0039649 0.0039613 0.0039613 0.0000000 0.0059589 0.0000010 0.0059509 0.0039666 0.0039613 0.0974879 0.0977014 0.0979158 0.0862583 0.0975031 0.0960428 0.0999082 0.0920129 0.0997705 0.0974879 0.0754379 0.0954423 0.0952118 0.0954210 0.0976418 0.0939059 0.0952118 0.0956379 0.0059517 0.0039597 0.0039597 0.0059517 0.0954999 0.0059463 0.0059463 0.0974879 0.0039674 0.0039613 0.0975859 0.0976418 0.2014753 
HM585504_Human_herpesvirus_1            0.0039600 0.0039600 0.0059553 0.0059553 0.0059498 0.0059498 0.0059589 0.0000000 0.0059589 0.0079440 0.0019747 0.0059498 0.0949287 0.0951357 0.0953427 0.0860150 0.0949435 0.0930793 0.0973304 0.0891192 0.0971967 0.0949287 0.0752513 0.0924238 0.0926676 0.0928700 0.0950781 0.0909431 0.0926676 0.0930805 0.0079450 0.0059475 0.0059475 0.0079450 0.0929473 0.0079379 0.0079379 0.0949287 0.0059589 0.0059498 0.0950237 0.0950781 0.2017896 
HM585505_Human_herpesvirus_1            0.0019777 0.0019777 0.0039649 0.0039649 0.0039613 0.0039613 0.0000010 0.0059589 0.0000000 0.0059509 0.0039666 0.0039613 0.0974879 0.0977014 0.0979158 0.0862583 0.0975031 0.0960428 0.0999082 0.0920129 0.0997705 0.0974879 0.0754379 0.0954423 0.0952118 0.0954210 0.0976418 0.0939059 0.0952118 0.0956379 0.0059517 0.0039597 0.0039597 0.0059517 0.0954999 0.0059463 0.0059463 0.0974879 0.0039674 0.0039613 0.0975859 0.0976418 0.2014753 
HM585508_Human_herpesvirus_1            0.0039546 0.0039546 0.0059473 0.0059473 0.0019754 0.0019754 0.0059509 0.0079440 0.0059509 0.0000000 0.0059498 0.0059418 0.0995977 0.0998158 0.1000348 0.0896924 0.0996134 0.0984942 0.1020242 0.0944242 0.1018837 0.0995977 0.0784421 0.0979421 0.0973192 0.0975320 0.0997548 0.0963664 0.0973192 0.0977545 0.0039567 0.0059395 0.0059395 0.0039567 0.0976130 0.0079272 0.0079272 0.0995977 0.0059509 0.0059418 0.0996979 0.0997548 0.2015071 
HM585509_Human_herpesvirus_1            0.0019773 0.0019773 0.0039642 0.0039642 0.0039605 0.0039605 0.0039666 0.0019747 0.0039666 0.0059498 0.0000000 0.0039605 0.0926820 0.0928844 0.0930866 0.0823774 0.0926963 0.0904753 0.0950740 0.0865644 0.0949435 0.0926820 0.0720905 0.0897697 0.0904287 0.0906257 0.0928277 0.0883333 0.0904287 0.0908311 0.0059506 0.0039590 0.0039590 0.0059506 0.0907018 0.0059452 0.0059452 0.0926820 0.0039666 0.0039605 0.0927745 0.0928277 0.2014326 
HM585514_Human_herpesvirus_1            0.0019747 0.0019747 0.0039588 0.0039588 0.0039552 0.0039552 0.0039613 0.0059498 0.0039613 0.0059418 0.0039605 0.0000000 0.0973344 0.0975473 0.0977611 0.0860366 0.0973497 0.0958671 0.0997506 0.0918472 0.0996134 0.0973344 0.0752676 0.0952642 0.0950630 0.0952706 0.0974879 0.0937334 0.0950630 0.0954868 0.0059426 0.0039536 0.0039536 0.0059426 0.0953493 0.0059373 0.0059373 0.0973344 0.0039613 0.0000010 0.0974322 0.0974879 0.2011521 
HSV2_1                                  0.0950630 0.0950630 0.0974322 0.0974322 0.0973344 0.0973344 0.0974879 0.0949287 0.0974879 0.0995977 0.0926820 0.0973344 0.0000000 0.0000021 0.0000010 0.0000030 0.0039412 0.0000010 0.0019711 0.0000010 0.0019685 0.0000010 0.0000028 0.0000010 0.0019675 0.0019714 0.0039468 0.0000010 0.0019675 0.0019758 0.0996134 0.0928128 0.0928128 0.0996134 0.0342304 0.0950320 0.0950320 0.0039407 0.0974879 0.0973344 0.0039444 0.0039468 0.1801499 
HSV2_2                                  0.0952706 0.0952706 0.0976454 0.0976454 0.0975473 0.0975473 0.0977014 0.0951357 0.0977014 0.0998158 0.0928844 0.0975473 0.0000021 0.0000000 0.0000021 0.0000030 0.0039500 0.0000010 0.0019751 0.0000010 0.0019724 0.0000021 0.0000028 0.0000010 0.0019714 0.0019758 0.0039555 0.0000010 0.0019714 0.0019798 0.0998315 0.0930159 0.0930159 0.0998315 0.0343020 0.0952394 0.0952394 0.0039495 0.0977014 0.0975473 0.0039531 0.0039555 0.1780862 
HSV2_3                                  0.0954783 0.0954783 0.0978597 0.0978597 0.0977611 0.0977611 0.0979158 0.0953427 0.0979158 0.1000348 0.0930866 0.0977611 0.0000010 0.0000021 0.0000000 0.0000030 0.0039575 0.0000010 0.0019793 0.0000010 0.0019766 0.0000010 0.0000028 0.0000010 0.0019756 0.0019796 0.0039631 0.0000010 0.0019756 0.0019839 0.1000506 0.0932187 0.0932187 0.1000506 0.0343738 0.0954469 0.0954469 0.0039570 0.0979158 0.0977611 0.0039607 0.0039631 0.1809756 
HSV2_4                                  0.0823774 0.0823774 0.0823774 0.0823774 0.0860366 0.0860366 0.0862583 0.0860150 0.0862583 0.0896924 0.0823774 0.0860366 0.0000030 0.0000030 0.0000030 0.0000000 0.0000030 0.0000030 0.0000030 0.0000030 0.0000030 0.0000030 0.0000010 0.0000030 0.0000030 0.0000030 0.0032504 0.0000030 0.0000030 0.0000030 0.0897151 0.0787574 0.0787574 0.0897151 0.0364229 0.0823321 0.0823321 0.0000030 0.0862583 0.0860366 0.0000030 0.0032504 0.1499803 
HSV2_5                                  0.0950778 0.0950778 0.0974474 0.0974474 0.0973497 0.0973497 0.0975031 0.0949435 0.0975031 0.0996134 0.0926963 0.0973497 0.0039412 0.0039500 0.0039575 0.0000030 0.0000000 0.0000010 0.0059297 0.0022622 0.0019687 0.0039412 0.0000028 0.0000010 0.0059187 0.0059308 0.0079156 0.0000010 0.0059187 0.0059436 0.0996290 0.0928272 0.0928272 0.0996290 0.0383610 0.0950467 0.0950467 0.0079035 0.0975031 0.0973497 0.0079108 0.0079156 0.1801729 
HSV2_6                                  0.0932322 0.0932322 0.0932322 0.0932322 0.0958671 0.0958671 0.0960428 0.0930793 0.0960428 0.0984942 0.0904753 0.0958671 0.0000010 0.0000010 0.0000010 0.0000030 0.0000010 0.0000000 0.0022965 0.0000010 0.0000010 0.0000010 0.0000028 0.0000010 0.0022916 0.0022916 0.0045993 0.0000010 0.0022916 0.0022970 0.0985121 0.0906235 0.0906235 0.0985121 0.0400149 0.0931966 0.0931966 0.0022916 0.0960428 0.0958671 0.0045961 0.0045993 0.1643801 
HSV2_7                                  0.0974685 0.0974685 0.0998512 0.0998512 0.0997506 0.0997506 0.0999082 0.0973304 0.0999082 0.1020242 0.0950740 0.0997506 0.0019711 0.0019751 0.0019793 0.0000030 0.0059297 0.0022965 0.0000000 0.0022657 0.0039481 0.0019711 0.0028627 0.0023453 0.0039460 0.0039548 0.0059380 0.0023095 0.0039460 0.0039627 0.1020403 0.0952078 0.0952078 0.1020403 0.0363488 0.0974368 0.0974368 0.0059290 0.0999082 0.0997506 0.0059344 0.0059380 0.1829500 
HSV2_8                                  0.0892630 0.0892630 0.0892630 0.0892630 0.0918472 0.0918472 0.0920129 0.0891192 0.0920129 0.0944242 0.0865644 0.0918472 0.0000010 0.0000010 0.0000010 0.0000030 0.0022622 0.0000010 0.0022657 0.0000000 0.0022622 0.0000010 0.0000028 0.0000010 0.0022609 0.0022609 0.0045375 0.0000010 0.0022609 0.0022609 0.0944410 0.0867038 0.0867038 0.0944410 0.0394702 0.0892292 0.0892292 0.0045296 0.0920129 0.0918472 0.0045344 0.0045375 0.1617361 
HSV2_9                                  0.0973344 0.0973344 0.0997136 0.0997136 0.0996134 0.0996134 0.0997705 0.0971967 0.0997705 0.1018837 0.0949435 0.0996134 0.0019685 0.0019724 0.0019766 0.0000030 0.0019687 0.0000010 0.0039481 0.0022622 0.0000000 0.0019685 0.0000028 0.0000010 0.0039407 0.0039495 0.0059301 0.0000010 0.0039407 0.0039574 0.1018998 0.0950778 0.0950778 0.1018998 0.0362998 0.0973028 0.0973028 0.0059210 0.0997705 0.0996134 0.0059265 0.0059301 0.1804922 
HSV2_10                                 0.0950630 0.0950630 0.0974322 0.0974322 0.0973344 0.0973344 0.0974879 0.0949287 0.0974879 0.0995977 0.0926820 0.0973344 0.0000010 0.0000021 0.0000010 0.0000030 0.0039412 0.0000010 0.0019711 0.0000010 0.0019685 0.0000000 0.0000028 0.0000010 0.0019675 0.0019714 0.0039468 0.0000010 0.0019675 0.0019758 0.0996134 0.0928128 0.0928128 0.0996134 0.0342304 0.0950320 0.0950320 0.0039407 0.0974879 0.0973344 0.0039444 0.0039468 0.1801499 
HSV2_11                                 0.0720905 0.0720905 0.0720905 0.0720905 0.0752676 0.0752676 0.0754379 0.0752513 0.0754379 0.0784421 0.0720905 0.0752676 0.0000028 0.0000028 0.0000028 0.0000010 0.0000028 0.0000028 0.0028627 0.0000028 0.0000028 0.0000028 0.0000000 0.0000028 0.0000028 0.0000028 0.0028635 0.0000028 0.0000028 0.0000028 0.0784592 0.0689429 0.0689429 0.0784592 0.0379986 0.0720549 0.0720549 0.0000028 0.0754379 0.0752676 0.0028610 0.0028635 0.1445030 
HSV2_12                                 0.0925785 0.0925785 0.0925785 0.0925785 0.0952642 0.0952642 0.0954423 0.0924238 0.0954423 0.0979421 0.0897697 0.0952642 0.0000010 0.0000010 0.0000010 0.0000030 0.0000010 0.0000010 0.0023453 0.0000010 0.0000010 0.0000010 0.0000028 0.0000000 0.0023402 0.0023402 0.0046972 0.0000010 0.0023402 0.0023402 0.0979603 0.0899196 0.0899196 0.0979603 0.0408871 0.0925424 0.0925424 0.0023402 0.0954423 0.0952642 0.0046938 0.0046972 0.1593427 
HSV2_13                                 0.0927985 0.0927985 0.0951573 0.0951573 0.0950630 0.0950630 0.0952118 0.0926676 0.0952118 0.0973192 0.0904287 0.0950630 0.0019675 0.0019714 0.0019756 0.0000030 0.0059187 0.0022916 0.0039460 0.0022609 0.0039407 0.0019675 0.0000028 0.0023402 0.0000000 0.0000021 0.0019705 0.0023045 0.0000010 0.0000010 0.0973344 0.0905561 0.0905561 0.0973344 0.0321674 0.0927680 0.0927680 0.0019675 0.0952118 0.0950630 0.0019693 0.0019705 0.1798089 
HSV2_14                                 0.0930014 0.0930014 0.0953662 0.0953662 0.0952706 0.0952706 0.0954210 0.0928700 0.0954210 0.0975320 0.0906257 0.0952706 0.0019714 0.0019758 0.0019796 0.0000030 0.0059308 0.0022916 0.0039548 0.0022609 0.0039495 0.0019714 0.0000028 0.0023402 0.0000021 0.0000000 0.0019745 0.0023045 0.0000021 0.0000021 0.0975473 0.0907537 0.0907537 0.0975473 0.0322346 0.0929708 0.0929708 0.0019714 0.0954210 0.0952706 0.0019733 0.0019745 0.1776834 
HSV2_15                                 0.0952118 0.0952118 0.0975859 0.0975859 0.0974879 0.0974879 0.0976418 0.0950781 0.0976418 0.0997548 0.0928277 0.0974879 0.0039468 0.0039555 0.0039631 0.0032504 0.0079156 0.0045993 0.0059380 0.0045375 0.0059301 0.0039468 0.0028635 0.0046972 0.0019705 0.0019745 0.0000000 0.0046253 0.0019705 0.0019788 0.0997705 0.0929590 0.0929590 0.0997705 0.0342830 0.0951806 0.0951806 0.0039468 0.0976418 0.0974879 0.0039504 0.0000010 0.1798749 
HSV2_16                                 0.0910930 0.0910930 0.0910930 0.0910930 0.0937334 0.0937334 0.0939059 0.0909431 0.0939059 0.0963664 0.0883333 0.0937334 0.0000010 0.0000010 0.0000010 0.0000030 0.0000010 0.0000010 0.0023095 0.0000010 0.0000010 0.0000010 0.0000028 0.0000010 0.0023045 0.0023045 0.0046253 0.0000000 0.0023045 0.0023045 0.0963840 0.0884785 0.0884785 0.0963840 0.0402504 0.0910579 0.0910579 0.0046170 0.0939059 0.0937334 0.0046220 0.0046253 0.1623605 
HSV2_17                                 0.0927985 0.0927985 0.0951573 0.0951573 0.0950630 0.0950630 0.0952118 0.0926676 0.0952118 0.0973192 0.0904287 0.0950630 0.0019675 0.0019714 0.0019756 0.0000030 0.0059187 0.0022916 0.0039460 0.0022609 0.0039407 0.0019675 0.0000028 0.0023402 0.0000010 0.0000021 0.0019705 0.0023045 0.0000000 0.0000010 0.0973344 0.0905561 0.0905561 0.0973344 0.0321674 0.0927680 0.0927680 0.0019675 0.0952118 0.0950630 0.0019693 0.0019705 0.1798089 
HSV2_18                                 0.0932125 0.0932125 0.0955830 0.0955830 0.0954868 0.0954868 0.0956379 0.0930805 0.0956379 0.0977545 0.0908311 0.0954868 0.0019758 0.0019798 0.0019839 0.0000030 0.0059436 0.0022970 0.0039627 0.0022609 0.0039574 0.0019758 0.0000028 0.0023402 0.0000010 0.0000021 0.0019788 0.0023045 0.0000010 0.0000000 0.0977698 0.0909596 0.0909596 0.0977698 0.0323049 0.0931818 0.0931818 0.0019758 0.0956379 0.0954868 0.0019776 0.0019788 0.1806465 
JN400093_Human_herpesvirus_1            0.0039552 0.0039552 0.0059481 0.0059481 0.0019757 0.0019757 0.0059517 0.0079450 0.0059517 0.0039567 0.0059506 0.0059426 0.0996134 0.0998315 0.1000506 0.0897151 0.0996290 0.0985121 0.1020403 0.0944410 0.1018998 0.0996134 0.0784592 0.0979603 0.0973344 0.0975473 0.0997705 0.0963840 0.0973344 0.0977698 0.0000000 0.0059403 0.0059403 0.0000010 0.0976283 0.0079282 0.0079282 0.0996134 0.0059517 0.0059426 0.0997136 0.0997705 0.2037453 
JN420337_Human_herpesvirus_1            0.0019739 0.0019739 0.0039573 0.0039573 0.0039536 0.0039536 0.0039597 0.0059475 0.0039597 0.0059395 0.0039590 0.0039536 0.0928128 0.0930159 0.0932187 0.0787574 0.0928272 0.0906235 0.0952078 0.0867038 0.0950778 0.0928128 0.0689429 0.0899196 0.0905561 0.0907537 0.0929590 0.0884785 0.0905561 0.0909596 0.0059403 0.0000000 0.0000010 0.0059403 0.0908300 0.0019731 0.0019731 0.0928128 0.0039597 0.0039536 0.0929056 0.0929590 0.1960284 
JN420340_Human_herpesvirus_1            0.0019739 0.0019739 0.0039573 0.0039573 0.0039536 0.0039536 0.0039597 0.0059475 0.0039597 0.0059395 0.0039590 0.0039536 0.0928128 0.0930159 0.0932187 0.0787574 0.0928272 0.0906235 0.0952078 0.0867038 0.0950778 0.0928128 0.0689429 0.0899196 0.0905561 0.0907537 0.0929590 0.0884785 0.0905561 0.0909596 0.0059403 0.0000010 0.0000000 0.0059403 0.0908300 0.0019731 0.0019731 0.0928128 0.0039597 0.0039536 0.0929056 0.0929590 0.1960284 
JN420342_Human_herpesvirus_1            0.0039552 0.0039552 0.0059481 0.0059481 0.0019757 0.0019757 0.0059517 0.0079450 0.0059517 0.0039567 0.0059506 0.0059426 0.0996134 0.0998315 0.1000506 0.0897151 0.0996290 0.0985121 0.1020403 0.0944410 0.1018998 0.0996134 0.0784592 0.0979603 0.0973344 0.0975473 0.0997705 0.0963840 0.0973344 0.0977698 0.0000010 0.0059403 0.0059403 0.0000000 0.0976283 0.0079282 0.0079282 0.0996134 0.0059517 0.0059426 0.0997136 0.0997705 0.2037453 
JQ360576_Chimpanzee_alpha-1_herpesvirus 0.0930789 0.0930789 0.0954451 0.0954451 0.0953493 0.0953493 0.0954999 0.0929473 0.0954999 0.0976130 0.0907018 0.0953493 0.0342304 0.0343020 0.0343738 0.0364229 0.0383610 0.0400149 0.0363488 0.0394702 0.0362998 0.0342304 0.0379986 0.0408871 0.0321674 0.0322346 0.0342830 0.0402504 0.0321674 0.0323049 0.0976283 0.0908300 0.0908300 0.0976283 0.0000000 0.0930483 0.0930483 0.0342304 0.0954999 0.0953493 0.0342627 0.0342830 0.1928249 
JQ730035_Human_herpesvirus_1            0.0039516 0.0039516 0.0059427 0.0059427 0.0059373 0.0059373 0.0059463 0.0079379 0.0059463 0.0079272 0.0059452 0.0059373 0.0950320 0.0952394 0.0954469 0.0823321 0.0950467 0.0931966 0.0974368 0.0892292 0.0973028 0.0950320 0.0720549 0.0925424 0.0927680 0.0929708 0.0951806 0.0910579 0.0927680 0.0931818 0.0079282 0.0019731 0.0019731 0.0079282 0.0930483 0.0000000 0.0000010 0.0950320 0.0059463 0.0059373 0.0951261 0.0951806 0.1985201 
JX142173_Human_herpesvirus_1            0.0039516 0.0039516 0.0059427 0.0059427 0.0059373 0.0059373 0.0059463 0.0079379 0.0059463 0.0079272 0.0059452 0.0059373 0.0950320 0.0952394 0.0954469 0.0823321 0.0950467 0.0931966 0.0974368 0.0892292 0.0973028 0.0950320 0.0720549 0.0925424 0.0927680 0.0929708 0.0951806 0.0910579 0.0927680 0.0931818 0.0079282 0.0019731 0.0019731 0.0079282 0.0930483 0.0000010 0.0000000 0.0950320 0.0059463 0.0059373 0.0951261 0.0951806 0.1985201 
KF781518_Human_herpesvirus_2            0.0950630 0.0950630 0.0974322 0.0974322 0.0973344 0.0973344 0.0974879 0.0949287 0.0974879 0.0995977 0.0926820 0.0973344 0.0039407 0.0039495 0.0039570 0.0000030 0.0079035 0.0022916 0.0059290 0.0045296 0.0059210 0.0039407 0.0000028 0.0023402 0.0019675 0.0019714 0.0039468 0.0046170 0.0019675 0.0019758 0.0996134 0.0928128 0.0928128 0.0996134 0.0342304 0.0950320 0.0950320 0.0000000 0.0974879 0.0973344 0.0039444 0.0039468 0.1801499 
KM222726_Human_herpesvirus_1            0.0019777 0.0019777 0.0039649 0.0039649 0.0039613 0.0039613 0.0039674 0.0059589 0.0039674 0.0059509 0.0039666 0.0039613 0.0974879 0.0977014 0.0979158 0.0862583 0.0975031 0.0960428 0.0999082 0.0920129 0.0997705 0.0974879 0.0754379 0.0954423 0.0952118 0.0954210 0.0976418 0.0939059 0.0952118 0.0956379 0.0059517 0.0039597 0.0039597 0.0059517 0.0954999 0.0059463 0.0059463 0.0974879 0.0000000 0.0039613 0.0975859 0.0976418 0.1986408 
KM222727_Human_herpesvirus_1            0.0019747 0.0019747 0.0039588 0.0039588 0.0039552 0.0039552 0.0039613 0.0059498 0.0039613 0.0059418 0.0039605 0.0000010 0.0973344 0.0975473 0.0977611 0.0860366 0.0973497 0.0958671 0.0997506 0.0918472 0.0996134 0.0973344 0.0752676 0.0952642 0.0950630 0.0952706 0.0974879 0.0937334 0.0950630 0.0954868 0.0059426 0.0039536 0.0039536 0.0059426 0.0953493 0.0059373 0.0059373 0.0973344 0.0039613 0.0000000 0.0974322 0.0974879 0.2011521 
KR135308_Human_herpesvirus_2            0.0951573 0.0951573 0.0975301 0.0975301 0.0974322 0.0974322 0.0975859 0.0950237 0.0975859 0.0996979 0.0927745 0.0974322 0.0039444 0.0039531 0.0039607 0.0000030 0.0079108 0.0045961 0.0059344 0.0045344 0.0059265 0.0039444 0.0028610 0.0046938 0.0019693 0.0019733 0.0039504 0.0046220 0.0019693 0.0019776 0.0997136 0.0929056 0.0929056 0.0997136 0.0342627 0.0951261 0.0951261 0.0039444 0.0975859 0.0974322 0.0000000 0.0039504 0.1825462 
NC_001798_Human_herpesvirus_2           0.0952118 0.0952118 0.0975859 0.0975859 0.0974879 0.0974879 0.0976418 0.0950781 0.0976418 0.0997548 0.0928277 0.0974879 0.0039468 0.0039555 0.0039631 0.0032504 0.0079156 0.0045993 0.0059380 0.0045375 0.0059301 0.0039468 0.0028635 0.0046972 0.0019705 0.0019745 0.0000010 0.0046253 0.0019705 0.0019788 0.0997705 0.0929590 0.0929590 0.0997705 0.0342830 0.0951806 0.0951806 0.0039468 0.0976418 0.0974879 0.0039504 0.0000000 0.1798749 
NC_006560_Cercopithecine_herpesvirus_2  0.1985676 0.1985676 0.2013738 0.2013738 0.2011521 0.2011521 0.2014753 0.2017896 0.2014753 0.2015071 0.2014326 0.2011521 0.1801499 0.1780862 0.1809756 0.1499803 0.1801729 0.1643801 0.1829500 0.1617361 0.1804922 0.1801499 0.1445030 0.1593427 0.1798089 0.1776834 0.1798749 0.1623605 0.1798089 0.1806465 0.2037453 0.1960284 0.1960284 0.2037453 0.1928249 0.1985201 0.1985201 0.1801499 0.1986408 0.2011521 0.1825462 0.1798749 0.0000000 
