51
HM585496_Human_herpesvirus_1            0.0000000 0.0000010 0.0078800 0.0039200 0.0039238 0.0058934 0.0039200 0.0058934 0.0098613 0.0078800 0.0039200 0.0098181 0.1957436 0.1937486 0.1963652 0.1533170 0.1988529 0.1968006 0.1959923 0.1959923 0.1987916 0.1984138 0.1870667 0.1984138 0.1992940 0.1984138 0.0058893 0.0039247 0.0078662 0.0078662 0.0098508 0.2045886 0.0039200 0.0039200 0.0039227 0.0078497 0.0078497 0.0098301 0.0019588 0.0019588 0.0058877 0.0098181 0.1983627 0.2010948 0.2009676 0.2010948 0.2009676 0.2008382 0.2008382 0.0058836 0.4169939 
HM585497_Human_herpesvirus_1            0.0000010 0.0000000 0.0078800 0.0039200 0.0039238 0.0058934 0.0039200 0.0058934 0.0098613 0.0078800 0.0039200 0.0098181 0.1957436 0.1937486 0.1963652 0.1533170 0.1988529 0.1968006 0.1959923 0.1959923 0.1987916 0.1984138 0.1870667 0.1984138 0.1992940 0.1984138 0.0058893 0.0039247 0.0078662 0.0078662 0.0098508 0.2045886 0.0039200 0.0039200 0.0039227 0.0078497 0.0078497 0.0098301 0.0019588 0.0019588 0.0058877 0.0098181 0.1983627 0.2010948 0.2009676 0.2010948 0.2009676 0.2008382 0.2008382 0.0058836 0.4169939 
HM585498_Human_herpesvirus_1            0.0078800 0.0078800 0.0000000 0.0078765 0.0078842 0.0098683 0.0078765 0.0098683 0.0059072 0.0000010 0.0078765 0.0138107 0.1959132 0.1939166 0.1965360 0.1453713 0.1990262 0.1969721 0.1961624 0.1961624 0.1989647 0.1985863 0.1807990 0.1985863 0.1994680 0.1985863 0.0098614 0.0039293 0.0118546 0.0118546 0.0138559 0.2047663 0.0078765 0.0078765 0.0078820 0.0118295 0.0118295 0.0138276 0.0059037 0.0059037 0.0098587 0.0138107 0.1985351 0.2012702 0.2011427 0.2012702 0.2011427 0.2010131 0.2010131 0.0098518 0.4138059 
HM585501_Human_herpesvirus_1            0.0039200 0.0039200 0.0078765 0.0000000 0.0039221 0.0058908 0.0039183 0.0058908 0.0098569 0.0078765 0.0039183 0.0098138 0.1956188 0.1936251 0.1962394 0.1530194 0.1987251 0.1966742 0.1958671 0.1958671 0.1986638 0.1982866 0.1808243 0.1982866 0.1991656 0.1982866 0.0058867 0.0039230 0.0078627 0.0078627 0.0098464 0.2044571 0.0039183 0.0039183 0.0039210 0.0078463 0.0078463 0.0098258 0.0019579 0.0019579 0.0058851 0.0098138 0.1982356 0.2009653 0.2008382 0.2009653 0.2008382 0.2007090 0.2007090 0.0058811 0.4199461 
HM585502_Human_herpesvirus_1            0.0039238 0.0039238 0.0078842 0.0039221 0.0000000 0.0019612 0.0039221 0.0019612 0.0098665 0.0078842 0.0039221 0.0098234 0.1958671 0.1887974 0.1913992 0.1378148 0.1938775 0.1918236 0.1910365 0.1910365 0.1938181 0.1934506 0.1808243 0.1934506 0.1943072 0.1934506 0.0019598 0.0039268 0.0039265 0.0039265 0.0098560 0.2047175 0.0039221 0.0039221 0.0039248 0.0078538 0.0078538 0.0098353 0.0019598 0.0019598 0.0058908 0.0098234 0.1934007 0.1961161 0.1959923 0.1961161 0.1959923 0.1958671 0.1958671 0.0058867 0.4139498 
HM585504_Human_herpesvirus_1            0.0058934 0.0058934 0.0098683 0.0058908 0.0019612 0.0000000 0.0058908 0.0000010 0.0078723 0.0098683 0.0058908 0.0118035 0.1955612 0.1885033 0.1911003 0.1378148 0.1935742 0.1915235 0.1907388 0.1907388 0.1935151 0.1931488 0.1808243 0.1931488 0.1940026 0.1931488 0.0039248 0.0058980 0.0019581 0.0019581 0.0118429 0.2043978 0.0058908 0.0058908 0.0058949 0.0098302 0.0098302 0.0118179 0.0039248 0.0039248 0.0078648 0.0118035 0.1930991 0.1958094 0.1956860 0.1958094 0.1956860 0.1955612 0.1955612 0.0078593 0.4175599 
HM585508_Human_herpesvirus_1            0.0039200 0.0039200 0.0078765 0.0039183 0.0039221 0.0058908 0.0000000 0.0058908 0.0098569 0.0078765 0.0000010 0.0058754 0.1931561 0.1911604 0.1937671 0.1454015 0.1962496 0.1941972 0.1934007 0.1934007 0.1961889 0.1958167 0.1808243 0.1958167 0.1966844 0.1958167 0.0058867 0.0039230 0.0078627 0.0078627 0.0098464 0.2019907 0.0039183 0.0039183 0.0039210 0.0039145 0.0039145 0.0058825 0.0019579 0.0019579 0.0058851 0.0058754 0.1957663 0.1984881 0.1983627 0.1984881 0.1983627 0.1982356 0.1982356 0.0019561 0.4168364 
HM585509_Human_herpesvirus_1            0.0058934 0.0058934 0.0098683 0.0058908 0.0019612 0.0000010 0.0058908 0.0000000 0.0078723 0.0098683 0.0058908 0.0118035 0.1955612 0.1885033 0.1911003 0.1378148 0.1935742 0.1915235 0.1907388 0.1907388 0.1935151 0.1931488 0.1808243 0.1931488 0.1940026 0.1931488 0.0039248 0.0058980 0.0019581 0.0019581 0.0118429 0.2043978 0.0058908 0.0058908 0.0058949 0.0098302 0.0098302 0.0118179 0.0039248 0.0039248 0.0078648 0.0118035 0.1930991 0.1958094 0.1956860 0.1958094 0.1956860 0.1955612 0.1955612 0.0078593 0.4175599 
HM585510_Human_herpesvirus_1            0.0098613 0.0098613 0.0059072 0.0098569 0.0098665 0.0078723 0.0098569 0.0078723 0.0000000 0.0059072 0.0098569 0.0158019 0.1901938 0.1882019 0.1907938 0.1453713 0.1932643 0.1912156 0.1904335 0.1904335 0.1932044 0.1928393 0.1807990 0.1928393 0.1936902 0.1928393 0.0118472 0.0098690 0.0098509 0.0098509 0.0158549 0.1990019 0.0098569 0.0098569 0.0098638 0.0138180 0.0138180 0.0158213 0.0078806 0.0078806 0.0118440 0.0158019 0.1927897 0.1954947 0.1953717 0.1954947 0.1953717 0.1952473 0.1952473 0.0118357 0.4138798 
HM585511_Human_herpesvirus_1            0.0078800 0.0078800 0.0000010 0.0078765 0.0078842 0.0098683 0.0078765 0.0098683 0.0059072 0.0000000 0.0078765 0.0138107 0.1959132 0.1939166 0.1965360 0.1453713 0.1990262 0.1969721 0.1961624 0.1961624 0.1989647 0.1985863 0.1807990 0.1985863 0.1994680 0.1985863 0.0098614 0.0039293 0.0118546 0.0118546 0.0138559 0.2047663 0.0078765 0.0078765 0.0078820 0.0118295 0.0118295 0.0138276 0.0059037 0.0059037 0.0098587 0.0138107 0.1985351 0.2012702 0.2011427 0.2012702 0.2011427 0.2010131 0.2010131 0.0098518 0.4138059 
HM585512_Human_herpesvirus_1            0.0039200 0.0039200 0.0078765 0.0039183 0.0039221 0.0058908 0.0000010 0.0058908 0.0098569 0.0078765 0.0000000 0.0058754 0.1931561 0.1911604 0.1937671 0.1454015 0.1962496 0.1941972 0.1934007 0.1934007 0.1961889 0.1958167 0.1808243 0.1958167 0.1966844 0.1958167 0.0058867 0.0039230 0.0078627 0.0078627 0.0098464 0.2019907 0.0039183 0.0039183 0.0039210 0.0039145 0.0039145 0.0058825 0.0019579 0.0019579 0.0058851 0.0058754 0.1957663 0.1984881 0.1983627 0.1984881 0.1983627 0.1982356 0.1982356 0.0019561 0.4168364 
HM585514_Human_herpesvirus_1            0.0098181 0.0098181 0.0138107 0.0098138 0.0098234 0.0118035 0.0058754 0.0118035 0.0158019 0.0138107 0.0058754 0.0000000 0.2004021 0.1984138 0.2010395 0.1454015 0.2035315 0.2014849 0.2006575 0.2006575 0.2034692 0.2030823 0.1808243 0.2030823 0.2039826 0.2030823 0.0117953 0.0098258 0.0137865 0.0137865 0.0157850 0.2092404 0.0098138 0.0098138 0.0098207 0.0098043 0.0098043 0.0117867 0.0078463 0.0078463 0.0117921 0.0000010 0.2030302 0.2057735 0.2056432 0.2057735 0.2056432 0.2055101 0.2055101 0.0078387 0.4197245 
HSV2_1                                  0.1957436 0.1957436 0.1959132 0.1956188 0.1958671 0.1955612 0.1931561 0.1955612 0.1901938 0.1959132 0.1931561 0.2004021 0.0000000 0.0039888 0.0039887 0.0066044 0.0019919 0.0039968 0.0039822 0.0039822 0.0019911 0.0059772 0.0000010 0.0019879 0.0019959 0.0019879 0.1982866 0.1959236 0.1981033 0.1981033 0.1986152 0.0365478 0.1956188 0.1956188 0.1958138 0.1979838 0.1979838 0.2007154 0.1932058 0.1932058 0.1982327 0.2004021 0.0039783 0.0039822 0.0039801 0.0039822 0.0039801 0.0039783 0.0039783 0.1955685 0.3549306 
HSV2_2                                  0.1937486 0.1937486 0.1939166 0.1936251 0.1887974 0.1885033 0.1911604 0.1885033 0.1882019 0.1939166 0.1911604 0.1984138 0.0039888 0.0000000 0.0000022 0.0000023 0.0019971 0.0000022 0.0000022 0.0000022 0.0019964 0.0019931 0.0000010 0.0019931 0.0020011 0.0019931 0.1912098 0.1939270 0.1910327 0.1910327 0.1966183 0.0366464 0.1936251 0.1936251 0.1938181 0.1959930 0.1959930 0.1987241 0.1912098 0.1912098 0.1962394 0.1984138 0.0039888 0.0039927 0.0039906 0.0039927 0.0039906 0.0039888 0.0039888 0.1935752 0.3499622 
HSV2_3                                  0.1963652 0.1963652 0.1965360 0.1962394 0.1913992 0.1911003 0.1937671 0.1911003 0.1907938 0.1965360 0.1937671 0.2010395 0.0039887 0.0000022 0.0000000 0.0000023 0.0019971 0.0000022 0.0000010 0.0000010 0.0019963 0.0019931 0.0000010 0.0019931 0.0020011 0.0019931 0.1938172 0.1965463 0.1936375 0.1936375 0.1992484 0.0366464 0.1962394 0.1962394 0.1964359 0.1986127 0.1986127 0.2013550 0.1938172 0.1938172 0.1988633 0.2010395 0.0039887 0.0039927 0.0039905 0.0039927 0.0039905 0.0039887 0.0039887 0.1961889 0.3499622 
HSV2_4                                  0.1533170 0.1533170 0.1453713 0.1530194 0.1378148 0.1378148 0.1454015 0.1378148 0.1453713 0.1453713 0.1454015 0.1454015 0.0066044 0.0000023 0.0000023 0.0000000 0.0000023 0.0000023 0.0000023 0.0000023 0.0000023 0.0066044 0.0000027 0.0000023 0.0000023 0.0000023 0.1378148 0.1454015 0.1378148 0.1378148 0.1534864 0.0473788 0.1454015 0.1454015 0.1454015 0.1454015 0.1454015 0.1454015 0.1454015 0.1454015 0.1454015 0.1454015 0.0066044 0.0000023 0.0066140 0.0000023 0.0066140 0.0066044 0.0066044 0.1530194 0.2251683 
HSV2_5                                  0.1988529 0.1988529 0.1990262 0.1987251 0.1938775 0.1935742 0.1962496 0.1935742 0.1932643 0.1990262 0.1962496 0.2035315 0.0019919 0.0019971 0.0019971 0.0000023 0.0000000 0.0020011 0.0019938 0.0019938 0.0000022 0.0039902 0.0000010 0.0000010 0.0000010 0.0000010 0.1963002 0.1990366 0.1961184 0.1961184 0.2017462 0.0387213 0.1987251 0.1987251 0.1989247 0.2011012 0.2011012 0.2038516 0.1963002 0.1963002 0.2013557 0.2035315 0.0019919 0.0019938 0.0019927 0.0019938 0.0019927 0.0019919 0.0019919 0.1986739 0.3529268 
HSV2_6                                  0.1968006 0.1968006 0.1969721 0.1966742 0.1918236 0.1915235 0.1941972 0.1915235 0.1912156 0.1969721 0.1941972 0.2014849 0.0039968 0.0000022 0.0000022 0.0000023 0.0020011 0.0000000 0.0000022 0.0000022 0.0020004 0.0019971 0.0000010 0.0019971 0.0020051 0.0019971 0.1942474 0.1969825 0.1940671 0.1940671 0.1996913 0.0367209 0.1966742 0.1966742 0.1968716 0.1990527 0.1990527 0.2018018 0.1942474 0.1942474 0.1993045 0.2014849 0.0039968 0.0040008 0.0039986 0.0040008 0.0039986 0.0039968 0.0039968 0.1966234 0.3476461 
HSV2_7                                  0.1959923 0.1959923 0.1961624 0.1958671 0.1910365 0.1907388 0.1934007 0.1907388 0.1904335 0.1961624 0.1934007 0.2006575 0.0039822 0.0000022 0.0000010 0.0000023 0.0019938 0.0000022 0.0000000 0.0000010 0.0019931 0.0019898 0.0000010 0.0019898 0.0019978 0.0019898 0.1934506 0.1961727 0.1932716 0.1932716 0.1988687 0.0365851 0.1958671 0.1958671 0.1960627 0.1982356 0.1982356 0.2009717 0.1934506 0.1934506 0.1984852 0.2006575 0.0039822 0.0039861 0.0039840 0.0039861 0.0039840 0.0039822 0.0039822 0.1958167 0.3491934 
HSV2_8                                  0.1959923 0.1959923 0.1961624 0.1958671 0.1910365 0.1907388 0.1934007 0.1907388 0.1904335 0.1961624 0.1934007 0.2006575 0.0039822 0.0000022 0.0000010 0.0000023 0.0019938 0.0000022 0.0000010 0.0000000 0.0019931 0.0019898 0.0000010 0.0019898 0.0019978 0.0019898 0.1934506 0.1961727 0.1932716 0.1932716 0.1988687 0.0365851 0.1958671 0.1958671 0.1960627 0.1982356 0.1982356 0.2009717 0.1934506 0.1934506 0.1984852 0.2006575 0.0039822 0.0039861 0.0039840 0.0039861 0.0039840 0.0039822 0.0039822 0.1958167 0.3491934 
HSV2_9                                  0.1987916 0.1987916 0.1989647 0.1986638 0.1938181 0.1935151 0.1961889 0.1935151 0.1932044 0.1989647 0.1961889 0.2034692 0.0019911 0.0019964 0.0019963 0.0000023 0.0000022 0.0020004 0.0019931 0.0019931 0.0000000 0.0039888 0.0000010 0.0000022 0.0000022 0.0000022 0.1962394 0.1989751 0.1960577 0.1960577 0.2016841 0.0387076 0.1986638 0.1986638 0.1988633 0.2010394 0.2010394 0.2037891 0.1962394 0.1962394 0.2012938 0.2034692 0.0019911 0.0019931 0.0019920 0.0019931 0.0019920 0.0019911 0.0019911 0.1986127 0.3494018 
HSV2_10                                 0.1984138 0.1984138 0.1985863 0.1982866 0.1934506 0.1931488 0.1958167 0.1931488 0.1928393 0.1985863 0.1958167 0.2030823 0.0059772 0.0019931 0.0019931 0.0066044 0.0039902 0.0019971 0.0019898 0.0019898 0.0039888 0.0000000 0.0050084 0.0039822 0.0039982 0.0039822 0.1958671 0.1985966 0.1956860 0.1956860 0.2012995 0.0386428 0.1982866 0.1982866 0.1984852 0.2006575 0.2006575 0.2034010 0.1958671 0.1958671 0.2009108 0.2030823 0.0059772 0.0059830 0.0059798 0.0059830 0.0059798 0.0059772 0.0059772 0.1982356 0.3520608 
HSV2_11                                 0.1870667 0.1870667 0.1807990 0.1808243 0.1808243 0.1808243 0.1808243 0.1808243 0.1807990 0.1807990 0.1808243 0.1808243 0.0000010 0.0000010 0.0000010 0.0000027 0.0000010 0.0000010 0.0000010 0.0000010 0.0000010 0.0050084 0.0000000 0.0000010 0.0000010 0.0000010 0.1808243 0.1808243 0.1870667 0.1870667 0.1872317 0.0356894 0.1808243 0.1808243 0.1808243 0.1808243 0.1808243 0.1874931 0.1808243 0.1808243 0.1872317 0.1808243 0.0050084 0.0050207 0.0000010 0.0050207 0.0000010 0.0050084 0.0050084 0.1867755 0.2434470 
HSV2_13                                 0.1984138 0.1984138 0.1985863 0.1982866 0.1934506 0.1931488 0.1958167 0.1931488 0.1928393 0.1985863 0.1958167 0.2030823 0.0019879 0.0019931 0.0019931 0.0000023 0.0000010 0.0019971 0.0019898 0.0019898 0.0000022 0.0039822 0.0000010 0.0000000 0.0000010 0.0000010 0.1958671 0.1985966 0.1956860 0.1956860 0.2012995 0.0386428 0.1982866 0.1982866 0.1984852 0.2006575 0.2006575 0.2034010 0.1958671 0.1958671 0.2009108 0.2030823 0.0019879 0.0019898 0.0019887 0.0019898 0.0019887 0.0019879 0.0019879 0.1982356 0.3520608 
HSV2_14                                 0.1992940 0.1992940 0.1994680 0.1991656 0.1943072 0.1940026 0.1966844 0.1940026 0.1936902 0.1994680 0.1966844 0.2039826 0.0019959 0.0020011 0.0020011 0.0000023 0.0000010 0.0020051 0.0019978 0.0019978 0.0000022 0.0039982 0.0000010 0.0000010 0.0000000 0.0000010 0.1967352 0.1994784 0.1965526 0.1965526 0.2021948 0.0388001 0.1991656 0.1991656 0.1993661 0.2015469 0.2015469 0.2043042 0.1967352 0.1967352 0.2018025 0.2039826 0.0019959 0.0019978 0.0019967 0.0019978 0.0019967 0.0019959 0.0019959 0.1991142 0.3537967 
HSV2_17                                 0.1984138 0.1984138 0.1985863 0.1982866 0.1934506 0.1931488 0.1958167 0.1931488 0.1928393 0.1985863 0.1958167 0.2030823 0.0019879 0.0019931 0.0019931 0.0000023 0.0000010 0.0019971 0.0019898 0.0019898 0.0000022 0.0039822 0.0000010 0.0000010 0.0000010 0.0000000 0.1958671 0.1985966 0.1956860 0.1956860 0.2012995 0.0386428 0.1982866 0.1982866 0.1984852 0.2006575 0.2006575 0.2034010 0.1958671 0.1958671 0.2009108 0.2030823 0.0019879 0.0019898 0.0019887 0.0019898 0.0019887 0.0019879 0.0019879 0.1982356 0.3520608 
JN400093_Human_herpesvirus_1            0.0058893 0.0058893 0.0098614 0.0058867 0.0019598 0.0039248 0.0058867 0.0039248 0.0118472 0.0098614 0.0058867 0.0117953 0.1982866 0.1912098 0.1938172 0.1378148 0.1963002 0.1942474 0.1934506 0.1934506 0.1962394 0.1958671 0.1808243 0.1958671 0.1967352 0.1958671 0.0000000 0.0058939 0.0058934 0.0058934 0.0118346 0.2071380 0.0019579 0.0019579 0.0058908 0.0058811 0.0058811 0.0078558 0.0039221 0.0039221 0.0039210 0.0117953 0.1958167 0.1985392 0.1984138 0.1985392 0.1984138 0.1982866 0.1982866 0.0078538 0.4169466 
JN420338_Human_herpesvirus_1            0.0039247 0.0039247 0.0039293 0.0039230 0.0039268 0.0058980 0.0039230 0.0058980 0.0098690 0.0039293 0.0039230 0.0098258 0.1959236 0.1939270 0.1965463 0.1454015 0.1990366 0.1969825 0.1961727 0.1961727 0.1989751 0.1985966 0.1808243 0.1985966 0.1994784 0.1985966 0.0058939 0.0000000 0.0078723 0.0078723 0.0098585 0.2047765 0.0039230 0.0039230 0.0039257 0.0078558 0.0078558 0.0098378 0.0019603 0.0019603 0.0058923 0.0098258 0.1985455 0.2012806 0.2011531 0.2012806 0.2011531 0.2010234 0.2010234 0.0058882 0.4208184 
JN420339_Human_herpesvirus_1            0.0078662 0.0078662 0.0118546 0.0078627 0.0039265 0.0019581 0.0078627 0.0019581 0.0098509 0.0118546 0.0078627 0.0137865 0.1981033 0.1910327 0.1936375 0.1378148 0.1961184 0.1940671 0.1932716 0.1932716 0.1960577 0.1956860 0.1870667 0.1956860 0.1965526 0.1956860 0.0058934 0.0078723 0.0000000 0.0000010 0.0138325 0.2069476 0.0078627 0.0078627 0.0078682 0.0118087 0.0118087 0.0138033 0.0058934 0.0058934 0.0098414 0.0137865 0.1956357 0.1983555 0.1982303 0.1983555 0.1982303 0.1981033 0.1981033 0.0098345 0.4176074 
JN420340_Human_herpesvirus_1            0.0078662 0.0078662 0.0118546 0.0078627 0.0039265 0.0019581 0.0078627 0.0019581 0.0098509 0.0118546 0.0078627 0.0137865 0.1981033 0.1910327 0.1936375 0.1378148 0.1961184 0.1940671 0.1932716 0.1932716 0.1960577 0.1956860 0.1870667 0.1956860 0.1965526 0.1956860 0.0058934 0.0078723 0.0000010 0.0000000 0.0138325 0.2069476 0.0078627 0.0078627 0.0078682 0.0118087 0.0118087 0.0138033 0.0058934 0.0058934 0.0098414 0.0137865 0.1956357 0.1983555 0.1982303 0.1983555 0.1982303 0.1981033 0.1981033 0.0098345 0.4176074 
JN420341_Human_herpesvirus_1            0.0098508 0.0098508 0.0138559 0.0098464 0.0098560 0.0118429 0.0098464 0.0118429 0.0158549 0.0138559 0.0098464 0.0157850 0.1986152 0.1966183 0.1992484 0.1534864 0.2017462 0.1996913 0.1988687 0.1988687 0.2016841 0.2012995 0.1872317 0.2012995 0.2021948 0.2012995 0.0118346 0.0098585 0.0138325 0.0138325 0.0000000 0.2074824 0.0098464 0.0098464 0.0098533 0.0138032 0.0138032 0.0158043 0.0078722 0.0078722 0.0118313 0.0157850 0.2012477 0.2039949 0.2038654 0.2039949 0.2038654 0.2037333 0.2037333 0.0118230 0.4201637 
JQ360576_Chimpanzee_alpha-1_herpesvirus 0.2045886 0.2045886 0.2047663 0.2044571 0.2047175 0.2043978 0.2019907 0.2043978 0.1990019 0.2047663 0.2019907 0.2092404 0.0365478 0.0366464 0.0366464 0.0473788 0.0387213 0.0367209 0.0365851 0.0365851 0.0387076 0.0386428 0.0356894 0.0386428 0.0388001 0.0386428 0.2071380 0.2047765 0.2069476 0.2069476 0.2074824 0.0000000 0.2044571 0.2044571 0.2046625 0.2068212 0.2068212 0.2095685 0.2020423 0.2020423 0.2070824 0.2092404 0.0407031 0.0407448 0.0407223 0.0407448 0.0407223 0.0407031 0.0407031 0.2044049 0.3597341 
JQ730035_Human_herpesvirus_1            0.0039200 0.0039200 0.0078765 0.0039183 0.0039221 0.0058908 0.0039183 0.0058908 0.0098569 0.0078765 0.0039183 0.0098138 0.1956188 0.1936251 0.1962394 0.1454015 0.1987251 0.1966742 0.1958671 0.1958671 0.1986638 0.1982866 0.1808243 0.1982866 0.1991656 0.1982866 0.0019579 0.0039230 0.0078627 0.0078627 0.0098464 0.2044571 0.0000000 0.0000010 0.0039210 0.0039145 0.0039145 0.0058825 0.0019579 0.0019579 0.0019574 0.0098138 0.1982356 0.2009653 0.2008382 0.2009653 0.2008382 0.2007090 0.2007090 0.0058811 0.4199461 
JX142173_Human_herpesvirus_1            0.0039200 0.0039200 0.0078765 0.0039183 0.0039221 0.0058908 0.0039183 0.0058908 0.0098569 0.0078765 0.0039183 0.0098138 0.1956188 0.1936251 0.1962394 0.1454015 0.1987251 0.1966742 0.1958671 0.1958671 0.1986638 0.1982866 0.1808243 0.1982866 0.1991656 0.1982866 0.0019579 0.0039230 0.0078627 0.0078627 0.0098464 0.2044571 0.0000010 0.0000000 0.0039210 0.0039145 0.0039145 0.0058825 0.0019579 0.0019579 0.0019574 0.0098138 0.1982356 0.2009653 0.2008382 0.2009653 0.2008382 0.2007090 0.2007090 0.0058811 0.4199461 
KM222720_Human_herpesvirus_1            0.0039227 0.0039227 0.0078820 0.0039210 0.0039248 0.0058949 0.0039210 0.0058949 0.0098638 0.0078820 0.0039210 0.0098207 0.1958138 0.1938181 0.1964359 0.1454015 0.1989247 0.1968716 0.1960627 0.1960627 0.1988633 0.1984852 0.1808243 0.1984852 0.1993661 0.1984852 0.0058908 0.0039257 0.0078682 0.0078682 0.0098533 0.2046625 0.0039210 0.0039210 0.0000000 0.0078517 0.0078517 0.0098326 0.0019593 0.0019593 0.0058892 0.0098207 0.1984342 0.2011676 0.2010403 0.2011676 0.2010403 0.2009108 0.2009108 0.0058851 0.4161334 
KM222721_Human_herpesvirus_1            0.0078497 0.0078497 0.0118295 0.0078463 0.0078538 0.0098302 0.0039145 0.0098302 0.0138180 0.0118295 0.0039145 0.0098043 0.1979838 0.1959930 0.1986127 0.1454015 0.2011012 0.1990527 0.1982356 0.1982356 0.2010394 0.2006575 0.1808243 0.2006575 0.2015469 0.2006575 0.0058811 0.0078558 0.0118087 0.0118087 0.0138032 0.2068212 0.0039145 0.0039145 0.0078517 0.0000000 0.0000010 0.0019547 0.0058811 0.0058811 0.0058795 0.0098043 0.2006060 0.2033421 0.2032134 0.2033421 0.2032134 0.2030823 0.2030823 0.0058754 0.4228368 
KM222722_Human_herpesvirus_1            0.0078497 0.0078497 0.0118295 0.0078463 0.0078538 0.0098302 0.0039145 0.0098302 0.0138180 0.0118295 0.0039145 0.0098043 0.1979838 0.1959930 0.1986127 0.1454015 0.2011012 0.1990527 0.1982356 0.1982356 0.2010394 0.2006575 0.1808243 0.2006575 0.2015469 0.2006575 0.0058811 0.0078558 0.0118087 0.0118087 0.0138032 0.2068212 0.0039145 0.0039145 0.0078517 0.0000010 0.0000000 0.0019547 0.0058811 0.0058811 0.0058795 0.0098043 0.2006060 0.2033421 0.2032134 0.2033421 0.2032134 0.2030823 0.2030823 0.0058754 0.4228368 
KM222723_Human_herpesvirus_1            0.0098301 0.0098301 0.0138276 0.0098258 0.0098353 0.0118179 0.0058825 0.0118179 0.0158213 0.0138276 0.0058825 0.0117867 0.2007154 0.1987241 0.2013550 0.1454015 0.2038516 0.2018018 0.2009717 0.2009717 0.2037891 0.2034010 0.1874931 0.2034010 0.2043042 0.2034010 0.0078558 0.0098378 0.0138033 0.0138033 0.0158043 0.2095685 0.0058825 0.0058825 0.0098326 0.0019547 0.0019547 0.0000000 0.0078558 0.0078558 0.0078536 0.0117867 0.2033487 0.2060975 0.2059668 0.2060975 0.2059668 0.2058332 0.2058332 0.0078482 0.4267277 
KM222724_Human_herpesvirus_1            0.0019588 0.0019588 0.0059037 0.0019579 0.0019598 0.0039248 0.0019579 0.0039248 0.0078806 0.0059037 0.0019579 0.0078463 0.1932058 0.1912098 0.1938172 0.1454015 0.1963002 0.1942474 0.1934506 0.1934506 0.1962394 0.1958671 0.1808243 0.1958671 0.1967352 0.1958671 0.0039221 0.0019603 0.0058934 0.0058934 0.0078722 0.2020423 0.0019579 0.0019579 0.0019593 0.0058811 0.0058811 0.0078558 0.0000000 0.0000010 0.0039210 0.0078463 0.1958167 0.1985392 0.1984138 0.1985392 0.1984138 0.1982866 0.1982866 0.0039183 0.4169466 
KM222725_Human_herpesvirus_1            0.0019588 0.0019588 0.0059037 0.0019579 0.0019598 0.0039248 0.0019579 0.0039248 0.0078806 0.0059037 0.0019579 0.0078463 0.1932058 0.1912098 0.1938172 0.1454015 0.1963002 0.1942474 0.1934506 0.1934506 0.1962394 0.1958671 0.1808243 0.1958671 0.1967352 0.1958671 0.0039221 0.0019603 0.0058934 0.0058934 0.0078722 0.2020423 0.0019579 0.0019579 0.0019593 0.0058811 0.0058811 0.0078558 0.0000010 0.0000000 0.0039210 0.0078463 0.1958167 0.1985392 0.1984138 0.1985392 0.1984138 0.1982866 0.1982866 0.0039183 0.4169466 
KM222726_Human_herpesvirus_1            0.0058877 0.0058877 0.0098587 0.0058851 0.0058908 0.0078648 0.0058851 0.0078648 0.0118440 0.0098587 0.0058851 0.0117921 0.1982327 0.1962394 0.1988633 0.1454015 0.2013557 0.1993045 0.1984852 0.1984852 0.2012938 0.2009108 0.1872317 0.2009108 0.2018025 0.2009108 0.0039210 0.0058923 0.0098414 0.0098414 0.0118313 0.2070824 0.0019574 0.0019574 0.0058892 0.0058795 0.0058795 0.0078536 0.0039210 0.0039210 0.0000000 0.0117921 0.2008591 0.2035997 0.2034708 0.2035997 0.2034708 0.2033393 0.2033393 0.0078517 0.4235742 
KM222727_Human_herpesvirus_1            0.0098181 0.0098181 0.0138107 0.0098138 0.0098234 0.0118035 0.0058754 0.0118035 0.0158019 0.0138107 0.0058754 0.0000010 0.2004021 0.1984138 0.2010395 0.1454015 0.2035315 0.2014849 0.2006575 0.2006575 0.2034692 0.2030823 0.1808243 0.2030823 0.2039826 0.2030823 0.0117953 0.0098258 0.0137865 0.0137865 0.0157850 0.2092404 0.0098138 0.0098138 0.0098207 0.0098043 0.0098043 0.0117867 0.0078463 0.0078463 0.0117921 0.0000000 0.2030302 0.2057735 0.2056432 0.2057735 0.2056432 0.2055101 0.2055101 0.0078387 0.4197245 
KP334095_Human_herpesvirus_2            0.1983627 0.1983627 0.1985351 0.1982356 0.1934007 0.1930991 0.1957663 0.1930991 0.1927897 0.1985351 0.1957663 0.2030302 0.0039783 0.0039888 0.0039887 0.0066044 0.0019919 0.0039968 0.0039822 0.0039822 0.0019911 0.0059772 0.0050084 0.0019879 0.0019959 0.0019879 0.1958167 0.1985455 0.1956357 0.1956357 0.2012477 0.0407031 0.1982356 0.1982356 0.1984342 0.2006060 0.2006060 0.2033487 0.1958167 0.1958167 0.2008591 0.2030302 0.0000000 0.0039822 0.0039801 0.0039822 0.0039801 0.0039783 0.0039783 0.1981846 0.3519670 
KR135300_Human_herpesvirus_2            0.2010948 0.2010948 0.2012702 0.2009653 0.1961161 0.1958094 0.1984881 0.1958094 0.1954947 0.2012702 0.1984881 0.2057735 0.0039822 0.0039927 0.0039927 0.0000023 0.0019938 0.0040008 0.0039861 0.0039861 0.0019931 0.0059830 0.0050207 0.0019898 0.0019978 0.0019898 0.1985392 0.2012806 0.1983555 0.1983555 0.2039949 0.0407448 0.2009653 0.2009653 0.2011676 0.2033421 0.2033421 0.2060975 0.1985392 0.1985392 0.2035997 0.2057735 0.0039822 0.0000000 0.0039840 0.0000010 0.0039840 0.0039822 0.0039822 0.2009136 0.3491934 
KR135307_Human_herpesvirus_2            0.2009676 0.2009676 0.2011427 0.2008382 0.1959923 0.1956860 0.1983627 0.1956860 0.1953717 0.2011427 0.1983627 0.2056432 0.0039801 0.0039906 0.0039905 0.0066140 0.0019927 0.0039986 0.0039840 0.0039840 0.0019920 0.0059798 0.0000010 0.0019887 0.0019967 0.0019887 0.1984138 0.2011531 0.1982303 0.1982303 0.2038654 0.0407223 0.2008382 0.2008382 0.2010403 0.2032134 0.2032134 0.2059668 0.1984138 0.1984138 0.2034708 0.2056432 0.0039801 0.0039840 0.0000000 0.0039840 0.0000010 0.0039801 0.0039801 0.2007866 0.3552390 
KR135316_Human_herpesvirus_2            0.2010948 0.2010948 0.2012702 0.2009653 0.1961161 0.1958094 0.1984881 0.1958094 0.1954947 0.2012702 0.1984881 0.2057735 0.0039822 0.0039927 0.0039927 0.0000023 0.0019938 0.0040008 0.0039861 0.0039861 0.0019931 0.0059830 0.0050207 0.0019898 0.0019978 0.0019898 0.1985392 0.2012806 0.1983555 0.1983555 0.2039949 0.0407448 0.2009653 0.2009653 0.2011676 0.2033421 0.2033421 0.2060975 0.1985392 0.1985392 0.2035997 0.2057735 0.0039822 0.0000010 0.0039840 0.0000000 0.0039840 0.0039822 0.0039822 0.2009136 0.3491934 
KR135319_Human_herpesvirus_2            0.2009676 0.2009676 0.2011427 0.2008382 0.1959923 0.1956860 0.1983627 0.1956860 0.1953717 0.2011427 0.1983627 0.2056432 0.0039801 0.0039906 0.0039905 0.0066140 0.0019927 0.0039986 0.0039840 0.0039840 0.0019920 0.0059798 0.0000010 0.0019887 0.0019967 0.0019887 0.1984138 0.2011531 0.1982303 0.1982303 0.2038654 0.0407223 0.2008382 0.2008382 0.2010403 0.2032134 0.2032134 0.2059668 0.1984138 0.1984138 0.2034708 0.2056432 0.0039801 0.0039840 0.0000010 0.0039840 0.0000000 0.0039801 0.0039801 0.2007866 0.3552390 
KR135323_Human_herpesvirus_2            0.2008382 0.2008382 0.2010131 0.2007090 0.1958671 0.1955612 0.1982356 0.1955612 0.1952473 0.2010131 0.1982356 0.2055101 0.0039783 0.0039888 0.0039887 0.0066044 0.0019919 0.0039968 0.0039822 0.0039822 0.0019911 0.0059772 0.0050084 0.0019879 0.0019959 0.0019879 0.1982866 0.2010234 0.1981033 0.1981033 0.2037333 0.0407031 0.2007090 0.2007090 0.2009108 0.2030823 0.2030823 0.2058332 0.1982866 0.1982866 0.2033393 0.2055101 0.0039783 0.0039822 0.0039801 0.0039822 0.0039801 0.0000000 0.0000010 0.2006575 0.3549306 
KR135328_Human_herpesvirus_2            0.2008382 0.2008382 0.2010131 0.2007090 0.1958671 0.1955612 0.1982356 0.1955612 0.1952473 0.2010131 0.1982356 0.2055101 0.0039783 0.0039888 0.0039887 0.0066044 0.0019919 0.0039968 0.0039822 0.0039822 0.0019911 0.0059772 0.0050084 0.0019879 0.0019959 0.0019879 0.1982866 0.2010234 0.1981033 0.1981033 0.2037333 0.0407031 0.2007090 0.2007090 0.2009108 0.2030823 0.2030823 0.2058332 0.1982866 0.1982866 0.2033393 0.2055101 0.0039783 0.0039822 0.0039801 0.0039822 0.0039801 0.0000010 0.0000000 0.2006575 0.3549306 
NC_001806_Human_herpesvirus_1           0.0058836 0.0058836 0.0098518 0.0058811 0.0058867 0.0078593 0.0019561 0.0078593 0.0118357 0.0098518 0.0019561 0.0078387 0.1955685 0.1935752 0.1961889 0.1530194 0.1986739 0.1966234 0.1958167 0.1958167 0.1986127 0.1982356 0.1867755 0.1982356 0.1991142 0.1982356 0.0078538 0.0058882 0.0098345 0.0098345 0.0118230 0.2044049 0.0058811 0.0058811 0.0058851 0.0058754 0.0058754 0.0078482 0.0039183 0.0039183 0.0078517 0.0078387 0.1981846 0.2009136 0.2007866 0.2009136 0.2007866 0.2006575 0.2006575 0.0000000 0.4198353 
NC_006560_Cercopithecine_herpesvirus_2  0.4169939 0.4169939 0.4138059 0.4199461 0.4139498 0.4175599 0.4168364 0.4175599 0.4138798 0.4138059 0.4168364 0.4197245 0.3549306 0.3499622 0.3499622 0.2251683 0.3529268 0.3476461 0.3491934 0.3491934 0.3494018 0.3520608 0.2434470 0.3520608 0.3537967 0.3520608 0.4169466 0.4208184 0.4176074 0.4176074 0.4201637 0.3597341 0.4199461 0.4199461 0.4161334 0.4228368 0.4228368 0.4267277 0.4169466 0.4169466 0.4235742 0.4197245 0.3519670 0.3491934 0.3552390 0.3491934 0.3552390 0.3549306 0.3549306 0.4198353 0.0000000 
