56
HM585496_Human_herpesvirus_1            0.0000000 0.0000010 0.0098818 0.0078984 0.0098818 0.0019689 0.0159607 0.0078984 0.0079429 0.0059258 0.0059190 0.0059190 0.0118950 0.2179547 0.2119476 0.2167199 0.1640979 0.2135980 0.1859792 0.2179547 0.2033314 0.2135980 0.2195957 0.1570382 0.2161858 0.2107050 0.2192867 0.1767816 0.0159647 0.0158694 0.0079074 0.0059190 0.0079011 0.0079094 0.0059190 0.2298509 0.0098818 0.0159607 0.0158640 0.0079094 0.0098794 0.0118950 0.2137515 0.2160627 0.2186202 0.2187939 0.2185506 0.2161506 0.2163220 0.2161506 0.2185506 0.2139431 0.2139431 0.2163220 0.0098907 0.4706384 
HM585497_Human_herpesvirus_1            0.0000010 0.0000000 0.0098818 0.0078984 0.0098818 0.0019689 0.0159607 0.0078984 0.0079429 0.0059258 0.0059190 0.0059190 0.0118950 0.2179547 0.2119476 0.2167199 0.1640979 0.2135980 0.1859792 0.2179547 0.2033314 0.2135980 0.2195957 0.1570382 0.2161858 0.2107050 0.2192867 0.1767816 0.0159647 0.0158694 0.0079074 0.0059190 0.0079011 0.0079094 0.0059190 0.2298509 0.0098818 0.0159607 0.0158640 0.0079094 0.0098794 0.0118950 0.2137515 0.2160627 0.2186202 0.2187939 0.2185506 0.2161506 0.2163220 0.2161506 0.2185506 0.2139431 0.2139431 0.2163220 0.0098907 0.4706384 
HM585501_Human_herpesvirus_1            0.0098818 0.0098818 0.0000000 0.0098578 0.0118399 0.0118659 0.0179278 0.0098578 0.0099132 0.0078901 0.0078811 0.0078811 0.0138561 0.2205194 0.2149154 0.2192984 0.1640979 0.2161455 0.1892718 0.2205194 0.2063794 0.2161455 0.2221494 0.1562197 0.2187594 0.2132777 0.2218372 0.1790732 0.0179322 0.0178253 0.0098690 0.0078811 0.0098611 0.0098715 0.0078811 0.2323901 0.0118399 0.0179278 0.0178193 0.0098715 0.0118370 0.0138561 0.2163002 0.2186080 0.2211641 0.2213396 0.2210935 0.2186968 0.2188701 0.2186968 0.2210935 0.2164941 0.2164941 0.2188701 0.0118505 0.4763141 
HM585502_Human_herpesvirus_1            0.0078984 0.0078984 0.0098578 0.0000000 0.0019628 0.0098794 0.0119138 0.0000010 0.0079235 0.0059113 0.0059056 0.0059056 0.0118660 0.2170975 0.2114508 0.2158639 0.1640979 0.2127668 0.1855000 0.2170975 0.2028436 0.2127668 0.2187344 0.1570382 0.2153340 0.2098792 0.2184278 0.1793294 0.0119168 0.0118460 0.0078882 0.0019642 0.0039321 0.0039363 0.0019642 0.2237148 0.0019628 0.0119138 0.0118420 0.0039363 0.0019623 0.0118660 0.2129193 0.2152208 0.2177667 0.2179389 0.2176978 0.2153079 0.2154779 0.2153079 0.2176978 0.2131091 0.2131091 0.2154779 0.0098666 0.4688366 
HM585504_Human_herpesvirus_1            0.0098818 0.0098818 0.0118399 0.0019628 0.0000000 0.0118659 0.0139120 0.0019628 0.0099132 0.0078901 0.0078811 0.0078811 0.0138561 0.2196576 0.2140462 0.2184342 0.1640979 0.2152972 0.1883475 0.2196576 0.2054985 0.2152972 0.2212883 0.1570382 0.2178978 0.2124264 0.2209778 0.1822944 0.0139154 0.0138327 0.0098690 0.0039318 0.0059044 0.0059096 0.0039318 0.2262720 0.0039289 0.0139120 0.0138281 0.0059096 0.0039280 0.0138561 0.2154512 0.2177561 0.2203080 0.2204826 0.2202379 0.2178444 0.2180167 0.2178444 0.2202379 0.2156441 0.2156441 0.2180167 0.0118505 0.4723884 
HM585506_Human_herpesvirus_1            0.0019689 0.0019689 0.0118659 0.0098794 0.0118659 0.0000000 0.0179677 0.0098794 0.0099351 0.0079074 0.0078984 0.0078984 0.0138866 0.2204468 0.2144719 0.2192224 0.1765243 0.2160627 0.1887606 0.2204468 0.2059172 0.2160627 0.2220811 0.1649318 0.2186821 0.2131873 0.2217683 0.1796724 0.0179721 0.0178647 0.0098907 0.0078984 0.0098827 0.0098931 0.0078984 0.2323485 0.0118659 0.0179677 0.0178587 0.0098931 0.0118630 0.0138866 0.2162177 0.2185313 0.2210936 0.2212696 0.2210229 0.2186202 0.2187939 0.2186202 0.2210229 0.2164121 0.2164121 0.2187939 0.0118766 0.4739456 
HM585508_Human_herpesvirus_1            0.0159607 0.0159607 0.0179278 0.0119138 0.0139120 0.0179677 0.0000000 0.0119138 0.0079185 0.0099126 0.0139221 0.0139221 0.0199823 0.2345499 0.2291025 0.2333758 0.1768349 0.2299797 0.2018230 0.2345499 0.2181993 0.2299797 0.2361575 0.1651141 0.2327969 0.2271836 0.2358210 0.1915415 0.0159611 0.0199482 0.0119029 0.0139221 0.0159268 0.0159437 0.0139221 0.2411974 0.0139120 0.0000010 0.0199415 0.0159437 0.0139086 0.0199823 0.2301439 0.2324869 0.2350951 0.2352851 0.2350170 0.2325828 0.2327704 0.2325828 0.2350170 0.2303559 0.2303559 0.2327704 0.0138958 0.4834039 
HM585509_Human_herpesvirus_1            0.0078984 0.0078984 0.0098578 0.0000010 0.0019628 0.0098794 0.0119138 0.0000000 0.0079235 0.0059113 0.0059056 0.0059056 0.0118660 0.2170975 0.2114508 0.2158639 0.1640979 0.2127668 0.1855000 0.2170975 0.2028436 0.2127668 0.2187344 0.1570382 0.2153340 0.2098792 0.2184278 0.1793294 0.0119168 0.0118460 0.0078882 0.0019642 0.0039321 0.0039363 0.0019642 0.2237148 0.0019628 0.0119138 0.0118420 0.0039363 0.0019623 0.0118660 0.2129193 0.2152208 0.2177667 0.2179389 0.2176978 0.2153079 0.2154779 0.2153079 0.2176978 0.2131091 0.2131091 0.2154779 0.0098666 0.4688366 
HM585510_Human_herpesvirus_1            0.0079429 0.0079429 0.0099132 0.0079235 0.0099132 0.0099351 0.0079185 0.0079235 0.0000000 0.0059446 0.0059378 0.0059378 0.0119329 0.2238158 0.2182259 0.2226010 0.1640979 0.2193783 0.1899394 0.2238158 0.2071083 0.2193783 0.2254472 0.1570382 0.2220504 0.2165157 0.2251280 0.1793294 0.0119419 0.0159199 0.0079325 0.0059378 0.0079262 0.0079345 0.0059378 0.2357699 0.0099132 0.0079185 0.0159145 0.0079345 0.0099108 0.0119329 0.2195358 0.2218611 0.2244397 0.2246193 0.2243671 0.2219519 0.2221293 0.2219519 0.2243671 0.2197347 0.2197347 0.2221293 0.0099222 0.4720477 
HM585511_Human_herpesvirus_1            0.0059258 0.0059258 0.0078901 0.0059113 0.0078901 0.0079074 0.0099126 0.0059113 0.0059446 0.0000000 0.0039384 0.0039384 0.0098932 0.2201739 0.2145554 0.2189494 0.1640979 0.2157966 0.1888348 0.2201739 0.2059970 0.2157966 0.2218075 0.1570382 0.2184103 0.2129219 0.2214954 0.1797434 0.0139416 0.0138586 0.0019643 0.0039384 0.0059133 0.0059195 0.0039384 0.2320648 0.0078901 0.0099126 0.0138539 0.0059195 0.0078882 0.0098932 0.2159513 0.2182626 0.2208222 0.2209977 0.2207516 0.2183513 0.2185246 0.2183513 0.2207516 0.2161452 0.2161452 0.2185246 0.0039310 0.4779633 
HM585512_Human_herpesvirus_1            0.0059190 0.0059190 0.0078811 0.0059056 0.0078811 0.0078984 0.0139221 0.0059056 0.0059378 0.0039384 0.0000000 0.0000010 0.0059158 0.2198203 0.2142067 0.2185966 0.1640979 0.2154547 0.1885015 0.2198203 0.2056558 0.2154547 0.2214519 0.1570382 0.2180594 0.2125826 0.2211409 0.1794153 0.0139255 0.0138427 0.0059113 0.0039339 0.0059066 0.0059128 0.0039339 0.2264628 0.0078811 0.0139221 0.0138380 0.0059128 0.0078792 0.0059158 0.2156089 0.2179157 0.2204701 0.2206450 0.2203998 0.2180042 0.2181768 0.2180042 0.2203998 0.2158021 0.2158021 0.2181768 0.0078882 0.4767901 
HM585513_Human_herpesvirus_1            0.0059190 0.0059190 0.0078811 0.0059056 0.0078811 0.0078984 0.0139221 0.0059056 0.0059378 0.0039384 0.0000010 0.0000000 0.0059158 0.2198203 0.2142067 0.2185966 0.1640979 0.2154547 0.1885015 0.2198203 0.2056558 0.2154547 0.2214519 0.1570382 0.2180594 0.2125826 0.2211409 0.1794153 0.0139255 0.0138427 0.0059113 0.0039339 0.0059066 0.0059128 0.0039339 0.2264628 0.0078811 0.0139221 0.0138380 0.0059128 0.0078792 0.0059158 0.2156089 0.2179157 0.2204701 0.2206450 0.2203998 0.2180042 0.2181768 0.2180042 0.2203998 0.2158021 0.2158021 0.2181768 0.0078882 0.4767901 
HM585514_Human_herpesvirus_1            0.0118950 0.0118950 0.0138561 0.0118660 0.0138561 0.0138866 0.0199823 0.0118660 0.0119329 0.0098932 0.0059158 0.0059158 0.0000000 0.2280761 0.2225668 0.2268829 0.1781122 0.2236048 0.1947235 0.2280761 0.2114925 0.2236048 0.2296921 0.1658681 0.2263235 0.2207812 0.2293675 0.1856786 0.0199872 0.0198676 0.0118796 0.0098819 0.0118700 0.0118825 0.0098819 0.2347224 0.0138561 0.0199823 0.0198609 0.0118825 0.0138527 0.0000010 0.2237644 0.2260878 0.2286674 0.2288503 0.2285929 0.2261802 0.2263598 0.2261802 0.2285929 0.2239677 0.2239677 0.2263598 0.0138686 0.4706066 
HSV2_1                                  0.2179547 0.2179547 0.2205194 0.2170975 0.2196576 0.2204468 0.2345499 0.2170975 0.2238158 0.2201739 0.2198203 0.2198203 0.2280761 0.0000000 0.0102484 0.0121481 0.0000010 0.0160729 0.0116042 0.0000010 0.0106119 0.0160729 0.0079895 0.0068249 0.0100993 0.0162354 0.0059772 0.0121263 0.2345889 0.2301479 0.2199424 0.2146203 0.2171862 0.2174841 0.2146203 0.0622781 0.2196576 0.2345499 0.2300531 0.2174841 0.2195785 0.2280761 0.0201498 0.0180942 0.0201251 0.0201380 0.0221629 0.0181004 0.0181120 0.0181004 0.0221629 0.0140508 0.0140508 0.0181088 0.2224331 0.4628659 
HSV2_2                                  0.2119476 0.2119476 0.2149154 0.2114508 0.2140462 0.2144719 0.2291025 0.2114508 0.2182259 0.2145554 0.2142067 0.2142067 0.2225668 0.0102484 0.0000000 0.0000010 0.0000010 0.0143348 0.0000010 0.0102484 0.0000010 0.0143348 0.0061088 0.0000010 0.0000024 0.0144826 0.0040606 0.0000010 0.2291431 0.2246781 0.2143256 0.2089372 0.2115386 0.2118328 0.2089372 0.0639069 0.2140462 0.2291025 0.2245841 0.2118328 0.2139682 0.2225668 0.0184852 0.0163938 0.0184621 0.0184742 0.0205372 0.0163995 0.0164102 0.0163995 0.0205372 0.0122755 0.0122755 0.0205579 0.2115431 0.4571205 
HSV2_3                                  0.2167199 0.2167199 0.2192984 0.2158639 0.2184342 0.2192224 0.2333758 0.2158639 0.2226010 0.2189494 0.2185966 0.2185966 0.2268829 0.0121481 0.0000010 0.0000000 0.0000010 0.0161830 0.0000010 0.0121481 0.0000010 0.0161830 0.0080463 0.0000010 0.0020250 0.0163475 0.0060185 0.0000010 0.2334159 0.2289647 0.2187181 0.2133755 0.2159525 0.2162498 0.2133755 0.0652185 0.2184342 0.2333758 0.2288700 0.2162498 0.2158639 0.2268829 0.0202881 0.0182181 0.0202631 0.0202762 0.0202631 0.0182244 0.0182362 0.0182244 0.0202631 0.0141470 0.0141470 0.0223372 0.2159591 0.4485987 
HSV2_4                                  0.1640979 0.1640979 0.1640979 0.1640979 0.1640979 0.1765243 0.1768349 0.1640979 0.1640979 0.1640979 0.1640979 0.1640979 0.1781122 0.0000010 0.0000010 0.0000010 0.0000000 0.0000010 0.0000010 0.0000010 0.0000010 0.0000010 0.0000010 0.0000010 0.0000010 0.0000010 0.0000010 0.0000010 0.1768902 0.1768902 0.1632135 0.1640979 0.1640979 0.1640979 0.1640979 0.0434611 0.1640979 0.1768349 0.1768902 0.1640979 0.1640979 0.1781122 0.0000010 0.0000010 0.0106791 0.0000010 0.0106791 0.0106791 0.0000010 0.0106791 0.0106791 0.0000010 0.0000010 0.0000010 0.1632135 0.2423036 
HSV2_5                                  0.2135980 0.2135980 0.2161455 0.2127668 0.2152972 0.2160627 0.2299797 0.2127668 0.2193783 0.2157966 0.2154547 0.2154547 0.2236048 0.0160729 0.0143348 0.0161830 0.0000010 0.0000000 0.0162291 0.0160729 0.0148426 0.0000010 0.0160038 0.0068249 0.0040029 0.0000021 0.0099543 0.0170365 0.2300192 0.2256613 0.2155717 0.2103166 0.2128528 0.2131414 0.2103166 0.0666094 0.2152972 0.2299797 0.2255694 0.2131414 0.2152208 0.2236048 0.0039574 0.0019743 0.0039526 0.0039551 0.0059354 0.0019750 0.0019763 0.0019750 0.0059354 0.0019771 0.0019771 0.0059412 0.2128579 0.4664445 
HSV2_6                                  0.1859792 0.1859792 0.1892718 0.1855000 0.1883475 0.1887606 0.2018230 0.1855000 0.1899394 0.1888348 0.1885015 0.1885015 0.1947235 0.0116042 0.0000010 0.0000010 0.0000010 0.0162291 0.0000000 0.0116042 0.0000010 0.0162291 0.0045959 0.0000010 0.0000027 0.0164189 0.0045932 0.0000010 0.2047024 0.2002330 0.1886085 0.1827314 0.1855851 0.1858682 0.1827314 0.0546807 0.1883475 0.2018230 0.2001402 0.1858682 0.1855000 0.1947235 0.0185882 0.0185619 0.0209065 0.0209220 0.0209065 0.0185692 0.0185830 0.0185692 0.0209065 0.0138960 0.0138960 0.0209333 0.1855777 0.3965053 
HSV2_7                                  0.2179547 0.2179547 0.2205194 0.2170975 0.2196576 0.2204468 0.2345499 0.2170975 0.2238158 0.2201739 0.2198203 0.2198203 0.2280761 0.0000010 0.0102484 0.0121481 0.0000010 0.0160729 0.0116042 0.0000000 0.0106119 0.0160729 0.0079895 0.0068249 0.0100993 0.0162354 0.0059772 0.0121263 0.2345889 0.2301479 0.2199424 0.2146203 0.2171862 0.2174841 0.2146203 0.0622781 0.2196576 0.2345499 0.2300531 0.2174841 0.2195785 0.2280761 0.0201498 0.0180942 0.0201251 0.0201380 0.0221629 0.0181004 0.0181120 0.0181004 0.0221629 0.0140508 0.0140508 0.0181088 0.2224331 0.4628659 
HSV2_8                                  0.2033314 0.2033314 0.2063794 0.2028436 0.2054985 0.2059172 0.2181993 0.2028436 0.2071083 0.2059970 0.2056558 0.2056558 0.2114925 0.0106119 0.0000010 0.0000010 0.0000010 0.0148426 0.0000010 0.0106119 0.0000000 0.0148426 0.0063240 0.0000010 0.0000025 0.0150008 0.0042042 0.0000010 0.2208733 0.2163661 0.2057699 0.2002689 0.2029299 0.2032185 0.2002689 0.0617566 0.2054985 0.2181993 0.2162733 0.2032185 0.2028436 0.2114925 0.0191420 0.0169749 0.0191172 0.0191301 0.0191172 0.0169811 0.0169926 0.0169811 0.0191172 0.0127100 0.0127100 0.0212889 0.2029304 0.4289797 
HSV2_9                                  0.2135980 0.2135980 0.2161455 0.2127668 0.2152972 0.2160627 0.2299797 0.2127668 0.2193783 0.2157966 0.2154547 0.2154547 0.2236048 0.0160729 0.0143348 0.0161830 0.0000010 0.0000010 0.0162291 0.0160729 0.0148426 0.0000000 0.0160038 0.0068249 0.0040029 0.0000021 0.0099543 0.0170365 0.2300192 0.2256613 0.2155717 0.2103166 0.2128528 0.2131414 0.2103166 0.0666094 0.2152972 0.2299797 0.2255694 0.2131414 0.2152208 0.2236048 0.0039574 0.0019743 0.0039526 0.0039551 0.0059354 0.0019750 0.0019763 0.0019750 0.0059354 0.0019771 0.0019771 0.0059412 0.2128579 0.4664445 
HSV2_10                                 0.2195957 0.2195957 0.2221494 0.2187344 0.2212883 0.2220811 0.2361575 0.2187344 0.2254472 0.2218075 0.2214519 0.2214519 0.2296921 0.0079895 0.0061088 0.0080463 0.0000010 0.0160038 0.0045959 0.0079895 0.0063240 0.0160038 0.0000000 0.0000010 0.0060204 0.0161649 0.0059516 0.0048220 0.2361973 0.2317549 0.2215752 0.2162638 0.2188235 0.2191229 0.2162638 0.0644276 0.2212883 0.2361575 0.2316598 0.2191229 0.2212088 0.2296921 0.0200630 0.0180163 0.0200384 0.0200512 0.0220674 0.0180225 0.0180340 0.0180225 0.0220674 0.0139905 0.0139905 0.0220891 0.2240592 0.4628526 
HSV2_11                                 0.1570382 0.1570382 0.1562197 0.1570382 0.1570382 0.1649318 0.1651141 0.1570382 0.1570382 0.1570382 0.1570382 0.1570382 0.1658681 0.0068249 0.0000010 0.0000010 0.0000010 0.0068249 0.0000010 0.0068249 0.0000010 0.0068249 0.0000010 0.0000000 0.0000010 0.0068927 0.0068249 0.0000010 0.1651488 0.1651488 0.1564964 0.1570382 0.1570382 0.1570382 0.1570382 0.0487968 0.1570382 0.1651141 0.1730927 0.1570382 0.1570382 0.1658681 0.0068249 0.0068249 0.0136967 0.0137266 0.0136967 0.0136967 0.0137266 0.0136967 0.0136967 0.0068249 0.0068249 0.0068249 0.1564964 0.2694680 
HSV2_12                                 0.2161858 0.2161858 0.2187594 0.2153340 0.2178978 0.2186821 0.2327969 0.2153340 0.2220504 0.2184103 0.2180594 0.2180594 0.2263235 0.0100993 0.0000024 0.0020250 0.0000010 0.0040029 0.0000027 0.0100993 0.0000025 0.0040029 0.0060204 0.0000010 0.0000000 0.0040431 0.0040029 0.0000028 0.2328369 0.2284011 0.2181801 0.2128525 0.2154221 0.2157180 0.2128525 0.0607231 0.2178978 0.2327969 0.2283068 0.2157180 0.2178193 0.2263235 0.0080289 0.0060083 0.0080191 0.0080242 0.0100353 0.0060103 0.0060142 0.0060103 0.0100353 0.0040029 0.0040029 0.0100452 0.2154285 0.4686401 
HSV2_14                                 0.2107050 0.2107050 0.2132777 0.2098792 0.2124264 0.2131873 0.2271836 0.2098792 0.2165157 0.2129219 0.2125826 0.2125826 0.2207812 0.0162354 0.0144826 0.0163475 0.0000010 0.0000021 0.0164189 0.0162354 0.0150008 0.0000021 0.0161649 0.0068927 0.0040431 0.0000000 0.0100541 0.0172459 0.2272234 0.2228563 0.2126979 0.2074117 0.2099647 0.2102512 0.2074117 0.0673054 0.2124264 0.2271836 0.2227647 0.2102512 0.2123506 0.2207812 0.0039973 0.0019933 0.0039924 0.0019933 0.0059950 0.0019940 0.0000021 0.0019940 0.0059950 0.0019961 0.0019961 0.0060009 0.2099684 0.4644008 
HSV2_15                                 0.2192867 0.2192867 0.2218372 0.2184278 0.2209778 0.2217683 0.2358210 0.2184278 0.2251280 0.2214954 0.2211409 0.2211409 0.2293675 0.0059772 0.0040606 0.0060185 0.0000010 0.0099543 0.0045932 0.0059772 0.0042042 0.0099543 0.0059516 0.0068249 0.0040029 0.0100541 0.0000000 0.0048190 0.2358607 0.2314278 0.2212637 0.2159610 0.2185167 0.2188152 0.2159610 0.0600567 0.2209778 0.2358210 0.2313329 0.2188152 0.2208985 0.2293675 0.0139764 0.0119532 0.0139594 0.0139682 0.0159715 0.0119572 0.0119648 0.0119572 0.0159715 0.0079562 0.0079562 0.0159871 0.2185246 0.4581532 
HSV2_16                                 0.1767816 0.1767816 0.1790732 0.1793294 0.1822944 0.1796724 0.1915415 0.1793294 0.1793294 0.1797434 0.1794153 0.1794153 0.1856786 0.0121263 0.0000010 0.0000010 0.0000010 0.0170365 0.0000010 0.0121263 0.0000010 0.0170365 0.0048220 0.0000010 0.0000028 0.0172459 0.0048190 0.0000000 0.1915859 0.1915859 0.1795182 0.1764444 0.1794153 0.1797002 0.1764444 0.0545539 0.1822944 0.1915415 0.1914934 0.1797002 0.1793294 0.1856786 0.0195154 0.0170365 0.0219494 0.0219666 0.0219494 0.0194945 0.0195097 0.0194945 0.0219494 0.0145863 0.0145863 0.0219790 0.1763812 0.3736483 
JN400093_Human_herpesvirus_1            0.0159647 0.0159647 0.0179322 0.0119168 0.0139154 0.0179721 0.0159611 0.0119168 0.0119419 0.0139416 0.0139255 0.0139255 0.0199872 0.2345889 0.2291431 0.2334159 0.1768902 0.2300192 0.2047024 0.2345889 0.2208733 0.2300192 0.2361973 0.1651488 0.2328369 0.2272234 0.2358607 0.1915859 0.0000000 0.0039500 0.0159437 0.0139255 0.0159307 0.0119254 0.0139255 0.2412371 0.0139154 0.0159611 0.0079149 0.0119254 0.0139120 0.0199872 0.2301834 0.2325265 0.2351348 0.2353247 0.2350567 0.2326224 0.2328100 0.2326224 0.2350567 0.2303945 0.2303945 0.2328100 0.0179485 0.4864257 
JN420337_Human_herpesvirus_1            0.0158694 0.0158694 0.0178253 0.0118460 0.0138327 0.0178647 0.0199482 0.0118460 0.0159199 0.0138586 0.0138427 0.0138427 0.0198676 0.2301479 0.2246781 0.2289647 0.1768902 0.2256613 0.2002330 0.2301479 0.2163661 0.2256613 0.2317549 0.1651488 0.2284011 0.2228563 0.2314278 0.1915859 0.0039500 0.0000000 0.0158487 0.0138427 0.0158358 0.0118545 0.0138427 0.2367547 0.0138327 0.0199482 0.0039246 0.0118545 0.0138293 0.0198676 0.2258218 0.2281426 0.2307220 0.2309065 0.2306467 0.2282358 0.2284180 0.2282358 0.2306467 0.2260271 0.2260271 0.2284180 0.0178414 0.4862246 
JN420338_Human_herpesvirus_1            0.0079074 0.0079074 0.0098690 0.0078882 0.0098690 0.0098907 0.0119029 0.0078882 0.0079325 0.0019643 0.0059113 0.0059113 0.0118796 0.2199424 0.2143256 0.2187181 0.1632135 0.2155717 0.1886085 0.2199424 0.2057699 0.2155717 0.2215752 0.1564964 0.2181801 0.2126979 0.2212637 0.1795182 0.0159437 0.0158487 0.0000000 0.0059113 0.0078908 0.0078991 0.0059113 0.2345637 0.0098690 0.0119029 0.0158434 0.0078991 0.0098666 0.0118796 0.2157261 0.2180350 0.2205919 0.2207670 0.2205215 0.2181236 0.2182965 0.2181236 0.2205215 0.2159195 0.2159195 0.2182965 0.0019624 0.4773846 
JN420339_Human_herpesvirus_1            0.0059190 0.0059190 0.0078811 0.0019642 0.0039318 0.0078984 0.0139221 0.0019642 0.0059378 0.0039384 0.0039339 0.0039339 0.0098819 0.2146203 0.2089372 0.2133755 0.1640979 0.2103166 0.1827314 0.2146203 0.2002689 0.2103166 0.2162638 0.1570382 0.2128525 0.2074117 0.2159610 0.1764444 0.0139255 0.0138427 0.0059113 0.0000000 0.0019648 0.0019669 0.0000010 0.2264628 0.0039318 0.0139221 0.0138380 0.0019669 0.0039308 0.0098819 0.2104676 0.2127668 0.2153079 0.2154779 0.2152402 0.2128528 0.2130207 0.2128528 0.2152402 0.2106547 0.2106547 0.2130207 0.0078882 0.4694018 
JN420340_Human_herpesvirus_1            0.0079011 0.0079011 0.0098611 0.0039321 0.0059044 0.0098827 0.0159268 0.0039321 0.0079262 0.0059133 0.0059066 0.0059066 0.0118700 0.2171862 0.2115386 0.2159525 0.1640979 0.2128528 0.1855851 0.2171862 0.2029299 0.2128528 0.2188235 0.1570382 0.2154221 0.2099647 0.2185167 0.1794153 0.0159307 0.0158358 0.0078908 0.0019648 0.0000000 0.0039376 0.0019648 0.2290391 0.0059044 0.0159268 0.0158305 0.0039376 0.0059030 0.0118700 0.2130054 0.2153079 0.2178550 0.2180274 0.2177860 0.2153951 0.2155653 0.2153951 0.2177860 0.2131954 0.2131954 0.2155653 0.0098699 0.4729404 
JN420341_Human_herpesvirus_1            0.0079094 0.0079094 0.0098715 0.0039363 0.0059096 0.0098931 0.0159437 0.0039363 0.0079345 0.0059195 0.0059128 0.0059128 0.0118825 0.2174841 0.2118328 0.2162498 0.1640979 0.2131414 0.1858682 0.2174841 0.2032185 0.2131414 0.2191229 0.1570382 0.2157180 0.2102512 0.2188152 0.1797002 0.0119254 0.0118545 0.0078991 0.0019669 0.0039376 0.0000000 0.0019669 0.2293545 0.0059096 0.0159437 0.0118506 0.0000010 0.0059081 0.0118825 0.2132944 0.2156004 0.2181517 0.2183245 0.2180824 0.2156878 0.2158585 0.2156878 0.2180824 0.2134850 0.2134850 0.2158585 0.0098803 0.4738315 
JN420342_Human_herpesvirus_1            0.0059190 0.0059190 0.0078811 0.0019642 0.0039318 0.0078984 0.0139221 0.0019642 0.0059378 0.0039384 0.0039339 0.0039339 0.0098819 0.2146203 0.2089372 0.2133755 0.1640979 0.2103166 0.1827314 0.2146203 0.2002689 0.2103166 0.2162638 0.1570382 0.2128525 0.2074117 0.2159610 0.1764444 0.0139255 0.0138427 0.0059113 0.0000010 0.0019648 0.0019669 0.0000000 0.2264628 0.0039318 0.0139221 0.0138380 0.0019669 0.0039308 0.0098819 0.2104676 0.2127668 0.2153079 0.2154779 0.2152402 0.2128528 0.2130207 0.2128528 0.2152402 0.2106547 0.2106547 0.2130207 0.0078882 0.4694018 
JQ360576_Chimpanzee_alpha-1_herpesvirus 0.2298509 0.2298509 0.2323901 0.2237148 0.2262720 0.2323485 0.2411974 0.2237148 0.2357699 0.2320648 0.2264628 0.2264628 0.2347224 0.0622781 0.0639069 0.0652185 0.0434611 0.0666094 0.0546807 0.0622781 0.0617566 0.0666094 0.0644276 0.0487968 0.0607231 0.0673054 0.0600567 0.0545539 0.2412371 0.2367547 0.2345637 0.2264628 0.2290391 0.2293545 0.2264628 0.0000000 0.2262720 0.2411974 0.2366575 0.2293545 0.2261904 0.2347224 0.0709788 0.0687350 0.0708887 0.0709369 0.0730585 0.0687596 0.0688063 0.0687596 0.0730585 0.0667066 0.0667066 0.0731345 0.2317839 0.4784440 
KF498959_Human_herpesvirus_1            0.0098818 0.0098818 0.0118399 0.0019628 0.0039289 0.0118659 0.0139120 0.0019628 0.0099132 0.0078901 0.0078811 0.0078811 0.0138561 0.2196576 0.2140462 0.2184342 0.1640979 0.2152972 0.1883475 0.2196576 0.2054985 0.2152972 0.2212883 0.1570382 0.2178978 0.2124264 0.2209778 0.1822944 0.0139154 0.0138327 0.0098690 0.0039318 0.0059044 0.0059096 0.0039318 0.2262720 0.0000000 0.0139120 0.0138281 0.0059096 0.0039280 0.0138561 0.2154512 0.2177561 0.2203080 0.2204826 0.2202379 0.2178444 0.2180167 0.2178444 0.2202379 0.2156441 0.2156441 0.2180167 0.0118505 0.4723884 
KJ847330_Human_herpesvirus_1            0.0159607 0.0159607 0.0179278 0.0119138 0.0139120 0.0179677 0.0000010 0.0119138 0.0079185 0.0099126 0.0139221 0.0139221 0.0199823 0.2345499 0.2291025 0.2333758 0.1768349 0.2299797 0.2018230 0.2345499 0.2181993 0.2299797 0.2361575 0.1651141 0.2327969 0.2271836 0.2358210 0.1915415 0.0159611 0.0199482 0.0119029 0.0139221 0.0159268 0.0159437 0.0139221 0.2411974 0.0139120 0.0000000 0.0199415 0.0159437 0.0139086 0.0199823 0.2301439 0.2324869 0.2350951 0.2352851 0.2350170 0.2325828 0.2327704 0.2325828 0.2350170 0.2303559 0.2303559 0.2327704 0.0138958 0.4834039 
KM222720_Human_herpesvirus_1            0.0158640 0.0158640 0.0178193 0.0118420 0.0138281 0.0178587 0.0199415 0.0118420 0.0159145 0.0138539 0.0138380 0.0138380 0.0198609 0.2300531 0.2245841 0.2288700 0.1768902 0.2255694 0.2001402 0.2300531 0.2162733 0.2255694 0.2316598 0.1730927 0.2283068 0.2227647 0.2313329 0.1914934 0.0079149 0.0039246 0.0158434 0.0138380 0.0158305 0.0118506 0.0138380 0.2366575 0.0138281 0.0199415 0.0000000 0.0118506 0.0138247 0.0198609 0.2257297 0.2280495 0.2306277 0.2308121 0.2305525 0.2281426 0.2283247 0.2281426 0.2305525 0.2259348 0.2259348 0.2283247 0.0178354 0.4820513 
KM222724_Human_herpesvirus_1            0.0079094 0.0079094 0.0098715 0.0039363 0.0059096 0.0098931 0.0159437 0.0039363 0.0079345 0.0059195 0.0059128 0.0059128 0.0118825 0.2174841 0.2118328 0.2162498 0.1640979 0.2131414 0.1858682 0.2174841 0.2032185 0.2131414 0.2191229 0.1570382 0.2157180 0.2102512 0.2188152 0.1797002 0.0119254 0.0118545 0.0078991 0.0019669 0.0039376 0.0000010 0.0019669 0.2293545 0.0059096 0.0159437 0.0118506 0.0000000 0.0059081 0.0118825 0.2132944 0.2156004 0.2181517 0.2183245 0.2180824 0.2156878 0.2158585 0.2156878 0.2180824 0.2134850 0.2134850 0.2158585 0.0098803 0.4738315 
KM222726_Human_herpesvirus_1            0.0098794 0.0098794 0.0118370 0.0019623 0.0039280 0.0118630 0.0139086 0.0019623 0.0099108 0.0078882 0.0078792 0.0078792 0.0138527 0.2195785 0.2139682 0.2158639 0.1640979 0.2152208 0.1855000 0.2195785 0.2028436 0.2152208 0.2212088 0.1570382 0.2178193 0.2123506 0.2208985 0.1793294 0.0139120 0.0138293 0.0098666 0.0039308 0.0059030 0.0059081 0.0039308 0.2261904 0.0039280 0.0139086 0.0138247 0.0059081 0.0000000 0.0138527 0.2153747 0.2176785 0.2202292 0.2204037 0.2201592 0.2177667 0.2179389 0.2177667 0.2201592 0.2155673 0.2155673 0.2179389 0.0118477 0.4682726 
KM222727_Human_herpesvirus_1            0.0118950 0.0118950 0.0138561 0.0118660 0.0138561 0.0138866 0.0199823 0.0118660 0.0119329 0.0098932 0.0059158 0.0059158 0.0000010 0.2280761 0.2225668 0.2268829 0.1781122 0.2236048 0.1947235 0.2280761 0.2114925 0.2236048 0.2296921 0.1658681 0.2263235 0.2207812 0.2293675 0.1856786 0.0199872 0.0198676 0.0118796 0.0098819 0.0118700 0.0118825 0.0098819 0.2347224 0.0138561 0.0199823 0.0198609 0.0118825 0.0138527 0.0000000 0.2237644 0.2260878 0.2286674 0.2288503 0.2285929 0.2261802 0.2263598 0.2261802 0.2285929 0.2239677 0.2239677 0.2263598 0.0138686 0.4706066 
KP334095_Human_herpesvirus_2            0.2137515 0.2137515 0.2163002 0.2129193 0.2154512 0.2162177 0.2301439 0.2129193 0.2195358 0.2159513 0.2156089 0.2156089 0.2237644 0.0201498 0.0184852 0.0202881 0.0000010 0.0039574 0.0185882 0.0201498 0.0191420 0.0039574 0.0200630 0.0068249 0.0080289 0.0039973 0.0139764 0.0195154 0.2301834 0.2258218 0.2157261 0.2104676 0.2130054 0.2132944 0.2104676 0.0709788 0.2154512 0.2301439 0.2257297 0.2132944 0.2153747 0.2237644 0.0000000 0.0059399 0.0079289 0.0079339 0.0099222 0.0059419 0.0059457 0.0059419 0.0099222 0.0059482 0.0059482 0.0059457 0.2130105 0.4742282 
KR135298_Human_herpesvirus_2            0.2160627 0.2160627 0.2186080 0.2152208 0.2177561 0.2185313 0.2324869 0.2152208 0.2218611 0.2182626 0.2179157 0.2179157 0.2260878 0.0180942 0.0163938 0.0182181 0.0000010 0.0019743 0.0185619 0.0180942 0.0169749 0.0019743 0.0180163 0.0068249 0.0060083 0.0019933 0.0119532 0.0170365 0.2325265 0.2281426 0.2180350 0.2127668 0.2153079 0.2156004 0.2127668 0.0687350 0.2177561 0.2324869 0.2280495 0.2156004 0.2176785 0.2260878 0.0059399 0.0000000 0.0059327 0.0059365 0.0079202 0.0039526 0.0039551 0.0039526 0.0079202 0.0039568 0.0039568 0.0079279 0.2153142 0.4697853 
KR135299_Human_herpesvirus_2            0.2186202 0.2186202 0.2211641 0.2177667 0.2203080 0.2210936 0.2350951 0.2177667 0.2244397 0.2208222 0.2204701 0.2204701 0.2286674 0.0201251 0.0184621 0.0202631 0.0106791 0.0039526 0.0209065 0.0201251 0.0191172 0.0039526 0.0200384 0.0136967 0.0080191 0.0039924 0.0139594 0.0219494 0.2351348 0.2307220 0.2205919 0.2153079 0.2178550 0.2181517 0.2153079 0.0708887 0.2203080 0.2350951 0.2306277 0.2181517 0.2202292 0.2286674 0.0079289 0.0059327 0.0000000 0.0079243 0.0019731 0.0019741 0.0059385 0.0019741 0.0019731 0.0059410 0.0059410 0.0099198 0.2178625 0.4733803 
KR135300_Human_herpesvirus_2            0.2187939 0.2187939 0.2213396 0.2179389 0.2204826 0.2212696 0.2352851 0.2179389 0.2246193 0.2209977 0.2206450 0.2206450 0.2288503 0.0201380 0.0184742 0.0202762 0.0000010 0.0039551 0.0209220 0.0201380 0.0191301 0.0039551 0.0200512 0.0137266 0.0080242 0.0019933 0.0139682 0.0219666 0.2353247 0.2309065 0.2207670 0.2154779 0.2180274 0.2183245 0.2154779 0.0709369 0.2204826 0.2352851 0.2308121 0.2183245 0.2204037 0.2288503 0.0079339 0.0059365 0.0079243 0.0000000 0.0099164 0.0059385 0.0019763 0.0059385 0.0099164 0.0059447 0.0059447 0.0099260 0.2180350 0.4703610 
KR135307_Human_herpesvirus_2            0.2185506 0.2185506 0.2210935 0.2176978 0.2202379 0.2210229 0.2350170 0.2176978 0.2243671 0.2207516 0.2203998 0.2203998 0.2285929 0.0221629 0.0205372 0.0202631 0.0106791 0.0059354 0.0209065 0.0221629 0.0191172 0.0059354 0.0220674 0.0136967 0.0100353 0.0059950 0.0159715 0.0219494 0.2350567 0.2306467 0.2205215 0.2152402 0.2177860 0.2180824 0.2152402 0.0730585 0.2202379 0.2350170 0.2305525 0.2180824 0.2201592 0.2285929 0.0099222 0.0079202 0.0019731 0.0099164 0.0000000 0.0039526 0.0079279 0.0039526 0.0000010 0.0079312 0.0079312 0.0119170 0.2177935 0.4731061 
KR135311_Human_herpesvirus_2            0.2161506 0.2161506 0.2186968 0.2153079 0.2178444 0.2186202 0.2325828 0.2153079 0.2219519 0.2183513 0.2180042 0.2180042 0.2261802 0.0181004 0.0163995 0.0182244 0.0106791 0.0019750 0.0185692 0.0181004 0.0169811 0.0019750 0.0180225 0.0136967 0.0060103 0.0019940 0.0119572 0.0194945 0.2326224 0.2282358 0.2181236 0.2128528 0.2153951 0.2156878 0.2128528 0.0687596 0.2178444 0.2325828 0.2281426 0.2156878 0.2177667 0.2261802 0.0059419 0.0039526 0.0019741 0.0059385 0.0039526 0.0000000 0.0039564 0.0000010 0.0039526 0.0039581 0.0039581 0.0079305 0.2154014 0.4700311 
KR135317_Human_herpesvirus_2            0.2163220 0.2163220 0.2188701 0.2154779 0.2180167 0.2187939 0.2327704 0.2154779 0.2221293 0.2185246 0.2181768 0.2181768 0.2263598 0.0181120 0.0164102 0.0182362 0.0000010 0.0019763 0.0185830 0.0181120 0.0169926 0.0019763 0.0180340 0.0137266 0.0060142 0.0000021 0.0119648 0.0195097 0.2328100 0.2284180 0.2182965 0.2130207 0.2155653 0.2158585 0.2130207 0.0688063 0.2180167 0.2327704 0.2283247 0.2158585 0.2179389 0.2263598 0.0059457 0.0039551 0.0059385 0.0019763 0.0079279 0.0039564 0.0000000 0.0039564 0.0079279 0.0039606 0.0039606 0.0079355 0.2155717 0.4670161 
KR135318_Human_herpesvirus_2            0.2161506 0.2161506 0.2186968 0.2153079 0.2178444 0.2186202 0.2325828 0.2153079 0.2219519 0.2183513 0.2180042 0.2180042 0.2261802 0.0181004 0.0163995 0.0182244 0.0106791 0.0019750 0.0185692 0.0181004 0.0169811 0.0019750 0.0180225 0.0136967 0.0060103 0.0019940 0.0119572 0.0194945 0.2326224 0.2282358 0.2181236 0.2128528 0.2153951 0.2156878 0.2128528 0.0687596 0.2178444 0.2325828 0.2281426 0.2156878 0.2177667 0.2261802 0.0059419 0.0039526 0.0019741 0.0059385 0.0039526 0.0000010 0.0039564 0.0000000 0.0039526 0.0039581 0.0039581 0.0079305 0.2154014 0.4700311 
KR135319_Human_herpesvirus_2            0.2185506 0.2185506 0.2210935 0.2176978 0.2202379 0.2210229 0.2350170 0.2176978 0.2243671 0.2207516 0.2203998 0.2203998 0.2285929 0.0221629 0.0205372 0.0202631 0.0106791 0.0059354 0.0209065 0.0221629 0.0191172 0.0059354 0.0220674 0.0136967 0.0100353 0.0059950 0.0159715 0.0219494 0.2350567 0.2306467 0.2205215 0.2152402 0.2177860 0.2180824 0.2152402 0.0730585 0.2202379 0.2350170 0.2305525 0.2180824 0.2201592 0.2285929 0.0099222 0.0079202 0.0019731 0.0099164 0.0000010 0.0039526 0.0079279 0.0039526 0.0000000 0.0079312 0.0079312 0.0119170 0.2177935 0.4731061 
KR135322_Human_herpesvirus_2            0.2139431 0.2139431 0.2164941 0.2131091 0.2156441 0.2164121 0.2303559 0.2131091 0.2197347 0.2161452 0.2158021 0.2158021 0.2239677 0.0140508 0.0122755 0.0141470 0.0000010 0.0019771 0.0138960 0.0140508 0.0127100 0.0019771 0.0139905 0.0068249 0.0040029 0.0019961 0.0079562 0.0145863 0.2303945 0.2260271 0.2159195 0.2106547 0.2131954 0.2134850 0.2106547 0.0667066 0.2156441 0.2303559 0.2259348 0.2134850 0.2155673 0.2239677 0.0059482 0.0039568 0.0059410 0.0059447 0.0079312 0.0039581 0.0039606 0.0039581 0.0079312 0.0000000 0.0000010 0.0079389 0.2132006 0.4664445 
KR135328_Human_herpesvirus_2            0.2139431 0.2139431 0.2164941 0.2131091 0.2156441 0.2164121 0.2303559 0.2131091 0.2197347 0.2161452 0.2158021 0.2158021 0.2239677 0.0140508 0.0122755 0.0141470 0.0000010 0.0019771 0.0138960 0.0140508 0.0127100 0.0019771 0.0139905 0.0068249 0.0040029 0.0019961 0.0079562 0.0145863 0.2303945 0.2260271 0.2159195 0.2106547 0.2131954 0.2134850 0.2106547 0.0667066 0.2156441 0.2303559 0.2259348 0.2134850 0.2155673 0.2239677 0.0059482 0.0039568 0.0059410 0.0059447 0.0079312 0.0039581 0.0039606 0.0039581 0.0079312 0.0000010 0.0000000 0.0079389 0.2132006 0.4664445 
NC_001798_Human_herpesvirus_2           0.2163220 0.2163220 0.2188701 0.2154779 0.2180167 0.2187939 0.2327704 0.2154779 0.2221293 0.2185246 0.2181768 0.2181768 0.2263598 0.0181088 0.0205579 0.0223372 0.0000010 0.0059412 0.0209333 0.0181088 0.0212889 0.0059412 0.0220891 0.0068249 0.0100452 0.0060009 0.0159871 0.0219790 0.2328100 0.2284180 0.2182965 0.2130207 0.2155653 0.2158585 0.2130207 0.0731345 0.2180167 0.2327704 0.2283247 0.2158585 0.2179389 0.2263598 0.0059457 0.0079279 0.0099198 0.0099260 0.0119170 0.0079305 0.0079355 0.0079305 0.0119170 0.0079389 0.0079389 0.0000000 0.2155717 0.4745113 
NC_001806_Human_herpesvirus_1           0.0098907 0.0098907 0.0118505 0.0098666 0.0118505 0.0118766 0.0138958 0.0098666 0.0099222 0.0039310 0.0078882 0.0078882 0.0138686 0.2224331 0.2115431 0.2159591 0.1632135 0.2128579 0.1855777 0.2224331 0.2029304 0.2128579 0.2240592 0.1564964 0.2154285 0.2099684 0.2185246 0.1763812 0.0179485 0.0178414 0.0019624 0.0078882 0.0098699 0.0098803 0.0078882 0.2317839 0.0118505 0.0138958 0.0178354 0.0098803 0.0118477 0.0138686 0.2130105 0.2153142 0.2178625 0.2180350 0.2177935 0.2154014 0.2155717 0.2154014 0.2177935 0.2132006 0.2132006 0.2155717 0.0000000 0.4768071 
NC_006560_Cercopithecine_herpesvirus_2  0.4706384 0.4706384 0.4763141 0.4688366 0.4723884 0.4739456 0.4834039 0.4688366 0.4720477 0.4779633 0.4767901 0.4767901 0.4706066 0.4628659 0.4571205 0.4485987 0.2423036 0.4664445 0.3965053 0.4628659 0.4289797 0.4664445 0.4628526 0.2694680 0.4686401 0.4644008 0.4581532 0.3736483 0.4864257 0.4862246 0.4773846 0.4694018 0.4729404 0.4738315 0.4694018 0.4784440 0.4723884 0.4834039 0.4820513 0.4738315 0.4682726 0.4706066 0.4742282 0.4697853 0.4733803 0.4703610 0.4731061 0.4700311 0.4670161 0.4700311 0.4731061 0.4664445 0.4664445 0.4745113 0.4768071 0.0000000 
