34
HM585496_Human_herpesvirus_1            0.0000000 0.0000010 0.0039183 0.0039183 0.0078610 0.0098209 0.0058834 0.1362201 0.1393493 0.1406104 0.1743687 0.1377120 0.1161207 0.1491148 0.1206793 0.1458873 0.1491148 0.1518863 0.1125708 0.1065388 0.1427072 0.1489418 0.1186271 0.1489418 0.1417908 0.1565160 0.1536829 0.1536829 0.1513097 0.1513097 0.1436082 0.1513097 0.0078894 0.3194537 
HM585497_Human_herpesvirus_1            0.0000010 0.0000000 0.0039183 0.0039183 0.0078610 0.0098209 0.0058834 0.1362201 0.1393493 0.1406104 0.1743687 0.1377120 0.1161207 0.1491148 0.1206793 0.1458873 0.1491148 0.1518863 0.1125708 0.1065388 0.1427072 0.1489418 0.1186271 0.1489418 0.1417908 0.1565160 0.1536829 0.1536829 0.1513097 0.1513097 0.1436082 0.1513097 0.0078894 0.3194537 
HM585501_Human_herpesvirus_1            0.0039183 0.0039183 0.0000000 0.0000010 0.0039230 0.0058811 0.0019577 0.1362726 0.1394024 0.1406644 0.1743687 0.1377648 0.1161675 0.1491701 0.1207270 0.1459428 0.1491701 0.1518863 0.1151121 0.1091000 0.1427611 0.1489970 0.1161038 0.1489970 0.1418449 0.1614363 0.1537400 0.1537400 0.1513658 0.1513658 0.1436619 0.1513658 0.0039373 0.3195829 
HM585502_Human_herpesvirus_1            0.0039183 0.0039183 0.0000010 0.0000000 0.0039230 0.0058811 0.0019577 0.1362726 0.1394024 0.1406644 0.1743687 0.1377648 0.1161675 0.1491701 0.1207270 0.1459428 0.1491701 0.1518863 0.1151121 0.1091000 0.1427611 0.1489970 0.1161038 0.1489970 0.1418449 0.1614363 0.1537400 0.1537400 0.1513658 0.1513658 0.1436619 0.1513658 0.0039373 0.3195829 
HM585512_Human_herpesvirus_1            0.0078610 0.0078610 0.0039230 0.0039230 0.0000000 0.0058862 0.0019594 0.1413062 0.1443958 0.1457084 0.1743687 0.1427778 0.1213493 0.1540774 0.1258191 0.1509563 0.1540774 0.1518863 0.1203496 0.1143721 0.1477290 0.1538997 0.1213929 0.1538997 0.1468576 0.1664200 0.1586695 0.1586695 0.1562819 0.1562819 0.1485887 0.1562819 0.0078988 0.3258906 
HM585513_Human_herpesvirus_1            0.0098209 0.0098209 0.0058811 0.0058811 0.0058862 0.0000000 0.0039166 0.1385391 0.1465590 0.1478909 0.1743687 0.1449531 0.1236464 0.1561829 0.1280664 0.1531141 0.1561829 0.1518863 0.1226737 0.1167256 0.1498751 0.1560036 0.1237377 0.1560036 0.1490238 0.1685325 0.1607759 0.1607759 0.1583865 0.1583865 0.1507140 0.1583865 0.0098680 0.3228933 
HM585515_Human_herpesvirus_1            0.0058834 0.0058834 0.0019577 0.0019577 0.0019594 0.0039166 0.0000000 0.1387108 0.1418196 0.1431055 0.1743687 0.1401922 0.1186876 0.1515411 0.1232012 0.1483668 0.1515411 0.1518863 0.1176598 0.1116677 0.1451644 0.1513658 0.1186760 0.1513658 0.1442705 0.1638383 0.1561195 0.1561195 0.1537400 0.1537400 0.1460449 0.1537400 0.0059119 0.3225315 
HSV2_1                                  0.1362201 0.1362201 0.1362726 0.1362726 0.1413062 0.1385391 0.1387108 0.0000000 0.0020755 0.0020712 0.0000010 0.0041527 0.0022023 0.0020675 0.0021491 0.0062195 0.0020675 0.0000010 0.0022297 0.0022569 0.0041382 0.0041382 0.0022441 0.0041382 0.0041469 0.0336414 0.0082950 0.0082950 0.0062135 0.0062135 0.0020956 0.0062135 0.1392100 0.2632525 
HSV2_2                                  0.1393493 0.1393493 0.1394024 0.1394024 0.1443958 0.1465590 0.1418196 0.0020755 0.0000000 0.0000026 0.0000010 0.0020784 0.0000010 0.0000026 0.0000010 0.0041308 0.0000026 0.0000010 0.0000010 0.0000010 0.0020429 0.0020384 0.0000029 0.0020384 0.0020655 0.0332233 0.0061313 0.0061313 0.0040832 0.0040832 0.0000010 0.0040832 0.1423240 0.2754672 
HSV2_3                                  0.1406104 0.1406104 0.1406644 0.1406644 0.1457084 0.1478909 0.1431055 0.0020712 0.0000026 0.0000000 0.0000010 0.0020740 0.0000010 0.0000010 0.0000010 0.0041221 0.0000010 0.0000010 0.0000010 0.0000010 0.0020568 0.0020568 0.0000029 0.0020568 0.0020611 0.0356488 0.0061842 0.0061842 0.0041182 0.0041182 0.0000010 0.0041182 0.1436187 0.2682764 
HSV2_4                                  0.1743687 0.1743687 0.1743687 0.1743687 0.1743687 0.1743687 0.1743687 0.0000010 0.0000010 0.0000010 0.0000000 0.0000010 0.0000010 0.0000010 0.0000010 0.0000010 0.0000010 0.0000010 0.0000010 0.0000010 0.0000010 0.0000010 0.0000010 0.0000010 0.0000010 0.0141079 0.0000010 0.0000010 0.0000010 0.0000010 0.0000010 0.0000010 0.1743687 0.1610754 
HSV2_5                                  0.1377120 0.1377120 0.1377648 0.1377648 0.1427778 0.1449531 0.1401922 0.0041527 0.0020784 0.0020740 0.0000010 0.0000000 0.0000010 0.0020531 0.0000010 0.0020527 0.0020531 0.0000010 0.0000010 0.0000010 0.0000010 0.0000010 0.0000029 0.0000010 0.0000010 0.0334302 0.0041081 0.0041081 0.0020517 0.0020517 0.0000010 0.0020517 0.1406938 0.2703845 
HSV2_6                                  0.1161207 0.1161207 0.1161675 0.1161675 0.1213493 0.1236464 0.1186876 0.0022023 0.0000010 0.0000010 0.0000010 0.0000010 0.0000000 0.0000010 0.0000010 0.0022006 0.0000010 0.0000010 0.0000010 0.0000010 0.0000010 0.0000010 0.0000029 0.0000010 0.0000010 0.0290162 0.0044031 0.0044031 0.0021984 0.0021984 0.0000010 0.0021984 0.1191390 0.2412651 
HSV2_7                                  0.1491148 0.1491148 0.1491701 0.1491701 0.1540774 0.1561829 0.1515411 0.0020675 0.0000026 0.0000010 0.0000010 0.0020531 0.0000010 0.0000000 0.0000010 0.0040628 0.0000010 0.0000010 0.0000010 0.0000010 0.0020188 0.0019744 0.0000029 0.0019744 0.0020398 0.0363974 0.0059357 0.0059357 0.0039529 0.0039529 0.0000010 0.0039529 0.1520643 0.2921795 
HSV2_8                                  0.1206793 0.1206793 0.1207270 0.1207270 0.1258191 0.1280664 0.1232012 0.0021491 0.0000010 0.0000010 0.0000010 0.0000010 0.0000010 0.0000010 0.0000000 0.0021473 0.0000010 0.0000010 0.0000010 0.0000010 0.0000010 0.0000010 0.0000029 0.0000010 0.0000010 0.0282998 0.0042953 0.0042953 0.0021452 0.0021452 0.0000010 0.0021452 0.1236589 0.2495639 
HSV2_9                                  0.1458873 0.1458873 0.1459428 0.1459428 0.1509563 0.1531141 0.1483668 0.0062195 0.0041308 0.0041221 0.0000010 0.0020527 0.0022006 0.0040628 0.0021473 0.0000000 0.0040628 0.0000010 0.0022281 0.0022601 0.0020362 0.0020280 0.0022422 0.0020280 0.0020405 0.0395497 0.0060985 0.0060985 0.0040602 0.0040602 0.0020567 0.0040602 0.1488914 0.2822438 
HSV2_10                                 0.1491148 0.1491148 0.1491701 0.1491701 0.1540774 0.1561829 0.1515411 0.0020675 0.0000026 0.0000010 0.0000010 0.0020531 0.0000010 0.0000010 0.0000010 0.0040628 0.0000000 0.0000010 0.0000010 0.0000010 0.0020188 0.0019744 0.0000029 0.0019744 0.0020398 0.0363974 0.0059357 0.0059357 0.0039529 0.0039529 0.0000010 0.0039529 0.1520643 0.2921795 
HSV2_11                                 0.1518863 0.1518863 0.1518863 0.1518863 0.1518863 0.1518863 0.1518863 0.0000010 0.0000010 0.0000010 0.0000010 0.0000010 0.0000010 0.0000010 0.0000010 0.0000010 0.0000010 0.0000000 0.0000010 0.0000010 0.0000010 0.0000010 0.0000010 0.0000010 0.0000010 0.0114866 0.0000010 0.0000010 0.0000010 0.0000010 0.0000010 0.0000010 0.1518863 0.1554261 
HSV2_12                                 0.1125708 0.1125708 0.1151121 0.1151121 0.1203496 0.1226737 0.1176598 0.0022297 0.0000010 0.0000010 0.0000010 0.0000010 0.0000010 0.0000010 0.0000010 0.0022281 0.0000010 0.0000010 0.0000000 0.0000010 0.0000010 0.0000010 0.0000030 0.0000010 0.0000010 0.0271018 0.0044583 0.0044583 0.0022257 0.0022257 0.0000010 0.0022257 0.1181127 0.2416733 
HSV2_13                                 0.1065388 0.1065388 0.1091000 0.1091000 0.1143721 0.1167256 0.1116677 0.0022569 0.0000010 0.0000010 0.0000010 0.0000010 0.0000010 0.0000010 0.0000010 0.0022601 0.0000010 0.0000010 0.0000010 0.0000000 0.0000010 0.0000010 0.0000020 0.0000010 0.0000010 0.0251536 0.0045210 0.0045210 0.0022578 0.0022578 0.0000010 0.0022578 0.1121039 0.2359978 
HSV2_14                                 0.1427072 0.1427072 0.1427611 0.1427611 0.1477290 0.1498751 0.1451644 0.0041382 0.0020429 0.0020568 0.0000010 0.0000010 0.0000010 0.0020188 0.0000010 0.0020362 0.0020188 0.0000010 0.0000010 0.0000010 0.0000000 0.0000010 0.0000029 0.0000010 0.0000010 0.0370709 0.0040393 0.0040393 0.0020175 0.0020175 0.0000010 0.0020175 0.1456761 0.2814596 
HSV2_15                                 0.1489418 0.1489418 0.1489970 0.1489970 0.1538997 0.1560036 0.1513658 0.0041382 0.0020384 0.0020568 0.0000010 0.0000010 0.0000010 0.0019744 0.0000010 0.0020280 0.0019744 0.0000010 0.0000010 0.0000010 0.0000010 0.0000000 0.0000029 0.0000010 0.0000010 0.0384481 0.0039505 0.0039505 0.0019731 0.0019731 0.0000010 0.0019731 0.1518881 0.2889880 
HSV2_16                                 0.1186271 0.1186271 0.1161038 0.1161038 0.1213929 0.1237377 0.1186760 0.0022441 0.0000029 0.0000029 0.0000010 0.0000029 0.0000029 0.0000029 0.0000029 0.0022422 0.0000029 0.0000010 0.0000030 0.0000020 0.0000029 0.0000029 0.0000000 0.0000029 0.0000029 0.0295700 0.0044852 0.0044852 0.0022399 0.0022399 0.0000029 0.0022399 0.1191366 0.2502568 
HSV2_17                                 0.1489418 0.1489418 0.1489970 0.1489970 0.1538997 0.1560036 0.1513658 0.0041382 0.0020384 0.0020568 0.0000010 0.0000010 0.0000010 0.0019744 0.0000010 0.0020280 0.0019744 0.0000010 0.0000010 0.0000010 0.0000010 0.0000010 0.0000029 0.0000000 0.0000010 0.0384481 0.0039505 0.0039505 0.0019731 0.0019731 0.0000010 0.0019731 0.1518881 0.2889880 
HSV2_18                                 0.1417908 0.1417908 0.1418449 0.1418449 0.1468576 0.1490238 0.1442705 0.0041469 0.0020655 0.0020611 0.0000010 0.0000010 0.0000010 0.0020398 0.0000010 0.0020405 0.0020398 0.0000010 0.0000010 0.0000010 0.0000010 0.0000010 0.0000029 0.0000010 0.0000000 0.0374680 0.0040827 0.0040827 0.0020385 0.0020385 0.0000010 0.0020385 0.1447831 0.2749217 
JQ360576_Chimpanzee_alpha-1_herpesvirus 0.1565160 0.1565160 0.1614363 0.1614363 0.1664200 0.1685325 0.1638383 0.0336414 0.0332233 0.0356488 0.0141079 0.0334302 0.0290162 0.0363974 0.0282998 0.0395497 0.0363974 0.0114866 0.0271018 0.0251536 0.0370709 0.0384481 0.0295700 0.0384481 0.0374680 0.0000000 0.0425883 0.0425883 0.0405160 0.0405160 0.0347912 0.0405160 0.1644043 0.2961641 
KR135299_Human_herpesvirus_2            0.1536829 0.1536829 0.1537400 0.1537400 0.1586695 0.1607759 0.1561195 0.0082950 0.0061313 0.0061842 0.0000010 0.0041081 0.0044031 0.0059357 0.0042953 0.0060985 0.0059357 0.0000010 0.0044583 0.0045210 0.0040393 0.0039505 0.0044852 0.0039505 0.0040827 0.0425883 0.0000000 0.0000010 0.0059320 0.0019730 0.0040052 0.0019730 0.1566581 0.2926648 
KR135301_Human_herpesvirus_2            0.1536829 0.1536829 0.1537400 0.1537400 0.1586695 0.1607759 0.1561195 0.0082950 0.0061313 0.0061842 0.0000010 0.0041081 0.0044031 0.0059357 0.0042953 0.0060985 0.0059357 0.0000010 0.0044583 0.0045210 0.0040393 0.0039505 0.0044852 0.0039505 0.0040827 0.0425883 0.0000010 0.0000000 0.0059320 0.0019730 0.0040052 0.0019730 0.1566581 0.2926648 
KR135304_Human_herpesvirus_2            0.1513097 0.1513097 0.1513658 0.1513658 0.1562819 0.1583865 0.1537400 0.0062135 0.0040832 0.0041182 0.0000010 0.0020517 0.0021984 0.0039529 0.0021452 0.0040602 0.0039529 0.0000010 0.0022257 0.0022578 0.0020175 0.0019731 0.0022399 0.0019731 0.0020385 0.0405160 0.0059320 0.0059320 0.0000000 0.0039505 0.0020005 0.0039505 0.1542704 0.2918481 
KR135307_Human_herpesvirus_2            0.1513097 0.1513097 0.1513658 0.1513658 0.1562819 0.1583865 0.1537400 0.0062135 0.0040832 0.0041182 0.0000010 0.0020517 0.0021984 0.0039529 0.0021452 0.0040602 0.0039529 0.0000010 0.0022257 0.0022578 0.0020175 0.0019731 0.0022399 0.0019731 0.0020385 0.0405160 0.0019730 0.0019730 0.0039505 0.0000000 0.0020005 0.0000010 0.1542704 0.2897974 
KR135315_Human_herpesvirus_2            0.1436082 0.1436082 0.1436619 0.1436619 0.1485887 0.1507140 0.1460449 0.0020956 0.0000010 0.0000010 0.0000010 0.0000010 0.0000010 0.0000010 0.0000010 0.0020567 0.0000010 0.0000010 0.0000010 0.0000010 0.0000010 0.0000010 0.0000029 0.0000010 0.0000010 0.0347912 0.0040052 0.0040052 0.0020005 0.0020005 0.0000000 0.0020005 0.1465547 0.2910824 
KR135319_Human_herpesvirus_2            0.1513097 0.1513097 0.1513658 0.1513658 0.1562819 0.1583865 0.1537400 0.0062135 0.0040832 0.0041182 0.0000010 0.0020517 0.0021984 0.0039529 0.0021452 0.0040602 0.0039529 0.0000010 0.0022257 0.0022578 0.0020175 0.0019731 0.0022399 0.0019731 0.0020385 0.0405160 0.0019730 0.0019730 0.0039505 0.0000010 0.0020005 0.0000000 0.1542704 0.2897974 
NC_001806_Human_herpesvirus_1           0.0078894 0.0078894 0.0039373 0.0039373 0.0078988 0.0098680 0.0059119 0.1392100 0.1423240 0.1436187 0.1743687 0.1406938 0.1191390 0.1520643 0.1236589 0.1488914 0.1520643 0.1518863 0.1181127 0.1121039 0.1456761 0.1518881 0.1191366 0.1518881 0.1447831 0.1644043 0.1566581 0.1566581 0.1542704 0.1542704 0.1465547 0.1542704 0.0000000 0.3237342 
NC_006560_Cercopithecine_herpesvirus_2  0.3194537 0.3194537 0.3195829 0.3195829 0.3258906 0.3228933 0.3225315 0.2632525 0.2754672 0.2682764 0.1610754 0.2703845 0.2412651 0.2921795 0.2495639 0.2822438 0.2921795 0.1554261 0.2416733 0.2359978 0.2814596 0.2889880 0.2502568 0.2889880 0.2749217 0.2961641 0.2926648 0.2926648 0.2918481 0.2897974 0.2910824 0.2897974 0.3237342 0.0000000 
