53
HM585496_Human_herpesvirus_1            0.0000000 0.0000010 0.0098918 0.0119016 0.0158679 0.0059119 0.0019622 0.0098918 0.0098722 0.0138776 0.0118774 0.0118774 0.0118774 0.1418144 0.1443995 0.1443995 0.1291897 0.1421482 0.1471467 0.1446294 0.1418144 0.1448493 0.1468393 0.1447410 0.1395365 0.1467557 0.1441604 0.0138915 0.0039374 0.0158740 0.0138985 0.0039374 0.0059048 0.0059096 0.1609197 0.0059119 0.1441604 0.0118975 0.0158740 0.0118819 0.0118819 0.0118819 0.0118774 0.1441668 0.1441668 0.1440962 0.1445423 0.1441604 0.1395365 0.1441604 0.1441604 0.1443619 0.3555037 
HM585497_Human_herpesvirus_1            0.0000010 0.0000000 0.0098918 0.0119016 0.0158679 0.0059119 0.0019622 0.0098918 0.0098722 0.0138776 0.0118774 0.0118774 0.0118774 0.1418144 0.1443995 0.1443995 0.1291897 0.1421482 0.1471467 0.1446294 0.1418144 0.1448493 0.1468393 0.1447410 0.1395365 0.1467557 0.1441604 0.0138915 0.0039374 0.0158740 0.0138985 0.0039374 0.0059048 0.0059096 0.1609197 0.0059119 0.1441604 0.0118975 0.0158740 0.0118819 0.0118819 0.0118819 0.0118774 0.1441668 0.1441668 0.1440962 0.1445423 0.1441604 0.1395365 0.1441604 0.1441604 0.1443619 0.3555037 
HM585498_Human_herpesvirus_1            0.0098918 0.0098918 0.0000000 0.0019685 0.0059053 0.0119021 0.0118774 0.0000010 0.0159005 0.0039349 0.0019646 0.0019646 0.0019646 0.1399933 0.1425803 0.1425803 0.1188998 0.1403231 0.1453269 0.1428079 0.1399933 0.1430249 0.1449072 0.1429176 0.1377101 0.1449396 0.1423429 0.0078947 0.0099086 0.0059075 0.0078987 0.0099086 0.0118879 0.0118975 0.1591318 0.0119021 0.1423429 0.0019679 0.0059075 0.0019653 0.0019653 0.0019653 0.0019646 0.1423493 0.1423493 0.1422793 0.1427218 0.1423429 0.1377101 0.1423429 0.1423429 0.1425434 0.3497698 
HM585501_Human_herpesvirus_1            0.0119016 0.0119016 0.0019685 0.0000000 0.0078944 0.0139226 0.0138936 0.0019685 0.0179357 0.0059179 0.0039394 0.0039394 0.0039394 0.1374558 0.1400290 0.1400290 0.1077685 0.1377786 0.1427588 0.1402519 0.1374558 0.1404642 0.1421828 0.1403591 0.1351801 0.1423796 0.1397967 0.0098945 0.0119218 0.0078974 0.0098994 0.0119218 0.0139060 0.0139173 0.1565208 0.0139226 0.1397967 0.0039461 0.0078974 0.0039409 0.0039409 0.0039409 0.0039394 0.1398030 0.1398030 0.1397345 0.1401677 0.1397967 0.1351801 0.1397967 0.1397967 0.1399933 0.3461673 
HM585502_Human_herpesvirus_1            0.0158679 0.0158679 0.0059053 0.0078944 0.0000000 0.0178995 0.0178622 0.0059053 0.0219201 0.0098626 0.0078784 0.0078784 0.0078784 0.1447792 0.1473883 0.1473883 0.1188998 0.1451222 0.1501615 0.1476241 0.1447792 0.1478493 0.1500381 0.1477381 0.1424869 0.1497601 0.1471416 0.0138514 0.0158949 0.0118454 0.0138584 0.0158949 0.0178781 0.0178926 0.1591666 0.0178995 0.1471416 0.0078917 0.0118454 0.0078814 0.0078814 0.0078814 0.0078784 0.1471483 0.1471483 0.1470757 0.1475347 0.1471416 0.1424869 0.1471416 0.1471416 0.1473493 0.3532383 
HM585504_Human_herpesvirus_1            0.0059119 0.0059119 0.0119021 0.0139226 0.0178995 0.0000000 0.0078872 0.0119021 0.0039316 0.0159029 0.0138942 0.0138942 0.0138942 0.1395965 0.1421745 0.1421745 0.1191382 0.1399245 0.1449111 0.1424008 0.1395965 0.1426165 0.1444676 0.1425099 0.1373205 0.1445261 0.1419385 0.0118802 0.0019643 0.0179064 0.0118861 0.0019643 0.0078942 0.0039309 0.1586730 0.0000010 0.1419385 0.0139179 0.0179064 0.0138996 0.0138996 0.0138996 0.0138942 0.1419449 0.1419449 0.1418753 0.1423152 0.1419385 0.1373205 0.1419385 0.1419385 0.1421379 0.3556218 
HM585506_Human_herpesvirus_1            0.0019622 0.0019622 0.0118774 0.0138936 0.0178622 0.0078872 0.0000000 0.0118774 0.0118538 0.0158698 0.0138653 0.0138653 0.0138653 0.1393670 0.1419400 0.1419400 0.1291897 0.1396939 0.1446709 0.1421655 0.1393670 0.1423806 0.1442137 0.1422743 0.1370950 0.1442882 0.1417047 0.0158857 0.0059096 0.0178691 0.0158937 0.0059096 0.0039303 0.0078842 0.1584088 0.0078872 0.1417047 0.0138889 0.0178691 0.0138707 0.0138707 0.0138707 0.0138653 0.1417111 0.1417111 0.1416418 0.1420802 0.1417047 0.1370950 0.1417047 0.1417047 0.1419035 0.3555216 
HM585508_Human_herpesvirus_1            0.0098918 0.0098918 0.0000010 0.0019685 0.0059053 0.0119021 0.0118774 0.0000000 0.0159005 0.0039349 0.0019646 0.0019646 0.0019646 0.1399933 0.1425803 0.1425803 0.1188998 0.1403231 0.1453269 0.1428079 0.1399933 0.1430249 0.1449072 0.1429176 0.1377101 0.1449396 0.1423429 0.0078947 0.0099086 0.0059075 0.0078987 0.0099086 0.0118879 0.0118975 0.1591318 0.0119021 0.1423429 0.0019679 0.0059075 0.0019653 0.0019653 0.0019653 0.0019646 0.1423493 0.1423493 0.1422793 0.1427218 0.1423429 0.1377101 0.1423429 0.1423429 0.1425434 0.3497698 
HM585509_Human_herpesvirus_1            0.0098722 0.0098722 0.0159005 0.0179357 0.0219201 0.0039316 0.0118538 0.0159005 0.0000000 0.0199176 0.0178990 0.0178990 0.0178990 0.1442792 0.1468768 0.1468768 0.1191382 0.1446191 0.1496380 0.1471109 0.1442792 0.1473345 0.1494829 0.1472241 0.1419946 0.1492395 0.1466319 0.0158711 0.0059043 0.0219286 0.0158791 0.0059043 0.0118642 0.0078771 0.1634451 0.0039316 0.1466319 0.0179295 0.0219286 0.0179059 0.0179059 0.0179059 0.0178990 0.1466385 0.1466385 0.1465665 0.1470222 0.1466319 0.1419946 0.1466319 0.1466319 0.1468381 0.3588849 
HM585510_Human_herpesvirus_1            0.0138776 0.0138776 0.0039349 0.0059179 0.0098626 0.0159029 0.0158698 0.0039349 0.0199176 0.0000000 0.0059059 0.0059059 0.0059059 0.1447170 0.1473250 0.1473250 0.1188998 0.1450597 0.1500970 0.1475606 0.1447170 0.1477857 0.1499696 0.1476745 0.1424255 0.1496959 0.1470785 0.0118669 0.0139012 0.0098664 0.0118728 0.0139012 0.0158839 0.0158968 0.1617138 0.0159029 0.1470785 0.0059159 0.0098664 0.0059082 0.0059082 0.0059082 0.0059059 0.1470851 0.1470851 0.1470126 0.1474713 0.1470785 0.1424255 0.1470785 0.1470785 0.1472860 0.3559491 
HM585512_Human_herpesvirus_1            0.0118774 0.0118774 0.0019646 0.0039394 0.0078784 0.0138942 0.0138653 0.0019646 0.0178990 0.0059059 0.0000000 0.0000010 0.0039315 0.1422793 0.1448747 0.1448747 0.1188998 0.1426152 0.1476328 0.1451061 0.1422793 0.1453272 0.1473542 0.1452181 0.1399933 0.1472391 0.1446329 0.0098744 0.0118975 0.0078814 0.0098793 0.0118975 0.0138776 0.0138889 0.1614546 0.0138942 0.1446329 0.0039381 0.0078814 0.0039330 0.0039330 0.0039330 0.0039315 0.1446393 0.1446393 0.1445682 0.1450184 0.1446329 0.1399933 0.1446329 0.1446329 0.1448368 0.3497873 
HM585513_Human_herpesvirus_1            0.0118774 0.0118774 0.0019646 0.0039394 0.0078784 0.0138942 0.0138653 0.0019646 0.0178990 0.0059059 0.0000010 0.0000000 0.0039315 0.1422793 0.1448747 0.1448747 0.1188998 0.1426152 0.1476328 0.1451061 0.1422793 0.1453272 0.1473542 0.1452181 0.1399933 0.1472391 0.1446329 0.0098744 0.0118975 0.0078814 0.0098793 0.0118975 0.0138776 0.0138889 0.1614546 0.0138942 0.1446329 0.0039381 0.0078814 0.0039330 0.0039330 0.0039330 0.0039315 0.1446393 0.1446393 0.1445682 0.1450184 0.1446329 0.1399933 0.1446329 0.1446329 0.1448368 0.3497873 
HM585514_Human_herpesvirus_1            0.0118774 0.0118774 0.0019646 0.0039394 0.0078784 0.0138942 0.0138653 0.0019646 0.0178990 0.0059059 0.0039315 0.0039315 0.0000000 0.1422793 0.1448747 0.1448747 0.1188998 0.1426152 0.1476328 0.1451061 0.1422793 0.1453272 0.1473542 0.1452181 0.1399933 0.1472391 0.1446329 0.0098744 0.0118975 0.0078814 0.0098793 0.0118975 0.0138776 0.0138889 0.1614546 0.0138942 0.1446329 0.0039381 0.0078814 0.0039330 0.0039330 0.0039330 0.0000010 0.1446393 0.1446393 0.1445682 0.1450184 0.1446329 0.1399933 0.1446329 0.1446329 0.1448368 0.3526252 
HSV2_1                                  0.1418144 0.1418144 0.1399933 0.1374558 0.1447792 0.1395965 0.1393670 0.1399933 0.1442792 0.1447170 0.1422793 0.1422793 0.1422793 0.0000000 0.0059487 0.0059487 0.0000010 0.0000024 0.0079584 0.0079436 0.0000010 0.0059651 0.0063346 0.0059611 0.0019769 0.0079397 0.0019757 0.1447598 0.1394560 0.1448441 0.1448441 0.1394560 0.1395093 0.1417325 0.0281306 0.1395965 0.0019757 0.1425434 0.1448441 0.1423429 0.1423429 0.1423429 0.1422793 0.0039538 0.0039538 0.0019749 0.0019803 0.0019757 0.0019769 0.0019757 0.0019757 0.0019783 0.3029468 
HSV2_2                                  0.1443995 0.1443995 0.1425803 0.1400290 0.1473883 0.1421745 0.1419400 0.1425803 0.1468768 0.1473250 0.1448747 0.1448747 0.1448747 0.0059487 0.0000000 0.0000010 0.0000010 0.0059611 0.0019820 0.0019784 0.0059487 0.0000024 0.0000010 0.0000024 0.0039634 0.0019774 0.0079397 0.1473685 0.1420312 0.1474546 0.1474546 0.1420312 0.1420854 0.1443157 0.0343219 0.1421745 0.0079397 0.1451444 0.1474546 0.1449396 0.1449396 0.1449396 0.1448747 0.0099308 0.0099308 0.0079366 0.0079584 0.0079397 0.0039634 0.0079397 0.0079397 0.0079501 0.3097408 
HSV2_3                                  0.1443995 0.1443995 0.1425803 0.1400290 0.1473883 0.1421745 0.1419400 0.1425803 0.1468768 0.1473250 0.1448747 0.1448747 0.1448747 0.0059487 0.0000010 0.0000000 0.0000010 0.0059611 0.0019820 0.0019784 0.0059487 0.0000024 0.0000010 0.0000024 0.0039634 0.0019774 0.0079397 0.1473685 0.1420312 0.1474546 0.1474546 0.1420312 0.1420854 0.1443157 0.0343219 0.1421745 0.0079397 0.1451444 0.1474546 0.1449396 0.1449396 0.1449396 0.1448747 0.0099308 0.0099308 0.0079366 0.0079584 0.0079397 0.0039634 0.0079397 0.0079397 0.0079501 0.3097408 
HSV2_4                                  0.1291897 0.1291897 0.1188998 0.1077685 0.1188998 0.1191382 0.1291897 0.1188998 0.1191382 0.1188998 0.1188998 0.1188998 0.1188998 0.0000010 0.0000010 0.0000010 0.0000000 0.0000010 0.0091332 0.0090561 0.0000010 0.0000020 0.0000010 0.0000010 0.0000010 0.0000010 0.0090354 0.1185919 0.1185919 0.1188998 0.1185919 0.1185919 0.1188998 0.1185919 0.0000010 0.1191382 0.0000010 0.1302832 0.1188998 0.1294501 0.1188998 0.1188998 0.1188998 0.0090197 0.0090197 0.0000010 0.0091332 0.0000010 0.0000010 0.0000010 0.0090354 0.0000010 0.2108757 
HSV2_5                                  0.1421482 0.1421482 0.1403231 0.1377786 0.1451222 0.1399245 0.1396939 0.1403231 0.1446191 0.1450597 0.1426152 0.1426152 0.1426152 0.0000024 0.0059611 0.0059611 0.0000010 0.0000000 0.0079749 0.0079601 0.0000024 0.0059775 0.0063484 0.0059611 0.0019810 0.0079561 0.0019798 0.1451028 0.1397833 0.1451874 0.1451874 0.1397833 0.1398368 0.1420659 0.0281900 0.1399245 0.0019798 0.1428804 0.1451874 0.1426790 0.1426790 0.1426790 0.1426152 0.0039619 0.0039619 0.0019790 0.0019844 0.0019798 0.0019810 0.0019798 0.0019798 0.0019824 0.3002076 
HSV2_6                                  0.1471467 0.1471467 0.1453269 0.1427588 0.1501615 0.1449111 0.1446709 0.1453269 0.1496380 0.1500970 0.1476328 0.1476328 0.1476328 0.0079584 0.0019820 0.0019820 0.0091332 0.0079749 0.0000000 0.0039700 0.0079584 0.0000024 0.0021098 0.0019861 0.0059650 0.0039680 0.0099580 0.1501413 0.1447645 0.1502294 0.1502294 0.1447645 0.1448200 0.1470610 0.0364659 0.1449111 0.0099580 0.1479077 0.1502294 0.1476983 0.1476983 0.1476983 0.1476328 0.0119571 0.0119571 0.0099542 0.0059528 0.0099580 0.0059650 0.0099580 0.0099580 0.0099712 0.3136728 
HSV2_7                                  0.1446294 0.1446294 0.1428079 0.1402519 0.1476241 0.1424008 0.1421655 0.1428079 0.1471109 0.1475606 0.1451061 0.1451061 0.1451061 0.0079436 0.0019784 0.0019784 0.0090561 0.0079601 0.0039700 0.0000000 0.0079436 0.0019838 0.0021056 0.0019825 0.0059540 0.0039607 0.0099396 0.1476042 0.1422570 0.1476896 0.1476896 0.1422570 0.1423114 0.1445454 0.0363969 0.1424008 0.0099396 0.1453766 0.1476896 0.1451712 0.1451712 0.1451712 0.1451061 0.0119350 0.0119350 0.0099358 0.0099630 0.0099396 0.0059540 0.0099396 0.0099396 0.0099527 0.3128983 
HSV2_9                                  0.1418144 0.1418144 0.1399933 0.1374558 0.1447792 0.1395965 0.1393670 0.1399933 0.1442792 0.1447170 0.1422793 0.1422793 0.1422793 0.0000010 0.0059487 0.0059487 0.0000010 0.0000024 0.0079584 0.0079436 0.0000000 0.0059651 0.0063346 0.0059611 0.0019769 0.0079397 0.0019757 0.1447598 0.1394560 0.1448441 0.1448441 0.1394560 0.1395093 0.1417325 0.0281306 0.1395965 0.0019757 0.1425434 0.1448441 0.1423429 0.1423429 0.1423429 0.1422793 0.0039538 0.0039538 0.0019749 0.0019803 0.0019757 0.0019769 0.0019757 0.0019757 0.0019783 0.3029468 
HSV2_10                                 0.1448493 0.1448493 0.1430249 0.1404642 0.1478493 0.1426165 0.1423806 0.1430249 0.1473345 0.1477857 0.1453272 0.1453272 0.1453272 0.0059651 0.0000024 0.0000024 0.0000020 0.0059775 0.0000024 0.0019838 0.0059651 0.0000000 0.0000024 0.0000024 0.0039742 0.0019828 0.0079615 0.1478294 0.1424723 0.1479160 0.1479160 0.1424723 0.1425269 0.1447651 0.0344186 0.1426165 0.0079615 0.1455985 0.1479160 0.1453926 0.1453926 0.1453926 0.1453272 0.0099580 0.0099580 0.0079585 0.0059651 0.0079615 0.0039742 0.0079615 0.0079615 0.0079720 0.3108843 
HSV2_11                                 0.1468393 0.1468393 0.1449072 0.1421828 0.1500381 0.1444676 0.1442137 0.1449072 0.1494829 0.1499696 0.1473542 0.1473542 0.1473542 0.0063346 0.0000010 0.0000010 0.0000010 0.0063484 0.0021098 0.0021056 0.0063346 0.0000024 0.0000000 0.0000024 0.0042202 0.0021045 0.0084552 0.1500166 0.1443125 0.1501100 0.1501100 0.1443125 0.1443712 0.1467486 0.0365921 0.1444676 0.0084552 0.1476464 0.1501100 0.1474246 0.1474246 0.1474246 0.1473542 0.0084552 0.0084552 0.0084517 0.0084764 0.0084552 0.0042202 0.0084552 0.0063346 0.0084670 0.3183551 
HSV2_12                                 0.1447410 0.1447410 0.1429176 0.1403591 0.1477381 0.1425099 0.1422743 0.1429176 0.1472241 0.1476745 0.1452181 0.1452181 0.1452181 0.0059611 0.0000024 0.0000024 0.0000010 0.0059611 0.0019861 0.0019825 0.0059611 0.0000024 0.0000024 0.0000000 0.0039715 0.0019815 0.0079561 0.1477182 0.1423659 0.1478047 0.1478047 0.1423659 0.1424204 0.1446569 0.0343950 0.1425099 0.0079561 0.1454890 0.1478047 0.1452834 0.1452834 0.1452834 0.1452181 0.0099512 0.0099512 0.0079531 0.0079749 0.0079561 0.0039715 0.0079561 0.0079561 0.0079666 0.3069776 
HSV2_14                                 0.1395365 0.1395365 0.1377101 0.1351801 0.1424869 0.1373205 0.1370950 0.1377101 0.1419946 0.1424255 0.1399933 0.1399933 0.1399933 0.0019769 0.0039634 0.0039634 0.0000010 0.0019810 0.0059650 0.0059540 0.0019769 0.0039742 0.0042202 0.0039715 0.0000000 0.0059510 0.0039578 0.1424678 0.1371824 0.1425506 0.1425506 0.1371824 0.1372347 0.1394560 0.0301902 0.1373205 0.0039578 0.1402529 0.1425506 0.1400557 0.1400557 0.1400557 0.1399933 0.0059404 0.0059404 0.0039563 0.0039671 0.0039578 0.0000010 0.0039578 0.0039578 0.0039630 0.3061629 
HSV2_16                                 0.1467557 0.1467557 0.1449396 0.1423796 0.1497601 0.1445261 0.1442882 0.1449396 0.1492395 0.1496959 0.1472391 0.1472391 0.1472391 0.0079397 0.0019774 0.0019774 0.0000010 0.0079561 0.0039680 0.0039607 0.0079397 0.0019828 0.0021045 0.0019815 0.0059510 0.0000000 0.0099346 0.1497400 0.1443802 0.1498276 0.1476042 0.1443802 0.1422289 0.1466705 0.0322632 0.1445261 0.0099346 0.1475134 0.1498276 0.1473052 0.1473052 0.1473052 0.1472391 0.0119290 0.0119290 0.0099308 0.0099580 0.0099346 0.0059510 0.0099346 0.0099346 0.0099477 0.3100846 
HSV2_18                                 0.1441604 0.1441604 0.1423429 0.1397967 0.1471416 0.1419385 0.1417047 0.1423429 0.1466319 0.1470785 0.1446329 0.1446329 0.1446329 0.0019757 0.0079397 0.0079397 0.0090354 0.0019798 0.0099580 0.0099396 0.0019757 0.0079615 0.0084552 0.0079561 0.0039578 0.0099346 0.0000000 0.1471219 0.1417956 0.1472077 0.1472077 0.1417956 0.1418497 0.1440770 0.0301706 0.1419385 0.0039553 0.1449017 0.1472077 0.1399525 0.1446976 0.1446976 0.1446329 0.0059367 0.0059367 0.0039538 0.0039646 0.0039553 0.0039578 0.0039553 0.0039553 0.0039605 0.3058528 
JN400093_Human_herpesvirus_1            0.0138915 0.0138915 0.0078947 0.0098945 0.0138514 0.0118802 0.0158857 0.0078947 0.0158711 0.0118669 0.0098744 0.0098744 0.0098744 0.1447598 0.1473685 0.1473685 0.1185919 0.1451028 0.1501413 0.1476042 0.1447598 0.1478294 0.1500166 0.1477182 0.1424678 0.1497400 0.1471219 0.0000000 0.0098904 0.0059130 0.0039336 0.0098904 0.0158998 0.0118756 0.1639985 0.0118802 0.1471219 0.0098911 0.0098763 0.0098782 0.0098782 0.0098782 0.0098744 0.1471285 0.1471285 0.1470560 0.1475149 0.1471219 0.1424678 0.1471219 0.1471219 0.1473295 0.3586903 
JN420337_Human_herpesvirus_1            0.0039374 0.0039374 0.0099086 0.0119218 0.0158949 0.0019643 0.0059096 0.0099086 0.0059043 0.0139012 0.0118975 0.0118975 0.0118975 0.1394560 0.1420312 0.1420312 0.1185919 0.1397833 0.1447645 0.1422570 0.1394560 0.1424723 0.1443125 0.1423659 0.1371824 0.1443802 0.1417956 0.0098904 0.0000000 0.0159010 0.0098953 0.0000010 0.0059148 0.0019635 0.1585127 0.0019643 0.1417956 0.0119178 0.0159010 0.0119021 0.0119021 0.0119021 0.0118975 0.1418019 0.1418019 0.1417325 0.1421715 0.1417956 0.1371824 0.1417956 0.1417956 0.1419946 0.3552225 
JN420338_Human_herpesvirus_1            0.0158740 0.0158740 0.0059075 0.0078974 0.0118454 0.0179064 0.0178691 0.0059075 0.0219286 0.0098664 0.0078814 0.0078814 0.0078814 0.1448441 0.1474546 0.1474546 0.1188998 0.1451874 0.1502294 0.1476896 0.1448441 0.1479160 0.1501100 0.1478047 0.1425506 0.1498276 0.1472077 0.0059130 0.0159010 0.0000000 0.0098812 0.0159010 0.0178850 0.0178995 0.1640955 0.0179064 0.1472077 0.0078947 0.0078829 0.0078844 0.0039337 0.0039337 0.0078814 0.1472143 0.1472143 0.1471416 0.1476011 0.1472077 0.1425506 0.1472077 0.1472077 0.1474155 0.3589571 
JN420339_Human_herpesvirus_1            0.0138985 0.0138985 0.0078987 0.0098994 0.0138584 0.0118861 0.0158937 0.0078987 0.0158791 0.0118728 0.0098793 0.0098793 0.0098793 0.1448441 0.1474546 0.1474546 0.1185919 0.1451874 0.1502294 0.1476896 0.1448441 0.1479160 0.1501100 0.1478047 0.1425506 0.1476042 0.1472077 0.0039336 0.0098953 0.0098812 0.0000000 0.0098953 0.0118970 0.0118816 0.1618562 0.0118861 0.1472077 0.0098961 0.0098812 0.0098831 0.0098831 0.0098831 0.0098793 0.1472143 0.1472143 0.1471416 0.1476011 0.1472077 0.1425506 0.1472077 0.1472077 0.1474155 0.3523902 
JN420340_Human_herpesvirus_1            0.0039374 0.0039374 0.0099086 0.0119218 0.0158949 0.0019643 0.0059096 0.0099086 0.0059043 0.0139012 0.0118975 0.0118975 0.0118975 0.1394560 0.1420312 0.1420312 0.1185919 0.1397833 0.1447645 0.1422570 0.1394560 0.1424723 0.1443125 0.1423659 0.1371824 0.1443802 0.1417956 0.0098904 0.0000010 0.0159010 0.0098953 0.0000000 0.0059148 0.0019635 0.1585127 0.0019643 0.1417956 0.0119178 0.0159010 0.0119021 0.0119021 0.0119021 0.0118975 0.1418019 0.1418019 0.1417325 0.1421715 0.1417956 0.1371824 0.1417956 0.1417956 0.1419946 0.3552225 
JN420341_Human_herpesvirus_1            0.0059048 0.0059048 0.0118879 0.0139060 0.0178781 0.0078942 0.0039303 0.0118879 0.0118642 0.0158839 0.0138776 0.0138776 0.0138776 0.1395093 0.1420854 0.1420854 0.1188998 0.1398368 0.1448200 0.1423114 0.1395093 0.1425269 0.1443712 0.1424204 0.1372347 0.1422289 0.1418497 0.0158998 0.0059148 0.0178850 0.0118970 0.0059148 0.0000000 0.0078912 0.1563503 0.0078942 0.1418497 0.0139012 0.0178850 0.0138830 0.0138830 0.0138830 0.0138776 0.1418561 0.1418561 0.1417866 0.1422259 0.1418497 0.1372347 0.1418497 0.1418497 0.1420489 0.3522729 
JN420342_Human_herpesvirus_1            0.0059096 0.0059096 0.0118975 0.0139173 0.0178926 0.0039309 0.0078842 0.0118975 0.0078771 0.0158968 0.0138889 0.0138889 0.0138889 0.1417325 0.1443157 0.1443157 0.1185919 0.1420659 0.1470610 0.1445454 0.1417325 0.1447651 0.1467486 0.1446569 0.1394560 0.1466705 0.1440770 0.0118756 0.0019635 0.0178995 0.0118816 0.0019635 0.0078912 0.0000000 0.1608252 0.0039309 0.1440770 0.0139125 0.0178995 0.0138942 0.0138942 0.0138942 0.0138889 0.1440834 0.1440834 0.1440129 0.1444584 0.1440770 0.1394560 0.1440770 0.1440770 0.1442792 0.3580853 
JQ360576_Chimpanzee_alpha-1_herpesvirus 0.1609197 0.1609197 0.1591318 0.1565208 0.1591666 0.1586730 0.1584088 0.1591318 0.1634451 0.1617138 0.1614546 0.1614546 0.1614546 0.0281306 0.0343219 0.0343219 0.0000010 0.0281900 0.0364659 0.0363969 0.0281306 0.0344186 0.0365921 0.0343950 0.0301902 0.0322632 0.0301706 0.1639985 0.1585127 0.1640955 0.1618562 0.1585127 0.1563503 0.1608252 0.0000000 0.1586730 0.0301706 0.1617569 0.1640955 0.1615279 0.1615279 0.1615279 0.1614546 0.0322022 0.0322022 0.0301588 0.0302429 0.0301706 0.0301902 0.0301706 0.0301706 0.0302107 0.3280258 
KF498959_Human_herpesvirus_1            0.0059119 0.0059119 0.0119021 0.0139226 0.0178995 0.0000010 0.0078872 0.0119021 0.0039316 0.0159029 0.0138942 0.0138942 0.0138942 0.1395965 0.1421745 0.1421745 0.1191382 0.1399245 0.1449111 0.1424008 0.1395965 0.1426165 0.1444676 0.1425099 0.1373205 0.1445261 0.1419385 0.0118802 0.0019643 0.0179064 0.0118861 0.0019643 0.0078942 0.0039309 0.1586730 0.0000000 0.1419385 0.0139179 0.0179064 0.0138996 0.0138996 0.0138996 0.0138942 0.1419449 0.1419449 0.1418753 0.1423152 0.1419385 0.1373205 0.1419385 0.1419385 0.1421379 0.3556218 
KF781518_Human_herpesvirus_2            0.1441604 0.1441604 0.1423429 0.1397967 0.1471416 0.1419385 0.1417047 0.1423429 0.1466319 0.1470785 0.1446329 0.1446329 0.1446329 0.0019757 0.0079397 0.0079397 0.0000010 0.0019798 0.0099580 0.0099396 0.0019757 0.0079615 0.0084552 0.0079561 0.0039578 0.0099346 0.0039553 0.1471219 0.1417956 0.1472077 0.1472077 0.1417956 0.1418497 0.1440770 0.0301706 0.1419385 0.0000000 0.1449017 0.1472077 0.1446976 0.1446976 0.1446976 0.1446329 0.0019746 0.0019746 0.0039538 0.0039646 0.0039553 0.0039578 0.0039553 0.0039553 0.0039605 0.3058528 
KJ847330_Human_herpesvirus_1            0.0118975 0.0118975 0.0019679 0.0039461 0.0078917 0.0139179 0.0138889 0.0019679 0.0179295 0.0059159 0.0039381 0.0039381 0.0039381 0.1425434 0.1451444 0.1451444 0.1302832 0.1428804 0.1479077 0.1453766 0.1425434 0.1455985 0.1476464 0.1454890 0.1402529 0.1475134 0.1449017 0.0098911 0.0119178 0.0078947 0.0098961 0.0119178 0.0139012 0.0139125 0.1617569 0.0139179 0.1449017 0.0000000 0.0078947 0.0039396 0.0039396 0.0039396 0.0039381 0.1449082 0.1449082 0.1448368 0.1452887 0.1449017 0.1402529 0.1449017 0.1449017 0.1451063 0.3533939 
KM222720_Human_herpesvirus_1            0.0158740 0.0158740 0.0059075 0.0078974 0.0118454 0.0179064 0.0178691 0.0059075 0.0219286 0.0098664 0.0078814 0.0078814 0.0078814 0.1448441 0.1474546 0.1474546 0.1188998 0.1451874 0.1502294 0.1476896 0.1448441 0.1479160 0.1501100 0.1478047 0.1425506 0.1498276 0.1472077 0.0098763 0.0159010 0.0078829 0.0098812 0.0159010 0.0178850 0.0178995 0.1640955 0.0179064 0.1472077 0.0078947 0.0000000 0.0078844 0.0078844 0.0078844 0.0078814 0.1472143 0.1472143 0.1471416 0.1476011 0.1472077 0.1425506 0.1472077 0.1472077 0.1474155 0.3562864 
KM222723_Human_herpesvirus_1            0.0118819 0.0118819 0.0019653 0.0039409 0.0078814 0.0138996 0.0138707 0.0019653 0.0179059 0.0059082 0.0039330 0.0039330 0.0039330 0.1423429 0.1449396 0.1449396 0.1294501 0.1426790 0.1476983 0.1451712 0.1423429 0.1453926 0.1474246 0.1452834 0.1400557 0.1473052 0.1399525 0.0098782 0.0119021 0.0078844 0.0098831 0.0119021 0.0138830 0.0138942 0.1615279 0.0138996 0.1446976 0.0039396 0.0078844 0.0000000 0.0039345 0.0039345 0.0039330 0.1447041 0.1447041 0.1446329 0.1450835 0.1446976 0.1400557 0.1446976 0.1446976 0.1449017 0.3528236 
KM222724_Human_herpesvirus_1            0.0118819 0.0118819 0.0019653 0.0039409 0.0078814 0.0138996 0.0138707 0.0019653 0.0179059 0.0059082 0.0039330 0.0039330 0.0039330 0.1423429 0.1449396 0.1449396 0.1188998 0.1426790 0.1476983 0.1451712 0.1423429 0.1453926 0.1474246 0.1452834 0.1400557 0.1473052 0.1446976 0.0098782 0.0119021 0.0039337 0.0098831 0.0119021 0.0138830 0.0138942 0.1615279 0.0138996 0.1446976 0.0039396 0.0078844 0.0039345 0.0000000 0.0000010 0.0039330 0.1447041 0.1447041 0.1446329 0.1450835 0.1446976 0.1400557 0.1446976 0.1446976 0.1449017 0.3528236 
KM222725_Human_herpesvirus_1            0.0118819 0.0118819 0.0019653 0.0039409 0.0078814 0.0138996 0.0138707 0.0019653 0.0179059 0.0059082 0.0039330 0.0039330 0.0039330 0.1423429 0.1449396 0.1449396 0.1188998 0.1426790 0.1476983 0.1451712 0.1423429 0.1453926 0.1474246 0.1452834 0.1400557 0.1473052 0.1446976 0.0098782 0.0119021 0.0039337 0.0098831 0.0119021 0.0138830 0.0138942 0.1615279 0.0138996 0.1446976 0.0039396 0.0078844 0.0039345 0.0000010 0.0000000 0.0039330 0.1447041 0.1447041 0.1446329 0.1450835 0.1446976 0.1400557 0.1446976 0.1446976 0.1449017 0.3528236 
KM222727_Human_herpesvirus_1            0.0118774 0.0118774 0.0019646 0.0039394 0.0078784 0.0138942 0.0138653 0.0019646 0.0178990 0.0059059 0.0039315 0.0039315 0.0000010 0.1422793 0.1448747 0.1448747 0.1188998 0.1426152 0.1476328 0.1451061 0.1422793 0.1453272 0.1473542 0.1452181 0.1399933 0.1472391 0.1446329 0.0098744 0.0118975 0.0078814 0.0098793 0.0118975 0.0138776 0.0138889 0.1614546 0.0138942 0.1446329 0.0039381 0.0078814 0.0039330 0.0039330 0.0039330 0.0000000 0.1446393 0.1446393 0.1445682 0.1450184 0.1446329 0.1399933 0.1446329 0.1446329 0.1448368 0.3526252 
KP192856_Human_herpesvirus_2            0.1441668 0.1441668 0.1423493 0.1398030 0.1471483 0.1419449 0.1417111 0.1423493 0.1466385 0.1470851 0.1446393 0.1446393 0.1446393 0.0039538 0.0099308 0.0099308 0.0090197 0.0039619 0.0119571 0.0119350 0.0039538 0.0099580 0.0084552 0.0099512 0.0059404 0.0119290 0.0059367 0.1471285 0.1418019 0.1472143 0.1472143 0.1418019 0.1418561 0.1440834 0.0322022 0.1419449 0.0019746 0.1449082 0.1472143 0.1447041 0.1447041 0.1447041 0.1446393 0.0000000 0.0000010 0.0059344 0.0059506 0.0059367 0.0059404 0.0059367 0.0059367 0.0059445 0.3058679 
KP334093_Human_herpesvirus_2            0.1441668 0.1441668 0.1423493 0.1398030 0.1471483 0.1419449 0.1417111 0.1423493 0.1466385 0.1470851 0.1446393 0.1446393 0.1446393 0.0039538 0.0099308 0.0099308 0.0090197 0.0039619 0.0119571 0.0119350 0.0039538 0.0099580 0.0084552 0.0099512 0.0059404 0.0119290 0.0059367 0.1471285 0.1418019 0.1472143 0.1472143 0.1418019 0.1418561 0.1440834 0.0322022 0.1419449 0.0019746 0.1449082 0.1472143 0.1447041 0.1447041 0.1447041 0.1446393 0.0000010 0.0000000 0.0059344 0.0059506 0.0059367 0.0059404 0.0059367 0.0059367 0.0059445 0.3058679 
KR135299_Human_herpesvirus_2            0.1440962 0.1440962 0.1422793 0.1397345 0.1470757 0.1418753 0.1416418 0.1422793 0.1465665 0.1470126 0.1445682 0.1445682 0.1445682 0.0019749 0.0079366 0.0079366 0.0000010 0.0019790 0.0099542 0.0099358 0.0019749 0.0079585 0.0084517 0.0079531 0.0039563 0.0099308 0.0039538 0.1470560 0.1417325 0.1471416 0.1471416 0.1417325 0.1417866 0.1440129 0.0301588 0.1418753 0.0039538 0.1448368 0.1471416 0.1446329 0.1446329 0.1446329 0.1445682 0.0059344 0.0059344 0.0000000 0.0039631 0.0039538 0.0039563 0.0039538 0.0039538 0.0039590 0.3056878 
KR135306_Human_herpesvirus_2            0.1445423 0.1445423 0.1427218 0.1401677 0.1475347 0.1423152 0.1420802 0.1427218 0.1470222 0.1474713 0.1450184 0.1450184 0.1450184 0.0019803 0.0079584 0.0079584 0.0091332 0.0019844 0.0059528 0.0099630 0.0019803 0.0059651 0.0084764 0.0079749 0.0039671 0.0099580 0.0039646 0.1475149 0.1421715 0.1476011 0.1476011 0.1421715 0.1422259 0.1444584 0.0302429 0.1423152 0.0039646 0.1452887 0.1476011 0.1450835 0.1450835 0.1450835 0.1450184 0.0059506 0.0059506 0.0039631 0.0000000 0.0039646 0.0039671 0.0039646 0.0039646 0.0039698 0.3068204 
KR135310_Human_herpesvirus_2            0.1441604 0.1441604 0.1423429 0.1397967 0.1471416 0.1419385 0.1417047 0.1423429 0.1466319 0.1470785 0.1446329 0.1446329 0.1446329 0.0019757 0.0079397 0.0079397 0.0000010 0.0019798 0.0099580 0.0099396 0.0019757 0.0079615 0.0084552 0.0079561 0.0039578 0.0099346 0.0039553 0.1471219 0.1417956 0.1472077 0.1472077 0.1417956 0.1418497 0.1440770 0.0301706 0.1419385 0.0039553 0.1449017 0.1472077 0.1446976 0.1446976 0.1446976 0.1446329 0.0059367 0.0059367 0.0039538 0.0039646 0.0000000 0.0039578 0.0039553 0.0039553 0.0039605 0.3058528 
KR135318_Human_herpesvirus_2            0.1395365 0.1395365 0.1377101 0.1351801 0.1424869 0.1373205 0.1370950 0.1377101 0.1419946 0.1424255 0.1399933 0.1399933 0.1399933 0.0019769 0.0039634 0.0039634 0.0000010 0.0019810 0.0059650 0.0059540 0.0019769 0.0039742 0.0042202 0.0039715 0.0000010 0.0059510 0.0039578 0.1424678 0.1371824 0.1425506 0.1425506 0.1371824 0.1372347 0.1394560 0.0301902 0.1373205 0.0039578 0.1402529 0.1425506 0.1400557 0.1400557 0.1400557 0.1399933 0.0059404 0.0059404 0.0039563 0.0039671 0.0039578 0.0000000 0.0039578 0.0039578 0.0039630 0.3061629 
KR135325_Human_herpesvirus_2            0.1441604 0.1441604 0.1423429 0.1397967 0.1471416 0.1419385 0.1417047 0.1423429 0.1466319 0.1470785 0.1446329 0.1446329 0.1446329 0.0019757 0.0079397 0.0079397 0.0000010 0.0019798 0.0099580 0.0099396 0.0019757 0.0079615 0.0084552 0.0079561 0.0039578 0.0099346 0.0039553 0.1471219 0.1417956 0.1472077 0.1472077 0.1417956 0.1418497 0.1440770 0.0301706 0.1419385 0.0039553 0.1449017 0.1472077 0.1446976 0.1446976 0.1446976 0.1446329 0.0059367 0.0059367 0.0039538 0.0039646 0.0039553 0.0039578 0.0000000 0.0039553 0.0039605 0.3058528 
KR135329_Human_herpesvirus_2            0.1441604 0.1441604 0.1423429 0.1397967 0.1471416 0.1419385 0.1417047 0.1423429 0.1466319 0.1470785 0.1446329 0.1446329 0.1446329 0.0019757 0.0079397 0.0079397 0.0090354 0.0019798 0.0099580 0.0099396 0.0019757 0.0079615 0.0063346 0.0079561 0.0039578 0.0099346 0.0039553 0.1471219 0.1417956 0.1472077 0.1472077 0.1417956 0.1418497 0.1440770 0.0301706 0.1419385 0.0039553 0.1449017 0.1472077 0.1446976 0.1446976 0.1446976 0.1446329 0.0059367 0.0059367 0.0039538 0.0039646 0.0039553 0.0039578 0.0039553 0.0000000 0.0039605 0.3058528 
NC_001798_Human_herpesvirus_2           0.1443619 0.1443619 0.1425434 0.1399933 0.1473493 0.1421379 0.1419035 0.1425434 0.1468381 0.1472860 0.1448368 0.1448368 0.1448368 0.0019783 0.0079501 0.0079501 0.0000010 0.0019824 0.0099712 0.0099527 0.0019783 0.0079720 0.0084670 0.0079666 0.0039630 0.0099477 0.0039605 0.1473295 0.1419946 0.1474155 0.1474155 0.1419946 0.1420489 0.1442792 0.0302107 0.1421379 0.0039605 0.1451063 0.1474155 0.1449017 0.1449017 0.1449017 0.1448368 0.0059445 0.0059445 0.0039590 0.0039698 0.0039605 0.0039630 0.0039605 0.0039605 0.0000000 0.3063348 
NC_006560_Cercopithecine_herpesvirus_2  0.3555037 0.3555037 0.3497698 0.3461673 0.3532383 0.3556218 0.3555216 0.3497698 0.3588849 0.3559491 0.3497873 0.3497873 0.3526252 0.3029468 0.3097408 0.3097408 0.2108757 0.3002076 0.3136728 0.3128983 0.3029468 0.3108843 0.3183551 0.3069776 0.3061629 0.3100846 0.3058528 0.3586903 0.3552225 0.3589571 0.3523902 0.3552225 0.3522729 0.3580853 0.3280258 0.3556218 0.3058528 0.3533939 0.3562864 0.3528236 0.3528236 0.3528236 0.3526252 0.3058679 0.3058679 0.3056878 0.3068204 0.3058528 0.3061629 0.3058528 0.3058528 0.3063348 0.0000000 
