37
HM585496_Human_herpesvirus_1            0.0000000 0.0039417 0.0059200 0.0000010 0.0059178 0.0059200 0.0099066 0.0039431 0.0079181 0.0019691 0.0039417 0.0039417 0.0039431 0.1619947 0.1599312 0.1596135 0.1636461 0.1570369 0.1575668 0.1619947 0.1596135 0.1570369 0.1023275 0.1645171 0.1602716 0.0019691 0.0059205 0.0039417 0.0039410 0.1668062 0.0059200 0.0039417 0.0059279 0.1619010 0.1594961 0.1571666 0.2395849 
HM585497_Human_herpesvirus_1            0.0039417 0.0000000 0.0059173 0.0039417 0.0019674 0.0059173 0.0139019 0.0039413 0.0119052 0.0019682 0.0039399 0.0039399 0.0039413 0.1641995 0.1621383 0.1618165 0.1631155 0.1592351 0.1597724 0.1641995 0.1618165 0.1592351 0.1023275 0.1667257 0.1624834 0.0019682 0.0059178 0.0000010 0.0079005 0.1690140 0.0059173 0.0039399 0.0059252 0.1641047 0.1616974 0.1593666 0.2422824 
HM585498_Human_herpesvirus_1            0.0059200 0.0059173 0.0000000 0.0059200 0.0078969 0.0000010 0.0159082 0.0019689 0.0139072 0.0039413 0.0059173 0.0059173 0.0019689 0.1666799 0.1646174 0.1642903 0.1631155 0.1616989 0.1622454 0.1666799 0.1642903 0.1616989 0.1023275 0.1692149 0.1649684 0.0039413 0.0079005 0.0059173 0.0059200 0.1715077 0.0039413 0.0019680 0.0039466 0.1665836 0.1641692 0.1618327 0.2376758 
HM585499_Human_herpesvirus_1            0.0000010 0.0039417 0.0059200 0.0000000 0.0059178 0.0059200 0.0099066 0.0039431 0.0079181 0.0019691 0.0039417 0.0039417 0.0039431 0.1619947 0.1599312 0.1596135 0.1636461 0.1570369 0.1575668 0.1619947 0.1596135 0.1570369 0.1023275 0.1645171 0.1602716 0.0019691 0.0059205 0.0039417 0.0039410 0.1668062 0.0059200 0.0039417 0.0059279 0.1619010 0.1594961 0.1571666 0.2395849 
HM585501_Human_herpesvirus_1            0.0059178 0.0019674 0.0078969 0.0059178 0.0000000 0.0078969 0.0159021 0.0059173 0.0139019 0.0039399 0.0059151 0.0059151 0.0059173 0.1665873 0.1645262 0.1641995 0.1631155 0.1616101 0.1621559 0.1665873 0.1641995 0.1616101 0.1023275 0.1691204 0.1648768 0.0039399 0.0078975 0.0019674 0.0098845 0.1714115 0.0078969 0.0059151 0.0079074 0.1664911 0.1640786 0.1617438 0.2449857 
HM585502_Human_herpesvirus_1            0.0059200 0.0059173 0.0000010 0.0059200 0.0078969 0.0000000 0.0159082 0.0019689 0.0139072 0.0039413 0.0059173 0.0059173 0.0019689 0.1666799 0.1646174 0.1642903 0.1631155 0.1616989 0.1622454 0.1666799 0.1642903 0.1616989 0.1023275 0.1692149 0.1649684 0.0039413 0.0079005 0.0059173 0.0059200 0.1715077 0.0039413 0.0019680 0.0039466 0.1665836 0.1641692 0.1618327 0.2376758 
HM585504_Human_herpesvirus_1            0.0099066 0.0139019 0.0159082 0.0099066 0.0159021 0.0159082 0.0000000 0.0139072 0.0019701 0.0119052 0.0139019 0.0139019 0.0139072 0.1571073 0.1550453 0.1547380 0.1713409 0.1521803 0.1550657 0.1571073 0.1547380 0.1521803 0.1023275 0.1596132 0.1553744 0.0119052 0.0159095 0.0139019 0.0138995 0.1618960 0.0159081 0.0139019 0.0159298 0.1570165 0.1546246 0.1523054 0.2395493 
HM585508_Human_herpesvirus_1            0.0039431 0.0039413 0.0019689 0.0039431 0.0059173 0.0019689 0.0139072 0.0000000 0.0119097 0.0019689 0.0039413 0.0039413 0.0000010 0.1642861 0.1622237 0.1619014 0.1631155 0.1593182 0.1598561 0.1642861 0.1619014 0.1593182 0.1023275 0.1668141 0.1625692 0.0019689 0.0059200 0.0039413 0.0039431 0.1691039 0.0019689 0.0039413 0.0019715 0.1641912 0.1617822 0.1594499 0.2368938 
HM585509_Human_herpesvirus_1            0.0079181 0.0119052 0.0139072 0.0079181 0.0139019 0.0139072 0.0019701 0.0119097 0.0000000 0.0099120 0.0119052 0.0119052 0.0119097 0.1595849 0.1575216 0.1572089 0.1713409 0.1546409 0.1575425 0.1595849 0.1572089 0.1546409 0.1023275 0.1621000 0.1578565 0.0099120 0.0139083 0.0119052 0.0119031 0.1643867 0.0139072 0.0119052 0.0139260 0.1594927 0.1570935 0.1547684 0.2368486 
HM585510_Human_herpesvirus_1            0.0019691 0.0019682 0.0039413 0.0019691 0.0039399 0.0039413 0.0119052 0.0019689 0.0099120 0.0000000 0.0019682 0.0019682 0.0019689 0.1618165 0.1597551 0.1594381 0.1631155 0.1568649 0.1573936 0.1618165 0.1594381 0.1568649 0.1023275 0.1643358 0.1600948 0.0000010 0.0039417 0.0019682 0.0059200 0.1666223 0.0039413 0.0019682 0.0039466 0.1617230 0.1593210 0.1569942 0.2395849 
HM585512_Human_herpesvirus_1            0.0039417 0.0039399 0.0059173 0.0039417 0.0059151 0.0059173 0.0139019 0.0039413 0.0119052 0.0019682 0.0000000 0.0000010 0.0039413 0.1641995 0.1621383 0.1618165 0.1631155 0.1592351 0.1597724 0.1641995 0.1618165 0.1592351 0.1023275 0.1667257 0.1624834 0.0019682 0.0059178 0.0039399 0.0079005 0.1690140 0.0059173 0.0039399 0.0059252 0.1641047 0.1616974 0.1593666 0.2422824 
HM585513_Human_herpesvirus_1            0.0039417 0.0039399 0.0059173 0.0039417 0.0059151 0.0059173 0.0139019 0.0039413 0.0119052 0.0019682 0.0000010 0.0000000 0.0039413 0.1641995 0.1621383 0.1618165 0.1631155 0.1592351 0.1597724 0.1641995 0.1618165 0.1592351 0.1023275 0.1667257 0.1624834 0.0019682 0.0059178 0.0039399 0.0079005 0.1690140 0.0059173 0.0039399 0.0059252 0.1641047 0.1616974 0.1593666 0.2422824 
HM585514_Human_herpesvirus_1            0.0039431 0.0039413 0.0019689 0.0039431 0.0059173 0.0019689 0.0139072 0.0000010 0.0119097 0.0019689 0.0039413 0.0039413 0.0000000 0.1642861 0.1622237 0.1619014 0.1631155 0.1593182 0.1598561 0.1642861 0.1619014 0.1593182 0.1023275 0.1668141 0.1625692 0.0019689 0.0059200 0.0039413 0.0039431 0.1691039 0.0019689 0.0039413 0.0019715 0.1641912 0.1617822 0.1594499 0.2368938 
HSV2_1                                  0.1619947 0.1641995 0.1666799 0.1619947 0.1665873 0.1666799 0.1571073 0.1642861 0.1595849 0.1618165 0.1641995 0.1641995 0.1642861 0.0000000 0.0000027 0.0019723 0.0117848 0.0079357 0.0019761 0.0000010 0.0019723 0.0079357 0.0000025 0.0019730 0.0000010 0.1618165 0.1617115 0.1641995 0.1645596 0.0425220 0.1666755 0.1642037 0.1669482 0.0119318 0.0099332 0.0119383 0.2126288 
HSV2_2                                  0.1599312 0.1621383 0.1646174 0.1599312 0.1645262 0.1646174 0.1550453 0.1622237 0.1575216 0.1597551 0.1621383 0.1621383 0.1622237 0.0000027 0.0000000 0.0019759 0.0117848 0.0079501 0.0019792 0.0000027 0.0019759 0.0079501 0.0000025 0.0019766 0.0000027 0.1597551 0.1596515 0.1621383 0.1624940 0.0426007 0.1646132 0.1621424 0.1648825 0.0119534 0.0099506 0.0119600 0.2104499 
HSV2_3                                  0.1596135 0.1618165 0.1642903 0.1596135 0.1641995 0.1642903 0.1547380 0.1619014 0.1572089 0.1594381 0.1618165 0.1618165 0.1619014 0.0019723 0.0019759 0.0000000 0.0117848 0.0099324 0.0000027 0.0019723 0.0000010 0.0099324 0.0000025 0.0039510 0.0019804 0.1594381 0.1593349 0.1618165 0.1621707 0.0446064 0.1642861 0.1618205 0.1645543 0.0139384 0.0119353 0.0139460 0.2125008 
HSV2_4                                  0.1636461 0.1631155 0.1631155 0.1636461 0.1631155 0.1631155 0.1713409 0.1631155 0.1713409 0.1631155 0.1631155 0.1631155 0.1631155 0.0117848 0.0117848 0.0117848 0.0000000 0.0000021 0.0117848 0.0117848 0.0117848 0.0000021 0.0000010 0.0177622 0.0058914 0.1631155 0.1631155 0.1631155 0.1636461 0.0423459 0.1701566 0.1631155 0.1631155 0.0058677 0.0058662 0.0117860 0.2248020 
HSV2_5                                  0.1570369 0.1592351 0.1616989 0.1570369 0.1616101 0.1616989 0.1521803 0.1593182 0.1546409 0.1568649 0.1592351 0.1592351 0.1593182 0.0079357 0.0079501 0.0099324 0.0000021 0.0000000 0.0099507 0.0079357 0.0099324 0.0000010 0.0136867 0.0099358 0.0059627 0.1568649 0.1567637 0.1592351 0.1595825 0.0425511 0.1616948 0.1592391 0.1619578 0.0039544 0.0019752 0.0039566 0.2099930 
HSV2_6                                  0.1575668 0.1597724 0.1622454 0.1575668 0.1621559 0.1622454 0.1550657 0.1598561 0.1575425 0.1573936 0.1597724 0.1597724 0.1598561 0.0019761 0.0019792 0.0000027 0.0117848 0.0099507 0.0000000 0.0019761 0.0000027 0.0099507 0.0000025 0.0039575 0.0019842 0.1573936 0.1572917 0.1597724 0.1601222 0.0446934 0.1622413 0.1597764 0.1625061 0.0139652 0.0119580 0.0139729 0.2129880 
HSV2_7                                  0.1619947 0.1641995 0.1666799 0.1619947 0.1665873 0.1666799 0.1571073 0.1642861 0.1595849 0.1618165 0.1641995 0.1641995 0.1642861 0.0000010 0.0000027 0.0019723 0.0117848 0.0079357 0.0019761 0.0000000 0.0019723 0.0079357 0.0000025 0.0019730 0.0000010 0.1618165 0.1617115 0.1641995 0.1645596 0.0425220 0.1666755 0.1642037 0.1669482 0.0119318 0.0099332 0.0119383 0.2126288 
HSV2_8                                  0.1596135 0.1618165 0.1642903 0.1596135 0.1641995 0.1642903 0.1547380 0.1619014 0.1572089 0.1594381 0.1618165 0.1618165 0.1619014 0.0019723 0.0019759 0.0000010 0.0117848 0.0099324 0.0000027 0.0019723 0.0000000 0.0099324 0.0000025 0.0039510 0.0019804 0.1594381 0.1593349 0.1618165 0.1621707 0.0446064 0.1642861 0.1618205 0.1645543 0.0139384 0.0119353 0.0139460 0.2125008 
HSV2_9                                  0.1570369 0.1592351 0.1616989 0.1570369 0.1616101 0.1616989 0.1521803 0.1593182 0.1546409 0.1568649 0.1592351 0.1592351 0.1593182 0.0079357 0.0079501 0.0099324 0.0000021 0.0000010 0.0099507 0.0079357 0.0099324 0.0000000 0.0136867 0.0099358 0.0059627 0.1568649 0.1567637 0.1592351 0.1595825 0.0425511 0.1616948 0.1592391 0.1619578 0.0039544 0.0019752 0.0039566 0.2099930 
HSV2_11                                 0.1023275 0.1023275 0.1023275 0.1023275 0.1023275 0.1023275 0.1023275 0.1023275 0.1023275 0.1023275 0.1023275 0.1023275 0.1023275 0.0000025 0.0000025 0.0000025 0.0000010 0.0136867 0.0000025 0.0000025 0.0000025 0.0136867 0.0000000 0.0000025 0.0000025 0.1023275 0.1023275 0.1023275 0.1023275 0.0415695 0.1023275 0.1023275 0.1023275 0.0136867 0.0136867 0.0136867 0.2917463 
HSV2_12                                 0.1645171 0.1667257 0.1692149 0.1645171 0.1691204 0.1692149 0.1596132 0.1668141 0.1621000 0.1643358 0.1667257 0.1667257 0.1668141 0.0019730 0.0019766 0.0039510 0.0177622 0.0099358 0.0039575 0.0019730 0.0039510 0.0099358 0.0000025 0.0000000 0.0019811 0.1643358 0.1642289 0.1667257 0.1670924 0.0446212 0.1692104 0.1667301 0.1694882 0.0139431 0.0119393 0.0139508 0.2154569 
HSV2_16                                 0.1602716 0.1624834 0.1649684 0.1602716 0.1648768 0.1649684 0.1553744 0.1625692 0.1578565 0.1600948 0.1624834 0.1624834 0.1625692 0.0000010 0.0000027 0.0019804 0.0058914 0.0059627 0.0019842 0.0000010 0.0019804 0.0059627 0.0000025 0.0019811 0.0000000 0.1600948 0.1599907 0.1624834 0.1628406 0.0427010 0.1649642 0.1624875 0.1652347 0.0099615 0.0079613 0.0099670 0.2131166 
JN400093_Human_herpesvirus_1            0.0019691 0.0019682 0.0039413 0.0019691 0.0039399 0.0039413 0.0119052 0.0019689 0.0099120 0.0000010 0.0019682 0.0019682 0.0019689 0.1618165 0.1597551 0.1594381 0.1631155 0.1568649 0.1573936 0.1618165 0.1594381 0.1568649 0.1023275 0.1643358 0.1600948 0.0000000 0.0039417 0.0019682 0.0059200 0.1666223 0.0039413 0.0019682 0.0039466 0.1617230 0.1593210 0.1569942 0.2395849 
JN420337_Human_herpesvirus_1            0.0059205 0.0059178 0.0079005 0.0059205 0.0078975 0.0079005 0.0159095 0.0059200 0.0139083 0.0039417 0.0059178 0.0059178 0.0059200 0.1617115 0.1596515 0.1593349 0.1631155 0.1567637 0.1572917 0.1617115 0.1593349 0.1567637 0.1023275 0.1642289 0.1599907 0.0039417 0.0000000 0.0059178 0.0098890 0.1665138 0.0079005 0.0059178 0.0079111 0.1616182 0.1592180 0.1568929 0.2367852 
JN420339_Human_herpesvirus_1            0.0039417 0.0000010 0.0059173 0.0039417 0.0019674 0.0059173 0.0139019 0.0039413 0.0119052 0.0019682 0.0039399 0.0039399 0.0039413 0.1641995 0.1621383 0.1618165 0.1631155 0.1592351 0.1597724 0.1641995 0.1618165 0.1592351 0.1023275 0.1667257 0.1624834 0.0019682 0.0059178 0.0000000 0.0079005 0.1690140 0.0059173 0.0039399 0.0059252 0.1641047 0.1616974 0.1593666 0.2422824 
JN420341_Human_herpesvirus_1            0.0039410 0.0079005 0.0059200 0.0039410 0.0098845 0.0059200 0.0138995 0.0039431 0.0119031 0.0059200 0.0079005 0.0079005 0.0039431 0.1645596 0.1624940 0.1621707 0.1636461 0.1595825 0.1601222 0.1645596 0.1621707 0.1595825 0.1023275 0.1670924 0.1628406 0.0059200 0.0098890 0.0079005 0.0000000 0.1693861 0.0059200 0.0079005 0.0059279 0.1644644 0.1620511 0.1597147 0.2340600 
JQ360576_Chimpanzee_alpha-1_herpesvirus 0.1668062 0.1690140 0.1715077 0.1668062 0.1714115 0.1715077 0.1618960 0.1691039 0.1643867 0.1666223 0.1690140 0.1690140 0.1691039 0.0425220 0.0426007 0.0446064 0.0423459 0.0425511 0.0446934 0.0425220 0.0446064 0.0425511 0.0415695 0.0446212 0.0427010 0.1666223 0.1665138 0.1690140 0.1693861 0.0000000 0.1715031 0.1690185 0.1717849 0.0467188 0.0446412 0.0448593 0.2348001 
KJ847330_Human_herpesvirus_1            0.0059200 0.0059173 0.0039413 0.0059200 0.0078969 0.0039413 0.0159081 0.0019689 0.0139072 0.0039413 0.0059173 0.0059173 0.0019689 0.1666755 0.1646132 0.1642861 0.1701566 0.1616948 0.1622413 0.1666755 0.1642861 0.1616948 0.1023275 0.1692104 0.1649642 0.0039413 0.0079005 0.0059173 0.0059200 0.1715031 0.0000000 0.0059173 0.0039466 0.1665792 0.1641650 0.1618287 0.2395849 
KM222726_Human_herpesvirus_1            0.0039417 0.0039399 0.0019680 0.0039417 0.0059151 0.0019680 0.0139019 0.0039413 0.0119052 0.0019682 0.0039399 0.0039399 0.0039413 0.1642037 0.1621424 0.1618205 0.1631155 0.1592391 0.1597764 0.1642037 0.1618205 0.1592391 0.1023275 0.1667301 0.1624875 0.0019682 0.0059178 0.0039399 0.0079005 0.1690185 0.0059173 0.0000000 0.0059252 0.1641089 0.1617015 0.1593706 0.2403736 
KM222727_Human_herpesvirus_1            0.0059279 0.0059252 0.0039466 0.0059279 0.0079074 0.0039466 0.0159298 0.0019715 0.0139260 0.0039466 0.0059252 0.0059252 0.0019715 0.1669482 0.1648825 0.1645543 0.1631155 0.1619578 0.1625061 0.1669482 0.1645543 0.1619578 0.1023275 0.1694882 0.1652347 0.0039466 0.0079111 0.0059252 0.0059279 0.1717849 0.0039466 0.0059252 0.0000000 0.1668516 0.1644327 0.1620921 0.2400311 
KR135310_Human_herpesvirus_2            0.1619010 0.1641047 0.1665836 0.1619010 0.1664911 0.1665836 0.1570165 0.1641912 0.1594927 0.1617230 0.1641047 0.1641047 0.1641912 0.0119318 0.0119534 0.0139384 0.0058677 0.0039544 0.0139652 0.0119318 0.0139384 0.0039544 0.0136867 0.0139431 0.0099615 0.1617230 0.1616182 0.1641047 0.1644644 0.0467188 0.1665792 0.1641089 0.1668516 0.0000000 0.0059398 0.0079319 0.2102742 
KR135315_Human_herpesvirus_2            0.1594961 0.1616974 0.1641692 0.1594961 0.1640786 0.1641692 0.1546246 0.1617822 0.1570935 0.1593210 0.1616974 0.1616974 0.1617822 0.0099332 0.0099506 0.0119353 0.0058662 0.0019752 0.0119580 0.0099332 0.0119353 0.0019752 0.0136867 0.0119393 0.0079613 0.1593210 0.1592180 0.1616974 0.1620511 0.0446412 0.1641650 0.1617015 0.1644327 0.0059398 0.0000000 0.0059430 0.2099930 
KR135328_Human_herpesvirus_2            0.1571666 0.1593666 0.1618327 0.1571666 0.1617438 0.1618327 0.1523054 0.1594499 0.1547684 0.1569942 0.1593666 0.1593666 0.1594499 0.0119383 0.0119600 0.0139460 0.0117860 0.0039566 0.0139729 0.0119383 0.0139460 0.0039566 0.0136867 0.0139508 0.0099670 0.1569942 0.1568929 0.1593666 0.1597147 0.0448593 0.1618287 0.1593706 0.1620921 0.0079319 0.0059430 0.0000000 0.2128125 
NC_006560_Cercopithecine_herpesvirus_2  0.2395849 0.2422824 0.2376758 0.2395849 0.2449857 0.2376758 0.2395493 0.2368938 0.2368486 0.2395849 0.2422824 0.2422824 0.2368938 0.2126288 0.2104499 0.2125008 0.2248020 0.2099930 0.2129880 0.2126288 0.2125008 0.2099930 0.2917463 0.2154569 0.2131166 0.2395849 0.2367852 0.2422824 0.2340600 0.2348001 0.2395849 0.2403736 0.2400311 0.2102742 0.2099930 0.2128125 0.0000000 
