33
HM585496_Human_herpesvirus_1            0.0000000 0.0079302 0.0019671 0.0000010 0.0019671 0.0019671 0.0019671 0.0019671 0.0059461 0.0019668 0.1011805 0.1012435 0.1012435 0.0981182 0.0989720 0.0989720 0.0977124 0.1011805 0.0138905 0.0059385 0.0138905 0.0059385 0.0059186 0.0811881 0.0019668 0.0039508 0.0019668 0.0059186 0.0019668 0.1012435 0.1012435 0.1016928 0.1567526 
HM585497_Human_herpesvirus_1            0.0079302 0.0000000 0.0059427 0.0079302 0.0059427 0.0099280 0.0099280 0.0099280 0.0140021 0.0079712 0.1106461 0.1107152 0.1107152 0.1013631 0.1084075 0.1084075 0.1076564 0.1106461 0.0139513 0.0019694 0.0139513 0.0019694 0.0099320 0.0903560 0.0099265 0.0119640 0.0099265 0.0099320 0.0079712 0.1107152 0.1107152 0.1112039 0.1593102 
HM585498_Human_herpesvirus_1            0.0019671 0.0059427 0.0000000 0.0019671 0.0000010 0.0039401 0.0039401 0.0039401 0.0079402 0.0039395 0.1034580 0.1035225 0.1035225 0.0981182 0.1012435 0.1012435 0.1001061 0.1034580 0.0118962 0.0039551 0.0118962 0.0039551 0.0039417 0.0834050 0.0039395 0.0059363 0.0039395 0.0039417 0.0039395 0.1035225 0.1035225 0.1039810 0.1592292 
HM585499_Human_herpesvirus_1            0.0000010 0.0079302 0.0019671 0.0000000 0.0019671 0.0019671 0.0019671 0.0019671 0.0059461 0.0019668 0.1011805 0.1012435 0.1012435 0.0981182 0.0989720 0.0989720 0.0977124 0.1011805 0.0138905 0.0059385 0.0138905 0.0059385 0.0059186 0.0811881 0.0019668 0.0039508 0.0019668 0.0059186 0.0019668 0.1012435 0.1012435 0.1016928 0.1567526 
HM585502_Human_herpesvirus_1            0.0019671 0.0059427 0.0000010 0.0019671 0.0000000 0.0039401 0.0039401 0.0039401 0.0079402 0.0039395 0.1034580 0.1035225 0.1035225 0.0981182 0.1012435 0.1012435 0.1001061 0.1034580 0.0118962 0.0039551 0.0118962 0.0039551 0.0039417 0.0834050 0.0039395 0.0059363 0.0039395 0.0039417 0.0039395 0.1035225 0.1035225 0.1039810 0.1592292 
HM585503_Human_herpesvirus_1            0.0019671 0.0099280 0.0039401 0.0019671 0.0039401 0.0000000 0.0039401 0.0000010 0.0079402 0.0039395 0.1034580 0.1035225 0.1035225 0.0981182 0.1012435 0.1012435 0.0977124 0.1034580 0.0158996 0.0079302 0.0158996 0.0079302 0.0079036 0.0834050 0.0039395 0.0059363 0.0039395 0.0079036 0.0039395 0.0990440 0.0990440 0.1039810 0.1592292 
HM585504_Human_herpesvirus_1            0.0019671 0.0099280 0.0039401 0.0019671 0.0039401 0.0039401 0.0000000 0.0039401 0.0039602 0.0039395 0.1015505 0.1016139 0.1016139 0.0986422 0.0993344 0.0993344 0.0980902 0.1015505 0.0118962 0.0079302 0.0118962 0.0079302 0.0079036 0.0814873 0.0039395 0.0059363 0.0039395 0.0079036 0.0039395 0.1016139 0.1016139 0.1020661 0.1592292 
HM585505_Human_herpesvirus_1            0.0019671 0.0099280 0.0039401 0.0019671 0.0039401 0.0000010 0.0039401 0.0000000 0.0079402 0.0039395 0.1034580 0.1035225 0.1035225 0.0981182 0.1012435 0.1012435 0.0977124 0.1034580 0.0158996 0.0079302 0.0158996 0.0079302 0.0079036 0.0834050 0.0039395 0.0059363 0.0039395 0.0079036 0.0039395 0.0990440 0.0990440 0.1039810 0.1592292 
HM585509_Human_herpesvirus_1            0.0059461 0.0140021 0.0079402 0.0059461 0.0079402 0.0079402 0.0039602 0.0079402 0.0000000 0.0079390 0.1011022 0.1011651 0.1011651 0.0980065 0.0988948 0.0988948 0.0976316 0.1011022 0.0159788 0.0119834 0.0159788 0.0119834 0.0119432 0.0811206 0.0079390 0.0099673 0.0079390 0.0119432 0.0079390 0.1011651 0.1011651 0.1016139 0.1616767 
HM585514_Human_herpesvirus_1            0.0019668 0.0079712 0.0039395 0.0019668 0.0039395 0.0039395 0.0039395 0.0039395 0.0079390 0.0000000 0.1034387 0.1035031 0.1035031 0.1013966 0.1012247 0.1012247 0.1000865 0.1034387 0.0139616 0.0059683 0.0139616 0.0059683 0.0079024 0.0833899 0.0039389 0.0059354 0.0039389 0.0079024 0.0000010 0.1035031 0.1035031 0.1039615 0.1574643 
HSV2_1                                  0.1011805 0.1106461 0.1034580 0.1011805 0.1034580 0.1034580 0.1015505 0.1034580 0.1011022 0.1034387 0.0000000 0.0039580 0.0039580 0.0028695 0.0019760 0.0019760 0.0020835 0.0000010 0.1087451 0.1083398 0.1087451 0.1083398 0.1035031 0.0750589 0.1034387 0.1060054 0.1016548 0.1035031 0.1034387 0.0039580 0.0039580 0.0039778 0.1965004 
HSV2_2                                  0.1012435 0.1107152 0.1035225 0.1012435 0.1035225 0.1035225 0.1016139 0.1035225 0.1011651 0.1035031 0.0039580 0.0000000 0.0000010 0.0028721 0.0019773 0.0019773 0.0000021 0.0039580 0.1088132 0.1084075 0.1088132 0.1084075 0.1035676 0.0751059 0.1035031 0.1060716 0.1017184 0.1035676 0.1035031 0.0039605 0.0039605 0.0039803 0.1999858 
HSV2_3                                  0.1012435 0.1107152 0.1035225 0.1012435 0.1035225 0.1035225 0.1016139 0.1035225 0.1011651 0.1035031 0.0039580 0.0000010 0.0000000 0.0028721 0.0019773 0.0019773 0.0000021 0.0039580 0.1088132 0.1084075 0.1088132 0.1084075 0.1035676 0.0751059 0.1035031 0.1060716 0.1017184 0.1035676 0.1035031 0.0039605 0.0039605 0.0039803 0.1999858 
HSV2_4                                  0.0981182 0.1013631 0.0981182 0.0981182 0.0981182 0.0981182 0.0986422 0.0981182 0.0980065 0.1013966 0.0028695 0.0028721 0.0028721 0.0000000 0.0000010 0.0000010 0.0000026 0.0028695 0.1056846 0.1013631 0.1056846 0.1013631 0.0981182 0.0761163 0.1013966 0.1051249 0.0987912 0.0981182 0.1013966 0.0000010 0.0000010 0.0028920 0.1920280 
HSV2_5                                  0.0989720 0.1084075 0.1012435 0.0989720 0.1012435 0.1012435 0.0993344 0.1012435 0.0988948 0.1012247 0.0019760 0.0019773 0.0019773 0.0000010 0.0000000 0.0000010 0.0000021 0.0019760 0.1065049 0.1061073 0.1065049 0.1061073 0.1012877 0.0729022 0.1012247 0.1037798 0.0994371 0.1012877 0.1012247 0.0019773 0.0019773 0.0019871 0.1973706 
HSV2_9                                  0.0989720 0.1084075 0.1012435 0.0989720 0.1012435 0.1012435 0.0993344 0.1012435 0.0988948 0.1012247 0.0019760 0.0019773 0.0019773 0.0000010 0.0000010 0.0000000 0.0000021 0.0019760 0.1065049 0.1061073 0.1065049 0.1061073 0.1012877 0.0729022 0.1012247 0.1037798 0.0994371 0.1012877 0.1012247 0.0019773 0.0019773 0.0019871 0.1973706 
HSV2_11                                 0.0977124 0.1076564 0.1001061 0.0977124 0.1001061 0.0977124 0.0980902 0.0977124 0.0976316 0.1000865 0.0020835 0.0000021 0.0000021 0.0000026 0.0000021 0.0000021 0.0000000 0.0020835 0.1056477 0.1052311 0.1056477 0.1052311 0.1001523 0.0702900 0.1000865 0.1027773 0.0981976 0.1001523 0.1000865 0.0000021 0.0000021 0.0020959 0.1924610 
HSV2_15                                 0.1011805 0.1106461 0.1034580 0.1011805 0.1034580 0.1034580 0.1015505 0.1034580 0.1011022 0.1034387 0.0000010 0.0039580 0.0039580 0.0028695 0.0019760 0.0019760 0.0020835 0.0000000 0.1087451 0.1083398 0.1087451 0.1083398 0.1035031 0.0750589 0.1034387 0.1060054 0.1016548 0.1035031 0.1034387 0.0039580 0.0039580 0.0039778 0.1965004 
JN400093_Human_herpesvirus_1            0.0138905 0.0139513 0.0118962 0.0138905 0.0118962 0.0158996 0.0118962 0.0158996 0.0159788 0.0139616 0.1087451 0.1088132 0.1088132 0.1056846 0.1065049 0.1065049 0.1056477 0.1087451 0.0000000 0.0119398 0.0000010 0.0119398 0.0079160 0.0948722 0.0158970 0.0179625 0.0158970 0.0079160 0.0139616 0.1088132 0.1088132 0.1072890 0.1672859 
JN420337_Human_herpesvirus_1            0.0059385 0.0019694 0.0039551 0.0059385 0.0039551 0.0079302 0.0079302 0.0079302 0.0119834 0.0059683 0.1083398 0.1084075 0.1084075 0.1013631 0.1061073 0.1061073 0.1052311 0.1083398 0.0119398 0.0000000 0.0119398 0.0000010 0.0079333 0.0881114 0.0079289 0.0099547 0.0079289 0.0079333 0.0059683 0.1084075 0.1084075 0.1088868 0.1568324 
JN420338_Human_herpesvirus_1            0.0138905 0.0139513 0.0118962 0.0138905 0.0118962 0.0158996 0.0118962 0.0158996 0.0159788 0.0139616 0.1087451 0.1088132 0.1088132 0.1056846 0.1065049 0.1065049 0.1056477 0.1087451 0.0000010 0.0119398 0.0000000 0.0119398 0.0079160 0.0948722 0.0158970 0.0179625 0.0158970 0.0079160 0.0139616 0.1088132 0.1088132 0.1072890 0.1672859 
JN420340_Human_herpesvirus_1            0.0059385 0.0019694 0.0039551 0.0059385 0.0039551 0.0079302 0.0079302 0.0079302 0.0119834 0.0059683 0.1083398 0.1084075 0.1084075 0.1013631 0.1061073 0.1061073 0.1052311 0.1083398 0.0119398 0.0000010 0.0119398 0.0000000 0.0079333 0.0881114 0.0079289 0.0099547 0.0079289 0.0079333 0.0059683 0.1084075 0.1084075 0.1088868 0.1568324 
JN420341_Human_herpesvirus_1            0.0059186 0.0099320 0.0039417 0.0059186 0.0039417 0.0079036 0.0079036 0.0079036 0.0119432 0.0079024 0.1035031 0.1035676 0.1035676 0.0981182 0.1012877 0.1012877 0.1001523 0.1035031 0.0079160 0.0079333 0.0079160 0.0079333 0.0000000 0.0878284 0.0079024 0.0099213 0.0079024 0.0000010 0.0079024 0.1035676 0.1035676 0.1040265 0.1641391 
JQ360576_Chimpanzee_alpha-1_herpesvirus 0.0811881 0.0903560 0.0834050 0.0811881 0.0834050 0.0834050 0.0814873 0.0834050 0.0811206 0.0833899 0.0750589 0.0751059 0.0751059 0.0761163 0.0729022 0.0729022 0.0702900 0.0750589 0.0948722 0.0881114 0.0948722 0.0881114 0.0878284 0.0000000 0.0833899 0.0858446 0.0815757 0.0878284 0.0833899 0.0751059 0.0751059 0.0754496 0.1790022 
JQ730035_Human_herpesvirus_1            0.0019668 0.0099265 0.0039395 0.0019668 0.0039395 0.0039395 0.0039395 0.0039395 0.0079390 0.0039389 0.1034387 0.1035031 0.1035031 0.1013966 0.1012247 0.1012247 0.1000865 0.1034387 0.0158970 0.0079289 0.0158970 0.0079289 0.0079024 0.0833899 0.0000000 0.0019737 0.0039389 0.0079024 0.0039389 0.1035031 0.1035031 0.1039615 0.1591964 
JX142173_Human_herpesvirus_1            0.0039508 0.0119640 0.0059363 0.0039508 0.0059363 0.0059363 0.0059363 0.0059363 0.0099673 0.0059354 0.1060054 0.1060716 0.1060716 0.1051249 0.1037798 0.1037798 0.1027773 0.1060054 0.0179625 0.0099547 0.0179625 0.0099547 0.0099213 0.0858446 0.0019737 0.0000000 0.0059354 0.0099213 0.0059354 0.1060716 0.1060716 0.1065414 0.1621064 
KJ847330_Human_herpesvirus_1            0.0019668 0.0099265 0.0039395 0.0019668 0.0039395 0.0039395 0.0039395 0.0039395 0.0079390 0.0039389 0.1016548 0.1017184 0.1017184 0.0987912 0.0994371 0.0994371 0.0981976 0.1016548 0.0158970 0.0079289 0.0158970 0.0079289 0.0079024 0.0815757 0.0039389 0.0059354 0.0000000 0.0079024 0.0039389 0.1017184 0.1017184 0.1021712 0.1591964 
KM222720_Human_herpesvirus_1            0.0059186 0.0099320 0.0039417 0.0059186 0.0039417 0.0079036 0.0079036 0.0079036 0.0119432 0.0079024 0.1035031 0.1035676 0.1035676 0.0981182 0.1012877 0.1012877 0.1001523 0.1035031 0.0079160 0.0079333 0.0079160 0.0079333 0.0000010 0.0878284 0.0079024 0.0099213 0.0079024 0.0000000 0.0079024 0.1035676 0.1035676 0.1040265 0.1641391 
KM222727_Human_herpesvirus_1            0.0019668 0.0079712 0.0039395 0.0019668 0.0039395 0.0039395 0.0039395 0.0039395 0.0079390 0.0000010 0.1034387 0.1035031 0.1035031 0.1013966 0.1012247 0.1012247 0.1000865 0.1034387 0.0139616 0.0059683 0.0139616 0.0059683 0.0079024 0.0833899 0.0039389 0.0059354 0.0039389 0.0079024 0.0000000 0.1035031 0.1035031 0.1039615 0.1574643 
KR135312_Human_herpesvirus_2            0.1012435 0.1107152 0.1035225 0.1012435 0.1035225 0.0990440 0.1016139 0.0990440 0.1011651 0.1035031 0.0039580 0.0039605 0.0039605 0.0000010 0.0019773 0.0019773 0.0000021 0.0039580 0.1088132 0.1084075 0.1088132 0.1084075 0.1035676 0.0751059 0.1035031 0.1060716 0.1017184 0.1035676 0.1035031 0.0000000 0.0000010 0.0039803 0.1999858 
KR135313_Human_herpesvirus_2            0.1012435 0.1107152 0.1035225 0.1012435 0.1035225 0.0990440 0.1016139 0.0990440 0.1011651 0.1035031 0.0039580 0.0039605 0.0039605 0.0000010 0.0019773 0.0019773 0.0000021 0.0039580 0.1088132 0.1084075 0.1088132 0.1084075 0.1035676 0.0751059 0.1035031 0.1060716 0.1017184 0.1035676 0.1035031 0.0000010 0.0000000 0.0039803 0.1999858 
KR135316_Human_herpesvirus_2            0.1016928 0.1112039 0.1039810 0.1016928 0.1039810 0.1039810 0.1020661 0.1039810 0.1016139 0.1039615 0.0039778 0.0039803 0.0039803 0.0028920 0.0019871 0.0019871 0.0020959 0.0039778 0.1072890 0.1088868 0.1072890 0.1088868 0.1040265 0.0754496 0.1039615 0.1065414 0.1021712 0.1040265 0.1039615 0.0039803 0.0039803 0.0000000 0.2008211 
NC_006560_Cercopithecine_herpesvirus_2  0.1567526 0.1593102 0.1592292 0.1567526 0.1592292 0.1592292 0.1592292 0.1592292 0.1616767 0.1574643 0.1965004 0.1999858 0.1999858 0.1920280 0.1973706 0.1973706 0.1924610 0.1965004 0.1672859 0.1568324 0.1672859 0.1568324 0.1641391 0.1790022 0.1591964 0.1621064 0.1591964 0.1641391 0.1574643 0.1999858 0.1999858 0.2008211 0.0000000 
