65
HM585496_Human_herpesvirus_1            0.0000000 0.0000010 0.0159115 0.0059255 0.0119027 0.0119101 0.0019704 0.0159373 0.0039457 0.0159115 0.0159115 0.0199611 0.0219772 0.0220062 0.0199611 0.1957066 0.1931646 0.1931646 0.1672876 0.1905639 0.1978935 0.1960412 0.1905639 0.1922213 0.1548292 0.1958769 0.1930733 0.1978935 0.1879775 0.0139082 0.0159095 0.0159373 0.0159379 0.0159379 0.0199763 0.0159199 0.1934079 0.0159199 0.0199834 0.0179285 0.0159303 0.0179262 0.0139082 0.0159095 0.0159095 0.0159095 0.0179464 0.0220062 0.1930733 0.1906035 0.1981425 0.1931410 0.2006746 0.1904392 0.2006746 0.1930787 0.1880615 0.1880615 0.1956593 0.1879775 0.1931481 0.1931481 0.1955493 0.1930328 0.3311352 
HM585497_Human_herpesvirus_1            0.0000010 0.0000000 0.0159115 0.0059255 0.0119027 0.0119101 0.0019704 0.0159373 0.0039457 0.0159115 0.0159115 0.0199611 0.0219772 0.0220062 0.0199611 0.1957066 0.1931646 0.1931646 0.1672876 0.1905639 0.1978935 0.1960412 0.1905639 0.1922213 0.1548292 0.1958769 0.1930733 0.1978935 0.1879775 0.0139082 0.0159095 0.0159373 0.0159379 0.0159379 0.0199763 0.0159199 0.1934079 0.0159199 0.0199834 0.0179285 0.0159303 0.0179262 0.0139082 0.0159095 0.0159095 0.0159095 0.0179464 0.0220062 0.1930733 0.1906035 0.1981425 0.1931410 0.2006746 0.1904392 0.2006746 0.1930787 0.1880615 0.1880615 0.1956593 0.1879775 0.1931481 0.1931481 0.1955493 0.1930328 0.3311352 
HM585498_Human_herpesvirus_1            0.0159115 0.0159115 0.0000000 0.0138905 0.0039448 0.0118766 0.0179259 0.0039466 0.0118951 0.0039402 0.0000010 0.0079105 0.0098970 0.0099098 0.0079105 0.1931147 0.1955675 0.1955675 0.1713229 0.1879912 0.2003024 0.1984533 0.1879912 0.1946396 0.1600666 0.1982869 0.1904923 0.2003024 0.1854143 0.0019682 0.0039397 0.0039466 0.0039468 0.0039468 0.0159012 0.0039423 0.1932147 0.0039423 0.0079192 0.0059209 0.0039448 0.0059202 0.0019682 0.0039397 0.0039397 0.0039397 0.0059268 0.0099098 0.1904923 0.1880299 0.1955436 0.1905588 0.1980668 0.1878686 0.1980668 0.1904976 0.1854972 0.1854972 0.1930679 0.1854143 0.1905660 0.1905660 0.1929599 0.1904527 0.3403686 
HM585501_Human_herpesvirus_1            0.0059255 0.0059255 0.0138905 0.0000000 0.0139068 0.0138932 0.0079118 0.0139129 0.0059192 0.0138905 0.0138905 0.0179234 0.0199329 0.0199591 0.0179234 0.1954846 0.1929461 0.1929461 0.1711648 0.1903495 0.1976691 0.1958184 0.1903495 0.1920028 0.1547670 0.1956544 0.1928550 0.1976691 0.1877669 0.0118939 0.0138887 0.0139129 0.0139135 0.0139135 0.0179370 0.0138978 0.1906009 0.0138978 0.0179433 0.0158996 0.0139068 0.0158976 0.0118939 0.0138887 0.0138887 0.0138887 0.0159155 0.0199591 0.1928550 0.1953688 0.1979167 0.1929225 0.2004453 0.1902251 0.2004453 0.1928605 0.1878507 0.1878507 0.1954373 0.1877669 0.1929297 0.1929297 0.1953276 0.1928146 0.3366373 
HM585502_Human_herpesvirus_1            0.0119027 0.0119027 0.0039448 0.0139068 0.0000000 0.0118905 0.0139062 0.0039512 0.0119090 0.0039448 0.0039448 0.0079197 0.0099086 0.0099214 0.0079197 0.1930733 0.1955259 0.1955259 0.1712573 0.1879506 0.2002602 0.1984113 0.1879506 0.1945978 0.1600666 0.1982449 0.1904513 0.2002602 0.1853740 0.0019704 0.0039443 0.0039512 0.0039514 0.0039514 0.0159199 0.0039469 0.1957717 0.0039469 0.0079284 0.0059278 0.0039494 0.0059271 0.0019704 0.0039443 0.0039443 0.0039443 0.0059337 0.0099214 0.1904513 0.1879893 0.1955020 0.1905178 0.1980248 0.1878280 0.1980248 0.1904566 0.1854569 0.1854569 0.1930265 0.1853740 0.1905250 0.1905250 0.1929185 0.1904118 0.3377905 
HM585504_Human_herpesvirus_1            0.0119101 0.0119101 0.0118766 0.0138932 0.0118905 0.0000000 0.0139149 0.0118957 0.0079145 0.0118766 0.0118766 0.0158923 0.0178950 0.0179184 0.0158923 0.1927167 0.1901901 0.1901901 0.1624378 0.1876049 0.1948975 0.1930459 0.1876049 0.1867565 0.1496168 0.1928849 0.1901007 0.1948975 0.1850334 0.0098870 0.0118751 0.0118957 0.0118962 0.0118962 0.0119025 0.0118829 0.1878528 0.0118829 0.0159099 0.0138776 0.0118905 0.0138759 0.0098870 0.0118751 0.0118751 0.0118751 0.0138914 0.0179184 0.1901007 0.1876434 0.1951412 0.1901669 0.1976592 0.1874828 0.1976592 0.1901059 0.1851160 0.1851160 0.1926700 0.1850334 0.1901742 0.1901742 0.1925635 0.1900613 0.3311162 
HM585506_Human_herpesvirus_1            0.0019704 0.0019704 0.0179259 0.0079118 0.0139062 0.0139149 0.0000000 0.0179550 0.0059283 0.0179259 0.0179259 0.0219886 0.0240095 0.0240412 0.0219886 0.1983026 0.1957519 0.1957519 0.1715874 0.1931410 0.2004927 0.1986418 0.1931410 0.1948241 0.1602516 0.1984750 0.1956593 0.2004927 0.1905452 0.0159176 0.0179236 0.0179550 0.0179556 0.0179556 0.0220054 0.0179354 0.1959983 0.0179354 0.0220132 0.0199489 0.0179471 0.0199464 0.0159176 0.0179236 0.0179236 0.0179236 0.0199689 0.0240412 0.1956593 0.1931815 0.2007454 0.1957280 0.2032861 0.1930141 0.2032861 0.1956651 0.1906305 0.1906305 0.1982546 0.1905452 0.1957350 0.1957350 0.1981425 0.1956179 0.3282445 
HM585508_Human_herpesvirus_1            0.0159373 0.0159373 0.0039466 0.0139129 0.0039512 0.0118957 0.0179550 0.0000000 0.0119142 0.0039466 0.0039466 0.0079232 0.0099129 0.0099258 0.0079232 0.1957493 0.1982099 0.1982099 0.1709933 0.1906056 0.2029577 0.2011102 0.1906056 0.1972969 0.1600666 0.2009411 0.1931155 0.2029577 0.1880187 0.0019713 0.0039461 0.0039530 0.0039531 0.0039531 0.0159269 0.0039487 0.1958499 0.0039487 0.0079319 0.0059304 0.0039512 0.0059297 0.0019713 0.0039461 0.0039461 0.0039461 0.0059363 0.0099258 0.1931155 0.1906452 0.1981856 0.1931832 0.2007182 0.1904808 0.2007182 0.1931209 0.1881028 0.1881028 0.1957020 0.1880187 0.1931903 0.1931903 0.1955919 0.1930750 0.3341981 
HM585509_Human_herpesvirus_1            0.0039457 0.0039457 0.0118951 0.0059192 0.0119090 0.0079145 0.0059283 0.0119142 0.0000000 0.0118951 0.0118951 0.0159170 0.0179229 0.0179464 0.0159170 0.1930501 0.1905181 0.1905181 0.1629120 0.1879280 0.1952343 0.1933801 0.1879280 0.1895590 0.1496168 0.1932179 0.1904284 0.1952343 0.1853517 0.0099024 0.0118935 0.0119142 0.0119147 0.0119147 0.0159291 0.0119013 0.1881766 0.0119013 0.0159347 0.0138992 0.0119090 0.0138974 0.0099024 0.0118935 0.0118935 0.0118935 0.0139131 0.0179464 0.1904284 0.1879667 0.1954786 0.1904949 0.1980011 0.1878054 0.1980011 0.1904337 0.1854346 0.1854346 0.1930034 0.1853517 0.1905022 0.1905022 0.1928954 0.1903889 0.3303572 
HM585510_Human_herpesvirus_1            0.0159115 0.0159115 0.0039402 0.0138905 0.0039448 0.0118766 0.0179259 0.0039466 0.0118951 0.0000000 0.0039402 0.0079105 0.0098970 0.0099098 0.0079105 0.1903889 0.1928319 0.1928319 0.1709933 0.1852876 0.1975521 0.1957023 0.1852876 0.1918886 0.1547670 0.1955385 0.1877786 0.1975521 0.1827227 0.0019682 0.0039397 0.0039466 0.0039468 0.0039468 0.0159012 0.0039423 0.1904883 0.0039423 0.0079192 0.0059209 0.0039448 0.0059202 0.0019682 0.0039397 0.0039397 0.0039397 0.0059268 0.0099098 0.1877786 0.1853253 0.1928083 0.1878439 0.1953216 0.1851671 0.1953216 0.1877837 0.1828043 0.1828043 0.1903429 0.1827227 0.1878513 0.1878513 0.1902372 0.1877400 0.3343573 
HM585511_Human_herpesvirus_1            0.0159115 0.0159115 0.0000010 0.0138905 0.0039448 0.0118766 0.0179259 0.0039466 0.0118951 0.0039402 0.0000000 0.0079105 0.0098970 0.0099098 0.0079105 0.1931147 0.1955675 0.1955675 0.1713229 0.1879912 0.2003024 0.1984533 0.1879912 0.1946396 0.1600666 0.1982869 0.1904923 0.2003024 0.1854143 0.0019682 0.0039397 0.0039466 0.0039468 0.0039468 0.0159012 0.0039423 0.1932147 0.0039423 0.0079192 0.0059209 0.0039448 0.0059202 0.0019682 0.0039397 0.0039397 0.0039397 0.0059268 0.0099098 0.1904923 0.1880299 0.1955436 0.1905588 0.1980668 0.1878686 0.1980668 0.1904976 0.1854972 0.1854972 0.1930679 0.1854143 0.1905660 0.1905660 0.1929599 0.1904527 0.3403686 
HM585512_Human_herpesvirus_1            0.0199611 0.0199611 0.0079105 0.0179234 0.0079197 0.0158923 0.0219886 0.0079232 0.0159170 0.0079105 0.0079105 0.0000000 0.0019668 0.0019693 0.0000010 0.2006983 0.2031693 0.2031693 0.1709933 0.1955262 0.2076474 0.2060913 0.1955262 0.1993864 0.1653294 0.2030171 0.1980488 0.2076474 0.1929243 0.0059268 0.0079095 0.0079232 0.0039399 0.0039399 0.0199481 0.0079147 0.2007997 0.0079147 0.0119214 0.0099035 0.0079197 0.0099022 0.0059268 0.0079095 0.0079095 0.0079095 0.0019672 0.0019693 0.1980488 0.1955675 0.2031444 0.1981185 0.2056897 0.1953976 0.2056897 0.1980550 0.1930106 0.1930106 0.2006498 0.1929243 0.1981254 0.1981254 0.2005360 0.1980066 0.3441094 
HM585513_Human_herpesvirus_1            0.0219772 0.0219772 0.0098970 0.0199329 0.0099086 0.0178950 0.0240095 0.0099129 0.0179229 0.0098970 0.0098970 0.0019668 0.0000000 0.0039421 0.0019668 0.2007106 0.2031818 0.2031818 0.1710103 0.1979830 0.2076602 0.2061040 0.1979830 0.1993986 0.1653294 0.2030295 0.2005121 0.2076602 0.1953743 0.0079095 0.0098958 0.0099129 0.0059166 0.0059166 0.0219628 0.0099022 0.2032711 0.0099022 0.0139209 0.0118949 0.0099086 0.0118934 0.0079095 0.0098958 0.0098958 0.0098958 0.0039379 0.0039421 0.2005121 0.1980252 0.2056203 0.2005827 0.2081719 0.1978521 0.2081719 0.2005184 0.1954615 0.1954615 0.2031202 0.1953743 0.2005894 0.2005894 0.2030045 0.2004690 0.3470478 
HM585514_Human_herpesvirus_1            0.0220062 0.0220062 0.0099098 0.0199591 0.0099214 0.0179184 0.0240412 0.0099258 0.0179464 0.0099098 0.0099098 0.0019693 0.0039421 0.0000000 0.0019693 0.1980779 0.2005416 0.2005416 0.1666807 0.1929243 0.2050117 0.2034499 0.1929243 0.1967562 0.1653294 0.2003920 0.1954389 0.2050117 0.1903327 0.0079197 0.0099086 0.0099258 0.0059242 0.0059242 0.0219918 0.0099151 0.1981788 0.0099151 0.0139390 0.0119103 0.0099214 0.0119088 0.0079197 0.0099086 0.0099086 0.0099086 0.0039430 0.0000010 0.1954389 0.1929647 0.2005170 0.1955074 0.2030537 0.1927976 0.2030537 0.1954447 0.1904178 0.1904178 0.1980300 0.1903327 0.1955144 0.1955144 0.1979180 0.1953976 0.3408690 
HM585515_Human_herpesvirus_1            0.0199611 0.0199611 0.0079105 0.0179234 0.0079197 0.0158923 0.0219886 0.0079232 0.0159170 0.0079105 0.0079105 0.0000010 0.0019668 0.0019693 0.0000000 0.2006983 0.2031693 0.2031693 0.1709933 0.1955262 0.2076474 0.2060913 0.1955262 0.1993864 0.1653294 0.2030171 0.1980488 0.2076474 0.1929243 0.0059268 0.0079095 0.0079232 0.0039399 0.0039399 0.0199481 0.0079147 0.2007997 0.0079147 0.0119214 0.0099035 0.0079197 0.0099022 0.0059268 0.0079095 0.0079095 0.0079095 0.0019672 0.0019693 0.1980488 0.1955675 0.2031444 0.1981185 0.2056897 0.1953976 0.2056897 0.1980550 0.1930106 0.1930106 0.2006498 0.1929243 0.1981254 0.1981254 0.2005360 0.1980066 0.3441094 
HSV2_1                                  0.1957066 0.1957066 0.1931147 0.1954846 0.1930733 0.1927167 0.1983026 0.1957493 0.1930501 0.1903889 0.1931147 0.2006983 0.2007106 0.1980779 0.2006983 0.0000000 0.0059324 0.0059324 0.0137322 0.0039521 0.0119050 0.0079327 0.0039521 0.0079779 0.0087776 0.0099314 0.0019740 0.0119050 0.0059424 0.1928954 0.1953455 0.1930105 0.1957483 0.1957483 0.1930915 0.1954974 0.0529628 0.1954974 0.2009775 0.1929817 0.1930733 0.1979541 0.1928954 0.1953455 0.1953455 0.1953455 0.1982087 0.1980779 0.0019740 0.0039524 0.0059378 0.0059378 0.0079259 0.0079314 0.0079259 0.0059386 0.0059355 0.0059355 0.0039536 0.0059424 0.0059384 0.0059384 0.0039521 0.0059355 0.3351120 
HSV2_2                                  0.1931646 0.1931646 0.1955675 0.1929461 0.1955259 0.1901901 0.1957519 0.1982099 0.1905181 0.1928319 0.1955675 0.2031693 0.2031818 0.2005416 0.2031693 0.0059324 0.0000000 0.0000010 0.0034121 0.0059348 0.0059312 0.0019757 0.0059348 0.0019873 0.0000010 0.0039577 0.0079219 0.0059312 0.0079304 0.1953455 0.1978003 0.1954622 0.1982087 0.1982087 0.1905591 0.1979541 0.0508594 0.1979541 0.2034527 0.1954328 0.1955259 0.2004165 0.1953455 0.1978003 0.1978003 0.1978003 0.2006744 0.2005416 0.0079219 0.0099136 0.0119121 0.0079242 0.0139132 0.0099233 0.0139132 0.0079253 0.0079212 0.0079212 0.0099164 0.0079304 0.0079250 0.0079250 0.0099127 0.0079212 0.3376870 
HSV2_3                                  0.1931646 0.1931646 0.1955675 0.1929461 0.1955259 0.1901901 0.1957519 0.1982099 0.1905181 0.1928319 0.1955675 0.2031693 0.2031818 0.2005416 0.2031693 0.0059324 0.0000010 0.0000000 0.0034121 0.0059348 0.0059312 0.0019757 0.0059348 0.0019873 0.0000010 0.0039577 0.0079219 0.0059312 0.0079304 0.1953455 0.1978003 0.1954622 0.1982087 0.1982087 0.1905591 0.1979541 0.0508594 0.1979541 0.2034527 0.1954328 0.1955259 0.2004165 0.1953455 0.1978003 0.1978003 0.1978003 0.2006744 0.2005416 0.0079219 0.0099136 0.0119121 0.0079242 0.0139132 0.0099233 0.0139132 0.0079253 0.0079212 0.0079212 0.0099164 0.0079304 0.0079250 0.0079250 0.0099127 0.0079212 0.3376870 
HSV2_4                                  0.1672876 0.1672876 0.1713229 0.1711648 0.1712573 0.1624378 0.1715874 0.1709933 0.1629120 0.1709933 0.1713229 0.1709933 0.1710103 0.1666807 0.1709933 0.0137322 0.0034121 0.0034121 0.0000000 0.0137415 0.0000022 0.0034121 0.0137415 0.0000028 0.0000021 0.0000022 0.0172114 0.0000022 0.0137415 0.1709933 0.1709933 0.1711642 0.1709933 0.1709933 0.1584097 0.1753322 0.0527033 0.1753322 0.1800901 0.1711244 0.1709933 0.1753322 0.1709933 0.1709933 0.1709933 0.1709933 0.1709933 0.1666807 0.0172114 0.0172114 0.0207048 0.0172200 0.0207048 0.0172085 0.0207048 0.0137415 0.0172085 0.0172085 0.0207048 0.0137415 0.0172230 0.0172230 0.0172114 0.0172085 0.3169231 
HSV2_5                                  0.1905639 0.1905639 0.1879912 0.1903495 0.1879506 0.1876049 0.1931410 0.1906056 0.1879280 0.1852876 0.1879912 0.1955262 0.1979830 0.1929243 0.1955262 0.0039521 0.0059348 0.0059348 0.0137415 0.0000000 0.0119096 0.0079358 0.0000010 0.0079810 0.0087776 0.0099353 0.0019728 0.0119096 0.0019749 0.1877786 0.1902143 0.1878899 0.1906049 0.1906049 0.1879686 0.1903616 0.0487476 0.1903616 0.1957965 0.1878625 0.1879506 0.1928040 0.1877786 0.1902143 0.1902143 0.1902143 0.1930510 0.1929243 0.0019728 0.0039500 0.0059341 0.0019734 0.0079210 0.0039538 0.0079210 0.0019737 0.0019726 0.0019726 0.0039511 0.0019749 0.0019736 0.0019736 0.0039496 0.0019726 0.3347749 
HSV2_7                                  0.1978935 0.1978935 0.2003024 0.1976691 0.2002602 0.1948975 0.2004927 0.2029577 0.1952343 0.1975521 0.2003024 0.2076474 0.2076602 0.2050117 0.2076474 0.0119050 0.0059312 0.0059312 0.0000022 0.0119096 0.0000000 0.0079311 0.0119096 0.0000023 0.0000010 0.0000023 0.0139103 0.0000010 0.0139253 0.2000748 0.2025372 0.2001948 0.2026779 0.2026779 0.1952758 0.2026953 0.0549880 0.2026953 0.2082236 0.2001641 0.2002602 0.2051650 0.2000748 0.2025372 0.2025372 0.2025372 0.2051478 0.2050117 0.0139103 0.0159156 0.0179288 0.0139143 0.0199436 0.0159312 0.0199436 0.0139163 0.0139090 0.0139090 0.0159202 0.0139253 0.0139158 0.0139158 0.0159140 0.0139090 0.3468566 
HSV2_8                                  0.1960412 0.1960412 0.1984533 0.1958184 0.1984113 0.1930459 0.1986418 0.2011102 0.1933801 0.1957023 0.1984533 0.2060913 0.2061040 0.2034499 0.2060913 0.0079327 0.0019757 0.0019757 0.0034121 0.0079358 0.0079311 0.0000000 0.0079358 0.0039861 0.0000010 0.0059547 0.0099309 0.0079311 0.0099416 0.1982274 0.2006929 0.1983464 0.2011088 0.2011088 0.1934215 0.2008498 0.0530497 0.2008498 0.2063800 0.1983161 0.1984113 0.2033227 0.1982274 0.2006929 0.2006929 0.2006929 0.2035852 0.2034499 0.0099309 0.0119306 0.0139375 0.0099338 0.0159467 0.0119423 0.0159467 0.0099352 0.0099300 0.0099300 0.0119340 0.0099416 0.0099348 0.0099348 0.0119295 0.0099300 0.3414357 
HSV2_9                                  0.1905639 0.1905639 0.1879912 0.1903495 0.1879506 0.1876049 0.1931410 0.1906056 0.1879280 0.1852876 0.1879912 0.1955262 0.1979830 0.1929243 0.1955262 0.0039521 0.0059348 0.0059348 0.0137415 0.0000010 0.0119096 0.0079358 0.0000000 0.0079810 0.0087776 0.0099353 0.0019728 0.0119096 0.0019749 0.1877786 0.1902143 0.1878899 0.1906049 0.1906049 0.1879686 0.1903616 0.0487476 0.1903616 0.1957965 0.1878625 0.1879506 0.1928040 0.1877786 0.1902143 0.1902143 0.1902143 0.1930510 0.1929243 0.0019728 0.0039500 0.0059341 0.0019734 0.0079210 0.0039538 0.0079210 0.0019737 0.0019726 0.0019726 0.0039511 0.0019749 0.0019736 0.0019736 0.0039496 0.0019726 0.3347749 
HSV2_10                                 0.1922213 0.1922213 0.1946396 0.1920028 0.1945978 0.1867565 0.1948241 0.1972969 0.1895590 0.1918886 0.1946396 0.1993864 0.1993986 0.1967562 0.1993864 0.0079779 0.0019873 0.0019873 0.0000028 0.0079810 0.0000023 0.0039861 0.0079810 0.0000000 0.0000010 0.0000030 0.0099875 0.0000023 0.0099983 0.1944171 0.1968867 0.1945340 0.1944171 0.1944171 0.1896002 0.1970410 0.0512263 0.1970410 0.2025722 0.1945046 0.1945978 0.1995190 0.1944171 0.1968867 0.1968867 0.1968867 0.1968867 0.1967562 0.0099875 0.0119988 0.0140166 0.0099904 0.0160380 0.0120106 0.0160380 0.0099918 0.0099865 0.0099865 0.0120022 0.0099983 0.0099914 0.0099914 0.0119976 0.0099865 0.3405654 
HSV2_11                                 0.1548292 0.1548292 0.1600666 0.1547670 0.1600666 0.1496168 0.1602516 0.1600666 0.1496168 0.1547670 0.1600666 0.1653294 0.1653294 0.1653294 0.1653294 0.0087776 0.0000010 0.0000010 0.0000021 0.0087776 0.0000010 0.0000010 0.0087776 0.0000010 0.0000000 0.0000010 0.0087776 0.0000010 0.0087776 0.1600666 0.1652852 0.1600666 0.1600666 0.1600666 0.1440961 0.1600666 0.0401613 0.1600666 0.1660188 0.1602240 0.1600666 0.1655611 0.1600666 0.1600666 0.1600666 0.1600666 0.1600666 0.1653294 0.0087776 0.0131991 0.0132075 0.0132075 0.0176539 0.0087776 0.0176539 0.0087776 0.0131963 0.0131963 0.0132075 0.0087776 0.0132106 0.0132106 0.0087776 0.0087776 0.2758037 
HSV2_12                                 0.1958769 0.1958769 0.1982869 0.1956544 0.1982449 0.1928849 0.1984750 0.2009411 0.1932179 0.1955385 0.1982869 0.2030171 0.2030295 0.2003920 0.2030171 0.0099314 0.0039577 0.0039577 0.0000022 0.0099353 0.0000023 0.0059547 0.0099353 0.0000030 0.0000010 0.0000000 0.0119359 0.0000023 0.0119488 0.1980613 0.2005245 0.1981801 0.1980613 0.1980613 0.1932596 0.2006812 0.0530095 0.2006812 0.2062059 0.1981499 0.1982449 0.2031518 0.1980613 0.2005245 0.2005245 0.2005245 0.2005245 0.2003920 0.0119359 0.0139410 0.0159538 0.0119393 0.0179677 0.0139547 0.0179677 0.0119411 0.0119347 0.0119347 0.0139450 0.0119488 0.0119406 0.0119406 0.0139397 0.0119347 0.3447739 
HSV2_15                                 0.1930733 0.1930733 0.1904923 0.1928550 0.1904513 0.1901007 0.1956593 0.1931155 0.1904284 0.1877786 0.1904923 0.1980488 0.2005121 0.1954389 0.1980488 0.0019740 0.0079219 0.0079219 0.0172114 0.0019728 0.0139103 0.0099309 0.0019728 0.0099875 0.0087776 0.0119359 0.0000000 0.0139103 0.0039542 0.1902766 0.1927177 0.1903896 0.1931147 0.1931147 0.1904694 0.1928674 0.0508385 0.1928674 0.1983235 0.1903616 0.1904513 0.1953171 0.1902766 0.1927177 0.1927177 0.1927177 0.1955675 0.1954389 0.0000010 0.0019730 0.0039511 0.0039511 0.0059346 0.0059387 0.0059346 0.0039517 0.0039496 0.0039496 0.0019736 0.0039542 0.0039515 0.0039515 0.0019728 0.0039496 0.3318093 
HSV2_16                                 0.1978935 0.1978935 0.2003024 0.1976691 0.2002602 0.1948975 0.2004927 0.2029577 0.1952343 0.1975521 0.2003024 0.2076474 0.2076602 0.2050117 0.2076474 0.0119050 0.0059312 0.0059312 0.0000022 0.0119096 0.0000010 0.0079311 0.0119096 0.0000023 0.0000010 0.0000023 0.0139103 0.0000000 0.0139253 0.2000748 0.2025372 0.2001948 0.2026779 0.2026779 0.1952758 0.2026953 0.0549880 0.2026953 0.2082236 0.2001641 0.2002602 0.2051650 0.2000748 0.2025372 0.2025372 0.2025372 0.2051478 0.2050117 0.0139103 0.0159156 0.0179288 0.0139143 0.0199436 0.0159312 0.0199436 0.0139163 0.0139090 0.0139090 0.0159202 0.0139253 0.0139158 0.0139158 0.0159140 0.0139090 0.3468566 
HSV2_17                                 0.1879775 0.1879775 0.1854143 0.1877669 0.1853740 0.1850334 0.1905452 0.1880187 0.1853517 0.1827227 0.1854143 0.1929243 0.1953743 0.1903327 0.1929243 0.0059424 0.0079304 0.0079304 0.0137415 0.0019749 0.0139253 0.0099416 0.0019749 0.0099983 0.0087776 0.0119488 0.0039542 0.0139253 0.0000000 0.1852048 0.1876337 0.1853143 0.1880181 0.1880181 0.1853920 0.1877786 0.0508956 0.1877786 0.1931903 0.1852876 0.1853740 0.1902143 0.1852048 0.1876337 0.1876337 0.1876337 0.1904573 0.1903327 0.0039542 0.0059393 0.0079295 0.0039554 0.0099231 0.0019739 0.0099231 0.0039559 0.0039538 0.0039538 0.0059410 0.0000010 0.0039558 0.0039558 0.0059387 0.0039538 0.3315452 
JN400093_Human_herpesvirus_1            0.0139082 0.0139082 0.0019682 0.0118939 0.0019704 0.0098870 0.0159176 0.0019713 0.0099024 0.0019682 0.0019682 0.0059268 0.0079095 0.0079197 0.0059268 0.1928954 0.1953455 0.1953455 0.1709933 0.1877786 0.2000748 0.1982274 0.1877786 0.1944171 0.1600666 0.1980613 0.1902766 0.2000748 0.1852048 0.0000000 0.0019679 0.0019713 0.0019714 0.0019714 0.0138992 0.0019692 0.1929954 0.0019692 0.0059333 0.0039423 0.0019704 0.0039418 0.0000010 0.0019679 0.0019679 0.0019679 0.0039462 0.0079197 0.1902766 0.1878172 0.1953216 0.1903429 0.1978409 0.1876563 0.1978409 0.1902818 0.1852876 0.1852876 0.1928487 0.1852048 0.1903502 0.1903502 0.1927408 0.1902372 0.3374158 
JN420337_Human_herpesvirus_1            0.0159095 0.0159095 0.0039397 0.0138887 0.0039443 0.0118751 0.0179236 0.0039461 0.0118935 0.0039397 0.0039397 0.0079095 0.0098958 0.0099086 0.0079095 0.1953455 0.1978003 0.1978003 0.1709933 0.1902143 0.2025372 0.2006929 0.1902143 0.1968867 0.1652852 0.2005245 0.1927177 0.2025372 0.1876337 0.0019679 0.0000000 0.0039461 0.0039462 0.0039462 0.0158992 0.0039418 0.1954458 0.0039418 0.0079182 0.0059202 0.0039443 0.0059194 0.0019679 0.0039392 0.0039392 0.0039392 0.0059260 0.0099086 0.1927177 0.1902537 0.1977761 0.1927852 0.2003025 0.1900901 0.2003025 0.1927233 0.1877175 0.1877175 0.1952983 0.1876337 0.1927923 0.1927923 0.1951887 0.1926774 0.3403317 
JN420338_Human_herpesvirus_1            0.0159373 0.0159373 0.0039466 0.0139129 0.0039512 0.0118957 0.0179550 0.0039530 0.0119142 0.0039466 0.0039466 0.0079232 0.0099129 0.0099258 0.0079232 0.1930105 0.1954622 0.1954622 0.1711642 0.1878899 0.2001948 0.1983464 0.1878899 0.1945340 0.1600666 0.1981801 0.1903896 0.2001948 0.1853143 0.0019713 0.0039461 0.0000000 0.0039531 0.0039531 0.0159269 0.0039487 0.1931106 0.0039487 0.0079319 0.0059304 0.0039512 0.0059297 0.0019713 0.0039461 0.0039461 0.0039461 0.0059363 0.0099258 0.1903896 0.1879285 0.1954383 0.1904561 0.1979600 0.1877674 0.1979600 0.1903949 0.1853972 0.1853972 0.1929638 0.1853143 0.1904633 0.1904633 0.1928558 0.1903502 0.3337183 
JN420339_Human_herpesvirus_1            0.0159379 0.0159379 0.0039468 0.0139135 0.0039514 0.0118962 0.0179556 0.0039531 0.0119147 0.0039468 0.0039468 0.0039399 0.0059166 0.0059242 0.0039399 0.1957483 0.1982087 0.1982087 0.1709933 0.1906049 0.2026779 0.2011088 0.1906049 0.1944171 0.1600666 0.1980613 0.1931147 0.2026779 0.1880181 0.0019714 0.0039462 0.0039531 0.0000000 0.0000010 0.0159275 0.0039488 0.1958489 0.0039488 0.0079322 0.0059307 0.0039514 0.0059299 0.0019714 0.0039462 0.0039462 0.0039462 0.0019680 0.0059242 0.1931147 0.1906445 0.1981845 0.1931823 0.2007169 0.1904801 0.2007169 0.1931201 0.1881022 0.1881022 0.1957010 0.1880181 0.1931895 0.1931895 0.1955909 0.1930742 0.3411401 
JN420340_Human_herpesvirus_1            0.0159379 0.0159379 0.0039468 0.0139135 0.0039514 0.0118962 0.0179556 0.0039531 0.0119147 0.0039468 0.0039468 0.0039399 0.0059166 0.0059242 0.0039399 0.1957483 0.1982087 0.1982087 0.1709933 0.1906049 0.2026779 0.2011088 0.1906049 0.1944171 0.1600666 0.1980613 0.1931147 0.2026779 0.1880181 0.0019714 0.0039462 0.0039531 0.0000010 0.0000000 0.0159275 0.0039488 0.1958489 0.0039488 0.0079322 0.0059307 0.0039514 0.0059299 0.0019714 0.0039462 0.0039462 0.0039462 0.0019680 0.0059242 0.1931147 0.1906445 0.1981845 0.1931823 0.2007169 0.1904801 0.2007169 0.1931201 0.1881022 0.1881022 0.1957010 0.1880181 0.1931895 0.1931895 0.1955909 0.1930742 0.3411401 
JN420341_Human_herpesvirus_1            0.0199763 0.0199763 0.0159012 0.0179370 0.0159199 0.0119025 0.0220054 0.0159269 0.0159291 0.0159012 0.0159012 0.0199481 0.0219628 0.0219918 0.0199481 0.1930915 0.1905591 0.1905591 0.1584097 0.1879686 0.1952758 0.1934215 0.1879686 0.1896002 0.1440961 0.1932596 0.1904694 0.1952758 0.1853920 0.0138992 0.0158992 0.0159269 0.0159275 0.0159275 0.0000000 0.0159096 0.1882173 0.0159096 0.0199703 0.0179168 0.0159199 0.0179145 0.0138992 0.0158992 0.0158679 0.0158679 0.0179347 0.0219918 0.1904694 0.1929771 0.1955202 0.1905359 0.1980431 0.1878460 0.1980431 0.1904747 0.1854749 0.1854749 0.1930447 0.1853920 0.1905431 0.1905431 0.1929367 0.1904299 0.3363795 
JN420342_Human_herpesvirus_1            0.0159199 0.0159199 0.0039423 0.0138978 0.0039469 0.0118829 0.0179354 0.0039487 0.0119013 0.0039423 0.0039423 0.0079147 0.0099022 0.0099151 0.0079147 0.1954974 0.1979541 0.1979541 0.1753322 0.1903616 0.2026953 0.2008498 0.1903616 0.1970410 0.1600666 0.2006812 0.1928674 0.2026953 0.1877786 0.0019692 0.0039418 0.0039487 0.0039488 0.0039488 0.0159096 0.0000000 0.1955978 0.0000010 0.0039460 0.0059240 0.0039469 0.0059233 0.0019692 0.0039418 0.0039418 0.0039418 0.0059299 0.0099151 0.1928674 0.1904010 0.1979299 0.1929350 0.2004589 0.1902372 0.2004589 0.1928729 0.1878625 0.1878625 0.1954502 0.1877786 0.1929421 0.1929421 0.1953404 0.1928271 0.3406398 
JQ360576_Chimpanzee_alpha-1_herpesvirus 0.1934079 0.1934079 0.1932147 0.1906009 0.1957717 0.1878528 0.1959983 0.1958499 0.1881766 0.1904883 0.1932147 0.2007997 0.2032711 0.1981788 0.2007997 0.0529628 0.0508594 0.0508594 0.0527033 0.0487476 0.0549880 0.0530497 0.0487476 0.0512263 0.0401613 0.0530095 0.0508385 0.0549880 0.0508956 0.1929954 0.1954458 0.1931106 0.1958489 0.1958489 0.1882173 0.1955978 0.0000000 0.1955978 0.2010791 0.1930817 0.1957717 0.1980552 0.1929954 0.1904218 0.1954458 0.1954458 0.1983097 0.1981788 0.0508385 0.0529343 0.0550452 0.0508536 0.0571514 0.0529877 0.0571514 0.0508351 0.0466617 0.0466617 0.0529502 0.0508956 0.0508583 0.0508583 0.0529281 0.0508325 0.3478387 
JQ730035_Human_herpesvirus_1            0.0159199 0.0159199 0.0039423 0.0138978 0.0039469 0.0118829 0.0179354 0.0039487 0.0119013 0.0039423 0.0039423 0.0079147 0.0099022 0.0099151 0.0079147 0.1954974 0.1979541 0.1979541 0.1753322 0.1903616 0.2026953 0.2008498 0.1903616 0.1970410 0.1600666 0.2006812 0.1928674 0.2026953 0.1877786 0.0019692 0.0039418 0.0039487 0.0039488 0.0039488 0.0159096 0.0000010 0.1955978 0.0000000 0.0039460 0.0059240 0.0039469 0.0059233 0.0019692 0.0039418 0.0039418 0.0039418 0.0059299 0.0099151 0.1928674 0.1904010 0.1979299 0.1929350 0.2004589 0.1902372 0.2004589 0.1928729 0.1878625 0.1878625 0.1954502 0.1877786 0.1929421 0.1929421 0.1953404 0.1928271 0.3406398 
JX142173_Human_herpesvirus_1            0.0199834 0.0199834 0.0079192 0.0179433 0.0079284 0.0159099 0.0220132 0.0079319 0.0159347 0.0079192 0.0079192 0.0119214 0.0139209 0.0139390 0.0119214 0.2009775 0.2034527 0.2034527 0.1800901 0.1957965 0.2082236 0.2063800 0.1957965 0.2025722 0.1660188 0.2062059 0.1983235 0.2082236 0.1931903 0.0059333 0.0079182 0.0079319 0.0079322 0.0079322 0.0199703 0.0039460 0.2010791 0.0039460 0.0000000 0.0099144 0.0079284 0.0099131 0.0059333 0.0079182 0.0079182 0.0079182 0.0099243 0.0139390 0.1983235 0.1958380 0.2034277 0.1983934 0.2059773 0.1956675 0.2059773 0.1983296 0.1932768 0.1932768 0.2009289 0.1931903 0.1984002 0.1984002 0.2008147 0.1982812 0.3440975 
KF498959_Human_herpesvirus_1            0.0179285 0.0179285 0.0059209 0.0158996 0.0059278 0.0138776 0.0199489 0.0059304 0.0138992 0.0059209 0.0059209 0.0099035 0.0118949 0.0119103 0.0099035 0.1929817 0.1954328 0.1954328 0.1711244 0.1878625 0.2001641 0.1983161 0.1878625 0.1945046 0.1602240 0.1981499 0.1903616 0.2001641 0.1852876 0.0039423 0.0059202 0.0059304 0.0059307 0.0059307 0.0179168 0.0059240 0.1930817 0.0059240 0.0099144 0.0000000 0.0059278 0.0079058 0.0039423 0.0059202 0.0059202 0.0059202 0.0079147 0.0119103 0.1903616 0.1879011 0.1954089 0.1904280 0.1979299 0.1877400 0.1979299 0.1903669 0.1853704 0.1853704 0.1929350 0.1852876 0.1904352 0.1904352 0.1928271 0.1903221 0.3375687 
KJ847330_Human_herpesvirus_1            0.0159303 0.0159303 0.0039448 0.0139068 0.0039494 0.0118905 0.0179471 0.0039512 0.0119090 0.0039448 0.0039448 0.0079197 0.0099086 0.0099214 0.0079197 0.1930733 0.1955259 0.1955259 0.1709933 0.1879506 0.2002602 0.1984113 0.1879506 0.1945978 0.1600666 0.1982449 0.1904513 0.2002602 0.1853740 0.0019704 0.0039443 0.0039512 0.0039514 0.0039514 0.0159199 0.0039469 0.1957717 0.0039469 0.0079284 0.0059278 0.0000000 0.0059271 0.0019704 0.0039443 0.0039443 0.0039443 0.0059337 0.0099214 0.1904513 0.1879893 0.1955020 0.1905178 0.1980248 0.1878280 0.1980248 0.1904566 0.1854569 0.1854569 0.1930265 0.1853740 0.1905250 0.1905250 0.1929185 0.1904118 0.3377905 
KM222720_Human_herpesvirus_1            0.0179262 0.0179262 0.0059202 0.0158976 0.0059271 0.0138759 0.0199464 0.0059297 0.0138974 0.0059202 0.0059202 0.0099022 0.0118934 0.0119088 0.0099022 0.1979541 0.2004165 0.2004165 0.1753322 0.1928040 0.2051650 0.2033227 0.1928040 0.1995190 0.1655611 0.2031518 0.1953171 0.2051650 0.1902143 0.0039418 0.0059194 0.0059297 0.0059299 0.0059299 0.0179145 0.0059233 0.1980552 0.0059233 0.0099131 0.0079058 0.0059271 0.0000000 0.0039418 0.0059194 0.0059194 0.0059194 0.0079137 0.0119088 0.1953171 0.1928443 0.2003919 0.1953855 0.2029269 0.1926774 0.2029269 0.1953229 0.1902993 0.1902993 0.1979061 0.1902143 0.1953925 0.1953925 0.1977950 0.1952759 0.3434401 
KM222721_Human_herpesvirus_1            0.0139082 0.0139082 0.0019682 0.0118939 0.0019704 0.0098870 0.0159176 0.0019713 0.0099024 0.0019682 0.0019682 0.0059268 0.0079095 0.0079197 0.0059268 0.1928954 0.1953455 0.1953455 0.1709933 0.1877786 0.2000748 0.1982274 0.1877786 0.1944171 0.1600666 0.1980613 0.1902766 0.2000748 0.1852048 0.0000010 0.0019679 0.0019713 0.0019714 0.0019714 0.0138992 0.0019692 0.1929954 0.0019692 0.0059333 0.0039423 0.0019704 0.0039418 0.0000000 0.0019679 0.0019679 0.0019679 0.0039462 0.0079197 0.1902766 0.1878172 0.1953216 0.1903429 0.1978409 0.1876563 0.1978409 0.1902818 0.1852876 0.1852876 0.1928487 0.1852048 0.1903502 0.1903502 0.1927408 0.1902372 0.3374158 
KM222722_Human_herpesvirus_1            0.0159095 0.0159095 0.0039397 0.0138887 0.0039443 0.0118751 0.0179236 0.0039461 0.0118935 0.0039397 0.0039397 0.0079095 0.0098958 0.0099086 0.0079095 0.1953455 0.1978003 0.1978003 0.1709933 0.1902143 0.2025372 0.2006929 0.1902143 0.1968867 0.1600666 0.2005245 0.1927177 0.2025372 0.1876337 0.0019679 0.0039392 0.0039461 0.0039462 0.0039462 0.0158992 0.0039418 0.1904218 0.0039418 0.0079182 0.0059202 0.0039443 0.0059194 0.0019679 0.0000000 0.0039392 0.0039392 0.0059260 0.0099086 0.1927177 0.1902537 0.1977761 0.1927852 0.2003025 0.1900901 0.2003025 0.1927233 0.1877175 0.1877175 0.1952983 0.1876337 0.1927923 0.1927923 0.1951887 0.1926774 0.3403317 
KM222724_Human_herpesvirus_1            0.0159095 0.0159095 0.0039397 0.0138887 0.0039443 0.0118751 0.0179236 0.0039461 0.0118935 0.0039397 0.0039397 0.0079095 0.0098958 0.0099086 0.0079095 0.1953455 0.1978003 0.1978003 0.1709933 0.1902143 0.2025372 0.2006929 0.1902143 0.1968867 0.1600666 0.2005245 0.1927177 0.2025372 0.1876337 0.0019679 0.0039392 0.0039461 0.0039462 0.0039462 0.0158679 0.0039418 0.1954458 0.0039418 0.0079182 0.0059202 0.0039443 0.0059194 0.0019679 0.0039392 0.0000000 0.0000010 0.0059260 0.0099086 0.1927177 0.1902537 0.1977761 0.1927852 0.2003025 0.1900901 0.2003025 0.1927233 0.1877175 0.1877175 0.1952983 0.1876337 0.1927923 0.1927923 0.1951887 0.1926774 0.3374427 
KM222725_Human_herpesvirus_1            0.0159095 0.0159095 0.0039397 0.0138887 0.0039443 0.0118751 0.0179236 0.0039461 0.0118935 0.0039397 0.0039397 0.0079095 0.0098958 0.0099086 0.0079095 0.1953455 0.1978003 0.1978003 0.1709933 0.1902143 0.2025372 0.2006929 0.1902143 0.1968867 0.1600666 0.2005245 0.1927177 0.2025372 0.1876337 0.0019679 0.0039392 0.0039461 0.0039462 0.0039462 0.0158679 0.0039418 0.1954458 0.0039418 0.0079182 0.0059202 0.0039443 0.0059194 0.0019679 0.0039392 0.0000010 0.0000000 0.0059260 0.0099086 0.1927177 0.1902537 0.1977761 0.1927852 0.2003025 0.1900901 0.2003025 0.1927233 0.1877175 0.1877175 0.1952983 0.1876337 0.1927923 0.1927923 0.1951887 0.1926774 0.3374427 
KM222726_Human_herpesvirus_1            0.0179464 0.0179464 0.0059268 0.0159155 0.0059337 0.0138914 0.0199689 0.0059363 0.0139131 0.0059268 0.0059268 0.0019672 0.0039379 0.0039430 0.0019672 0.1982087 0.2006744 0.2006744 0.1709933 0.1930510 0.2051478 0.2035852 0.1930510 0.1968867 0.1600666 0.2005245 0.1955675 0.2051478 0.1904573 0.0039462 0.0059260 0.0059363 0.0019680 0.0019680 0.0179347 0.0059299 0.1983097 0.0059299 0.0099243 0.0079147 0.0059337 0.0079137 0.0039462 0.0059260 0.0059260 0.0059260 0.0000000 0.0039430 0.1955675 0.1930915 0.2006498 0.1956361 0.2031885 0.1929243 0.2031885 0.1955734 0.1905424 0.1905424 0.1981608 0.1904573 0.1956431 0.1956431 0.1980488 0.1955262 0.3411401 
KM222727_Human_herpesvirus_1            0.0220062 0.0220062 0.0099098 0.0199591 0.0099214 0.0179184 0.0240412 0.0099258 0.0179464 0.0099098 0.0099098 0.0019693 0.0039421 0.0000010 0.0019693 0.1980779 0.2005416 0.2005416 0.1666807 0.1929243 0.2050117 0.2034499 0.1929243 0.1967562 0.1653294 0.2003920 0.1954389 0.2050117 0.1903327 0.0079197 0.0099086 0.0099258 0.0059242 0.0059242 0.0219918 0.0099151 0.1981788 0.0099151 0.0139390 0.0119103 0.0099214 0.0119088 0.0079197 0.0099086 0.0099086 0.0099086 0.0039430 0.0000000 0.1954389 0.1929647 0.2005170 0.1955074 0.2030537 0.1927976 0.2030537 0.1954447 0.1904178 0.1904178 0.1980300 0.1903327 0.1955144 0.1955144 0.1979180 0.1953976 0.3408690 
KP334095_Human_herpesvirus_2            0.1930733 0.1930733 0.1904923 0.1928550 0.1904513 0.1901007 0.1956593 0.1931155 0.1904284 0.1877786 0.1904923 0.1980488 0.2005121 0.1954389 0.1980488 0.0019740 0.0079219 0.0079219 0.0172114 0.0019728 0.0139103 0.0099309 0.0019728 0.0099875 0.0087776 0.0119359 0.0000010 0.0139103 0.0039542 0.1902766 0.1927177 0.1903896 0.1931147 0.1931147 0.1904694 0.1928674 0.0508385 0.1928674 0.1983235 0.1903616 0.1904513 0.1953171 0.1902766 0.1927177 0.1927177 0.1927177 0.1955675 0.1954389 0.0000000 0.0019730 0.0039511 0.0039511 0.0059346 0.0059387 0.0059346 0.0039517 0.0039496 0.0039496 0.0019736 0.0039542 0.0039515 0.0039515 0.0019728 0.0039496 0.3318093 
KR135298_Human_herpesvirus_2            0.1906035 0.1906035 0.1880299 0.1953688 0.1879893 0.1876434 0.1931815 0.1906452 0.1879667 0.1853253 0.1880299 0.1955675 0.1980252 0.1929647 0.1955675 0.0039524 0.0099136 0.0099136 0.0172114 0.0039500 0.0159156 0.0119306 0.0039500 0.0119988 0.0131991 0.0139410 0.0019730 0.0159156 0.0059393 0.1878172 0.1902537 0.1879285 0.1906445 0.1906445 0.1929771 0.1904010 0.0529343 0.1904010 0.1958380 0.1879011 0.1879893 0.1928443 0.1878172 0.1902537 0.1902537 0.1902537 0.1930915 0.1929647 0.0019730 0.0000000 0.0059346 0.0059346 0.0079218 0.0079273 0.0079218 0.0059355 0.0059324 0.0059324 0.0039515 0.0059393 0.0059353 0.0059353 0.0039500 0.0059324 0.3288509 
KR135299_Human_herpesvirus_2            0.1981425 0.1981425 0.1955436 0.1979167 0.1955020 0.1951412 0.2007454 0.1981856 0.1954786 0.1928083 0.1955436 0.2031444 0.2056203 0.2005170 0.2031444 0.0059378 0.0119121 0.0119121 0.0207048 0.0059341 0.0179288 0.0139375 0.0059341 0.0140166 0.0132075 0.0159538 0.0039511 0.0179288 0.0079295 0.1953216 0.1977761 0.1954383 0.1981845 0.1981845 0.1955202 0.1979299 0.0550452 0.1979299 0.2034277 0.1954089 0.1955020 0.2003919 0.1953216 0.1977761 0.1977761 0.1977761 0.2006498 0.2005170 0.0039511 0.0059346 0.0000000 0.0039516 0.0019738 0.0099222 0.0019738 0.0079245 0.0079203 0.0079203 0.0019738 0.0079295 0.0079241 0.0079241 0.0019734 0.0079203 0.3318460 
KR135301_Human_herpesvirus_2            0.1931410 0.1931410 0.1905588 0.1929225 0.1905178 0.1901669 0.1957280 0.1931832 0.1904949 0.1878439 0.1905588 0.1981185 0.2005827 0.1955074 0.1981185 0.0059378 0.0079242 0.0079242 0.0172200 0.0019734 0.0139143 0.0099338 0.0019734 0.0099904 0.0132075 0.0119393 0.0039511 0.0139143 0.0039554 0.1903429 0.1927852 0.1904561 0.1931823 0.1931823 0.1905359 0.1929350 0.0508536 0.1929350 0.1983934 0.1904280 0.1905178 0.1953855 0.1903429 0.1927852 0.1927852 0.1927852 0.1956361 0.1955074 0.0039511 0.0059346 0.0039516 0.0000000 0.0059354 0.0059404 0.0059354 0.0039528 0.0039507 0.0039507 0.0019738 0.0039554 0.0039527 0.0039527 0.0059341 0.0039507 0.3318460 
KR135302_Human_herpesvirus_2            0.2006746 0.2006746 0.1980668 0.2004453 0.1980248 0.1976592 0.2032861 0.2007182 0.1980011 0.1953216 0.1980668 0.2056897 0.2081719 0.2030537 0.2056897 0.0079259 0.0139132 0.0139132 0.0207048 0.0079210 0.0199436 0.0159467 0.0079210 0.0160380 0.0176539 0.0179677 0.0059346 0.0199436 0.0099231 0.1978409 0.2003025 0.1979600 0.2007169 0.2007169 0.1980431 0.2004589 0.0571514 0.2004589 0.2059773 0.1979299 0.1980248 0.2029269 0.1978409 0.2003025 0.2003025 0.2003025 0.2031885 0.2030537 0.0059346 0.0079218 0.0019738 0.0059354 0.0000000 0.0119201 0.0000010 0.0099168 0.0099115 0.0099115 0.0039520 0.0099231 0.0099164 0.0099164 0.0039511 0.0099115 0.3349262 
KR135306_Human_herpesvirus_2            0.1904392 0.1904392 0.1878686 0.1902251 0.1878280 0.1874828 0.1930141 0.1904808 0.1878054 0.1851671 0.1878686 0.1953976 0.1978521 0.1927976 0.1953976 0.0079314 0.0099233 0.0099233 0.0172085 0.0039538 0.0159312 0.0119423 0.0039538 0.0120106 0.0087776 0.0139547 0.0059387 0.0159312 0.0019739 0.1876563 0.1900901 0.1877674 0.1904801 0.1904801 0.1878460 0.1902372 0.0529877 0.1902372 0.1956675 0.1877400 0.1878280 0.1926774 0.1876563 0.1900901 0.1900901 0.1900901 0.1929243 0.1927976 0.0059387 0.0079273 0.0099222 0.0059404 0.0119201 0.0000000 0.0119201 0.0059413 0.0059382 0.0059382 0.0079295 0.0019739 0.0059411 0.0059411 0.0079265 0.0059382 0.3345077 
KR135307_Human_herpesvirus_2            0.2006746 0.2006746 0.1980668 0.2004453 0.1980248 0.1976592 0.2032861 0.2007182 0.1980011 0.1953216 0.1980668 0.2056897 0.2081719 0.2030537 0.2056897 0.0079259 0.0139132 0.0139132 0.0207048 0.0079210 0.0199436 0.0159467 0.0079210 0.0160380 0.0176539 0.0179677 0.0059346 0.0199436 0.0099231 0.1978409 0.2003025 0.1979600 0.2007169 0.2007169 0.1980431 0.2004589 0.0571514 0.2004589 0.2059773 0.1979299 0.1980248 0.2029269 0.1978409 0.2003025 0.2003025 0.2003025 0.2031885 0.2030537 0.0059346 0.0079218 0.0019738 0.0059354 0.0000010 0.0119201 0.0000000 0.0099168 0.0099115 0.0099115 0.0039520 0.0099231 0.0099164 0.0099164 0.0039511 0.0099115 0.3349262 
KR135311_Human_herpesvirus_2            0.1930787 0.1930787 0.1904976 0.1928605 0.1904566 0.1901059 0.1956651 0.1931209 0.1904337 0.1877837 0.1904976 0.1980550 0.2005184 0.1954447 0.1980550 0.0059386 0.0079253 0.0079253 0.0137415 0.0019737 0.0139163 0.0099352 0.0019737 0.0099918 0.0087776 0.0119411 0.0039517 0.0139163 0.0039559 0.1902818 0.1927233 0.1903949 0.1931201 0.1931201 0.1904747 0.1928729 0.0508351 0.1928729 0.1983296 0.1903669 0.1904566 0.1953229 0.1902818 0.1927233 0.1927233 0.1927233 0.1955734 0.1954447 0.0039517 0.0059355 0.0079245 0.0039528 0.0099168 0.0059413 0.0099168 0.0000000 0.0039513 0.0039513 0.0059372 0.0039559 0.0039532 0.0039532 0.0059350 0.0039513 0.3378929 
KR135312_Human_herpesvirus_2            0.1880615 0.1880615 0.1854972 0.1878507 0.1854569 0.1851160 0.1906305 0.1881028 0.1854346 0.1828043 0.1854972 0.1930106 0.1954615 0.1904178 0.1930106 0.0059355 0.0079212 0.0079212 0.0172085 0.0019726 0.0139090 0.0099300 0.0019726 0.0099865 0.0131963 0.0119347 0.0039496 0.0139090 0.0039538 0.1852876 0.1877175 0.1853972 0.1881022 0.1881022 0.1854749 0.1878625 0.0466617 0.1878625 0.1932768 0.1853704 0.1854569 0.1902993 0.1852876 0.1877175 0.1877175 0.1877175 0.1905424 0.1904178 0.0039496 0.0059324 0.0079203 0.0039507 0.0099115 0.0059382 0.0099115 0.0039513 0.0000000 0.0000010 0.0059341 0.0039538 0.0039512 0.0039512 0.0059318 0.0039492 0.3316970 
