45
HM585496_Human_herpesvirus_1            0.0000000 0.0098936 0.0079194 0.0000010 0.0039367 0.0099127 0.0118758 0.0039367 0.0119202 0.0099127 0.0158688 0.0158688 0.0118793 0.1275096 0.1299016 0.1299016 0.1167697 0.1251249 0.1076809 0.1275096 0.1274744 0.1453916 0.1236984 0.1251249 0.1322248 0.1254034 0.1274367 0.0118705 0.0059106 0.0078903 0.0059106 0.1199612 0.0059106 0.0059106 0.0118793 0.1254750 0.1254034 0.1274367 0.1274367 0.1254750 0.1230907 0.1274367 0.1297526 0.1274367 0.1802075 
HM585497_Human_herpesvirus_1            0.0098936 0.0000000 0.0099106 0.0098936 0.0059218 0.0079189 0.0098825 0.0059218 0.0099194 0.0079189 0.0138656 0.0138656 0.0098854 0.1248982 0.1272785 0.1272785 0.1118352 0.1225244 0.1051851 0.1248982 0.1248630 0.1398116 0.1210874 0.1225244 0.1295918 0.1227975 0.1248273 0.0098781 0.0079032 0.0098909 0.0079032 0.1173969 0.0079032 0.0079032 0.0098854 0.1228672 0.1227975 0.1248273 0.1248273 0.1228672 0.1204955 0.1248273 0.1271334 0.1248273 0.1800857 
HM585498_Human_herpesvirus_1            0.0079194 0.0099106 0.0000000 0.0079194 0.0079206 0.0019632 0.0118961 0.0079206 0.0078872 0.0019632 0.0118944 0.0118944 0.0079148 0.1295987 0.1319919 0.1319919 0.1120697 0.1272129 0.1097443 0.1295987 0.1295638 0.1401275 0.1258004 0.1272129 0.1343149 0.1274948 0.1295246 0.0079090 0.0099100 0.0079192 0.0059323 0.1174040 0.0099100 0.0059323 0.0079148 0.1275677 0.1274948 0.1295246 0.1295246 0.1275677 0.1251829 0.1295246 0.1318403 0.1295246 0.1856087 
HM585499_Human_herpesvirus_1            0.0000010 0.0098936 0.0079194 0.0000000 0.0039367 0.0099127 0.0118758 0.0039367 0.0119202 0.0099127 0.0158688 0.0158688 0.0118793 0.1275096 0.1299016 0.1299016 0.1167697 0.1251249 0.1076809 0.1275096 0.1274744 0.1453916 0.1236984 0.1251249 0.1322248 0.1254034 0.1274367 0.0118705 0.0059106 0.0078903 0.0059106 0.1199612 0.0059106 0.0059106 0.0118793 0.1254750 0.1254034 0.1274367 0.1274367 0.1254750 0.1230907 0.1274367 0.1297526 0.1274367 0.1802075 
HM585501_Human_herpesvirus_1            0.0039367 0.0059218 0.0079206 0.0039367 0.0000000 0.0059333 0.0078981 0.0000010 0.0079276 0.0059333 0.0118729 0.0118729 0.0079004 0.1275372 0.1299299 0.1299299 0.1167697 0.1251518 0.1077028 0.1275372 0.1275020 0.1453916 0.1237250 0.1251518 0.1322537 0.1254304 0.1274643 0.0078946 0.0019655 0.0039357 0.0019655 0.1199865 0.0019655 0.0019655 0.0079004 0.1255020 0.1254304 0.1274643 0.1274643 0.1255020 0.1231171 0.1274643 0.1297808 0.1274643 0.1826805 
HM585502_Human_herpesvirus_1            0.0099127 0.0079189 0.0019632 0.0099127 0.0059333 0.0000000 0.0099015 0.0059333 0.0059083 0.0000010 0.0099001 0.0099001 0.0059290 0.1272348 0.1296210 0.1296210 0.1120697 0.1248559 0.1074548 0.1272348 0.1271997 0.1401275 0.1234309 0.1248559 0.1319387 0.1251333 0.1271623 0.0059246 0.0079185 0.0059323 0.0039501 0.1150830 0.0079185 0.0039501 0.0059290 0.1252045 0.1251333 0.1271623 0.1271623 0.1252045 0.1228259 0.1271623 0.1294727 0.1271623 0.1854860 
HM585504_Human_herpesvirus_1            0.0118758 0.0098825 0.0118961 0.0118758 0.0078981 0.0099015 0.0000000 0.0078981 0.0119068 0.0099015 0.0158508 0.0158508 0.0118660 0.1251139 0.1274985 0.1274985 0.1120697 0.1227358 0.1075859 0.1251139 0.1250786 0.1353370 0.1212975 0.1227358 0.1251139 0.1183347 0.1250427 0.0118572 0.0098819 0.0118726 0.0098819 0.1198552 0.0098819 0.0098819 0.0118660 0.1230797 0.1230098 0.1250427 0.1250427 0.1230797 0.1207036 0.1203661 0.1273529 0.1250427 0.1824738 
HM585508_Human_herpesvirus_1            0.0039367 0.0059218 0.0079206 0.0039367 0.0000010 0.0059333 0.0078981 0.0000000 0.0079276 0.0059333 0.0118729 0.0118729 0.0079004 0.1275372 0.1299299 0.1299299 0.1167697 0.1251518 0.1077028 0.1275372 0.1275020 0.1453916 0.1237250 0.1251518 0.1322537 0.1254304 0.1274643 0.0078946 0.0019655 0.0039357 0.0019655 0.1199865 0.0019655 0.0019655 0.0079004 0.1255020 0.1254304 0.1274643 0.1274643 0.1255020 0.1231171 0.1274643 0.1297808 0.1274643 0.1826805 
HM585509_Human_herpesvirus_1            0.0119202 0.0099194 0.0078872 0.0119202 0.0079276 0.0059083 0.0119068 0.0079276 0.0000000 0.0059083 0.0159100 0.0159100 0.0119103 0.1202082 0.1225742 0.1225742 0.1120697 0.1178493 0.1006439 0.1202082 0.1201733 0.1352239 0.1163872 0.1178493 0.1248776 0.1181133 0.1201406 0.0119015 0.0099188 0.0119170 0.0099188 0.1196829 0.0099188 0.0099188 0.0119103 0.1181797 0.1181133 0.1201406 0.1201406 0.1181797 0.1158216 0.1201406 0.1224357 0.1201406 0.1830226 
HM585511_Human_herpesvirus_1            0.0099127 0.0079189 0.0019632 0.0099127 0.0059333 0.0000010 0.0099015 0.0059333 0.0059083 0.0000000 0.0099001 0.0099001 0.0059290 0.1272348 0.1296210 0.1296210 0.1120697 0.1248559 0.1074548 0.1272348 0.1271997 0.1401275 0.1234309 0.1248559 0.1319387 0.1251333 0.1271623 0.0059246 0.0079185 0.0059323 0.0039501 0.1150830 0.0079185 0.0039501 0.0059290 0.1252045 0.1251333 0.1271623 0.1271623 0.1252045 0.1228259 0.1271623 0.1294727 0.1271623 0.1854860 
HM585512_Human_herpesvirus_1            0.0158688 0.0138656 0.0118944 0.0158688 0.0118729 0.0099001 0.0158508 0.0118729 0.0159100 0.0099001 0.0000000 0.0000010 0.0039329 0.1296670 0.1320610 0.1320610 0.1076049 0.1272803 0.1098045 0.1296670 0.1296320 0.1401388 0.1258677 0.1272803 0.1343848 0.1275624 0.1295927 0.0078835 0.0138646 0.0078937 0.0098804 0.1197215 0.0138646 0.0098804 0.0039329 0.1276354 0.1275624 0.1295927 0.1295927 0.1276354 0.1252497 0.1295927 0.1319092 0.1295927 0.1905829 
HM585513_Human_herpesvirus_1            0.0158688 0.0138656 0.0118944 0.0158688 0.0118729 0.0099001 0.0158508 0.0118729 0.0159100 0.0099001 0.0000010 0.0000000 0.0039329 0.1296670 0.1320610 0.1320610 0.1076049 0.1272803 0.1098045 0.1296670 0.1296320 0.1401388 0.1258677 0.1272803 0.1343848 0.1275624 0.1295927 0.0078835 0.0138646 0.0078937 0.0098804 0.1197215 0.0138646 0.0098804 0.0039329 0.1276354 0.1275624 0.1295927 0.1295927 0.1276354 0.1252497 0.1295927 0.1319092 0.1295927 0.1905829 
HM585514_Human_herpesvirus_1            0.0118793 0.0098854 0.0079148 0.0118793 0.0079004 0.0059290 0.0118660 0.0079004 0.0119103 0.0059290 0.0039329 0.0039329 0.0000000 0.1250429 0.1274257 0.1274257 0.1076049 0.1226667 0.1053077 0.1250429 0.1250077 0.1353496 0.1212290 0.1226667 0.1297413 0.1229403 0.1249718 0.0039344 0.0098848 0.0039395 0.0059172 0.1151627 0.0098848 0.0059172 0.0000010 0.1230101 0.1229403 0.1249718 0.1249718 0.1230101 0.1206359 0.1249718 0.1272803 0.1249718 0.1875852 
HSV2_1                                  0.1275096 0.1248982 0.1295987 0.1275096 0.1275372 0.1272348 0.1251139 0.1275372 0.1202082 0.1272348 0.1296670 0.1296670 0.1250429 0.0000000 0.0019779 0.0019779 0.0076734 0.0099339 0.0201327 0.0079396 0.0039669 0.0000030 0.0000025 0.0099339 0.0039596 0.0159393 0.0119320 0.1297415 0.1298553 0.1299368 0.1298553 0.0553032 0.1298553 0.1298553 0.1250429 0.0119320 0.0159393 0.0119320 0.0119320 0.0119320 0.0139337 0.0119320 0.0139337 0.0119320 0.1835966 
HSV2_2                                  0.1299016 0.1272785 0.1319919 0.1299016 0.1299299 0.1296210 0.1274985 0.1299299 0.1225742 0.1296210 0.1320610 0.1320610 0.1274257 0.0019779 0.0000000 0.0000010 0.0076734 0.0119373 0.0181024 0.0099383 0.0019818 0.0000030 0.0019910 0.0119373 0.0019779 0.0179566 0.0139400 0.1321375 0.1322537 0.1323369 0.1322537 0.0574336 0.1322537 0.1322537 0.1274257 0.0139400 0.0179566 0.0139400 0.0139400 0.0139400 0.0159464 0.0139400 0.0159464 0.0139400 0.1811361 
HSV2_3                                  0.1299016 0.1272785 0.1319919 0.1299016 0.1299299 0.1296210 0.1274985 0.1299299 0.1225742 0.1296210 0.1320610 0.1320610 0.1274257 0.0019779 0.0000010 0.0000000 0.0076734 0.0119373 0.0181024 0.0099383 0.0019818 0.0000030 0.0019910 0.0119373 0.0019779 0.0179566 0.0139400 0.1321375 0.1322537 0.1323369 0.1322537 0.0574336 0.1322537 0.1322537 0.1274257 0.0139400 0.0179566 0.0139400 0.0139400 0.0139400 0.0159464 0.0139400 0.0159464 0.0139400 0.1811361 
HSV2_4                                  0.1167697 0.1118352 0.1120697 0.1167697 0.1167697 0.1120697 0.1120697 0.1167697 0.1120697 0.1120697 0.1076049 0.1076049 0.1076049 0.0076734 0.0076734 0.0076734 0.0000000 0.0000010 0.0076734 0.0000010 0.0076986 0.0000022 0.0038603 0.0000010 0.0076734 0.0076694 0.0000010 0.1164383 0.1211672 0.1167697 0.1167697 0.0635962 0.1167697 0.1167697 0.1076049 0.0038278 0.0076694 0.0000010 0.0038278 0.0038278 0.0076694 0.0000010 0.0000010 0.0000010 0.1853867 
HSV2_5                                  0.1251249 0.1225244 0.1272129 0.1251249 0.1251518 0.1248559 0.1227358 0.1251518 0.1178493 0.1248559 0.1272803 0.1272803 0.1226667 0.0099339 0.0119373 0.0119373 0.0000010 0.0000000 0.0303793 0.0019771 0.0139675 0.0000030 0.0059857 0.0000010 0.0139400 0.0059398 0.0019762 0.1273529 0.1274643 0.1275442 0.1274643 0.0574239 0.1274643 0.1274643 0.1226667 0.0019762 0.0059398 0.0019762 0.0019762 0.0019762 0.0039561 0.0019762 0.0039561 0.0019762 0.1836313 
HSV2_7                                  0.1076809 0.1051851 0.1097443 0.1076809 0.1077028 0.1074548 0.1075859 0.1077028 0.1006439 0.1074548 0.1098045 0.1098045 0.1053077 0.0201327 0.0181024 0.0181024 0.0076734 0.0303793 0.0000000 0.0283271 0.0201733 0.0000030 0.0202680 0.0303793 0.0201327 0.0365588 0.0324353 0.1098635 0.1099568 0.1100243 0.1099568 0.0642315 0.1099568 0.1099568 0.1053077 0.0324353 0.0365588 0.0324353 0.0324353 0.0324353 0.0344951 0.0324353 0.0344951 0.0324353 0.1808350 
HSV2_9                                  0.1275096 0.1248982 0.1295987 0.1275096 0.1275372 0.1272348 0.1251139 0.1275372 0.1202082 0.1272348 0.1296670 0.1296670 0.1250429 0.0079396 0.0099383 0.0099383 0.0000010 0.0019771 0.0283271 0.0000000 0.0119607 0.0000030 0.0059857 0.0019771 0.0119373 0.0079306 0.0039579 0.1297415 0.1298553 0.1299368 0.1298553 0.0595601 0.1298553 0.1298553 0.1250429 0.0039579 0.0079306 0.0039579 0.0039579 0.0039579 0.0059424 0.0039579 0.0059424 0.0039579 0.1811707 
HSV2_10                                 0.1274744 0.1248630 0.1295638 0.1274744 0.1275020 0.1271997 0.1250786 0.1275020 0.1201733 0.1271997 0.1296320 0.1296320 0.1250077 0.0039669 0.0019818 0.0019818 0.0076986 0.0139675 0.0201733 0.0119607 0.0000000 0.0041118 0.0039929 0.0139675 0.0039669 0.0200107 0.0159781 0.1297065 0.1298202 0.1299018 0.1298202 0.0580111 0.1298202 0.1298202 0.1250077 0.0159781 0.0200107 0.0159781 0.0159781 0.0159781 0.0179925 0.0159781 0.0179925 0.0159781 0.1790318 
HSV2_11                                 0.1453916 0.1398116 0.1401275 0.1453916 0.1453916 0.1401275 0.1353370 0.1453916 0.1352239 0.1401275 0.1401388 0.1401388 0.1353496 0.0000030 0.0000030 0.0000030 0.0000022 0.0000030 0.0000030 0.0000030 0.0041118 0.0000000 0.0000030 0.0000030 0.0000030 0.0082062 0.0000030 0.1403094 0.1502346 0.1455814 0.1453916 0.0686833 0.1453916 0.1453916 0.1353496 0.0040955 0.0082062 0.0000030 0.0000030 0.0040955 0.0082062 0.0000030 0.0000030 0.0000030 0.1993929 
HSV2_12                                 0.1236984 0.1210874 0.1258004 0.1236984 0.1237250 0.1234309 0.1212975 0.1237250 0.1163872 0.1234309 0.1258677 0.1258677 0.1212290 0.0000025 0.0019910 0.0019910 0.0038603 0.0059857 0.0202680 0.0059857 0.0039929 0.0000030 0.0000000 0.0059857 0.0039854 0.0120057 0.0079881 0.1236166 0.1260504 0.1261300 0.1260504 0.0514312 0.1260504 0.1260504 0.1212290 0.0079881 0.0120057 0.0079881 0.0079881 0.0079881 0.0099951 0.0079881 0.0099951 0.0079881 0.1796027 
HSV2_13                                 0.1251249 0.1225244 0.1272129 0.1251249 0.1251518 0.1248559 0.1227358 0.1251518 0.1178493 0.1248559 0.1272803 0.1272803 0.1226667 0.0099339 0.0119373 0.0119373 0.0000010 0.0000010 0.0303793 0.0019771 0.0139675 0.0000030 0.0059857 0.0000000 0.0139400 0.0059398 0.0019762 0.1273529 0.1274643 0.1275442 0.1274643 0.0574239 0.1274643 0.1274643 0.1226667 0.0019762 0.0059398 0.0019762 0.0019762 0.0019762 0.0039561 0.0019762 0.0039561 0.0019762 0.1836313 
HSV2_16                                 0.1322248 0.1295918 0.1343149 0.1322248 0.1322537 0.1319387 0.1251139 0.1322537 0.1248776 0.1319387 0.1343848 0.1343848 0.1297413 0.0039596 0.0019779 0.0019779 0.0076734 0.0139400 0.0201327 0.0119373 0.0039669 0.0000030 0.0039854 0.0139400 0.0000000 0.0159393 0.0159464 0.1344631 0.1345815 0.1346663 0.1345815 0.0595410 0.1345815 0.1345815 0.1297413 0.0159464 0.0199705 0.0159464 0.0159464 0.0159464 0.0179566 0.0119320 0.0179566 0.0159464 0.1835966 
HSV2_17                                 0.1254034 0.1227975 0.1274948 0.1254034 0.1254304 0.1251333 0.1183347 0.1254304 0.1181133 0.1251333 0.1275624 0.1275624 0.1229403 0.0159393 0.0179566 0.0179566 0.0076694 0.0059398 0.0365588 0.0079306 0.0200107 0.0082062 0.0120057 0.0059398 0.0159393 0.0000000 0.0079271 0.1276354 0.1277472 0.1278274 0.1277472 0.0622806 0.1277472 0.1277472 0.1229403 0.0039544 0.0039527 0.0079271 0.0079271 0.0039544 0.0019745 0.0039544 0.0099182 0.0079271 0.1890837 
HSV2_18                                 0.1274367 0.1248273 0.1295246 0.1274367 0.1274643 0.1271623 0.1250427 0.1274643 0.1201406 0.1271623 0.1295927 0.1295927 0.1249718 0.0119320 0.0139400 0.0139400 0.0000010 0.0019762 0.0324353 0.0039579 0.0159781 0.0000030 0.0079881 0.0019762 0.0159464 0.0079271 0.0000000 0.1296672 0.1297808 0.1298622 0.1297808 0.0595309 0.1297808 0.1297808 0.1249718 0.0039561 0.0079271 0.0039561 0.0039561 0.0039561 0.0059398 0.0039561 0.0059398 0.0039561 0.1841363 
JN400093_Human_herpesvirus_1            0.0118705 0.0098781 0.0079090 0.0118705 0.0078946 0.0059246 0.0118572 0.0078946 0.0119015 0.0059246 0.0078835 0.0078835 0.0039344 0.1297415 0.1321375 0.1321375 0.1164383 0.1273529 0.1098635 0.1297415 0.1297065 0.1403094 0.1236166 0.1273529 0.1344631 0.1276354 0.1296672 0.0000000 0.0098775 0.0039366 0.0059128 0.1175324 0.0098775 0.0059128 0.0039344 0.1277084 0.1276354 0.1296672 0.1296672 0.1277084 0.1253209 0.1296672 0.1319855 0.1296672 0.1862811 
JN420337_Human_herpesvirus_1            0.0059106 0.0079032 0.0099100 0.0059106 0.0019655 0.0079185 0.0098819 0.0019655 0.0099188 0.0079185 0.0138646 0.0138646 0.0098848 0.1298553 0.1322537 0.1322537 0.1211672 0.1274643 0.1099568 0.1298553 0.1298202 0.1502346 0.1260504 0.1274643 0.1345815 0.1277472 0.1297808 0.0098775 0.0000000 0.0059091 0.0039347 0.1222773 0.0039347 0.0039347 0.0098848 0.1278204 0.1277472 0.1297808 0.1297808 0.1278204 0.1254304 0.1297808 0.1321013 0.1297808 0.1851483 
JN420341_Human_herpesvirus_1            0.0078903 0.0098909 0.0079192 0.0078903 0.0039357 0.0059323 0.0118726 0.0039357 0.0119170 0.0059323 0.0078937 0.0078937 0.0039395 0.1299368 0.1323369 0.1323369 0.1167697 0.1275442 0.1100243 0.1299368 0.1299018 0.1455814 0.1261300 0.1275442 0.1346663 0.1278274 0.1298622 0.0039366 0.0059091 0.0000000 0.0019651 0.1177066 0.0059091 0.0019651 0.0039395 0.1279007 0.1278274 0.1298622 0.1298622 0.1279007 0.1255091 0.1298622 0.1321844 0.1298622 0.1877093 
JN420342_Human_herpesvirus_1            0.0059106 0.0079032 0.0059323 0.0059106 0.0019655 0.0039501 0.0098819 0.0019655 0.0099188 0.0039501 0.0098804 0.0098804 0.0059172 0.1298553 0.1322537 0.1322537 0.1167697 0.1274643 0.1099568 0.1298553 0.1298202 0.1453916 0.1260504 0.1274643 0.1345815 0.1277472 0.1297808 0.0059128 0.0039347 0.0019651 0.0000000 0.1176336 0.0039347 0.0000010 0.0059172 0.1278204 0.1277472 0.1297808 0.1297808 0.1278204 0.1254304 0.1297808 0.1321013 0.1297808 0.1851483 
JQ360576_Chimpanzee_alpha-1_herpesvirus 0.1199612 0.1173969 0.1174040 0.1199612 0.1199865 0.1150830 0.1198552 0.1199865 0.1196829 0.1150830 0.1197215 0.1197215 0.1151627 0.0553032 0.0574336 0.0574336 0.0635962 0.0574239 0.0642315 0.0595601 0.0580111 0.0686833 0.0514312 0.0574239 0.0595410 0.0622806 0.0595309 0.1175324 0.1222773 0.1177066 0.1176336 0.0000000 0.1222773 0.1176336 0.1151627 0.0580305 0.0622806 0.0595309 0.0595309 0.0580305 0.0601538 0.0595309 0.0616418 0.0595309 0.2225205 
KM222720_Human_herpesvirus_1            0.0059106 0.0079032 0.0099100 0.0059106 0.0019655 0.0079185 0.0098819 0.0019655 0.0099188 0.0079185 0.0138646 0.0138646 0.0098848 0.1298553 0.1322537 0.1322537 0.1167697 0.1274643 0.1099568 0.1298553 0.1298202 0.1453916 0.1260504 0.1274643 0.1345815 0.1277472 0.1297808 0.0098775 0.0039347 0.0059091 0.0039347 0.1222773 0.0000000 0.0039347 0.0098848 0.1278204 0.1277472 0.1297808 0.1297808 0.1278204 0.1254304 0.1297808 0.1321013 0.1297808 0.1851483 
KM222724_Human_herpesvirus_1            0.0059106 0.0079032 0.0059323 0.0059106 0.0019655 0.0039501 0.0098819 0.0019655 0.0099188 0.0039501 0.0098804 0.0098804 0.0059172 0.1298553 0.1322537 0.1322537 0.1167697 0.1274643 0.1099568 0.1298553 0.1298202 0.1453916 0.1260504 0.1274643 0.1345815 0.1277472 0.1297808 0.0059128 0.0039347 0.0019651 0.0000010 0.1176336 0.0039347 0.0000000 0.0059172 0.1278204 0.1277472 0.1297808 0.1297808 0.1278204 0.1254304 0.1297808 0.1321013 0.1297808 0.1851483 
KM222727_Human_herpesvirus_1            0.0118793 0.0098854 0.0079148 0.0118793 0.0079004 0.0059290 0.0118660 0.0079004 0.0119103 0.0059290 0.0039329 0.0039329 0.0000010 0.1250429 0.1274257 0.1274257 0.1076049 0.1226667 0.1053077 0.1250429 0.1250077 0.1353496 0.1212290 0.1226667 0.1297413 0.1229403 0.1249718 0.0039344 0.0098848 0.0039395 0.0059172 0.1151627 0.0098848 0.0059172 0.0000000 0.1230101 0.1229403 0.1249718 0.1249718 0.1230101 0.1206359 0.1249718 0.1272803 0.1249718 0.1875852 
KR135299_Human_herpesvirus_2            0.1254750 0.1228672 0.1275677 0.1254750 0.1255020 0.1252045 0.1230797 0.1255020 0.1181797 0.1252045 0.1276354 0.1276354 0.1230101 0.0119320 0.0139400 0.0139400 0.0038278 0.0019762 0.0324353 0.0039579 0.0159781 0.0040955 0.0079881 0.0019762 0.0159464 0.0039544 0.0039561 0.1277084 0.1278204 0.1279007 0.1278204 0.0580305 0.1278204 0.1278204 0.1230101 0.0000000 0.0039544 0.0039561 0.0039561 0.0000010 0.0019753 0.0039561 0.0059398 0.0039561 0.1841363 
KR135301_Human_herpesvirus_2            0.1254034 0.1227975 0.1274948 0.1254034 0.1254304 0.1251333 0.1230098 0.1254304 0.1181133 0.1251333 0.1275624 0.1275624 0.1229403 0.0159393 0.0179566 0.0179566 0.0076694 0.0059398 0.0365588 0.0079306 0.0200107 0.0082062 0.0120057 0.0059398 0.0199705 0.0039527 0.0079271 0.1276354 0.1277472 0.1278274 0.1277472 0.0622806 0.1277472 0.1277472 0.1229403 0.0039544 0.0000000 0.0039544 0.0079271 0.0039544 0.0019745 0.0079271 0.0099182 0.0079271 0.1890837 
KR135302_Human_herpesvirus_2            0.1274367 0.1248273 0.1295246 0.1274367 0.1274643 0.1271623 0.1250427 0.1274643 0.1201406 0.1271623 0.1295927 0.1295927 0.1249718 0.0119320 0.0139400 0.0139400 0.0000010 0.0019762 0.0324353 0.0039579 0.0159781 0.0000030 0.0079881 0.0019762 0.0159464 0.0079271 0.0039561 0.1296672 0.1297808 0.1298622 0.1297808 0.0595309 0.1297808 0.1297808 0.1249718 0.0039561 0.0039544 0.0000000 0.0039561 0.0039561 0.0059398 0.0039561 0.0059398 0.0039561 0.1860966 
KR135303_Human_herpesvirus_2            0.1274367 0.1248273 0.1295246 0.1274367 0.1274643 0.1271623 0.1250427 0.1274643 0.1201406 0.1271623 0.1295927 0.1295927 0.1249718 0.0119320 0.0139400 0.0139400 0.0038278 0.0019762 0.0324353 0.0039579 0.0159781 0.0000030 0.0079881 0.0019762 0.0159464 0.0079271 0.0039561 0.1296672 0.1297808 0.1298622 0.1297808 0.0595309 0.1297808 0.1297808 0.1249718 0.0039561 0.0079271 0.0039561 0.0000000 0.0039561 0.0059398 0.0039561 0.0059398 0.0039561 0.1841363 
KR135307_Human_herpesvirus_2            0.1254750 0.1228672 0.1275677 0.1254750 0.1255020 0.1252045 0.1230797 0.1255020 0.1181797 0.1252045 0.1276354 0.1276354 0.1230101 0.0119320 0.0139400 0.0139400 0.0038278 0.0019762 0.0324353 0.0039579 0.0159781 0.0040955 0.0079881 0.0019762 0.0159464 0.0039544 0.0039561 0.1277084 0.1278204 0.1279007 0.1278204 0.0580305 0.1278204 0.1278204 0.1230101 0.0000010 0.0039544 0.0039561 0.0039561 0.0000000 0.0019753 0.0039561 0.0059398 0.0039561 0.1841363 
KR135315_Human_herpesvirus_2            0.1230907 0.1204955 0.1251829 0.1230907 0.1231171 0.1228259 0.1207036 0.1231171 0.1158216 0.1228259 0.1252497 0.1252497 0.1206359 0.0139337 0.0159464 0.0159464 0.0076694 0.0039561 0.0344951 0.0059424 0.0179925 0.0082062 0.0099951 0.0039561 0.0179566 0.0019745 0.0059398 0.1253209 0.1254304 0.1255091 0.1254304 0.0601538 0.1254304 0.1254304 0.1206359 0.0019753 0.0019745 0.0059398 0.0059398 0.0019753 0.0000000 0.0059398 0.0079271 0.0059398 0.1866077 
KR135318_Human_herpesvirus_2            0.1274367 0.1248273 0.1295246 0.1274367 0.1274643 0.1271623 0.1203661 0.1274643 0.1201406 0.1271623 0.1295927 0.1295927 0.1249718 0.0119320 0.0139400 0.0139400 0.0000010 0.0019762 0.0324353 0.0039579 0.0159781 0.0000030 0.0079881 0.0019762 0.0119320 0.0039544 0.0039561 0.1296672 0.1297808 0.1298622 0.1297808 0.0595309 0.1297808 0.1297808 0.1249718 0.0039561 0.0079271 0.0039561 0.0039561 0.0039561 0.0059398 0.0000000 0.0059398 0.0039561 0.1860966 
KR135322_Human_herpesvirus_2            0.1297526 0.1271334 0.1318403 0.1297526 0.1297808 0.1294727 0.1273529 0.1297808 0.1224357 0.1294727 0.1319092 0.1319092 0.1272803 0.0139337 0.0159464 0.0159464 0.0000010 0.0039561 0.0344951 0.0059424 0.0179925 0.0000030 0.0099951 0.0039561 0.0179566 0.0099182 0.0059398 0.1319855 0.1321013 0.1321844 0.1321013 0.0616418 0.1321013 0.1321013 0.1272803 0.0059398 0.0099182 0.0059398 0.0059398 0.0059398 0.0079271 0.0059398 0.0000000 0.0019753 0.1866077 
KR135327_Human_herpesvirus_2            0.1274367 0.1248273 0.1295246 0.1274367 0.1274643 0.1271623 0.1250427 0.1274643 0.1201406 0.1271623 0.1295927 0.1295927 0.1249718 0.0119320 0.0139400 0.0139400 0.0000010 0.0019762 0.0324353 0.0039579 0.0159781 0.0000030 0.0079881 0.0019762 0.0159464 0.0079271 0.0039561 0.1296672 0.1297808 0.1298622 0.1297808 0.0595309 0.1297808 0.1297808 0.1249718 0.0039561 0.0079271 0.0039561 0.0039561 0.0039561 0.0059398 0.0039561 0.0019753 0.0000000 0.1860966 
NC_006560_Cercopithecine_herpesvirus_2  0.1802075 0.1800857 0.1856087 0.1802075 0.1826805 0.1854860 0.1824738 0.1826805 0.1830226 0.1854860 0.1905829 0.1905829 0.1875852 0.1835966 0.1811361 0.1811361 0.1853867 0.1836313 0.1808350 0.1811707 0.1790318 0.1993929 0.1796027 0.1836313 0.1835966 0.1890837 0.1841363 0.1862811 0.1851483 0.1877093 0.1851483 0.2225205 0.1851483 0.1851483 0.1875852 0.1841363 0.1890837 0.1860966 0.1841363 0.1841363 0.1866077 0.1860966 0.1866077 0.1860966 0.0000000 
