43
HM585496_Human_herpesvirus_1            0.0000000 0.0059420 0.0039525 0.0000010 0.0019718 0.0039525 0.0119219 0.0139245 0.0039476 0.0079212 0.0079212 0.0119059 0.2257236 0.2312622 0.2231913 0.1390324 0.2257236 0.2284113 0.2257976 0.2284113 0.1085056 0.0059349 0.0059349 0.0059423 0.0079212 0.1930772 0.0119879 0.0059368 0.0059368 0.0059348 0.0059348 0.0059348 0.0119059 0.2231189 0.2231189 0.2229153 0.2231607 0.2231607 0.2282924 0.2282924 0.2283356 0.0059402 0.2866436 
HM585497_Human_herpesvirus_1            0.0059420 0.0000000 0.0059367 0.0059420 0.0079309 0.0059367 0.0119958 0.0140104 0.0099237 0.0099148 0.0099148 0.0139088 0.2325038 0.2381148 0.2299443 0.1468277 0.2325038 0.2352247 0.2325808 0.2352247 0.1198839 0.0079238 0.0079238 0.0079338 0.0099148 0.1994995 0.0140043 0.0079263 0.0079263 0.0079237 0.0079237 0.0079237 0.0139088 0.2298691 0.2298691 0.2296577 0.2299130 0.2299130 0.2351003 0.2351003 0.2351457 0.0079309 0.2926726 
HM585498_Human_herpesvirus_1            0.0039525 0.0059367 0.0000000 0.0039525 0.0019741 0.0000010 0.0079238 0.0099158 0.0039521 0.0039486 0.0039486 0.0079132 0.2260238 0.2315711 0.2234877 0.1430795 0.2260238 0.2287155 0.2260979 0.2287155 0.1143603 0.0019723 0.0019723 0.0019748 0.0039486 0.1933299 0.0079681 0.0019729 0.0019729 0.0019723 0.0019723 0.0019723 0.0079132 0.2234151 0.2234151 0.2232109 0.2234570 0.2234570 0.2285963 0.2285963 0.2286396 0.0019741 0.2836585 
HM585499_Human_herpesvirus_1            0.0000010 0.0059420 0.0039525 0.0000000 0.0019718 0.0039525 0.0119219 0.0139245 0.0039476 0.0079212 0.0079212 0.0119059 0.2257236 0.2312622 0.2231913 0.1390324 0.2257236 0.2284113 0.2257976 0.2284113 0.1085056 0.0059349 0.0059349 0.0059423 0.0079212 0.1930772 0.0119879 0.0059368 0.0059368 0.0059348 0.0059348 0.0059348 0.0119059 0.2231189 0.2231189 0.2229153 0.2231607 0.2231607 0.2282924 0.2282924 0.2283356 0.0059402 0.2866436 
HM585501_Human_herpesvirus_1            0.0019718 0.0079309 0.0019741 0.0019718 0.0000000 0.0019741 0.0099239 0.0119219 0.0019716 0.0059343 0.0059343 0.0099105 0.2231189 0.2286388 0.2205928 0.1390324 0.2231189 0.2257982 0.2231918 0.2257982 0.1085056 0.0039522 0.0039522 0.0039571 0.0059343 0.1905554 0.0099790 0.0039534 0.0039534 0.0039521 0.0039521 0.0039521 0.0099105 0.2205214 0.2205214 0.2203204 0.2205624 0.2205624 0.2256812 0.2256812 0.2257236 0.0039557 0.2837637 
HM585502_Human_herpesvirus_1            0.0039525 0.0059367 0.0000010 0.0039525 0.0019741 0.0000000 0.0079238 0.0099158 0.0039521 0.0039486 0.0039486 0.0079132 0.2260238 0.2315711 0.2234877 0.1430795 0.2260238 0.2287155 0.2260979 0.2287155 0.1143603 0.0019723 0.0019723 0.0019748 0.0039486 0.1933299 0.0079681 0.0019729 0.0019729 0.0019723 0.0019723 0.0019723 0.0079132 0.2234151 0.2234151 0.2232109 0.2234570 0.2234570 0.2285963 0.2285963 0.2286396 0.0019741 0.2836585 
HM585504_Human_herpesvirus_1            0.0119219 0.0119958 0.0079238 0.0119219 0.0099239 0.0079238 0.0000000 0.0019730 0.0119207 0.0079230 0.0079230 0.0119086 0.2315273 0.2371195 0.2289757 0.1509676 0.2315273 0.2342394 0.2316038 0.2342394 0.1259047 0.0059362 0.0059362 0.0099274 0.0079230 0.1880590 0.0119906 0.0099181 0.0099181 0.0099148 0.0099148 0.0099148 0.0119086 0.2289010 0.2289010 0.2286910 0.2289445 0.2289445 0.2341159 0.2341159 0.2341610 0.0099239 0.2924282 
HM585509_Human_herpesvirus_1            0.0139245 0.0140104 0.0099158 0.0139245 0.0119219 0.0099158 0.0019730 0.0000000 0.0139231 0.0099148 0.0099148 0.0139088 0.2341610 0.2373048 0.2291536 0.1509676 0.2341610 0.2344220 0.2317840 0.2344220 0.1259047 0.0079238 0.0079238 0.0119262 0.0099148 0.1905736 0.0140043 0.0119150 0.0119150 0.0119110 0.0119110 0.0119110 0.0139088 0.2315273 0.2315273 0.2313146 0.2315716 0.2315716 0.2367562 0.2367562 0.2368021 0.0119219 0.2953355 
HM585510_Human_herpesvirus_1            0.0039476 0.0099237 0.0039521 0.0039476 0.0019716 0.0039521 0.0119207 0.0139231 0.0000000 0.0079204 0.0079204 0.0119046 0.2205210 0.2260221 0.2180012 0.1352884 0.2205210 0.2231918 0.2205928 0.2231918 0.1030285 0.0059343 0.0059343 0.0059417 0.0079204 0.1930435 0.0119866 0.0059362 0.0059362 0.0059342 0.0059342 0.0059342 0.0119046 0.2179307 0.2179307 0.2177323 0.2179710 0.2179710 0.2230767 0.2230767 0.2231184 0.0059396 0.2865790 
HM585512_Human_herpesvirus_1            0.0079212 0.0099148 0.0039486 0.0079212 0.0059343 0.0039486 0.0079230 0.0099148 0.0079204 0.0000000 0.0000010 0.0039479 0.2235634 0.2290961 0.2210319 0.1430795 0.2235634 0.2262487 0.2236366 0.2262487 0.1143603 0.0019721 0.0019721 0.0059364 0.0039482 0.1909301 0.0039755 0.0059309 0.0059309 0.0059289 0.0059289 0.0059289 0.0039479 0.2209602 0.2209602 0.2207584 0.2210014 0.2210014 0.2261312 0.2261312 0.2261739 0.0059343 0.2834233 
HM585513_Human_herpesvirus_1            0.0079212 0.0099148 0.0039486 0.0079212 0.0059343 0.0039486 0.0079230 0.0099148 0.0079204 0.0000010 0.0000000 0.0039479 0.2235634 0.2290961 0.2210319 0.1430795 0.2235634 0.2262487 0.2236366 0.2262487 0.1143603 0.0019721 0.0019721 0.0059364 0.0039482 0.1909301 0.0039755 0.0059309 0.0059309 0.0059289 0.0059289 0.0059289 0.0039479 0.2209602 0.2209602 0.2207584 0.2210014 0.2210014 0.2261312 0.2261312 0.2261739 0.0059343 0.2834233 
HM585514_Human_herpesvirus_1            0.0119059 0.0139088 0.0079132 0.0119059 0.0099105 0.0079132 0.0119086 0.0139088 0.0119046 0.0039479 0.0039479 0.0000000 0.2287047 0.2342716 0.2261621 0.1430795 0.2287047 0.2314053 0.2287800 0.2314053 0.1143603 0.0059283 0.0059283 0.0099141 0.0079124 0.1959225 0.0079666 0.0099048 0.0099048 0.0099015 0.0099015 0.0099015 0.0000010 0.2260885 0.2260885 0.2258816 0.2261312 0.2261312 0.2312841 0.2312841 0.2313282 0.0099105 0.2890533 
HSV2_1                                  0.2257236 0.2325038 0.2260238 0.2257236 0.2231189 0.2260238 0.2315273 0.2341610 0.2205210 0.2235634 0.2235634 0.2287047 0.0000000 0.0039469 0.0059209 0.0000026 0.0000010 0.0019696 0.0039432 0.0019696 0.0000023 0.2234151 0.2234151 0.2289633 0.2259811 0.0938631 0.2233975 0.2287155 0.2287155 0.2285963 0.2285963 0.2285963 0.2287047 0.0019690 0.0019690 0.0039445 0.0019691 0.0019691 0.0019690 0.0019690 0.0019692 0.2260985 0.2526732 
HSV2_2                                  0.2312622 0.2381148 0.2315711 0.2312622 0.2286388 0.2315711 0.2371195 0.2373048 0.2260221 0.2290961 0.2290961 0.2342716 0.0039469 0.0000000 0.0059230 0.0000026 0.0039469 0.0019703 0.0039446 0.0019703 0.0000023 0.2289437 0.2289437 0.2345391 0.2315267 0.0966496 0.2289249 0.2342842 0.2342842 0.2341607 0.2341607 0.2341607 0.2342716 0.0059266 0.0059266 0.0079153 0.0059270 0.0059270 0.0059265 0.0059265 0.0059271 0.2316483 0.2553150 
HSV2_3                                  0.2231913 0.2299443 0.2234877 0.2231913 0.2205928 0.2234877 0.2289757 0.2291536 0.2180012 0.2210319 0.2210319 0.2261621 0.0059209 0.0059230 0.0000000 0.0031625 0.0059209 0.0039410 0.0019683 0.0039410 0.0000023 0.2208854 0.2208854 0.2264168 0.2234458 0.0939474 0.2208682 0.2261721 0.2261721 0.2260547 0.2260547 0.2260547 0.2261621 0.0079028 0.0079028 0.0098950 0.0079033 0.0079033 0.0079026 0.0079026 0.0079034 0.2235614 0.2584006 
HSV2_4                                  0.1390324 0.1468277 0.1430795 0.1390324 0.1390324 0.1430795 0.1509676 0.1509676 0.1352884 0.1430795 0.1430795 0.1430795 0.0000026 0.0000026 0.0031625 0.0000000 0.0000026 0.0000026 0.0031625 0.0000026 0.0000023 0.1430795 0.1430795 0.1471732 0.1468277 0.0900126 0.1427584 0.1430795 0.1430795 0.1468277 0.1468277 0.1468277 0.1430795 0.0031626 0.0031626 0.0000026 0.0000026 0.0000026 0.0031625 0.0031625 0.0000026 0.1431461 0.1955881 
HSV2_5                                  0.2257236 0.2325038 0.2260238 0.2257236 0.2231189 0.2260238 0.2315273 0.2341610 0.2205210 0.2235634 0.2235634 0.2287047 0.0000010 0.0039469 0.0059209 0.0000026 0.0000000 0.0019696 0.0039432 0.0019696 0.0000023 0.2234151 0.2234151 0.2289633 0.2259811 0.0938631 0.2233975 0.2287155 0.2287155 0.2285963 0.2285963 0.2285963 0.2287047 0.0019690 0.0019690 0.0039445 0.0019691 0.0019691 0.0019690 0.0019690 0.0019692 0.2260985 0.2526732 
HSV2_7                                  0.2284113 0.2352247 0.2287155 0.2284113 0.2257982 0.2287155 0.2342394 0.2344220 0.2231918 0.2262487 0.2262487 0.2314053 0.0019696 0.0019703 0.0039410 0.0000026 0.0019696 0.0000000 0.0019685 0.0000010 0.0000023 0.2260985 0.2260985 0.2316681 0.2286721 0.0960908 0.2260803 0.2314170 0.2314170 0.2312957 0.2312957 0.2312957 0.2314053 0.0039433 0.0039433 0.0059248 0.0039436 0.0039436 0.0039432 0.0039432 0.0039436 0.2287915 0.2555151 
HSV2_8                                  0.2257976 0.2325808 0.2260979 0.2257976 0.2231918 0.2260979 0.2316038 0.2317840 0.2205928 0.2236366 0.2236366 0.2287800 0.0039432 0.0039446 0.0019683 0.0031625 0.0039432 0.0019685 0.0000000 0.0019685 0.0000023 0.2234882 0.2234882 0.2290387 0.2260553 0.0938891 0.2234706 0.2287908 0.2287908 0.2286714 0.2286714 0.2286714 0.2287800 0.0059210 0.0059210 0.0079079 0.0059214 0.0059214 0.0059209 0.0059209 0.0059215 0.2261727 0.2582233 
HSV2_10                                 0.2284113 0.2352247 0.2287155 0.2284113 0.2257982 0.2287155 0.2342394 0.2344220 0.2231918 0.2262487 0.2262487 0.2314053 0.0019696 0.0019703 0.0039410 0.0000026 0.0019696 0.0000010 0.0019685 0.0000000 0.0000023 0.2260985 0.2260985 0.2316681 0.2286721 0.0960908 0.2260803 0.2314170 0.2314170 0.2312957 0.2312957 0.2312957 0.2314053 0.0039433 0.0039433 0.0059248 0.0039436 0.0039436 0.0039432 0.0039432 0.0039436 0.2287915 0.2555151 
HSV2_11                                 0.1085056 0.1198839 0.1143603 0.1085056 0.1085056 0.1143603 0.1259047 0.1259047 0.1030285 0.1143603 0.1143603 0.1143603 0.0000023 0.0000023 0.0000023 0.0000023 0.0000023 0.0000023 0.0000023 0.0000023 0.0000000 0.1143603 0.1143603 0.1203017 0.1143603 0.0919180 0.1139802 0.1143603 0.1143603 0.1198839 0.1198839 0.1198839 0.1143603 0.0048294 0.0048294 0.0000023 0.0000023 0.0000023 0.0000023 0.0000023 0.0000023 0.1144377 0.2150618 
JN400093_Human_herpesvirus_1            0.0059349 0.0079238 0.0019723 0.0059349 0.0039522 0.0019723 0.0059362 0.0079238 0.0059343 0.0019721 0.0019721 0.0059283 0.2234151 0.2289437 0.2208854 0.1430795 0.2234151 0.2260985 0.2234882 0.2260985 0.1143603 0.0000000 0.0000010 0.0039536 0.0019721 0.1908045 0.0059696 0.0039499 0.0039499 0.0039486 0.0039486 0.0039486 0.0059283 0.2208138 0.2208138 0.2206122 0.2208549 0.2208549 0.2259811 0.2259811 0.2260238 0.0039522 0.2834233 
JN420337_Human_herpesvirus_1            0.0059349 0.0079238 0.0019723 0.0059349 0.0039522 0.0019723 0.0059362 0.0079238 0.0059343 0.0019721 0.0019721 0.0059283 0.2234151 0.2289437 0.2208854 0.1430795 0.2234151 0.2260985 0.2234882 0.2260985 0.1143603 0.0000010 0.0000000 0.0039536 0.0019721 0.1908045 0.0059696 0.0039499 0.0039499 0.0039486 0.0039486 0.0039486 0.0059283 0.2208138 0.2208138 0.2206122 0.2208549 0.2208549 0.2259811 0.2259811 0.2260238 0.0039522 0.2834233 
JN420339_Human_herpesvirus_1            0.0059423 0.0079338 0.0019748 0.0059423 0.0039571 0.0019748 0.0099274 0.0119262 0.0059417 0.0059364 0.0059364 0.0099141 0.2289633 0.2345391 0.2264168 0.1471732 0.2289633 0.2316681 0.2290387 0.2316681 0.1203017 0.0039536 0.0039536 0.0000000 0.0059364 0.1961334 0.0099827 0.0039549 0.0039549 0.0039535 0.0039535 0.0039535 0.0099141 0.2263430 0.2263430 0.2261356 0.2263858 0.2263858 0.2315465 0.2315465 0.2315908 0.0039571 0.2869759 
JN420341_Human_herpesvirus_1            0.0079212 0.0099148 0.0039486 0.0079212 0.0059343 0.0039486 0.0079230 0.0099148 0.0079204 0.0039482 0.0039482 0.0079124 0.2259811 0.2315267 0.2234458 0.1468277 0.2259811 0.2286721 0.2260553 0.2286721 0.1143603 0.0019721 0.0019721 0.0059364 0.0000000 0.1932962 0.0079673 0.0059309 0.0059309 0.0059289 0.0059289 0.0059289 0.0079124 0.2233733 0.2233733 0.2231692 0.2234151 0.2234151 0.2285529 0.2285529 0.2285963 0.0059343 0.2862345 
JQ360576_Chimpanzee_alpha-1_herpesvirus 0.1930772 0.1994995 0.1933299 0.1930772 0.1905554 0.1933299 0.1880590 0.1905736 0.1930435 0.1909301 0.1909301 0.1959225 0.0938631 0.0966496 0.0939474 0.0900126 0.0938631 0.0960908 0.0938891 0.0960908 0.0919180 0.1908045 0.1908045 0.1961334 0.1932962 0.0000000 0.1912619 0.1959245 0.1959245 0.1958278 0.1958278 0.1958278 0.1959225 0.0916662 0.0916662 0.0939228 0.0916781 0.0916781 0.0960525 0.0960525 0.0960651 0.1960708 0.2821026 
KJ847330_Human_herpesvirus_1            0.0119879 0.0140043 0.0079681 0.0119879 0.0099790 0.0079681 0.0119906 0.0140043 0.0119866 0.0039755 0.0039755 0.0079666 0.2233975 0.2289249 0.2208682 0.1427584 0.2233975 0.2260803 0.2234706 0.2260803 0.1139802 0.0059696 0.0059696 0.0099827 0.0079673 0.1912619 0.0000000 0.0099733 0.0099733 0.0099699 0.0099699 0.0099699 0.0079666 0.2207966 0.2207966 0.2205951 0.2208377 0.2208377 0.2259630 0.2259630 0.2260056 0.0099790 0.2831928 
KM222721_Human_herpesvirus_1            0.0059368 0.0079263 0.0019729 0.0059368 0.0039534 0.0019729 0.0099181 0.0119150 0.0059362 0.0059309 0.0059309 0.0099048 0.2287155 0.2342842 0.2261721 0.1430795 0.2287155 0.2314170 0.2287908 0.2314170 0.1143603 0.0039499 0.0039499 0.0039549 0.0059309 0.1959245 0.0099733 0.0000000 0.0000010 0.0039499 0.0039499 0.0039499 0.0099048 0.2260985 0.2260985 0.2258915 0.2261412 0.2261412 0.2312957 0.2312957 0.2313399 0.0039534 0.2806230 
KM222722_Human_herpesvirus_1            0.0059368 0.0079263 0.0019729 0.0059368 0.0039534 0.0019729 0.0099181 0.0119150 0.0059362 0.0059309 0.0059309 0.0099048 0.2287155 0.2342842 0.2261721 0.1430795 0.2287155 0.2314170 0.2287908 0.2314170 0.1143603 0.0039499 0.0039499 0.0039549 0.0059309 0.1959245 0.0099733 0.0000010 0.0000000 0.0039499 0.0039499 0.0039499 0.0099048 0.2260985 0.2260985 0.2258915 0.2261412 0.2261412 0.2312957 0.2312957 0.2313399 0.0039534 0.2806230 
KM222724_Human_herpesvirus_1            0.0059348 0.0079237 0.0019723 0.0059348 0.0039521 0.0019723 0.0099148 0.0119110 0.0059342 0.0059289 0.0059289 0.0099015 0.2285963 0.2341607 0.2260547 0.1468277 0.2285963 0.2312957 0.2286714 0.2312957 0.1198839 0.0039486 0.0039486 0.0039535 0.0059289 0.1958278 0.0099699 0.0039499 0.0039499 0.0000000 0.0000010 0.0039485 0.0099015 0.2259811 0.2259811 0.2257744 0.2260238 0.2260238 0.2311745 0.2311745 0.2312187 0.0039521 0.2838572 
KM222725_Human_herpesvirus_1            0.0059348 0.0079237 0.0019723 0.0059348 0.0039521 0.0019723 0.0099148 0.0119110 0.0059342 0.0059289 0.0059289 0.0099015 0.2285963 0.2341607 0.2260547 0.1468277 0.2285963 0.2312957 0.2286714 0.2312957 0.1198839 0.0039486 0.0039486 0.0039535 0.0059289 0.1958278 0.0099699 0.0039499 0.0039499 0.0000010 0.0000000 0.0039485 0.0099015 0.2259811 0.2259811 0.2257744 0.2260238 0.2260238 0.2311745 0.2311745 0.2312187 0.0039521 0.2838572 
KM222726_Human_herpesvirus_1            0.0059348 0.0079237 0.0019723 0.0059348 0.0039521 0.0019723 0.0099148 0.0119110 0.0059342 0.0059289 0.0059289 0.0099015 0.2285963 0.2341607 0.2260547 0.1468277 0.2285963 0.2312957 0.2286714 0.2312957 0.1198839 0.0039486 0.0039486 0.0039535 0.0059289 0.1958278 0.0099699 0.0039499 0.0039499 0.0039485 0.0039485 0.0000000 0.0099015 0.2259811 0.2259811 0.2257744 0.2260238 0.2260238 0.2311745 0.2311745 0.2312187 0.0039521 0.2864724 
KM222727_Human_herpesvirus_1            0.0119059 0.0139088 0.0079132 0.0119059 0.0099105 0.0079132 0.0119086 0.0139088 0.0119046 0.0039479 0.0039479 0.0000010 0.2287047 0.2342716 0.2261621 0.1430795 0.2287047 0.2314053 0.2287800 0.2314053 0.1143603 0.0059283 0.0059283 0.0099141 0.0079124 0.1959225 0.0079666 0.0099048 0.0099048 0.0099015 0.0099015 0.0099015 0.0000000 0.2260885 0.2260885 0.2258816 0.2261312 0.2261312 0.2312841 0.2312841 0.2313282 0.0099105 0.2890533 
KR135298_Human_herpesvirus_2            0.2231189 0.2298691 0.2234151 0.2231189 0.2205214 0.2234151 0.2289010 0.2315273 0.2179307 0.2209602 0.2209602 0.2260885 0.0019690 0.0059266 0.0079028 0.0031626 0.0019690 0.0039433 0.0059210 0.0039433 0.0048294 0.2208138 0.2208138 0.2263430 0.2233733 0.0916662 0.2207966 0.2260985 0.2260985 0.2259811 0.2259811 0.2259811 0.2260885 0.0000000 0.0000010 0.0059230 0.0039423 0.0039423 0.0039420 0.0039420 0.0039424 0.2234888 0.2499293 
KR135304_Human_herpesvirus_2            0.2231189 0.2298691 0.2234151 0.2231189 0.2205214 0.2234151 0.2289010 0.2315273 0.2179307 0.2209602 0.2209602 0.2260885 0.0019690 0.0059266 0.0079028 0.0031626 0.0019690 0.0039433 0.0059210 0.0039433 0.0048294 0.2208138 0.2208138 0.2263430 0.2233733 0.0916662 0.2207966 0.2260985 0.2260985 0.2259811 0.2259811 0.2259811 0.2260885 0.0000010 0.0000000 0.0059230 0.0039423 0.0039423 0.0039420 0.0039420 0.0039424 0.2234888 0.2499293 
KR135308_Human_herpesvirus_2            0.2229153 0.2296577 0.2232109 0.2229153 0.2203204 0.2232109 0.2286910 0.2313146 0.2177323 0.2207584 0.2207584 0.2258816 0.0039445 0.0079153 0.0098950 0.0000026 0.0039445 0.0059248 0.0079079 0.0059248 0.0000023 0.2206122 0.2206122 0.2261356 0.2231692 0.0939228 0.2205951 0.2258915 0.2258915 0.2257744 0.2257744 0.2257744 0.2258816 0.0059230 0.0059230 0.0000000 0.0019703 0.0019703 0.0059229 0.0059229 0.0059235 0.2232844 0.2553972 
KR135312_Human_herpesvirus_2            0.2231607 0.2299130 0.2234570 0.2231607 0.2205624 0.2234570 0.2289445 0.2315716 0.2179710 0.2210014 0.2210014 0.2261312 0.0019691 0.0059270 0.0079033 0.0000026 0.0019691 0.0039436 0.0059214 0.0039436 0.0000023 0.2208549 0.2208549 0.2263858 0.2234151 0.0916781 0.2208377 0.2261412 0.2261412 0.2260238 0.2260238 0.2260238 0.2261312 0.0039423 0.0039423 0.0019703 0.0000000 0.0000010 0.0039423 0.0039423 0.0039427 0.2235307 0.2525004 
KR135313_Human_herpesvirus_2            0.2231607 0.2299130 0.2234570 0.2231607 0.2205624 0.2234570 0.2289445 0.2315716 0.2179710 0.2210014 0.2210014 0.2261312 0.0019691 0.0059270 0.0079033 0.0000026 0.0019691 0.0039436 0.0059214 0.0039436 0.0000023 0.2208549 0.2208549 0.2263858 0.2234151 0.0916781 0.2208377 0.2261412 0.2261412 0.2260238 0.2260238 0.2260238 0.2261312 0.0039423 0.0039423 0.0019703 0.0000010 0.0000000 0.0039423 0.0039423 0.0039427 0.2235307 0.2525004 
KR135324_Human_herpesvirus_2            0.2282924 0.2351003 0.2285963 0.2282924 0.2256812 0.2285963 0.2341159 0.2367562 0.2230767 0.2261312 0.2261312 0.2312841 0.0019690 0.0059265 0.0079026 0.0031625 0.0019690 0.0039432 0.0059209 0.0039432 0.0000023 0.2259811 0.2259811 0.2315465 0.2285529 0.0960525 0.2259630 0.2312957 0.2312957 0.2311745 0.2311745 0.2311745 0.2312841 0.0039420 0.0039420 0.0059229 0.0039423 0.0039423 0.0000000 0.0000010 0.0039423 0.2286721 0.2528463 
KR135326_Human_herpesvirus_2            0.2282924 0.2351003 0.2285963 0.2282924 0.2256812 0.2285963 0.2341159 0.2367562 0.2230767 0.2261312 0.2261312 0.2312841 0.0019690 0.0059265 0.0079026 0.0031625 0.0019690 0.0039432 0.0059209 0.0039432 0.0000023 0.2259811 0.2259811 0.2315465 0.2285529 0.0960525 0.2259630 0.2312957 0.2312957 0.2311745 0.2311745 0.2311745 0.2312841 0.0039420 0.0039420 0.0059229 0.0039423 0.0039423 0.0000010 0.0000000 0.0039423 0.2286721 0.2528463 
KR135330_Human_herpesvirus_2            0.2283356 0.2351457 0.2286396 0.2283356 0.2257236 0.2286396 0.2341610 0.2368021 0.2231184 0.2261739 0.2261739 0.2313282 0.0019692 0.0059271 0.0079034 0.0000026 0.0019692 0.0039436 0.0059215 0.0039436 0.0000023 0.2260238 0.2260238 0.2315908 0.2285963 0.0960651 0.2260056 0.2313399 0.2313399 0.2312187 0.2312187 0.2312187 0.2313282 0.0039424 0.0039424 0.0059235 0.0039427 0.0039427 0.0039423 0.0039423 0.0000000 0.2287155 0.2554251 
NC_001806_Human_herpesvirus_1           0.0059402 0.0079309 0.0019741 0.0059402 0.0039557 0.0019741 0.0099239 0.0119219 0.0059396 0.0059343 0.0059343 0.0099105 0.2260985 0.2316483 0.2235614 0.1431461 0.2260985 0.2287915 0.2261727 0.2287915 0.1144377 0.0039522 0.0039522 0.0039571 0.0059343 0.1960708 0.0099790 0.0039534 0.0039534 0.0039521 0.0039521 0.0039521 0.0099105 0.2234888 0.2234888 0.2232844 0.2235307 0.2235307 0.2286721 0.2286721 0.2287155 0.0000000 0.2837637 
NC_006560_Cercopithecine_herpesvirus_2  0.2866436 0.2926726 0.2836585 0.2866436 0.2837637 0.2836585 0.2924282 0.2953355 0.2865790 0.2834233 0.2834233 0.2890533 0.2526732 0.2553150 0.2584006 0.1955881 0.2526732 0.2555151 0.2582233 0.2555151 0.2150618 0.2834233 0.2834233 0.2869759 0.2862345 0.2821026 0.2831928 0.2806230 0.2806230 0.2838572 0.2838572 0.2864724 0.2890533 0.2499293 0.2499293 0.2553972 0.2525004 0.2525004 0.2528463 0.2528463 0.2554251 0.2837637 0.0000000 
