35
HM585496_Human_herpesvirus_1            0.0000000 0.0039542 0.0000010 0.0039542 0.0059467 0.0079312 0.0059381 0.0059423 0.0079413 0.0059412 0.1296651 0.1296651 0.0795905 0.1319387 0.1203048 0.1299195 0.0919345 0.1320626 0.1319387 0.1257775 0.0059423 0.0079387 0.0099482 0.0099462 0.0079487 0.0079487 0.0059467 0.1436103 0.0099482 0.0059381 0.0059467 0.0079339 0.1333089 0.1293494 0.2319497 
HM585497_Human_herpesvirus_1            0.0039542 0.0000000 0.0039542 0.0000010 0.0019772 0.0039554 0.0019744 0.0019758 0.0039605 0.0019754 0.1343019 0.1343019 0.0871591 0.1365846 0.1248909 0.1345662 0.0981771 0.1367138 0.1365846 0.1305024 0.0019758 0.0039592 0.0059533 0.0059520 0.0039642 0.0039642 0.0019772 0.1484051 0.0059533 0.0019744 0.0019772 0.0039567 0.1379798 0.1339742 0.2375160 
HM585498_Human_herpesvirus_1            0.0000010 0.0039542 0.0000000 0.0039542 0.0059467 0.0079312 0.0059381 0.0059423 0.0079413 0.0059412 0.1296651 0.1296651 0.0795905 0.1319387 0.1203048 0.1299195 0.0919345 0.1320626 0.1319387 0.1257775 0.0059423 0.0079387 0.0099482 0.0099462 0.0079487 0.0079487 0.0059467 0.1436103 0.0099482 0.0059381 0.0059467 0.0079339 0.1333089 0.1293494 0.2319497 
HM585501_Human_herpesvirus_1            0.0039542 0.0000010 0.0039542 0.0000000 0.0019772 0.0039554 0.0019744 0.0019758 0.0039605 0.0019754 0.1343019 0.1343019 0.0871591 0.1365846 0.1248909 0.1345662 0.0981771 0.1367138 0.1365846 0.1305024 0.0019758 0.0039592 0.0059533 0.0059520 0.0039642 0.0039642 0.0019772 0.1484051 0.0059533 0.0019744 0.0019772 0.0039567 0.1379798 0.1339742 0.2375160 
HM585502_Human_herpesvirus_1            0.0059467 0.0019772 0.0059467 0.0019772 0.0000000 0.0059485 0.0039584 0.0039613 0.0019778 0.0039605 0.1368488 0.1368488 0.0912115 0.1391400 0.1273956 0.1371189 0.1015371 0.1392723 0.1391400 0.1330920 0.0039613 0.0059533 0.0079587 0.0079571 0.0059609 0.0059609 0.0039642 0.1510605 0.0079587 0.0039584 0.0039642 0.0059496 0.1405507 0.1365139 0.2407546 
HM585504_Human_herpesvirus_1            0.0079312 0.0039554 0.0079312 0.0039554 0.0059485 0.0000000 0.0059399 0.0019757 0.0079437 0.0059430 0.1343215 0.1343215 0.0871591 0.1366043 0.1249097 0.1345858 0.0981771 0.1367335 0.1366043 0.1280563 0.0059441 0.0079412 0.0099513 0.0099493 0.0079511 0.0079511 0.0059485 0.1484259 0.0099513 0.0059399 0.0059485 0.0079363 0.1379996 0.1339936 0.2405143 
HM585508_Human_herpesvirus_1            0.0059381 0.0019744 0.0059381 0.0019744 0.0039584 0.0059399 0.0000000 0.0039555 0.0059474 0.0039547 0.1366286 0.1366286 0.0871591 0.1389159 0.1271920 0.1368979 0.0981771 0.1390477 0.1389159 0.1328734 0.0039555 0.0059455 0.0079471 0.0039634 0.0059520 0.0059520 0.0039584 0.1508108 0.0079471 0.0000010 0.0039584 0.0059419 0.1403233 0.1362948 0.2371248 
HM585509_Human_herpesvirus_1            0.0059423 0.0019758 0.0059423 0.0019758 0.0039613 0.0019757 0.0039555 0.0000000 0.0059508 0.0039575 0.1367335 0.1367335 0.0871591 0.1390226 0.1272894 0.1370032 0.0981771 0.1391547 0.1390226 0.1305024 0.0039583 0.0059488 0.0079528 0.0079512 0.0059564 0.0059564 0.0039613 0.1509293 0.0079528 0.0039555 0.0039613 0.0059461 0.1404316 0.1363992 0.2405143 
HM585511_Human_herpesvirus_1            0.0079413 0.0039605 0.0079413 0.0039605 0.0019778 0.0079437 0.0059474 0.0059508 0.0000000 0.0059496 0.1392723 0.1392723 0.0951408 0.1415697 0.1297864 0.1395478 0.1047788 0.1417049 0.1415697 0.1355593 0.0059508 0.0079513 0.0099640 0.0099620 0.0079613 0.0079613 0.0059552 0.1535757 0.0099640 0.0059474 0.0059552 0.0079464 0.1429941 0.1389308 0.2409954 
HM585514_Human_herpesvirus_1            0.0059412 0.0019754 0.0059412 0.0019754 0.0039605 0.0059430 0.0039547 0.0039575 0.0059496 0.0000000 0.1367138 0.1367138 0.0871591 0.1390027 0.1272704 0.1369835 0.1013981 0.1391348 0.1390027 0.1329578 0.0039575 0.0059476 0.0079513 0.0079497 0.0059552 0.0059552 0.0039605 0.1509083 0.0079513 0.0039547 0.0039605 0.0019765 0.1404115 0.1363795 0.2404938 
HSV2_1                                  0.1296651 0.1343019 0.1296651 0.1343019 0.1368488 0.1343215 0.1366286 0.1367335 0.1392723 0.1367138 0.0000000 0.0000010 0.0000010 0.0000010 0.0079065 0.0000010 0.0000025 0.0019662 0.0000010 0.0000010 0.1367335 0.1392076 0.1417789 0.1417560 0.1394100 0.1394100 0.1368488 0.0327269 0.1417789 0.1366286 0.1368488 0.1391348 0.0019682 0.0000010 0.1688449 
HSV2_2                                  0.1296651 0.1343019 0.1296651 0.1343019 0.1368488 0.1343215 0.1366286 0.1367335 0.1392723 0.1367138 0.0000010 0.0000000 0.0000010 0.0000010 0.0079065 0.0000010 0.0000025 0.0019662 0.0000010 0.0000010 0.1367335 0.1392076 0.1417789 0.1417560 0.1394100 0.1394100 0.1368488 0.0327269 0.1417789 0.1366286 0.1368488 0.1391348 0.0019682 0.0000010 0.1688449 
HSV2_4                                  0.0795905 0.0871591 0.0795905 0.0871591 0.0912115 0.0871591 0.0871591 0.0871591 0.0951408 0.0871591 0.0000010 0.0000010 0.0000000 0.0000010 0.0000010 0.0000010 0.0000021 0.0034238 0.0000010 0.0000010 0.0871591 0.0871591 0.0909945 0.0871591 0.0871591 0.0871591 0.0871591 0.0139919 0.0909945 0.0871591 0.0871591 0.0871591 0.0000010 0.0000010 0.1555113 
HSV2_5                                  0.1319387 0.1365846 0.1319387 0.1365846 0.1391400 0.1366043 0.1389159 0.1390226 0.1415697 0.1390027 0.0000010 0.0000010 0.0000010 0.0000000 0.0079065 0.0000010 0.0000025 0.0019662 0.0000010 0.0000010 0.1390226 0.1415037 0.1440834 0.1440604 0.1417098 0.1417098 0.1391400 0.0326666 0.1440834 0.1389159 0.1391400 0.1414299 0.0019651 0.0019651 0.1684821 
HSV2_7                                  0.1203048 0.1248909 0.1203048 0.1248909 0.1273956 0.1249097 0.1271920 0.1272894 0.1297864 0.1272704 0.0079065 0.0079065 0.0000010 0.0079065 0.0000000 0.0079204 0.0111640 0.0098985 0.0079065 0.0080911 0.1272894 0.1297276 0.1322562 0.1322344 0.1299144 0.1299144 0.1273956 0.0411914 0.1322562 0.1271920 0.1273956 0.1296587 0.0099087 0.0079065 0.1797254 
HSV2_10                                 0.1299195 0.1345662 0.1299195 0.1345662 0.1371189 0.1345858 0.1368979 0.1370032 0.1395478 0.1369835 0.0000010 0.0000010 0.0000010 0.0000010 0.0079204 0.0000000 0.0000025 0.0019697 0.0000010 0.0000010 0.1370032 0.1394829 0.1420601 0.1420372 0.1396861 0.1396861 0.1371189 0.0327869 0.1420601 0.1368979 0.1371189 0.1394098 0.0019718 0.0000010 0.1692085 
HSV2_11                                 0.0919345 0.0981771 0.0919345 0.0981771 0.1015371 0.0981771 0.0981771 0.0981771 0.1047788 0.1013981 0.0000025 0.0000025 0.0000021 0.0000025 0.0111640 0.0000025 0.0000000 0.0000025 0.0000025 0.0000025 0.0981771 0.1047164 0.1047164 0.1015371 0.1015371 0.1015371 0.1015371 0.0169210 0.1047164 0.0981771 0.1015371 0.1013981 0.0000025 0.0000025 0.1530110 
HSV2_12                                 0.1320626 0.1367138 0.1320626 0.1367138 0.1392723 0.1367335 0.1390477 0.1391547 0.1417049 0.1391348 0.0019662 0.0019662 0.0034238 0.0019662 0.0098985 0.0019697 0.0000025 0.0000000 0.0019662 0.0020118 0.1391547 0.1416387 0.1442217 0.1441985 0.1418452 0.1418452 0.1392723 0.0348294 0.1442217 0.1390477 0.1392723 0.1415648 0.0039436 0.0019662 0.1715426 
HSV2_13                                 0.1319387 0.1365846 0.1319387 0.1365846 0.1391400 0.1366043 0.1389159 0.1390226 0.1415697 0.1390027 0.0000010 0.0000010 0.0000010 0.0000010 0.0079065 0.0000010 0.0000025 0.0019662 0.0000000 0.0000010 0.1390226 0.1415037 0.1440834 0.1440604 0.1417098 0.1417098 0.1391400 0.0326666 0.1440834 0.1389159 0.1391400 0.1414299 0.0019651 0.0019651 0.1684821 
HSV2_18                                 0.1257775 0.1305024 0.1257775 0.1305024 0.1330920 0.1280563 0.1328734 0.1305024 0.1355593 0.1329578 0.0000010 0.0000010 0.0000010 0.0000010 0.0080911 0.0000010 0.0000025 0.0020118 0.0000010 0.0000000 0.1329777 0.1354955 0.1381111 0.1380881 0.1356964 0.1356964 0.1330920 0.0313703 0.1381111 0.1328734 0.1330920 0.1354224 0.0020142 0.0000010 0.1556150 
JN400093_Human_herpesvirus_1            0.0059423 0.0019758 0.0059423 0.0019758 0.0039613 0.0059441 0.0039555 0.0039583 0.0059508 0.0039575 0.1367335 0.1367335 0.0871591 0.1390226 0.1272894 0.1370032 0.0981771 0.1391547 0.1390226 0.1329777 0.0000000 0.0059488 0.0079528 0.0079512 0.0059564 0.0059564 0.0039613 0.1509293 0.0079528 0.0039555 0.0039613 0.0059461 0.1404316 0.1363992 0.2405143 
JN420337_Human_herpesvirus_1            0.0079387 0.0039592 0.0079387 0.0039592 0.0059533 0.0079412 0.0059455 0.0059488 0.0079513 0.0059476 0.1392076 0.1392076 0.0871591 0.1415037 0.1297276 0.1394829 0.1047164 0.1416387 0.1415037 0.1354955 0.0059488 0.0000000 0.0059530 0.0059518 0.0039640 0.0039640 0.0019772 0.1535004 0.0059530 0.0059455 0.0019772 0.0079439 0.1429269 0.1388665 0.2435927 
JN420338_Human_herpesvirus_1            0.0099482 0.0059533 0.0099482 0.0059533 0.0079587 0.0099513 0.0079471 0.0079528 0.0099640 0.0079513 0.1417789 0.1417789 0.0909945 0.1440834 0.1322562 0.1420601 0.1047164 0.1442217 0.1440834 0.1381111 0.0079528 0.0059530 0.0000000 0.0039631 0.0019796 0.0019796 0.0039640 0.1561809 0.0000010 0.0079471 0.0039640 0.0099547 0.1455222 0.1414305 0.2468670 
JN420339_Human_herpesvirus_1            0.0099462 0.0059520 0.0099462 0.0059520 0.0079571 0.0099493 0.0039634 0.0079512 0.0099620 0.0079497 0.1417560 0.1417560 0.0871591 0.1440604 0.1322344 0.1420372 0.1015371 0.1441985 0.1440604 0.1380881 0.0079512 0.0059518 0.0039631 0.0000000 0.0019792 0.0019792 0.0039632 0.1561563 0.0039631 0.0039634 0.0039632 0.0099527 0.1454989 0.1414077 0.2436119 
JN420340_Human_herpesvirus_1            0.0079487 0.0039642 0.0079487 0.0039642 0.0059609 0.0079511 0.0059520 0.0059564 0.0079613 0.0059552 0.1394100 0.1394100 0.0871591 0.1417098 0.1299144 0.1396861 0.1015371 0.1418452 0.1417098 0.1356964 0.0059564 0.0039640 0.0019796 0.0019792 0.0000000 0.0000010 0.0019796 0.1537309 0.0019796 0.0059520 0.0019796 0.0079538 0.1431361 0.1390679 0.2440152 
JN420341_Human_herpesvirus_1            0.0079487 0.0039642 0.0079487 0.0039642 0.0059609 0.0079511 0.0059520 0.0059564 0.0079613 0.0059552 0.1394100 0.1394100 0.0871591 0.1417098 0.1299144 0.1396861 0.1015371 0.1418452 0.1417098 0.1356964 0.0059564 0.0039640 0.0019796 0.0019792 0.0000010 0.0000000 0.0019796 0.1537309 0.0019796 0.0059520 0.0019796 0.0079538 0.1431361 0.1390679 0.2440152 
JN420342_Human_herpesvirus_1            0.0059467 0.0019772 0.0059467 0.0019772 0.0039642 0.0059485 0.0039584 0.0039613 0.0059552 0.0039605 0.1368488 0.1368488 0.0871591 0.1391400 0.1273956 0.1371189 0.1015371 0.1392723 0.1391400 0.1330920 0.0039613 0.0019772 0.0039640 0.0039632 0.0019796 0.0019796 0.0000000 0.1510605 0.0039640 0.0039584 0.0000010 0.0059496 0.1405507 0.1365139 0.2407546 
JQ360576_Chimpanzee_alpha-1_herpesvirus 0.1436103 0.1484051 0.1436103 0.1484051 0.1510605 0.1484259 0.1508108 0.1509293 0.1535757 0.1509083 0.0327269 0.0327269 0.0139919 0.0326666 0.0411914 0.0327869 0.0169210 0.0348294 0.0326666 0.0313703 0.1509293 0.1535004 0.1561809 0.1561563 0.1537309 0.1537309 0.1510605 0.0000000 0.1561809 0.1508108 0.1510605 0.1534207 0.0348017 0.0348017 0.1925933 
JQ730035_Human_herpesvirus_1            0.0099482 0.0059533 0.0099482 0.0059533 0.0079587 0.0099513 0.0079471 0.0079528 0.0099640 0.0079513 0.1417789 0.1417789 0.0909945 0.1440834 0.1322562 0.1420601 0.1047164 0.1442217 0.1440834 0.1381111 0.0079528 0.0059530 0.0000010 0.0039631 0.0019796 0.0019796 0.0039640 0.1561809 0.0000000 0.0079471 0.0039640 0.0099547 0.1455222 0.1414305 0.2468670 
KF498959_Human_herpesvirus_1            0.0059381 0.0019744 0.0059381 0.0019744 0.0039584 0.0059399 0.0000010 0.0039555 0.0059474 0.0039547 0.1366286 0.1366286 0.0871591 0.1389159 0.1271920 0.1368979 0.0981771 0.1390477 0.1389159 0.1328734 0.0039555 0.0059455 0.0079471 0.0039634 0.0059520 0.0059520 0.0039584 0.1508108 0.0079471 0.0000000 0.0039584 0.0059419 0.1403233 0.1362948 0.2371248 
KM222720_Human_herpesvirus_1            0.0059467 0.0019772 0.0059467 0.0019772 0.0039642 0.0059485 0.0039584 0.0039613 0.0059552 0.0039605 0.1368488 0.1368488 0.0871591 0.1391400 0.1273956 0.1371189 0.1015371 0.1392723 0.1391400 0.1330920 0.0039613 0.0019772 0.0039640 0.0039632 0.0019796 0.0019796 0.0000010 0.1510605 0.0039640 0.0039584 0.0000000 0.0059496 0.1405507 0.1365139 0.2407546 
KM222727_Human_herpesvirus_1            0.0079339 0.0039567 0.0079339 0.0039567 0.0059496 0.0079363 0.0059419 0.0059461 0.0079464 0.0019765 0.1391348 0.1391348 0.0871591 0.1414299 0.1296587 0.1394098 0.1013981 0.1415648 0.1414299 0.1354224 0.0059461 0.0079439 0.0099547 0.0099527 0.0079538 0.0079538 0.0059496 0.1534207 0.0099547 0.0059419 0.0059496 0.0000000 0.1428523 0.1387939 0.2434862 
KR135299_Human_herpesvirus_2            0.1333089 0.1379798 0.1333089 0.1379798 0.1405507 0.1379996 0.1403233 0.1404316 0.1429941 0.1404115 0.0019682 0.0019682 0.0000010 0.0019651 0.0099087 0.0019718 0.0000025 0.0039436 0.0019651 0.0020142 0.1404316 0.1429269 0.1455222 0.1454989 0.1431361 0.1431361 0.1405507 0.0348017 0.1455222 0.1403233 0.1405507 0.1428523 0.0000000 0.0039400 0.1684821 
KR135303_Human_herpesvirus_2            0.1293494 0.1339742 0.1293494 0.1339742 0.1365139 0.1339936 0.1362948 0.1363992 0.1389308 0.1363795 0.0000010 0.0000010 0.0000010 0.0019651 0.0079065 0.0000010 0.0000025 0.0019662 0.0019651 0.0000010 0.1363992 0.1388665 0.1414305 0.1414077 0.1390679 0.1390679 0.1365139 0.0348017 0.1414305 0.1362948 0.1365139 0.1387939 0.0039400 0.0000000 0.1713610 
NC_006560_Cercopithecine_herpesvirus_2  0.2319497 0.2375160 0.2319497 0.2375160 0.2407546 0.2405143 0.2371248 0.2405143 0.2409954 0.2404938 0.1688449 0.1688449 0.1555113 0.1684821 0.1797254 0.1692085 0.1530110 0.1715426 0.1684821 0.1556150 0.2405143 0.2435927 0.2468670 0.2436119 0.2440152 0.2440152 0.2407546 0.1925933 0.2468670 0.2371248 0.2407546 0.2434862 0.1684821 0.1713610 0.0000000 
