54
HM585496_Human_herpesvirus_1            0.0000000 0.0039541 0.0079357 0.0000010 0.0039569 0.0099410 0.0139738 0.0039541 0.0139907 0.0039569 0.0079357 0.0059390 0.0059390 0.1935118 0.1981180 0.1905067 0.1870792 0.1927965 0.1930664 0.1911404 0.1929752 0.1952695 0.1930664 0.1923817 0.1903384 0.1903384 0.1927965 0.1981180 0.1902350 0.0079574 0.0039691 0.0099612 0.0000010 0.0000010 0.0039694 0.0099570 0.1784589 0.0079550 0.0079550 0.0019750 0.1877889 0.0059601 0.0099194 0.0099194 0.0079266 0.1933466 0.1881901 0.1881901 0.1879344 0.1904229 0.1878766 0.1904229 0.0099612 0.3206675 
HM585497_Human_herpesvirus_1            0.0039541 0.0000000 0.0039435 0.0039541 0.0039407 0.0059279 0.0099376 0.0000010 0.0099305 0.0039407 0.0039435 0.0019675 0.0019675 0.1961480 0.2007614 0.1931298 0.1899410 0.1954240 0.1956968 0.1937727 0.1956040 0.1979027 0.1956968 0.1950962 0.1929604 0.1929604 0.1954240 0.2007614 0.1928552 0.0039542 0.0039528 0.0059399 0.0039542 0.0039542 0.0000010 0.0059374 0.1810556 0.0039530 0.0039530 0.0019669 0.1904036 0.0019745 0.0059145 0.0059145 0.0039390 0.1959816 0.1908109 0.1908109 0.1905514 0.1930462 0.1904930 0.1930462 0.0059399 0.3200418 
HM585498_Human_herpesvirus_1            0.0079357 0.0039435 0.0000000 0.0079357 0.0079088 0.0019706 0.0059464 0.0039435 0.0059421 0.0079088 0.0000010 0.0019698 0.0019698 0.1960688 0.2006807 0.1930519 0.1928289 0.1953453 0.1956179 0.1936944 0.1955252 0.1978231 0.1956179 0.1950150 0.1928826 0.1928826 0.1953453 0.2006807 0.1927775 0.0039589 0.0079331 0.0099344 0.0079360 0.0079360 0.0039587 0.0059444 0.1809820 0.0079336 0.0079336 0.0059212 0.1903267 0.0059441 0.0059216 0.0059216 0.0039437 0.1959026 0.1907338 0.1907338 0.1904744 0.1929684 0.1904160 0.1929684 0.0099344 0.3165988 
HM585499_Human_herpesvirus_1            0.0000010 0.0039541 0.0079357 0.0000000 0.0039569 0.0099410 0.0139738 0.0039541 0.0139907 0.0039569 0.0079357 0.0059390 0.0059390 0.1935118 0.1981180 0.1905067 0.1870792 0.1927965 0.1930664 0.1911404 0.1929752 0.1952695 0.1930664 0.1923817 0.1903384 0.1903384 0.1927965 0.1981180 0.1902350 0.0079574 0.0039691 0.0099612 0.0000010 0.0000010 0.0039694 0.0099570 0.1784589 0.0079550 0.0079550 0.0019750 0.1877889 0.0059601 0.0099194 0.0099194 0.0079266 0.1933466 0.1881901 0.1881901 0.1879344 0.1904229 0.1878766 0.1904229 0.0099612 0.3206675 
HM585501_Human_herpesvirus_1            0.0039569 0.0039407 0.0079088 0.0039569 0.0000000 0.0099073 0.0139527 0.0039407 0.0139425 0.0000010 0.0079088 0.0059189 0.0059189 0.1985257 0.2031435 0.1954970 0.1926077 0.1977942 0.1980695 0.1961480 0.1979752 0.2002768 0.1980695 0.1975471 0.1953267 0.1953267 0.1977942 0.2031435 0.1952200 0.0079304 0.0039556 0.0099274 0.0039571 0.0039571 0.0039559 0.0099231 0.1834044 0.0079279 0.0079279 0.0019683 0.1927644 0.0059399 0.0098848 0.0098848 0.0078999 0.1983584 0.1931770 0.1931770 0.1929142 0.1954137 0.1928552 0.1954137 0.0099274 0.3241377 
HM585502_Human_herpesvirus_1            0.0099410 0.0059279 0.0019706 0.0099410 0.0099073 0.0000000 0.0079456 0.0059279 0.0079399 0.0099073 0.0019706 0.0039481 0.0039481 0.1934187 0.1980188 0.1904179 0.1898544 0.1927047 0.1929741 0.1910505 0.1928831 0.1951743 0.1929741 0.1922866 0.1902499 0.1902499 0.1927047 0.1980188 0.1901466 0.0059512 0.0099378 0.0119472 0.0099415 0.0099415 0.0059508 0.0079431 0.1783860 0.0099384 0.0099384 0.0079119 0.1877039 0.0079426 0.0079124 0.0079124 0.0059283 0.1932538 0.1881044 0.1881044 0.1878491 0.1903342 0.1877914 0.1903342 0.0119472 0.3168101 
HM585504_Human_herpesvirus_1            0.0139738 0.0099376 0.0059464 0.0139738 0.0139527 0.0079456 0.0000000 0.0099376 0.0039526 0.0139527 0.0059464 0.0079424 0.0079424 0.1960334 0.2006482 0.1930148 0.1927868 0.1953096 0.1955823 0.1936575 0.1954895 0.1977888 0.1955823 0.1949788 0.1928453 0.1928453 0.1953096 0.2006482 0.1927402 0.0099769 0.0139957 0.0160246 0.0140010 0.0140010 0.0099763 0.0119845 0.1809380 0.0139965 0.0139965 0.0119382 0.1902880 0.0119838 0.0119389 0.0119389 0.0099382 0.1958671 0.1906952 0.1906952 0.1904358 0.1929311 0.1903773 0.1929311 0.0160246 0.3137975 
HM585508_Human_herpesvirus_1            0.0039541 0.0000010 0.0039435 0.0039541 0.0039407 0.0059279 0.0099376 0.0000000 0.0099305 0.0039407 0.0039435 0.0019675 0.0019675 0.1961480 0.2007614 0.1931298 0.1899410 0.1954240 0.1956968 0.1937727 0.1956040 0.1979027 0.1956968 0.1950962 0.1929604 0.1929604 0.1954240 0.2007614 0.1928552 0.0039542 0.0039528 0.0059399 0.0039542 0.0039542 0.0000010 0.0059374 0.1810556 0.0039530 0.0039530 0.0019669 0.1904036 0.0019745 0.0059145 0.0059145 0.0039390 0.1959816 0.1908109 0.1908109 0.1905514 0.1930462 0.1904930 0.1930462 0.0059399 0.3200418 
HM585509_Human_herpesvirus_1            0.0139907 0.0099305 0.0059421 0.0139907 0.0139425 0.0079399 0.0039526 0.0099305 0.0000000 0.0139425 0.0059421 0.0079368 0.0079368 0.1938922 0.1985034 0.1908827 0.1903781 0.1931751 0.1934456 0.1915183 0.1933542 0.1956510 0.1934456 0.1927720 0.1907142 0.1907142 0.1931751 0.1985034 0.1906104 0.0099697 0.0139846 0.0160129 0.0139899 0.0139899 0.0099691 0.0119759 0.1788208 0.0139854 0.0139854 0.0119288 0.1881615 0.0119752 0.0119295 0.0119295 0.0099311 0.1937267 0.1885639 0.1885639 0.1883074 0.1907989 0.1882495 0.1907989 0.0160129 0.3138556 
HM585510_Human_herpesvirus_1            0.0039569 0.0039407 0.0079088 0.0039569 0.0000010 0.0099073 0.0139527 0.0039407 0.0139425 0.0000000 0.0079088 0.0059189 0.0059189 0.1985257 0.2031435 0.1954970 0.1926077 0.1977942 0.1980695 0.1961480 0.1979752 0.2002768 0.1980695 0.1975471 0.1953267 0.1953267 0.1977942 0.2031435 0.1952200 0.0079304 0.0039556 0.0099274 0.0039571 0.0039571 0.0039559 0.0099231 0.1834044 0.0079279 0.0079279 0.0019683 0.1927644 0.0059399 0.0098848 0.0098848 0.0078999 0.1983584 0.1931770 0.1931770 0.1929142 0.1954137 0.1928552 0.1954137 0.0099274 0.3241377 
HM585511_Human_herpesvirus_1            0.0079357 0.0039435 0.0000010 0.0079357 0.0079088 0.0019706 0.0059464 0.0039435 0.0059421 0.0079088 0.0000000 0.0019698 0.0019698 0.1960688 0.2006807 0.1930519 0.1928289 0.1953453 0.1956179 0.1936944 0.1955252 0.1978231 0.1956179 0.1950150 0.1928826 0.1928826 0.1953453 0.2006807 0.1927775 0.0039589 0.0079331 0.0099344 0.0079360 0.0079360 0.0039587 0.0059444 0.1809820 0.0079336 0.0079336 0.0059212 0.1903267 0.0059441 0.0059216 0.0059216 0.0039437 0.1959026 0.1907338 0.1907338 0.1904744 0.1929684 0.1904160 0.1929684 0.0099344 0.3165988 
HM585512_Human_herpesvirus_1            0.0059390 0.0019675 0.0019698 0.0059390 0.0059189 0.0039481 0.0079424 0.0019675 0.0079368 0.0059189 0.0019698 0.0000000 0.0000010 0.1987299 0.2033537 0.1956968 0.1928289 0.1979970 0.1982727 0.1963492 0.1981782 0.2004829 0.1982727 0.1977563 0.1955262 0.1955262 0.1979970 0.2033537 0.1954192 0.0019752 0.0059370 0.0079304 0.0059392 0.0059392 0.0019751 0.0039544 0.1835886 0.0059374 0.0059374 0.0039390 0.1929604 0.0039542 0.0039393 0.0039393 0.0019676 0.1985623 0.1933740 0.1933740 0.1931106 0.1956134 0.1930515 0.1956134 0.0079304 0.3198877 
HM585513_Human_herpesvirus_1            0.0059390 0.0019675 0.0019698 0.0059390 0.0059189 0.0039481 0.0079424 0.0019675 0.0079368 0.0059189 0.0019698 0.0000010 0.0000000 0.1987299 0.2033537 0.1956968 0.1928289 0.1979970 0.1982727 0.1963492 0.1981782 0.2004829 0.1982727 0.1977563 0.1955262 0.1955262 0.1979970 0.2033537 0.1954192 0.0019752 0.0059370 0.0079304 0.0059392 0.0059392 0.0019751 0.0039544 0.1835886 0.0059374 0.0059374 0.0039390 0.1929604 0.0039542 0.0039393 0.0039393 0.0019676 0.1985623 0.1933740 0.1933740 0.1931106 0.1956134 0.1930515 0.1956134 0.0079304 0.3198877 
HSV2_1                                  0.1935118 0.1961480 0.1960688 0.1935118 0.1985257 0.1934187 0.1960334 0.1961480 0.1938922 0.1985257 0.1960688 0.1987299 0.1987299 0.0000000 0.0059334 0.0039500 0.0090013 0.0099440 0.0019731 0.0039547 0.0059312 0.0079469 0.0019731 0.0020411 0.0079474 0.0079474 0.0099440 0.0059334 0.0099520 0.2021045 0.2019972 0.1996503 0.1994160 0.1994160 0.1970039 0.1995696 0.0551133 0.1969758 0.1969758 0.1986349 0.0099440 0.1995026 0.1987014 0.1987014 0.2012241 0.0099717 0.0079628 0.0079628 0.0119783 0.0099716 0.0099447 0.0099716 0.1996503 0.2797920 
HSV2_2                                  0.1981180 0.2007614 0.2006807 0.1981180 0.2031435 0.1980188 0.2006482 0.2007614 0.1985034 0.2031435 0.2006807 0.2033537 0.2033537 0.0059334 0.0000000 0.0059330 0.0067431 0.0119489 0.0039515 0.0099208 0.0079189 0.0099470 0.0039515 0.0040879 0.0099477 0.0099477 0.0119489 0.0000010 0.0119585 0.2067566 0.2066461 0.2042950 0.2040555 0.2040555 0.2016380 0.2042128 0.0530316 0.2016086 0.2016086 0.2032557 0.0119489 0.2041442 0.2033237 0.2033237 0.2058552 0.0119822 0.0099669 0.0099669 0.0139937 0.0119821 0.0119498 0.0119821 0.2042950 0.2769622 
HSV2_3                                  0.1905067 0.1931298 0.1930519 0.1905067 0.1954970 0.1904179 0.1930148 0.1931298 0.1908827 0.1954970 0.1930519 0.1956968 0.1956968 0.0039500 0.0059330 0.0000000 0.0090007 0.0099434 0.0019730 0.0079255 0.0019724 0.0079464 0.0019730 0.0000025 0.0079470 0.0079470 0.0099434 0.0059330 0.0099514 0.1990421 0.1989371 0.1966006 0.1963703 0.1963703 0.1939695 0.1965211 0.0551102 0.1939424 0.1939424 0.1956040 0.0099434 0.1964553 0.1956692 0.1956692 0.1981782 0.0099711 0.0079623 0.0079623 0.0119776 0.0099710 0.0099442 0.0099710 0.1966006 0.2739560 
HSV2_4                                  0.1870792 0.1899410 0.1928289 0.1870792 0.1926077 0.1898544 0.1927868 0.1899410 0.1903781 0.1926077 0.1928289 0.1928289 0.1928289 0.0090013 0.0067431 0.0090007 0.0000000 0.0022336 0.0067431 0.0090129 0.0112640 0.0044723 0.0067431 0.0000027 0.0000010 0.0000010 0.0022336 0.0067431 0.0022356 0.1965856 0.1964690 0.1938344 0.1936726 0.1936726 0.1908726 0.1937458 0.0505548 0.1908430 0.1908430 0.1927263 0.0022336 0.1936726 0.1927988 0.1927988 0.1956234 0.0022406 0.0000010 0.0000010 0.0044863 0.0022406 0.0022337 0.0022406 0.1938344 0.2948837 
HSV2_5                                  0.1927965 0.1954240 0.1953453 0.1927965 0.1977942 0.1927047 0.1953096 0.1954240 0.1931751 0.1977942 0.1953453 0.1979970 0.1979970 0.0099440 0.0119489 0.0099434 0.0022336 0.0000000 0.0079470 0.0099554 0.0119445 0.0059332 0.0079470 0.0020410 0.0019738 0.0019738 0.0000010 0.0119489 0.0039545 0.2013575 0.2012509 0.1989114 0.1986786 0.1986786 0.1962743 0.1988312 0.0529323 0.1962465 0.1962465 0.1979027 0.0039514 0.1987646 0.1979687 0.1979687 0.2004829 0.0039623 0.0019775 0.0019775 0.0059496 0.0039623 0.0039516 0.0039623 0.1989114 0.2794271 
HSV2_6                                  0.1930664 0.1956968 0.1956179 0.1930664 0.1980695 0.1929741 0.1955823 0.1956968 0.1934456 0.1980695 0.1956179 0.1982727 0.1982727 0.0019731 0.0039515 0.0019730 0.0067431 0.0079470 0.0000000 0.0059383 0.0039500 0.0059540 0.0000010 0.0000025 0.0059544 0.0059544 0.0079470 0.0039515 0.0079533 0.2016380 0.2015312 0.1991893 0.1989559 0.1989559 0.1965490 0.1991089 0.0530153 0.1965211 0.1965211 0.1981782 0.0079470 0.1990421 0.1982444 0.1982444 0.2007614 0.0079691 0.0059659 0.0059659 0.0099716 0.0079690 0.0079476 0.0079690 0.1991893 0.2769504 
HSV2_7                                  0.1911404 0.1937727 0.1936944 0.1911404 0.1961480 0.1910505 0.1936575 0.1937727 0.1915183 0.1961480 0.1936944 0.1963492 0.1963492 0.0039547 0.0099208 0.0079255 0.0090129 0.0099554 0.0059383 0.0000000 0.0099171 0.0119588 0.0059383 0.0040913 0.0079565 0.0079565 0.0099554 0.0099208 0.0099634 0.1997090 0.1996033 0.1972587 0.1970270 0.1970270 0.1946179 0.1971788 0.0551797 0.1945905 0.1945905 0.1962557 0.0099554 0.1971126 0.1963213 0.1963213 0.1988394 0.0099831 0.0079719 0.0079719 0.0119921 0.0099830 0.0099561 0.0099830 0.1972587 0.2792933 
HSV2_8                                  0.1929752 0.1956040 0.1955252 0.1929752 0.1979752 0.1928831 0.1954895 0.1956040 0.1933542 0.1979752 0.1955252 0.1981782 0.1981782 0.0059312 0.0079189 0.0019724 0.0112640 0.0119445 0.0039500 0.0099171 0.0000000 0.0099433 0.0039500 0.0020411 0.0099440 0.0099440 0.0119445 0.0079189 0.0119541 0.2015409 0.2014342 0.1990938 0.1988606 0.1988606 0.1964553 0.1990135 0.0572125 0.1964274 0.1964274 0.1980838 0.0119445 0.1989468 0.1981499 0.1981499 0.2006652 0.0119777 0.0099632 0.0099632 0.0139884 0.0119776 0.0119454 0.0119776 0.1990938 0.2746207 
HSV2_9                                  0.1952695 0.1979027 0.1978231 0.1952695 0.2002768 0.1951743 0.1977888 0.1979027 0.1956510 0.2002768 0.1978231 0.2004829 0.2004829 0.0079469 0.0099470 0.0079464 0.0044723 0.0059332 0.0059540 0.0119588 0.0099433 0.0000000 0.0059540 0.0020410 0.0039516 0.0039516 0.0059332 0.0099470 0.0059379 0.2038608 0.2037525 0.2014092 0.2011734 0.2011734 0.1987646 0.2013281 0.0550272 0.1987360 0.1987360 0.2003869 0.0059332 0.2012606 0.2004539 0.2004539 0.2029744 0.0059497 0.0039592 0.0039592 0.0079410 0.0059496 0.0059336 0.0059496 0.2014092 0.2801050 
HSV2_10                                 0.1930664 0.1956968 0.1956179 0.1930664 0.1980695 0.1929741 0.1955823 0.1956968 0.1934456 0.1980695 0.1956179 0.1982727 0.1982727 0.0019731 0.0039515 0.0019730 0.0067431 0.0079470 0.0000010 0.0059383 0.0039500 0.0059540 0.0000000 0.0000025 0.0059544 0.0059544 0.0079470 0.0039515 0.0079533 0.2016380 0.2015312 0.1991893 0.1989559 0.1989559 0.1965490 0.1991089 0.0530153 0.1965211 0.1965211 0.1981782 0.0079470 0.1990421 0.1982444 0.1982444 0.2007614 0.0079691 0.0059659 0.0059659 0.0099716 0.0079690 0.0079476 0.0079690 0.1991893 0.2769504 
HSV2_11                                 0.1923817 0.1950962 0.1950150 0.1923817 0.1975471 0.1922866 0.1949788 0.1950962 0.1927720 0.1975471 0.1950150 0.1977563 0.1977563 0.0020411 0.0040879 0.0000025 0.0000027 0.0020410 0.0000025 0.0040913 0.0020411 0.0020410 0.0000025 0.0000000 0.0000025 0.0000025 0.0020410 0.0040879 0.0020426 0.2012295 0.2011194 0.1987007 0.1984602 0.1984602 0.1959739 0.1986178 0.0504244 0.1959453 0.1959453 0.1976590 0.0020410 0.1985490 0.1977272 0.1977272 0.2003260 0.0020468 0.0000025 0.0000025 0.0040980 0.0020468 0.0020411 0.0020468 0.1987007 0.2699401 
HSV2_13                                 0.1903384 0.1929604 0.1928826 0.1903384 0.1953267 0.1902499 0.1928453 0.1929604 0.1907142 0.1953267 0.1928826 0.1955262 0.1955262 0.0079474 0.0099477 0.0079470 0.0000010 0.0019738 0.0059544 0.0079565 0.0099440 0.0039516 0.0059544 0.0000025 0.0000000 0.0000010 0.0019738 0.0099477 0.0019753 0.1988694 0.1987646 0.1964289 0.1961989 0.1961989 0.1937991 0.1963495 0.0508448 0.1937720 0.1937720 0.1954335 0.0019738 0.1962838 0.1954987 0.1954987 0.1980065 0.0019792 0.0000010 0.0000010 0.0039625 0.0019792 0.0019739 0.0019792 0.1964289 0.2765998 
HSV2_14                                 0.1903384 0.1929604 0.1928826 0.1903384 0.1953267 0.1902499 0.1928453 0.1929604 0.1907142 0.1953267 0.1928826 0.1955262 0.1955262 0.0079474 0.0099477 0.0079470 0.0000010 0.0019738 0.0059544 0.0079565 0.0099440 0.0039516 0.0059544 0.0000025 0.0000010 0.0000000 0.0019738 0.0099477 0.0019753 0.1988694 0.1987646 0.1964289 0.1961989 0.1961989 0.1937991 0.1963495 0.0508448 0.1937720 0.1937720 0.1954335 0.0019738 0.1962838 0.1954987 0.1954987 0.1980065 0.0019792 0.0000010 0.0000010 0.0039625 0.0019792 0.0019739 0.0019792 0.1964289 0.2765998 
HSV2_15                                 0.1927965 0.1954240 0.1953453 0.1927965 0.1977942 0.1927047 0.1953096 0.1954240 0.1931751 0.1977942 0.1953453 0.1979970 0.1979970 0.0099440 0.0119489 0.0099434 0.0022336 0.0000010 0.0079470 0.0099554 0.0119445 0.0059332 0.0079470 0.0020410 0.0019738 0.0019738 0.0000000 0.0119489 0.0039545 0.2013575 0.2012509 0.1989114 0.1986786 0.1986786 0.1962743 0.1988312 0.0529323 0.1962465 0.1962465 0.1979027 0.0039514 0.1987646 0.1979687 0.1979687 0.2004829 0.0039623 0.0019775 0.0019775 0.0059496 0.0039623 0.0039516 0.0039623 0.1989114 0.2794271 
HSV2_16                                 0.1981180 0.2007614 0.2006807 0.1981180 0.2031435 0.1980188 0.2006482 0.2007614 0.1985034 0.2031435 0.2006807 0.2033537 0.2033537 0.0059334 0.0000010 0.0059330 0.0067431 0.0119489 0.0039515 0.0099208 0.0079189 0.0099470 0.0039515 0.0040879 0.0099477 0.0099477 0.0119489 0.0000000 0.0119585 0.2067566 0.2066461 0.2042950 0.2040555 0.2040555 0.2016380 0.2042128 0.0530316 0.2016086 0.2016086 0.2032557 0.0119489 0.2041442 0.2033237 0.2033237 0.2058552 0.0119822 0.0099669 0.0099669 0.0139937 0.0119821 0.0119498 0.0119821 0.2042950 0.2769622 
HSV2_18                                 0.1902350 0.1928552 0.1927775 0.1902350 0.1952200 0.1901466 0.1927402 0.1928552 0.1906104 0.1952200 0.1927775 0.1954192 0.1954192 0.0099520 0.0119585 0.0099514 0.0022356 0.0039545 0.0079533 0.0099634 0.0119541 0.0059379 0.0079533 0.0020426 0.0019753 0.0019753 0.0039545 0.0119585 0.0000000 0.1987598 0.1986551 0.1963209 0.1960912 0.1960912 0.1936929 0.1962417 0.0529759 0.1936659 0.1936659 0.1953267 0.0039545 0.1961760 0.1953918 0.1953918 0.1978979 0.0039655 0.0019791 0.0019791 0.0059543 0.0039654 0.0039548 0.0039654 0.1963209 0.2797167 
JN400093_Human_herpesvirus_1            0.0079574 0.0039542 0.0039589 0.0079574 0.0079304 0.0059512 0.0099769 0.0039542 0.0099697 0.0079304 0.0039589 0.0019752 0.0019752 0.2021045 0.2067566 0.1990421 0.1965856 0.2013575 0.2016380 0.1997090 0.2015409 0.2038608 0.2016380 0.2012295 0.1988694 0.1988694 0.2013575 0.2067566 0.1987598 0.0000000 0.0079241 0.0099231 0.0079270 0.0079270 0.0039542 0.0059377 0.1868510 0.0079245 0.0079245 0.0059374 0.1962838 0.0059374 0.0059377 0.0059377 0.0039544 0.2019349 0.1967068 0.1967068 0.1964376 0.1989589 0.1963774 0.1989589 0.0099231 0.3228585 
JN420337_Human_herpesvirus_1            0.0039691 0.0039528 0.0079331 0.0039691 0.0039556 0.0099378 0.0139957 0.0039528 0.0139846 0.0039556 0.0079331 0.0059370 0.0059370 0.2019972 0.2066461 0.1989371 0.1964690 0.2012509 0.2015312 0.1996033 0.2014342 0.2037525 0.2015312 0.2011194 0.1987646 0.1987646 0.2012509 0.2066461 0.1986551 0.0079241 0.0000000 0.0099194 0.0039539 0.0039539 0.0039528 0.0099152 0.1867542 0.0079216 0.0079216 0.0019743 0.1961808 0.0059352 0.0099152 0.0099152 0.0079241 0.2018276 0.1966033 0.1966033 0.1963344 0.1988539 0.1962743 0.1988539 0.0099194 0.3209771 
JN420338_Human_herpesvirus_1            0.0099612 0.0059399 0.0099344 0.0099612 0.0099274 0.0119472 0.0160246 0.0059399 0.0160129 0.0099274 0.0099344 0.0079304 0.0079304 0.1996503 0.2042950 0.1966006 0.1938344 0.1989114 0.1991893 0.1972587 0.1990938 0.2014092 0.1991893 0.1987007 0.1964289 0.1964289 0.1989114 0.2042950 0.1963209 0.0099231 0.0099194 0.0000000 0.0099231 0.0099231 0.0059399 0.0039570 0.1844353 0.0019759 0.0019759 0.0079279 0.1938504 0.0039559 0.0039570 0.0039570 0.0099231 0.1994817 0.1942677 0.1942677 0.1940020 0.1965170 0.1989497 0.1965170 0.0000010 0.3213894 
JN420339_Human_herpesvirus_1            0.0000010 0.0039542 0.0079360 0.0000010 0.0039571 0.0099415 0.0140010 0.0039542 0.0139899 0.0039571 0.0079360 0.0059392 0.0059392 0.1994160 0.2040555 0.1963703 0.1936726 0.1986786 0.1989559 0.1970270 0.1988606 0.2011734 0.1989559 0.1984602 0.1961989 0.1961989 0.1986786 0.2040555 0.1960912 0.0079270 0.0039539 0.0099231 0.0000000 0.0000010 0.0039542 0.0099189 0.1842192 0.0079245 0.0079245 0.0019751 0.1936236 0.0059374 0.0099189 0.0099189 0.0079270 0.1992476 0.1940400 0.1940400 0.1937748 0.1962868 0.1937153 0.1962868 0.0099231 0.3206675 
JN420340_Human_herpesvirus_1            0.0000010 0.0039542 0.0079360 0.0000010 0.0039571 0.0099415 0.0140010 0.0039542 0.0139899 0.0039571 0.0079360 0.0059392 0.0059392 0.1994160 0.2040555 0.1963703 0.1936726 0.1986786 0.1989559 0.1970270 0.1988606 0.2011734 0.1989559 0.1984602 0.1961989 0.1961989 0.1986786 0.2040555 0.1960912 0.0079270 0.0039539 0.0099231 0.0000010 0.0000000 0.0039542 0.0099189 0.1842192 0.0079245 0.0079245 0.0019751 0.1936236 0.0059374 0.0099189 0.0099189 0.0079270 0.1992476 0.1940400 0.1940400 0.1937748 0.1962868 0.1937153 0.1962868 0.0099231 0.3206675 
JN420341_Human_herpesvirus_1            0.0039694 0.0000010 0.0039587 0.0039694 0.0039559 0.0059508 0.0099763 0.0000010 0.0099691 0.0039559 0.0039587 0.0019751 0.0019751 0.1970039 0.2016380 0.1939695 0.1908726 0.1962743 0.1965490 0.1946179 0.1964553 0.1987646 0.1965490 0.1959739 0.1937991 0.1937991 0.1962743 0.2016380 0.1936929 0.0039542 0.0039528 0.0059399 0.0039542 0.0039542 0.0000000 0.0059374 0.1818393 0.0039530 0.0039530 0.0019745 0.1912298 0.0019745 0.0059374 0.0059374 0.0039542 0.1968365 0.1916407 0.1916407 0.1913789 0.1938857 0.1913201 0.1938857 0.0059399 0.3200418 
JN420342_Human_herpesvirus_1            0.0099570 0.0059374 0.0059444 0.0099570 0.0099231 0.0079431 0.0119845 0.0059374 0.0119759 0.0099231 0.0059444 0.0039544 0.0039544 0.1995696 0.2042128 0.1965211 0.1937458 0.1988312 0.1991089 0.1971788 0.1990135 0.2013281 0.1991089 0.1986178 0.1963495 0.1963495 0.1988312 0.2042128 0.1962417 0.0059377 0.0099152 0.0039570 0.0099189 0.0099189 0.0059374 0.0000000 0.1843601 0.0019750 0.0019750 0.0079245 0.1937720 0.0039542 0.0000010 0.0000010 0.0059377 0.1994011 0.1941890 0.1941890 0.1939235 0.1964376 0.1988694 0.1964376 0.0039570 0.3214504 
JQ360576_Chimpanzee_alpha-1_herpesvirus 0.1784589 0.1810556 0.1809820 0.1784589 0.1834044 0.1783860 0.1809380 0.1810556 0.1788208 0.1834044 0.1809820 0.1835886 0.1835886 0.0551133 0.0530316 0.0551102 0.0505548 0.0529323 0.0530153 0.0551797 0.0572125 0.0550272 0.0530153 0.0504244 0.0508448 0.0508448 0.0529323 0.0530316 0.0529759 0.1868510 0.1867542 0.1844353 0.1842192 0.1842192 0.1818393 0.1843601 0.0000000 0.1818156 0.1818156 0.1835035 0.0487420 0.1842986 0.1835645 0.1835645 0.1811158 0.0530790 0.0509453 0.0509453 0.0487747 0.0508634 0.0529374 0.0508634 0.1844353 0.2919465 
JQ730035_Human_herpesvirus_1            0.0079550 0.0039530 0.0079336 0.0079550 0.0079279 0.0099384 0.0139965 0.0039530 0.0139854 0.0079279 0.0079336 0.0059374 0.0059374 0.1969758 0.2016086 0.1939424 0.1908430 0.1962465 0.1965211 0.1945905 0.1964274 0.1987360 0.1965211 0.1959453 0.1937720 0.1937720 0.1962465 0.2016086 0.1936659 0.0079245 0.0079216 0.0019759 0.0079245 0.0079245 0.0039530 0.0019750 0.1818156 0.0000000 0.0000010 0.0059355 0.1912035 0.0019745 0.0019750 0.0019750 0.0079245 0.1968085 0.1916142 0.1916142 0.1913526 0.1938586 0.1962838 0.1938586 0.0019759 0.3216059 
JX142173_Human_herpesvirus_1            0.0079550 0.0039530 0.0079336 0.0079550 0.0079279 0.0099384 0.0139965 0.0039530 0.0139854 0.0079279 0.0079336 0.0059374 0.0059374 0.1969758 0.2016086 0.1939424 0.1908430 0.1962465 0.1965211 0.1945905 0.1964274 0.1987360 0.1965211 0.1959453 0.1937720 0.1937720 0.1962465 0.2016086 0.1936659 0.0079245 0.0079216 0.0019759 0.0079245 0.0079245 0.0039530 0.0019750 0.1818156 0.0000010 0.0000000 0.0059355 0.1912035 0.0019745 0.0019750 0.0019750 0.0079245 0.1968085 0.1916142 0.1916142 0.1913526 0.1938586 0.1962838 0.1938586 0.0019759 0.3216059 
KF498959_Human_herpesvirus_1            0.0019750 0.0019669 0.0059212 0.0019750 0.0019683 0.0079119 0.0119382 0.0019669 0.0119288 0.0019683 0.0059212 0.0039390 0.0039390 0.1986349 0.2032557 0.1956040 0.1927263 0.1979027 0.1981782 0.1962557 0.1980838 0.2003869 0.1981782 0.1976590 0.1954335 0.1954335 0.1979027 0.2032557 0.1953267 0.0059374 0.0019743 0.0079279 0.0019751 0.0019751 0.0019745 0.0079245 0.1835035 0.0059355 0.0059355 0.0000000 0.1928695 0.0039530 0.0078940 0.0078940 0.0059145 0.1984675 0.1932826 0.1932826 0.1930195 0.1955207 0.1929604 0.1955207 0.0079279 0.3208222 
KF781518_Human_herpesvirus_2            0.1877889 0.1904036 0.1903267 0.1877889 0.1927644 0.1877039 0.1902880 0.1904036 0.1881615 0.1927644 0.1903267 0.1929604 0.1929604 0.0099440 0.0119489 0.0099434 0.0022336 0.0039514 0.0079470 0.0099554 0.0119445 0.0059332 0.0079470 0.0020410 0.0019738 0.0019738 0.0039514 0.0119489 0.0039545 0.1962838 0.1961808 0.1938504 0.1936236 0.1936236 0.1912298 0.1937720 0.0487420 0.1912035 0.1912035 0.1928695 0.0000000 0.1937072 0.1929337 0.1929337 0.1954335 0.0039623 0.0019775 0.0019775 0.0059496 0.0039623 0.0039516 0.0039623 0.1938504 0.2794271 
KM222720_Human_herpesvirus_1            0.0059601 0.0019745 0.0059441 0.0059601 0.0059399 0.0079426 0.0119838 0.0019745 0.0119752 0.0059399 0.0059441 0.0039542 0.0039542 0.1995026 0.2041442 0.1964553 0.1936726 0.1987646 0.1990421 0.1971126 0.1989468 0.2012606 0.1990421 0.1985490 0.1962838 0.1962838 0.1987646 0.2041442 0.1961760 0.0059374 0.0059352 0.0039559 0.0059374 0.0059374 0.0019745 0.0039542 0.1842986 0.0019745 0.0019745 0.0039530 0.1937072 0.0000000 0.0039542 0.0039542 0.0059374 0.1993341 0.1941240 0.1941240 0.1938586 0.1963718 0.1937991 0.1963718 0.0039559 0.3208222 
KM222724_Human_herpesvirus_1            0.0099194 0.0059145 0.0059216 0.0099194 0.0098848 0.0079124 0.0119389 0.0059145 0.0119295 0.0098848 0.0059216 0.0039393 0.0039393 0.1987014 0.2033237 0.1956692 0.1927988 0.1979687 0.1982444 0.1963213 0.1981499 0.2004539 0.1982444 0.1977272 0.1954987 0.1954987 0.1979687 0.2033237 0.1953918 0.0059377 0.0099152 0.0039570 0.0099189 0.0099189 0.0059374 0.0000010 0.1835645 0.0019750 0.0019750 0.0078940 0.1929337 0.0039542 0.0000000 0.0000010 0.0059149 0.1985339 0.1933471 0.1933471 0.1930838 0.1955859 0.1980065 0.1955859 0.0039570 0.3214504 
KM222725_Human_herpesvirus_1            0.0099194 0.0059145 0.0059216 0.0099194 0.0098848 0.0079124 0.0119389 0.0059145 0.0119295 0.0098848 0.0059216 0.0039393 0.0039393 0.1987014 0.2033237 0.1956692 0.1927988 0.1979687 0.1982444 0.1963213 0.1981499 0.2004539 0.1982444 0.1977272 0.1954987 0.1954987 0.1979687 0.2033237 0.1953918 0.0059377 0.0099152 0.0039570 0.0099189 0.0099189 0.0059374 0.0000010 0.1835645 0.0019750 0.0019750 0.0078940 0.1929337 0.0039542 0.0000010 0.0000000 0.0059149 0.1985339 0.1933471 0.1933471 0.1930838 0.1955859 0.1980065 0.1955859 0.0039570 0.3214504 
KM222727_Human_herpesvirus_1            0.0079266 0.0039390 0.0039437 0.0079266 0.0078999 0.0059283 0.0099382 0.0039390 0.0099311 0.0078999 0.0039437 0.0019676 0.0019676 0.2012241 0.2058552 0.1981782 0.1956234 0.2004829 0.2007614 0.1988394 0.2006652 0.2029744 0.2007614 0.2003260 0.1980065 0.1980065 0.2004829 0.2058552 0.1978979 0.0039544 0.0079241 0.0099231 0.0079270 0.0079270 0.0039542 0.0059377 0.1811158 0.0079245 0.0079245 0.0059145 0.1954335 0.0059374 0.0059149 0.0059149 0.0000000 0.2010555 0.1958529 0.1958529 0.1955859 0.1980951 0.1955262 0.1980951 0.0099231 0.3228585 
KR135298_Human_herpesvirus_2            0.1933466 0.1959816 0.1959026 0.1933466 0.1983584 0.1932538 0.1958671 0.1959816 0.1937267 0.1983584 0.1959026 0.1985623 0.1985623 0.0099717 0.0119822 0.0099711 0.0022406 0.0039623 0.0079691 0.0099831 0.0119777 0.0059497 0.0079691 0.0020468 0.0019792 0.0019792 0.0039623 0.0119822 0.0039655 0.2019349 0.2018276 0.1994817 0.1992476 0.1992476 0.1968365 0.1994011 0.0530790 0.1968085 0.1968085 0.1984675 0.0039623 0.1993341 0.1985339 0.1985339 0.2010555 0.0000000 0.0019830 0.0019830 0.0059662 0.0039733 0.0039626 0.0039733 0.1994817 0.2802840 
KR135300_Human_herpesvirus_2            0.1881901 0.1908109 0.1907338 0.1881901 0.1931770 0.1881044 0.1906952 0.1908109 0.1885639 0.1931770 0.1907338 0.1933740 0.1933740 0.0079628 0.0099669 0.0079623 0.0000010 0.0019775 0.0059659 0.0079719 0.0099632 0.0039592 0.0059659 0.0000025 0.0000010 0.0000010 0.0019775 0.0099669 0.0019791 0.1967068 0.1966033 0.1942677 0.1940400 0.1940400 0.1916407 0.1941890 0.0509453 0.1916142 0.1916142 0.1932826 0.0019775 0.1941240 0.1933471 0.1933471 0.1958529 0.0019830 0.0000000 0.0000010 0.0039701 0.0019830 0.0019777 0.0019830 0.1942677 0.2742586 
KR135316_Human_herpesvirus_2            0.1881901 0.1908109 0.1907338 0.1881901 0.1931770 0.1881044 0.1906952 0.1908109 0.1885639 0.1931770 0.1907338 0.1933740 0.1933740 0.0079628 0.0099669 0.0079623 0.0000010 0.0019775 0.0059659 0.0079719 0.0099632 0.0039592 0.0059659 0.0000025 0.0000010 0.0000010 0.0019775 0.0099669 0.0019791 0.1967068 0.1966033 0.1942677 0.1940400 0.1940400 0.1916407 0.1941890 0.0509453 0.1916142 0.1916142 0.1932826 0.0019775 0.1941240 0.1933471 0.1933471 0.1958529 0.0019830 0.0000010 0.0000000 0.0039701 0.0019830 0.0019777 0.0019830 0.1942677 0.2742586 
KR135324_Human_herpesvirus_2            0.1879344 0.1905514 0.1904744 0.1879344 0.1929142 0.1878491 0.1904358 0.1905514 0.1883074 0.1929142 0.1904744 0.1931106 0.1931106 0.0119783 0.0139937 0.0119776 0.0044863 0.0059496 0.0099716 0.0119921 0.0139884 0.0079410 0.0099716 0.0040980 0.0039625 0.0039625 0.0059496 0.0139937 0.0059543 0.1964376 0.1963344 0.1940020 0.1937748 0.1937748 0.1913789 0.1939235 0.0487747 0.1913526 0.1913526 0.1930195 0.0059496 0.1938586 0.1930838 0.1930838 0.1955859 0.0059662 0.0039701 0.0039701 0.0000000 0.0019738 0.0059500 0.0019738 0.1940020 0.2795847 
KR135326_Human_herpesvirus_2            0.1904229 0.1930462 0.1929684 0.1904229 0.1954137 0.1903342 0.1929311 0.1930462 0.1907989 0.1954137 0.1929684 0.1956134 0.1956134 0.0099716 0.0119821 0.0099710 0.0022406 0.0039623 0.0079690 0.0099830 0.0119776 0.0059496 0.0079690 0.0020468 0.0019792 0.0019792 0.0039623 0.0119821 0.0039654 0.1989589 0.1988539 0.1965170 0.1962868 0.1962868 0.1938857 0.1964376 0.0508634 0.1938586 0.1938586 0.1955207 0.0039623 0.1963718 0.1955859 0.1955859 0.1980951 0.0039733 0.0019830 0.0019830 0.0019738 0.0000000 0.0039626 0.0000010 0.1965170 0.2767437 
KR135328_Human_herpesvirus_2            0.1878766 0.1904930 0.1904160 0.1878766 0.1928552 0.1877914 0.1903773 0.1904930 0.1882495 0.1928552 0.1904160 0.1930515 0.1930515 0.0099447 0.0119498 0.0099442 0.0022337 0.0039516 0.0079476 0.0099561 0.0119454 0.0059336 0.0079476 0.0020411 0.0019739 0.0019739 0.0039516 0.0119498 0.0039548 0.1963774 0.1962743 0.1989497 0.1937153 0.1937153 0.1913201 0.1988694 0.0529374 0.1962838 0.1962838 0.1929604 0.0039516 0.1937991 0.1980065 0.1980065 0.1955262 0.0039626 0.0019777 0.0019777 0.0059500 0.0039626 0.0000000 0.0039626 0.1989497 0.2759315 
KR135329_Human_herpesvirus_2            0.1904229 0.1930462 0.1929684 0.1904229 0.1954137 0.1903342 0.1929311 0.1930462 0.1907989 0.1954137 0.1929684 0.1956134 0.1956134 0.0099716 0.0119821 0.0099710 0.0022406 0.0039623 0.0079690 0.0099830 0.0119776 0.0059496 0.0079690 0.0020468 0.0019792 0.0019792 0.0039623 0.0119821 0.0039654 0.1989589 0.1988539 0.1965170 0.1962868 0.1962868 0.1938857 0.1964376 0.0508634 0.1938586 0.1938586 0.1955207 0.0039623 0.1963718 0.1955859 0.1955859 0.1980951 0.0039733 0.0019830 0.0019830 0.0019738 0.0000010 0.0039626 0.0000000 0.1965170 0.2767437 
NC_001806_Human_herpesvirus_1           0.0099612 0.0059399 0.0099344 0.0099612 0.0099274 0.0119472 0.0160246 0.0059399 0.0160129 0.0099274 0.0099344 0.0079304 0.0079304 0.1996503 0.2042950 0.1966006 0.1938344 0.1989114 0.1991893 0.1972587 0.1990938 0.2014092 0.1991893 0.1987007 0.1964289 0.1964289 0.1989114 0.2042950 0.1963209 0.0099231 0.0099194 0.0000010 0.0099231 0.0099231 0.0059399 0.0039570 0.1844353 0.0019759 0.0019759 0.0079279 0.1938504 0.0039559 0.0039570 0.0039570 0.0099231 0.1994817 0.1942677 0.1942677 0.1940020 0.1965170 0.1989497 0.1965170 0.0000000 0.3213894 
NC_006560_Cercopithecine_herpesvirus_2  0.3206675 0.3200418 0.3165988 0.3206675 0.3241377 0.3168101 0.3137975 0.3200418 0.3138556 0.3241377 0.3165988 0.3198877 0.3198877 0.2797920 0.2769622 0.2739560 0.2948837 0.2794271 0.2769504 0.2792933 0.2746207 0.2801050 0.2769504 0.2699401 0.2765998 0.2765998 0.2794271 0.2769622 0.2797167 0.3228585 0.3209771 0.3213894 0.3206675 0.3206675 0.3200418 0.3214504 0.2919465 0.3216059 0.3216059 0.3208222 0.2794271 0.3208222 0.3214504 0.3214504 0.3228585 0.2802840 0.2742586 0.2742586 0.2795847 0.2767437 0.2759315 0.2767437 0.3213894 0.0000000 
