41
HM585496_Human_herpesvirus_1            0.0000000 0.0039471 0.0000010 0.0039518 0.0019709 0.0019709 0.0059335 0.0039518 0.0079194 0.0079194 0.0812802 0.0812802 0.0938136 0.0878866 0.0836271 0.0819159 0.0878866 0.0876665 0.0059335 0.0079191 0.0079191 0.0019737 0.0059339 0.1012894 0.0059339 0.0099097 0.0039602 0.0019737 0.0059426 0.0059337 0.0900749 0.0876665 0.0900749 0.0900749 0.0900749 0.0834649 0.0900796 0.0900796 0.0856900 0.0059335 0.1922457 
HM585497_Human_herpesvirus_1            0.0039471 0.0000000 0.0039471 0.0039529 0.0059268 0.0059268 0.0059353 0.0039529 0.0079218 0.0079218 0.0790039 0.0790039 0.0905726 0.0855849 0.0813380 0.0796194 0.0855849 0.0853710 0.0059353 0.0079215 0.0079215 0.0059353 0.0059356 0.0989364 0.0059356 0.0099126 0.0079392 0.0059353 0.0059444 0.0059355 0.0877655 0.0853710 0.0877655 0.0877655 0.0877655 0.0811805 0.0877700 0.0877700 0.0833966 0.0059353 0.1923323 
HM585498_Human_herpesvirus_1            0.0000010 0.0039471 0.0000000 0.0039518 0.0019709 0.0019709 0.0059335 0.0039518 0.0079194 0.0079194 0.0812802 0.0812802 0.0938136 0.0878866 0.0836271 0.0819159 0.0878866 0.0876665 0.0059335 0.0079191 0.0079191 0.0019737 0.0059339 0.1012894 0.0059339 0.0099097 0.0039602 0.0019737 0.0059426 0.0059337 0.0900749 0.0876665 0.0900749 0.0900749 0.0900749 0.0834649 0.0900796 0.0900796 0.0856900 0.0059335 0.1922457 
HM585501_Human_herpesvirus_1            0.0039518 0.0039529 0.0039518 0.0000000 0.0059337 0.0059337 0.0019707 0.0000010 0.0039453 0.0039453 0.0789150 0.0789150 0.0937137 0.0854884 0.0812461 0.0795300 0.0854884 0.0852749 0.0019707 0.0039452 0.0039452 0.0019707 0.0059426 0.0988243 0.0059426 0.0059237 0.0039540 0.0019707 0.0019737 0.0019707 0.0876665 0.0852749 0.0876665 0.0876665 0.0876665 0.0810891 0.0876710 0.0876710 0.0833025 0.0019707 0.1868720 
HM585502_Human_herpesvirus_1            0.0019709 0.0059268 0.0019709 0.0059337 0.0000000 0.0039459 0.0079194 0.0059337 0.0099104 0.0099104 0.0834568 0.0834568 0.0968953 0.0900796 0.0858132 0.0841103 0.0900796 0.0898538 0.0079194 0.0099100 0.0099100 0.0039515 0.0079199 0.0990583 0.0079199 0.0119040 0.0059463 0.0039515 0.0079316 0.0079197 0.0922726 0.0898538 0.0922726 0.0922726 0.0922726 0.0856466 0.0922775 0.0922775 0.0878779 0.0079194 0.1947777 
HM585504_Human_herpesvirus_1            0.0019709 0.0059268 0.0019709 0.0059337 0.0039459 0.0000000 0.0079194 0.0059337 0.0099104 0.0099104 0.0834568 0.0834568 0.0968953 0.0900796 0.0858132 0.0841103 0.0900796 0.0898538 0.0079194 0.0099100 0.0099100 0.0039515 0.0079199 0.1035163 0.0079199 0.0119040 0.0059463 0.0039515 0.0079316 0.0079197 0.0922726 0.0898538 0.0922726 0.0922726 0.0922726 0.0856466 0.0922775 0.0922775 0.0878779 0.0079194 0.1947777 
HM585508_Human_herpesvirus_1            0.0059335 0.0059353 0.0059335 0.0019707 0.0079194 0.0079194 0.0000000 0.0019707 0.0059239 0.0059239 0.0810772 0.0810772 0.0967849 0.0876665 0.0834177 0.0817098 0.0876665 0.0874474 0.0000010 0.0019705 0.0019705 0.0039452 0.0039574 0.1010339 0.0039574 0.0039448 0.0059368 0.0039452 0.0039513 0.0039453 0.0898491 0.0874474 0.0898491 0.0898491 0.0898491 0.0832563 0.0898538 0.0898538 0.0854756 0.0039452 0.1871142 
HM585510_Human_herpesvirus_1            0.0039518 0.0039529 0.0039518 0.0000010 0.0059337 0.0059337 0.0019707 0.0000000 0.0039453 0.0039453 0.0789150 0.0789150 0.0937137 0.0854884 0.0812461 0.0795300 0.0854884 0.0852749 0.0019707 0.0039452 0.0039452 0.0019707 0.0059426 0.0988243 0.0059426 0.0059237 0.0039540 0.0019707 0.0019737 0.0019707 0.0876665 0.0852749 0.0876665 0.0876665 0.0876665 0.0810891 0.0876710 0.0876710 0.0833025 0.0019707 0.1868720 
HM585512_Human_herpesvirus_1            0.0079194 0.0079218 0.0079194 0.0039453 0.0099104 0.0099104 0.0059239 0.0039453 0.0000000 0.0000010 0.0811430 0.0811430 0.0938620 0.0856501 0.0814000 0.0795900 0.0856501 0.0854359 0.0059239 0.0079062 0.0079062 0.0059239 0.0099242 0.1011166 0.0099242 0.0098936 0.0079238 0.0059239 0.0059329 0.0059241 0.0878324 0.0854359 0.0878324 0.0878324 0.0878324 0.0833239 0.0878369 0.0878369 0.0834601 0.0059239 0.1896322 
HM585513_Human_herpesvirus_1            0.0079194 0.0079218 0.0079194 0.0039453 0.0099104 0.0099104 0.0059239 0.0039453 0.0000010 0.0000000 0.0811430 0.0811430 0.0938620 0.0856501 0.0814000 0.0795900 0.0856501 0.0854359 0.0059239 0.0079062 0.0079062 0.0059239 0.0099242 0.1011166 0.0099242 0.0098936 0.0079238 0.0059239 0.0059329 0.0059241 0.0878324 0.0854359 0.0878324 0.0878324 0.0878324 0.0833239 0.0878369 0.0878369 0.0834601 0.0059239 0.1896322 
HSV2_1                                  0.0812802 0.0790039 0.0812802 0.0789150 0.0834568 0.0834568 0.0810772 0.0789150 0.0811430 0.0811430 0.0000000 0.0000010 0.0139725 0.0059281 0.0059521 0.0000026 0.0059281 0.0079237 0.0810772 0.0832440 0.0832440 0.0789750 0.0857011 0.0260303 0.0857011 0.0854154 0.0813287 0.0789750 0.0812064 0.0810813 0.0079120 0.0079237 0.0079120 0.0079120 0.0079120 0.0019710 0.0079123 0.0079123 0.0039478 0.0810772 0.1906927 
HSV2_2                                  0.0812802 0.0790039 0.0812802 0.0789150 0.0834568 0.0834568 0.0810772 0.0789150 0.0811430 0.0811430 0.0000010 0.0000000 0.0139725 0.0059281 0.0059521 0.0000026 0.0059281 0.0079237 0.0810772 0.0832440 0.0832440 0.0789750 0.0857011 0.0260303 0.0857011 0.0854154 0.0813287 0.0789750 0.0812064 0.0810813 0.0079120 0.0079237 0.0079120 0.0079120 0.0079120 0.0019710 0.0079123 0.0079123 0.0039478 0.0810772 0.1906927 
HSV2_4                                  0.0938136 0.0905726 0.0938136 0.0937137 0.0968953 0.0968953 0.0967849 0.0937137 0.0938620 0.0938620 0.0139725 0.0139725 0.0000000 0.0055565 0.0027760 0.0056036 0.0055565 0.0027680 0.0967849 0.0998651 0.0998651 0.0938136 0.0967849 0.0368441 0.0967849 0.1029540 0.0938136 0.0938136 0.0970023 0.0967922 0.0055565 0.0027680 0.0055565 0.0055565 0.0055565 0.0111616 0.0083469 0.0083469 0.0083469 0.0967849 0.1654406 
HSV2_5                                  0.0878866 0.0855849 0.0878866 0.0854884 0.0900796 0.0900796 0.0876665 0.0854884 0.0856501 0.0856501 0.0059281 0.0059281 0.0055565 0.0000000 0.0000020 0.0000026 0.0000010 0.0019728 0.0876665 0.0898491 0.0898491 0.0855534 0.0923454 0.0280775 0.0923454 0.0920363 0.0879394 0.0855534 0.0878066 0.0876710 0.0019699 0.0019728 0.0019699 0.0019699 0.0019699 0.0039480 0.0019699 0.0019699 0.0019699 0.0876665 0.1933457 
HSV2_9                                  0.0836271 0.0813380 0.0836271 0.0812461 0.0858132 0.0858132 0.0834177 0.0812461 0.0814000 0.0814000 0.0059521 0.0059521 0.0027760 0.0000020 0.0000000 0.0000023 0.0000020 0.0000020 0.0834177 0.0855936 0.0855936 0.0813081 0.0880698 0.0281910 0.0880698 0.0877753 0.0836772 0.0813081 0.0835510 0.0834219 0.0019778 0.0000020 0.0019778 0.0019778 0.0019778 0.0039636 0.0019779 0.0019779 0.0019779 0.0834177 0.1890442 
HSV2_11                                 0.0819159 0.0796194 0.0819159 0.0795300 0.0841103 0.0841103 0.0817098 0.0795300 0.0795900 0.0795900 0.0000026 0.0000026 0.0056036 0.0000026 0.0000023 0.0000000 0.0000026 0.0019882 0.0817098 0.0838942 0.0838942 0.0795900 0.0863735 0.0241808 0.0863735 0.0860833 0.0819652 0.0795900 0.0818410 0.0817140 0.0019853 0.0019882 0.0019853 0.0019853 0.0019853 0.0000026 0.0019853 0.0019853 0.0000026 0.0817098 0.1897684 
HSV2_13                                 0.0878866 0.0855849 0.0878866 0.0854884 0.0900796 0.0900796 0.0876665 0.0854884 0.0856501 0.0856501 0.0059281 0.0059281 0.0055565 0.0000010 0.0000020 0.0000026 0.0000000 0.0019728 0.0876665 0.0898491 0.0898491 0.0855534 0.0923454 0.0280775 0.0923454 0.0920363 0.0879394 0.0855534 0.0878066 0.0876710 0.0019699 0.0019728 0.0019699 0.0019699 0.0019699 0.0039480 0.0019699 0.0019699 0.0019699 0.0876665 0.1933457 
HSV2_18                                 0.0876665 0.0853710 0.0876665 0.0852749 0.0898538 0.0898538 0.0874474 0.0852749 0.0854359 0.0854359 0.0079237 0.0079237 0.0027680 0.0019728 0.0000020 0.0019882 0.0019728 0.0000000 0.0874474 0.0896244 0.0896244 0.0853397 0.0921135 0.0301588 0.0921135 0.0918060 0.0877190 0.0853397 0.0875869 0.0874519 0.0039494 0.0000010 0.0039494 0.0039494 0.0039494 0.0059366 0.0039496 0.0039496 0.0039496 0.0874474 0.1934170 
JN400093_Human_herpesvirus_1            0.0059335 0.0059353 0.0059335 0.0019707 0.0079194 0.0079194 0.0000010 0.0019707 0.0059239 0.0059239 0.0810772 0.0810772 0.0967849 0.0876665 0.0834177 0.0817098 0.0876665 0.0874474 0.0000000 0.0019705 0.0019705 0.0039452 0.0039574 0.1010339 0.0039574 0.0039448 0.0059368 0.0039452 0.0039513 0.0039453 0.0898491 0.0874474 0.0898491 0.0898491 0.0898491 0.0832563 0.0898538 0.0898538 0.0854756 0.0039452 0.1871142 
JN420337_Human_herpesvirus_1            0.0079191 0.0079215 0.0079191 0.0039452 0.0099100 0.0099100 0.0019705 0.0039452 0.0079062 0.0079062 0.0832440 0.0832440 0.0998651 0.0898491 0.0855936 0.0838942 0.0898491 0.0896244 0.0019705 0.0000000 0.0000010 0.0059237 0.0059420 0.1032495 0.0059420 0.0019703 0.0079236 0.0059237 0.0059327 0.0059239 0.0920363 0.0896244 0.0920363 0.0920363 0.0920363 0.0854281 0.0920412 0.0920412 0.0876533 0.0059237 0.1896172 
JN420338_Human_herpesvirus_1            0.0079191 0.0079215 0.0079191 0.0039452 0.0099100 0.0099100 0.0019705 0.0039452 0.0079062 0.0079062 0.0832440 0.0832440 0.0998651 0.0898491 0.0855936 0.0838942 0.0898491 0.0896244 0.0019705 0.0000010 0.0000000 0.0059237 0.0059420 0.1032495 0.0059420 0.0019703 0.0079236 0.0059237 0.0059327 0.0059239 0.0920363 0.0896244 0.0920363 0.0920363 0.0920363 0.0854281 0.0920412 0.0920412 0.0876533 0.0059237 0.1896172 
JN420341_Human_herpesvirus_1            0.0019737 0.0059353 0.0019737 0.0019707 0.0039515 0.0039515 0.0039452 0.0019707 0.0059239 0.0059239 0.0789750 0.0789750 0.0938136 0.0855534 0.0813081 0.0795900 0.0855534 0.0853397 0.0039452 0.0059237 0.0059237 0.0000000 0.0079313 0.0988998 0.0079313 0.0079060 0.0019748 0.0000010 0.0039513 0.0039453 0.0877332 0.0853397 0.0877332 0.0877332 0.0877332 0.0811508 0.0877377 0.0877377 0.0833659 0.0039452 0.1893717 
JN420342_Human_herpesvirus_1            0.0059339 0.0059356 0.0059339 0.0059426 0.0079199 0.0079199 0.0039574 0.0059426 0.0099242 0.0099242 0.0857011 0.0857011 0.0967849 0.0923454 0.0880698 0.0863735 0.0923454 0.0921135 0.0039574 0.0059420 0.0059420 0.0079313 0.0000000 0.1058256 0.0000010 0.0079305 0.0099461 0.0079313 0.0079435 0.0079316 0.0945448 0.0921135 0.0945448 0.0945448 0.0945448 0.0878978 0.0945499 0.0945499 0.0901368 0.0079313 0.1898445 
JQ360576_Chimpanzee_alpha-1_herpesvirus 0.1012894 0.0989364 0.1012894 0.0988243 0.0990583 0.1035163 0.1010339 0.0988243 0.1011166 0.1011166 0.0260303 0.0260303 0.0368441 0.0280775 0.0281910 0.0241808 0.0280775 0.0301588 0.1010339 0.1032495 0.1032495 0.0988998 0.1058256 0.0000000 0.1058256 0.1054687 0.1013510 0.0988998 0.1011967 0.1010395 0.0301136 0.0301588 0.0301136 0.0280986 0.0280986 0.0240027 0.0301148 0.0301148 0.0301148 0.1010339 0.2140436 
KF498959_Human_herpesvirus_1            0.0059339 0.0059356 0.0059339 0.0059426 0.0079199 0.0079199 0.0039574 0.0059426 0.0099242 0.0099242 0.0857011 0.0857011 0.0967849 0.0923454 0.0880698 0.0863735 0.0923454 0.0921135 0.0039574 0.0059420 0.0059420 0.0079313 0.0000010 0.1058256 0.0000000 0.0079305 0.0099461 0.0079313 0.0079435 0.0079316 0.0945448 0.0921135 0.0945448 0.0945448 0.0945448 0.0878978 0.0945499 0.0945499 0.0901368 0.0079313 0.1898445 
KM222720_Human_herpesvirus_1            0.0099097 0.0099126 0.0099097 0.0059237 0.0119040 0.0119040 0.0039448 0.0059237 0.0098936 0.0098936 0.0854154 0.0854154 0.1029540 0.0920363 0.0877753 0.0860833 0.0920363 0.0918060 0.0039448 0.0019703 0.0019703 0.0079060 0.0079305 0.1054687 0.0079305 0.0000000 0.0099152 0.0079060 0.0079181 0.0079062 0.0942281 0.0918060 0.0942281 0.0942281 0.0942281 0.0876044 0.0942331 0.0942331 0.0898355 0.0079060 0.1921262 
KM222724_Human_herpesvirus_1            0.0039602 0.0079392 0.0039602 0.0039540 0.0059463 0.0059463 0.0059368 0.0039540 0.0079238 0.0079238 0.0813287 0.0813287 0.0938136 0.0879394 0.0836772 0.0819652 0.0879394 0.0877190 0.0059368 0.0079236 0.0079236 0.0019748 0.0099461 0.1013510 0.0099461 0.0099152 0.0000000 0.0019748 0.0059459 0.0059370 0.0901291 0.0877190 0.0901291 0.0901291 0.0901291 0.0835148 0.0901338 0.0901338 0.0857414 0.0059368 0.1923778 
KM222725_Human_herpesvirus_1            0.0019737 0.0059353 0.0019737 0.0019707 0.0039515 0.0039515 0.0039452 0.0019707 0.0059239 0.0059239 0.0789750 0.0789750 0.0938136 0.0855534 0.0813081 0.0795900 0.0855534 0.0853397 0.0039452 0.0059237 0.0059237 0.0000010 0.0079313 0.0988998 0.0079313 0.0079060 0.0019748 0.0000000 0.0039513 0.0039453 0.0877332 0.0853397 0.0877332 0.0877332 0.0877332 0.0811508 0.0877377 0.0877377 0.0833659 0.0039452 0.1893717 
KM222726_Human_herpesvirus_1            0.0059426 0.0059444 0.0059426 0.0019737 0.0079316 0.0079316 0.0039513 0.0019737 0.0059329 0.0059329 0.0812064 0.0812064 0.0970023 0.0878066 0.0835510 0.0818410 0.0878066 0.0875869 0.0039513 0.0059327 0.0059327 0.0039513 0.0079435 0.1011967 0.0079435 0.0079181 0.0059459 0.0039513 0.0000000 0.0039514 0.0899929 0.0875869 0.0899929 0.0899929 0.0899929 0.0833891 0.0899976 0.0899976 0.0856122 0.0039513 0.1897021 
KM222727_Human_herpesvirus_1            0.0059337 0.0059355 0.0059337 0.0019707 0.0079197 0.0079197 0.0039453 0.0019707 0.0059241 0.0059241 0.0810813 0.0810813 0.0967922 0.0876710 0.0834219 0.0817140 0.0876710 0.0874519 0.0039453 0.0059239 0.0059239 0.0039453 0.0079316 0.1010395 0.0079316 0.0079062 0.0059370 0.0039453 0.0039514 0.0000000 0.0898538 0.0874519 0.0898538 0.0898538 0.0898538 0.0832605 0.0898585 0.0898585 0.0854800 0.0039453 0.1893867 
KP334093_Human_herpesvirus_2            0.0900749 0.0877655 0.0900749 0.0876665 0.0922726 0.0922726 0.0898491 0.0876665 0.0878324 0.0878324 0.0079120 0.0079120 0.0055565 0.0019699 0.0019778 0.0019853 0.0019699 0.0039494 0.0898491 0.0920363 0.0920363 0.0877332 0.0945448 0.0301136 0.0945448 0.0942281 0.0901291 0.0877332 0.0899929 0.0898538 0.0000000 0.0039494 0.0000010 0.0039437 0.0039437 0.0059279 0.0039438 0.0039438 0.0039438 0.0898491 0.1935003 
KP334095_Human_herpesvirus_2            0.0876665 0.0853710 0.0876665 0.0852749 0.0898538 0.0898538 0.0874474 0.0852749 0.0854359 0.0854359 0.0079237 0.0079237 0.0027680 0.0019728 0.0000020 0.0019882 0.0019728 0.0000010 0.0874474 0.0896244 0.0896244 0.0853397 0.0921135 0.0301588 0.0921135 0.0918060 0.0877190 0.0853397 0.0875869 0.0874519 0.0039494 0.0000000 0.0039494 0.0039494 0.0039494 0.0059366 0.0039496 0.0039496 0.0039496 0.0874474 0.1934170 
KP334096_Human_herpesvirus_2            0.0900749 0.0877655 0.0900749 0.0876665 0.0922726 0.0922726 0.0898491 0.0876665 0.0878324 0.0878324 0.0079120 0.0079120 0.0055565 0.0019699 0.0019778 0.0019853 0.0019699 0.0039494 0.0898491 0.0920363 0.0920363 0.0877332 0.0945448 0.0301136 0.0945448 0.0942281 0.0901291 0.0877332 0.0899929 0.0898538 0.0000010 0.0039494 0.0000000 0.0039437 0.0039437 0.0059279 0.0039438 0.0039438 0.0039438 0.0898491 0.1935003 
KR135300_Human_herpesvirus_2            0.0900749 0.0877655 0.0900749 0.0876665 0.0922726 0.0922726 0.0898491 0.0876665 0.0878324 0.0878324 0.0079120 0.0079120 0.0055565 0.0019699 0.0019778 0.0019853 0.0019699 0.0039494 0.0898491 0.0920363 0.0920363 0.0877332 0.0945448 0.0280986 0.0945448 0.0942281 0.0901291 0.0877332 0.0899929 0.0898538 0.0039437 0.0039494 0.0039437 0.0000000 0.0000010 0.0059279 0.0039438 0.0039438 0.0039438 0.0898491 0.1958502 
KR135307_Human_herpesvirus_2            0.0900749 0.0877655 0.0900749 0.0876665 0.0922726 0.0922726 0.0898491 0.0876665 0.0878324 0.0878324 0.0079120 0.0079120 0.0055565 0.0019699 0.0019778 0.0019853 0.0019699 0.0039494 0.0898491 0.0920363 0.0920363 0.0877332 0.0945448 0.0280986 0.0945448 0.0942281 0.0901291 0.0877332 0.0899929 0.0898538 0.0039437 0.0039494 0.0039437 0.0000010 0.0000000 0.0059279 0.0039438 0.0039438 0.0039438 0.0898491 0.1958502 
KR135318_Human_herpesvirus_2            0.0834649 0.0811805 0.0834649 0.0810891 0.0856466 0.0856466 0.0832563 0.0810891 0.0833239 0.0833239 0.0019710 0.0019710 0.0111616 0.0039480 0.0039636 0.0000026 0.0039480 0.0059366 0.0832563 0.0854281 0.0854281 0.0811508 0.0878978 0.0240027 0.0878978 0.0876044 0.0835148 0.0811508 0.0833891 0.0832605 0.0059279 0.0059366 0.0059279 0.0059279 0.0059279 0.0000000 0.0059281 0.0059281 0.0059281 0.0832563 0.1881875 
KR135320_Human_herpesvirus_2            0.0900796 0.0877700 0.0900796 0.0876710 0.0922775 0.0922775 0.0898538 0.0876710 0.0878369 0.0878369 0.0079123 0.0079123 0.0083469 0.0019699 0.0019779 0.0019853 0.0019699 0.0039496 0.0898538 0.0920412 0.0920412 0.0877377 0.0945499 0.0301148 0.0945499 0.0942331 0.0901338 0.0877377 0.0899976 0.0898585 0.0039438 0.0039496 0.0039438 0.0039438 0.0039438 0.0059281 0.0000000 0.0000010 0.0039439 0.0898538 0.1935764 
KR135321_Human_herpesvirus_2            0.0900796 0.0877700 0.0900796 0.0876710 0.0922775 0.0922775 0.0898538 0.0876710 0.0878369 0.0878369 0.0079123 0.0079123 0.0083469 0.0019699 0.0019779 0.0019853 0.0019699 0.0039496 0.0898538 0.0920412 0.0920412 0.0877377 0.0945499 0.0301148 0.0945499 0.0942331 0.0901338 0.0877377 0.0899976 0.0898585 0.0039438 0.0039496 0.0039438 0.0039438 0.0039438 0.0059281 0.0000010 0.0000000 0.0039439 0.0898538 0.1935764 
KR135328_Human_herpesvirus_2            0.0856900 0.0833966 0.0856900 0.0833025 0.0878779 0.0878779 0.0854756 0.0833025 0.0834601 0.0834601 0.0039478 0.0039478 0.0083469 0.0019699 0.0019779 0.0000026 0.0019699 0.0039496 0.0854756 0.0876533 0.0876533 0.0833659 0.0901368 0.0301148 0.0901368 0.0898355 0.0857414 0.0833659 0.0856122 0.0854800 0.0039438 0.0039496 0.0039438 0.0039438 0.0039438 0.0059281 0.0039439 0.0039439 0.0000000 0.0854756 0.1958660 
NC_001806_Human_herpesvirus_1           0.0059335 0.0059353 0.0059335 0.0019707 0.0079194 0.0079194 0.0039452 0.0019707 0.0059239 0.0059239 0.0810772 0.0810772 0.0967849 0.0876665 0.0834177 0.0817098 0.0876665 0.0874474 0.0039452 0.0059237 0.0059237 0.0039452 0.0079313 0.1010339 0.0079313 0.0079060 0.0059368 0.0039452 0.0039513 0.0039453 0.0898491 0.0874474 0.0898491 0.0898491 0.0898491 0.0832563 0.0898538 0.0898538 0.0854756 0.0000000 0.1893717 
NC_006560_Cercopithecine_herpesvirus_2  0.1922457 0.1923323 0.1922457 0.1868720 0.1947777 0.1947777 0.1871142 0.1868720 0.1896322 0.1896322 0.1906927 0.1906927 0.1654406 0.1933457 0.1890442 0.1897684 0.1933457 0.1934170 0.1871142 0.1896172 0.1896172 0.1893717 0.1898445 0.2140436 0.1898445 0.1921262 0.1923778 0.1893717 0.1897021 0.1893867 0.1935003 0.1934170 0.1935003 0.1958502 0.1958502 0.1881875 0.1935764 0.1935764 0.1958660 0.1893717 0.0000000 
