43
HM585496_Human_herpesvirus_1            0.0000000 0.0000010 0.0059158 0.0019847 0.0078989 0.0078989 0.0079007 0.0059158 0.0118710 0.0118710 0.0138600 0.1296618 0.1345040 0.1345040 0.1207187 0.1296618 0.1320664 0.1368709 0.1278055 0.1346352 0.1275918 0.1344245 0.1285800 0.1302200 0.1344245 0.1272970 0.0039378 0.0098812 0.0019663 0.0019663 0.0098779 0.1501368 0.0118893 0.0099002 0.0098812 0.0059168 0.0019682 0.0019682 0.0138600 0.1272970 0.1320297 0.1319964 0.2345575 
HM585497_Human_herpesvirus_1            0.0000010 0.0000000 0.0059158 0.0019847 0.0078989 0.0078989 0.0079007 0.0059158 0.0118710 0.0118710 0.0138600 0.1296618 0.1345040 0.1345040 0.1207187 0.1296618 0.1320664 0.1368709 0.1278055 0.1346352 0.1275918 0.1344245 0.1285800 0.1302200 0.1344245 0.1272970 0.0039378 0.0098812 0.0019663 0.0019663 0.0098779 0.1501368 0.0118893 0.0099002 0.0098812 0.0059168 0.0019682 0.0019682 0.0138600 0.1272970 0.1320297 0.1319964 0.2345575 
HM585498_Human_herpesvirus_1            0.0059158 0.0059158 0.0000000 0.0079665 0.0138746 0.0138746 0.0059131 0.0000010 0.0178728 0.0178728 0.0198737 0.1367132 0.1416050 0.1416050 0.1207187 0.1367132 0.1391420 0.1439927 0.1348666 0.1417420 0.1275918 0.1415208 0.1356855 0.1373058 0.1415208 0.1343269 0.0098818 0.0158687 0.0078946 0.0078946 0.0158634 0.1573205 0.0179005 0.0158995 0.0158687 0.0118789 0.0079024 0.0079024 0.0198737 0.1343269 0.1391024 0.1390671 0.2373938 
HM585501_Human_herpesvirus_1            0.0019847 0.0019847 0.0079665 0.0000000 0.0099713 0.0099713 0.0099736 0.0079665 0.0139848 0.0139848 0.0159937 0.1328592 0.1343408 0.1343408 0.1207187 0.1328592 0.1319067 0.1367044 0.1278055 0.1344717 0.1275918 0.1342616 0.1317979 0.1300622 0.1342616 0.1304753 0.0059659 0.0119739 0.0039722 0.0039722 0.0119699 0.1534719 0.0140065 0.0119972 0.0119739 0.0079678 0.0039761 0.0039761 0.0159937 0.1304753 0.1352461 0.1352118 0.2347316 
HM585502_Human_herpesvirus_1            0.0078989 0.0078989 0.0138746 0.0099713 0.0000000 0.0000010 0.0158811 0.0138746 0.0039330 0.0039330 0.0059037 0.1390966 0.1440062 0.1440062 0.1262240 0.1390966 0.1415341 0.1464014 0.1372529 0.1394410 0.1329585 0.1439204 0.1380870 0.1397009 0.1439204 0.1367025 0.0039408 0.0019643 0.0098812 0.0098812 0.0098855 0.1597531 0.0039390 0.0019681 0.0019643 0.0019652 0.0098909 0.0098909 0.0059037 0.1367025 0.1414935 0.1414575 0.2401891 
HM585508_Human_herpesvirus_1            0.0078989 0.0078989 0.0138746 0.0099713 0.0000010 0.0000000 0.0158811 0.0138746 0.0039330 0.0039330 0.0059037 0.1390966 0.1440062 0.1440062 0.1262240 0.1390966 0.1415341 0.1464014 0.1372529 0.1394410 0.1329585 0.1439204 0.1380870 0.1397009 0.1439204 0.1367025 0.0039408 0.0019643 0.0098812 0.0098812 0.0098855 0.1597531 0.0039390 0.0019681 0.0019643 0.0019652 0.0098909 0.0098909 0.0059037 0.1367025 0.1414935 0.1414575 0.2401891 
HM585510_Human_herpesvirus_1            0.0079007 0.0079007 0.0059131 0.0099736 0.0158811 0.0158811 0.0000000 0.0059131 0.0198894 0.0198894 0.0218950 0.1391376 0.1440490 0.1440490 0.1207187 0.1391376 0.1415760 0.1464452 0.1372933 0.1441881 0.1275918 0.1439632 0.1381279 0.1397422 0.1439632 0.1367425 0.0118763 0.0178798 0.0098834 0.0098834 0.0178739 0.1598018 0.0199203 0.0179146 0.0178798 0.0138800 0.0098931 0.0098931 0.0218950 0.1367425 0.1415353 0.1414994 0.2456852 
HM585511_Human_herpesvirus_1            0.0059158 0.0059158 0.0000010 0.0079665 0.0138746 0.0138746 0.0059131 0.0000000 0.0178728 0.0178728 0.0198737 0.1367132 0.1416050 0.1416050 0.1207187 0.1367132 0.1391420 0.1439927 0.1348666 0.1417420 0.1275918 0.1415208 0.1356855 0.1373058 0.1415208 0.1343269 0.0098818 0.0158687 0.0078946 0.0078946 0.0158634 0.1573205 0.0179005 0.0158995 0.0158687 0.0118789 0.0079024 0.0079024 0.0198737 0.1343269 0.1391024 0.1390671 0.2373938 
HM585512_Human_herpesvirus_1            0.0118710 0.0118710 0.0178728 0.0139848 0.0039330 0.0039330 0.0198894 0.0178728 0.0000000 0.0000010 0.0019630 0.1437515 0.1486919 0.1486919 0.1319110 0.1437515 0.1462035 0.1510999 0.1419153 0.1441084 0.1439236 0.1486030 0.1427799 0.1443783 0.1486030 0.1413446 0.0078972 0.0059037 0.0138600 0.0138600 0.0138661 0.1629424 0.0078937 0.0059151 0.0059037 0.0059063 0.0138737 0.0138737 0.0019630 0.1413446 0.1461609 0.1461237 0.2455246 
HM585513_Human_herpesvirus_1            0.0118710 0.0118710 0.0178728 0.0139848 0.0039330 0.0039330 0.0198894 0.0178728 0.0000010 0.0000000 0.0019630 0.1437515 0.1486919 0.1486919 0.1319110 0.1437515 0.1462035 0.1510999 0.1419153 0.1441084 0.1439236 0.1486030 0.1427799 0.1443783 0.1486030 0.1413446 0.0078972 0.0059037 0.0138600 0.0138600 0.0138661 0.1629424 0.0078937 0.0059151 0.0059037 0.0059063 0.0138737 0.0138737 0.0019630 0.1413446 0.1461609 0.1461237 0.2455246 
HM585514_Human_herpesvirus_1            0.0138600 0.0138600 0.0198737 0.0159937 0.0059037 0.0059037 0.0218950 0.0198737 0.0019630 0.0019630 0.0000000 0.1445928 0.1495537 0.1495537 0.1338540 0.1445928 0.1470555 0.1519723 0.1427521 0.1449532 0.1459221 0.1494639 0.1436247 0.1452256 0.1494639 0.1421757 0.0098790 0.0078785 0.0158520 0.0158520 0.0158590 0.1638576 0.0098745 0.0078937 0.0078785 0.0078821 0.0158678 0.0158678 0.0000010 0.1421757 0.1470124 0.1469748 0.2467718 
HSV2_1                                  0.1296618 0.1296618 0.1367132 0.1328592 0.1390966 0.1390966 0.1391376 0.1367132 0.1437515 0.1437515 0.1445928 0.0000000 0.0059589 0.0059589 0.0048555 0.0000010 0.0019808 0.0079547 0.0019882 0.0039728 0.0000030 0.0039664 0.0000027 0.0019876 0.0039664 0.0019812 0.1343040 0.1413857 0.1319306 0.1319306 0.1413197 0.0405323 0.1440004 0.1417022 0.1413857 0.1367420 0.1320846 0.1320846 0.1445928 0.0019812 0.0019805 0.0019800 0.2056847 
HSV2_2                                  0.1345040 0.1345040 0.1416050 0.1343408 0.1440062 0.1440062 0.1440490 0.1416050 0.1486919 0.1486919 0.1495537 0.0059589 0.0000000 0.0000010 0.0048555 0.0059589 0.0039655 0.0019783 0.0059816 0.0059649 0.0000030 0.0059553 0.0060149 0.0000027 0.0059553 0.0079588 0.1391770 0.1463085 0.1367859 0.1367859 0.1462393 0.0468227 0.1489506 0.1466381 0.1463085 0.1416351 0.1369468 0.1369468 0.1495537 0.0079588 0.0079560 0.0079542 0.2057516 
HSV2_3                                  0.1345040 0.1345040 0.1416050 0.1343408 0.1440062 0.1440062 0.1440490 0.1416050 0.1486919 0.1486919 0.1495537 0.0059589 0.0000010 0.0000000 0.0048555 0.0059589 0.0039655 0.0019783 0.0059816 0.0059649 0.0000030 0.0059553 0.0060149 0.0000027 0.0059553 0.0079588 0.1391770 0.1463085 0.1367859 0.1367859 0.1462393 0.0468227 0.1489506 0.1466381 0.1463085 0.1416351 0.1369468 0.1369468 0.1495537 0.0079588 0.0079560 0.0079542 0.2057516 
HSV2_4                                  0.1207187 0.1207187 0.1207187 0.1207187 0.1262240 0.1262240 0.1207187 0.1207187 0.1319110 0.1319110 0.1338540 0.0048555 0.0048555 0.0048555 0.0000000 0.0048555 0.0048555 0.0000010 0.0048555 0.0097796 0.0000021 0.0000010 0.0048555 0.0048555 0.0000010 0.0048555 0.1262240 0.1317505 0.1207187 0.1207187 0.1321402 0.0445800 0.1324652 0.1324652 0.1262240 0.1262240 0.1207187 0.1207187 0.1338540 0.0048555 0.0048555 0.0097398 0.1957902 
HSV2_5                                  0.1296618 0.1296618 0.1367132 0.1328592 0.1390966 0.1390966 0.1391376 0.1367132 0.1437515 0.1437515 0.1445928 0.0000010 0.0059589 0.0059589 0.0048555 0.0000000 0.0019808 0.0079547 0.0019882 0.0039728 0.0000030 0.0039664 0.0000027 0.0019876 0.0039664 0.0019812 0.1343040 0.1413857 0.1319306 0.1319306 0.1413197 0.0405323 0.1440004 0.1417022 0.1413857 0.1367420 0.1320846 0.1320846 0.1445928 0.0019812 0.0019805 0.0019800 0.2056847 
HSV2_6                                  0.1320664 0.1320664 0.1391420 0.1319067 0.1415341 0.1415341 0.1415760 0.1391420 0.1462035 0.1462035 0.1470555 0.0019808 0.0039655 0.0039655 0.0048555 0.0019808 0.0000000 0.0059553 0.0019882 0.0019828 0.0000030 0.0019796 0.0019992 0.0000027 0.0019796 0.0039684 0.1367236 0.1438296 0.1343416 0.1343416 0.1437620 0.0426278 0.1464572 0.1441526 0.1438296 0.1391715 0.1344990 0.1344990 0.1470555 0.0039684 0.0039671 0.0039662 0.2057516 
HSV2_7                                  0.1368709 0.1368709 0.1439927 0.1367044 0.1464014 0.1464014 0.1464452 0.1439927 0.1510999 0.1510999 0.1519723 0.0079547 0.0019783 0.0019783 0.0000010 0.0079547 0.0059553 0.0000000 0.0079847 0.0079627 0.0000030 0.0039657 0.0080291 0.0019864 0.0039657 0.0099615 0.1415567 0.1487101 0.1391581 0.1391581 0.1486393 0.0489212 0.1513633 0.1490450 0.1487101 0.1440235 0.1393222 0.1393222 0.1519723 0.0099615 0.0099580 0.0099558 0.2084256 
HSV2_9                                  0.1278055 0.1278055 0.1348666 0.1278055 0.1372529 0.1372529 0.1372933 0.1348666 0.1419153 0.1419153 0.1427521 0.0019882 0.0059816 0.0059816 0.0048555 0.0019882 0.0019882 0.0079847 0.0000000 0.0039876 0.0000030 0.0039812 0.0020068 0.0019950 0.0039812 0.0000027 0.1324547 0.1395462 0.1300785 0.1300785 0.1394811 0.0427908 0.1421616 0.1398592 0.1395462 0.1348950 0.1302306 0.1302306 0.1427521 0.0000027 0.0039818 0.0039809 0.2066866 
HSV2_10                                 0.1346352 0.1346352 0.1417420 0.1344717 0.1394410 0.1394410 0.1441881 0.1417420 0.1441084 0.1441084 0.1449532 0.0039728 0.0059649 0.0059649 0.0097796 0.0039728 0.0019828 0.0079627 0.0039876 0.0000000 0.0046945 0.0039704 0.0040099 0.0019896 0.0039704 0.0059694 0.1346352 0.1417362 0.1369189 0.1369189 0.1416698 0.0447854 0.1443586 0.1420543 0.1417362 0.1370801 0.1370801 0.1370801 0.1449532 0.0059694 0.0059673 0.0059660 0.2087529 
HSV2_11                                 0.1275918 0.1275918 0.1275918 0.1275918 0.1329585 0.1329585 0.1275918 0.1275918 0.1439236 0.1439236 0.1459221 0.0000030 0.0000030 0.0000030 0.0000021 0.0000030 0.0000030 0.0000030 0.0000030 0.0046945 0.0000000 0.0000030 0.0000030 0.0000030 0.0000030 0.0000030 0.1329585 0.1383445 0.1275918 0.1275918 0.1387435 0.0431161 0.1390761 0.1390761 0.1329585 0.1329585 0.1275918 0.1275918 0.1459221 0.0000030 0.0000030 0.0046989 0.2076665 
HSV2_12                                 0.1344245 0.1344245 0.1415208 0.1342616 0.1439204 0.1439204 0.1439632 0.1415208 0.1486030 0.1486030 0.1494639 0.0039664 0.0059553 0.0059553 0.0000010 0.0039664 0.0019796 0.0039657 0.0039812 0.0039704 0.0000030 0.0000000 0.0040034 0.0019864 0.0000010 0.0059598 0.1390944 0.1462212 0.1367050 0.1367050 0.1461521 0.0447143 0.1488614 0.1465504 0.1462212 0.1415509 0.1368657 0.1368657 0.1494639 0.0059598 0.0059577 0.0059564 0.2084256 
HSV2_13                                 0.1285800 0.1285800 0.1356855 0.1317979 0.1380870 0.1380870 0.1381279 0.1356855 0.1427799 0.1427799 0.1436247 0.0000027 0.0060149 0.0060149 0.0048555 0.0000027 0.0019992 0.0080291 0.0020068 0.0040099 0.0000030 0.0040034 0.0000000 0.0020062 0.0040034 0.0019996 0.1332582 0.1403955 0.1308668 0.1308668 0.1403296 0.0388251 0.1430292 0.1407123 0.1403955 0.1357143 0.1310208 0.1310208 0.1436247 0.0019996 0.0019989 0.0019984 0.2079243 
HSV2_15                                 0.1302200 0.1302200 0.1373058 0.1300622 0.1397009 0.1397009 0.1397422 0.1373058 0.1443783 0.1443783 0.1452256 0.0019876 0.0000027 0.0000027 0.0048555 0.0019876 0.0000027 0.0019864 0.0019950 0.0019896 0.0000030 0.0019864 0.0020062 0.0000000 0.0019864 0.0039820 0.1348838 0.1420008 0.1324991 0.1324991 0.1419342 0.0427782 0.1446294 0.1423202 0.1420008 0.1373349 0.1326547 0.1326547 0.1452256 0.0039820 0.0039806 0.0039797 0.2057516 
HSV2_16                                 0.1344245 0.1344245 0.1415208 0.1342616 0.1439204 0.1439204 0.1439632 0.1415208 0.1486030 0.1486030 0.1494639 0.0039664 0.0059553 0.0059553 0.0000010 0.0039664 0.0019796 0.0039657 0.0039812 0.0039704 0.0000030 0.0000010 0.0040034 0.0019864 0.0000000 0.0059598 0.1390944 0.1462212 0.1367050 0.1367050 0.1461521 0.0447143 0.1488614 0.1465504 0.1462212 0.1415509 0.1368657 0.1368657 0.1494639 0.0059598 0.0059577 0.0059564 0.2084256 
HSV2_18                                 0.1272970 0.1272970 0.1343269 0.1304753 0.1367025 0.1367025 0.1367425 0.1343269 0.1413446 0.1413446 0.1421757 0.0019812 0.0079588 0.0079588 0.0048555 0.0019812 0.0039684 0.0099615 0.0000027 0.0059694 0.0000030 0.0059598 0.0019996 0.0039820 0.0059598 0.0000000 0.1319259 0.1389859 0.1295602 0.1295602 0.1389215 0.0426339 0.1415888 0.1392963 0.1389859 0.1343551 0.1297111 0.1297111 0.1421757 0.0000010 0.0039678 0.0039669 0.2084498 
JN400093_Human_herpesvirus_1            0.0039378 0.0039378 0.0098818 0.0059659 0.0039408 0.0039408 0.0118763 0.0098818 0.0078972 0.0078972 0.0098790 0.1343040 0.1391770 0.1391770 0.1262240 0.1343040 0.1367236 0.1415567 0.1324547 0.1346352 0.1329585 0.1390944 0.1332582 0.1348838 0.1390944 0.1319259 0.0000000 0.0059155 0.0059109 0.0059109 0.0059136 0.1548584 0.0079093 0.0059269 0.0059155 0.0019682 0.0059168 0.0059168 0.0098790 0.1319259 0.1366850 0.1366504 0.2345575 
JN420337_Human_herpesvirus_1            0.0098812 0.0098812 0.0158687 0.0119739 0.0019643 0.0019643 0.0178798 0.0158687 0.0059037 0.0059037 0.0078785 0.1413857 0.1463085 0.1463085 0.1317505 0.1413857 0.1438296 0.1487101 0.1395462 0.1417362 0.1383445 0.1462212 0.1403955 0.1420008 0.1462212 0.1389859 0.0059155 0.0000000 0.0118664 0.0118664 0.0118716 0.1620729 0.0059128 0.0039390 0.0039315 0.0039332 0.0118781 0.0118781 0.0078785 0.1389859 0.1437880 0.1437515 0.2427764 
JN420338_Human_herpesvirus_1            0.0019663 0.0019663 0.0078946 0.0039722 0.0098812 0.0098812 0.0098834 0.0078946 0.0138600 0.0138600 0.0158520 0.1319306 0.1367859 0.1367859 0.1207187 0.1319306 0.1343416 0.1391581 0.1300785 0.1369189 0.1275918 0.1367050 0.1308668 0.1324991 0.1367050 0.1295602 0.0059109 0.0118664 0.0000000 0.0000010 0.0118625 0.1524361 0.0138814 0.0118893 0.0118664 0.0078959 0.0039393 0.0039393 0.0158520 0.1295602 0.1343040 0.1342701 0.2371312 
JN420339_Human_herpesvirus_1            0.0019663 0.0019663 0.0078946 0.0039722 0.0098812 0.0098812 0.0098834 0.0078946 0.0138600 0.0138600 0.0158520 0.1319306 0.1367859 0.1367859 0.1207187 0.1319306 0.1343416 0.1391581 0.1300785 0.1369189 0.1275918 0.1367050 0.1308668 0.1324991 0.1367050 0.1295602 0.0059109 0.0118664 0.0000010 0.0000000 0.0118625 0.1524361 0.0138814 0.0118893 0.0118664 0.0078959 0.0039393 0.0039393 0.0158520 0.1295602 0.1343040 0.1342701 0.2371312 
JN420341_Human_herpesvirus_1            0.0098779 0.0098779 0.0158634 0.0119699 0.0098855 0.0098855 0.0178739 0.0158634 0.0138661 0.0138661 0.0158590 0.1413197 0.1462393 0.1462393 0.1321402 0.1413197 0.1437620 0.1486393 0.1394811 0.1416698 0.1387435 0.1461521 0.1403296 0.1419342 0.1461521 0.1389215 0.0059136 0.0118716 0.0118625 0.0118625 0.0000000 0.1619938 0.0138875 0.0118945 0.0118716 0.0078994 0.0118743 0.0118743 0.0158590 0.1389215 0.1437205 0.1436840 0.2400425 
JQ360576_Chimpanzee_alpha-1_herpesvirus 0.1501368 0.1501368 0.1573205 0.1534719 0.1597531 0.1597531 0.1598018 0.1573205 0.1629424 0.1629424 0.1638576 0.0405323 0.0468227 0.0468227 0.0445800 0.0405323 0.0426278 0.0489212 0.0427908 0.0447854 0.0431161 0.0447143 0.0388251 0.0427782 0.0447143 0.0426339 0.1548584 0.1620729 0.1524361 0.1524361 0.1619938 0.0000000 0.1647704 0.1624412 0.1620729 0.1573547 0.1526176 0.1526176 0.1638576 0.0426339 0.0426192 0.0384573 0.2322132 
JQ730035_Human_herpesvirus_1            0.0118893 0.0118893 0.0179005 0.0140065 0.0039390 0.0039390 0.0199203 0.0179005 0.0078937 0.0078937 0.0098745 0.1440004 0.1489506 0.1489506 0.1324652 0.1440004 0.1464572 0.1513633 0.1421616 0.1443586 0.1390761 0.1488614 0.1430292 0.1446294 0.1488614 0.1415888 0.0079093 0.0059128 0.0138814 0.0138814 0.0138875 0.1647704 0.0000000 0.0019661 0.0059128 0.0059155 0.0138952 0.0138952 0.0098745 0.1415888 0.1464145 0.1463771 0.2398593 
JX142173_Human_herpesvirus_1            0.0099002 0.0099002 0.0158995 0.0119972 0.0019681 0.0019681 0.0179146 0.0158995 0.0059151 0.0059151 0.0078937 0.1417022 0.1466381 0.1466381 0.1324652 0.1417022 0.1441526 0.1490450 0.1398592 0.1420543 0.1390761 0.1465504 0.1407123 0.1423202 0.1465504 0.1392963 0.0059269 0.0039390 0.0118893 0.0118893 0.0118945 0.1624412 0.0019661 0.0000000 0.0039390 0.0039408 0.0119011 0.0119011 0.0078937 0.1392963 0.1441108 0.1440741 0.2372796 
KJ847330_Human_herpesvirus_1            0.0098812 0.0098812 0.0158687 0.0119739 0.0019643 0.0019643 0.0178798 0.0158687 0.0059037 0.0059037 0.0078785 0.1413857 0.1463085 0.1463085 0.1262240 0.1413857 0.1438296 0.1487101 0.1395462 0.1417362 0.1329585 0.1462212 0.1403955 0.1420008 0.1462212 0.1389859 0.0059155 0.0039315 0.0118664 0.0118664 0.0118716 0.1620729 0.0059128 0.0039390 0.0000000 0.0039332 0.0118781 0.0118781 0.0078785 0.1389859 0.1437880 0.1437515 0.2401891 
KM222720_Human_herpesvirus_1            0.0059168 0.0059168 0.0118789 0.0079678 0.0019652 0.0019652 0.0138800 0.0118789 0.0059063 0.0059063 0.0078821 0.1367420 0.1416351 0.1416351 0.1262240 0.1367420 0.1391715 0.1440235 0.1348950 0.1370801 0.1329585 0.1415509 0.1357143 0.1373349 0.1415509 0.1343551 0.0019682 0.0039332 0.0078959 0.0078959 0.0078994 0.1573547 0.0059155 0.0039408 0.0039332 0.0000000 0.0079037 0.0079037 0.0078821 0.1343551 0.1391319 0.1390966 0.2374561 
KM222724_Human_herpesvirus_1            0.0019682 0.0019682 0.0079024 0.0039761 0.0098909 0.0098909 0.0098931 0.0079024 0.0138737 0.0138737 0.0158678 0.1320846 0.1369468 0.1369468 0.1207187 0.1320846 0.1344990 0.1393222 0.1302306 0.1370801 0.1275918 0.1368657 0.1310208 0.1326547 0.1368657 0.1297111 0.0059168 0.0118781 0.0039393 0.0039393 0.0118743 0.1526176 0.0138952 0.0119011 0.0118781 0.0079037 0.0000000 0.0000010 0.0158678 0.1297111 0.1344613 0.1344273 0.2342714 
KM222725_Human_herpesvirus_1            0.0019682 0.0019682 0.0079024 0.0039761 0.0098909 0.0098909 0.0098931 0.0079024 0.0138737 0.0138737 0.0158678 0.1320846 0.1369468 0.1369468 0.1207187 0.1320846 0.1344990 0.1393222 0.1302306 0.1370801 0.1275918 0.1368657 0.1310208 0.1326547 0.1368657 0.1297111 0.0059168 0.0118781 0.0039393 0.0039393 0.0118743 0.1526176 0.0138952 0.0119011 0.0118781 0.0079037 0.0000010 0.0000000 0.0158678 0.1297111 0.1344613 0.1344273 0.2342714 
KM222727_Human_herpesvirus_1            0.0138600 0.0138600 0.0198737 0.0159937 0.0059037 0.0059037 0.0218950 0.0198737 0.0019630 0.0019630 0.0000010 0.1445928 0.1495537 0.1495537 0.1338540 0.1445928 0.1470555 0.1519723 0.1427521 0.1449532 0.1459221 0.1494639 0.1436247 0.1452256 0.1494639 0.1421757 0.0098790 0.0078785 0.0158520 0.0158520 0.0158590 0.1638576 0.0098745 0.0078937 0.0078785 0.0078821 0.0158678 0.0158678 0.0000000 0.1421757 0.1470124 0.1469748 0.2467718 
KR135298_Human_herpesvirus_2            0.1272970 0.1272970 0.1343269 0.1304753 0.1367025 0.1367025 0.1367425 0.1343269 0.1413446 0.1413446 0.1421757 0.0019812 0.0079588 0.0079588 0.0048555 0.0019812 0.0039684 0.0099615 0.0000027 0.0059694 0.0000030 0.0059598 0.0019996 0.0039820 0.0059598 0.0000010 0.1319259 0.1389859 0.1295602 0.1295602 0.1389215 0.0426339 0.1415888 0.1392963 0.1389859 0.1343551 0.1297111 0.1297111 0.1421757 0.0000000 0.0039678 0.0039669 0.2084498 
KR135304_Human_herpesvirus_2            0.1320297 0.1320297 0.1391024 0.1352461 0.1414935 0.1414935 0.1415353 0.1391024 0.1461609 0.1461609 0.1470124 0.0019805 0.0079560 0.0079560 0.0048555 0.0019805 0.0039671 0.0099580 0.0039818 0.0059673 0.0000030 0.0059577 0.0019989 0.0039806 0.0059577 0.0039678 0.1366850 0.1437880 0.1343040 0.1343040 0.1437205 0.0426192 0.1464145 0.1441108 0.1437880 0.1391319 0.1344613 0.1344613 0.1470124 0.0039678 0.0000000 0.0039655 0.2031730 
KR135311_Human_herpesvirus_2            0.1319964 0.1319964 0.1390671 0.1352118 0.1414575 0.1414575 0.1414994 0.1390671 0.1461237 0.1461237 0.1469748 0.0019800 0.0079542 0.0079542 0.0097398 0.0019800 0.0039662 0.0099558 0.0039809 0.0059660 0.0046989 0.0059564 0.0019984 0.0039797 0.0059564 0.0039669 0.1366504 0.1437515 0.1342701 0.1342701 0.1436840 0.0384573 0.1463771 0.1440741 0.1437515 0.1390966 0.1344273 0.1344273 0.1469748 0.0039669 0.0039655 0.0000000 0.2057167 
NC_006560_Cercopithecine_herpesvirus_2  0.2345575 0.2345575 0.2373938 0.2347316 0.2401891 0.2401891 0.2456852 0.2373938 0.2455246 0.2455246 0.2467718 0.2056847 0.2057516 0.2057516 0.1957902 0.2056847 0.2057516 0.2084256 0.2066866 0.2087529 0.2076665 0.2084256 0.2079243 0.2057516 0.2084256 0.2084498 0.2345575 0.2427764 0.2371312 0.2371312 0.2400425 0.2322132 0.2398593 0.2372796 0.2401891 0.2374561 0.2342714 0.2342714 0.2467718 0.2084498 0.2031730 0.2057167 0.0000000 
