63
HM585496_Human_herpesvirus_1            0.0000000 0.0138547 0.0078679 0.0019599 0.0019599 0.0098394 0.0078679 0.0000010 0.0098325 0.0019576 0.0098622 0.0098325 0.0098632 0.0138292 0.0138292 0.0118483 0.1811758 0.1756856 0.1781540 0.1860300 0.1856947 0.1780127 0.1756856 0.1805040 0.1813920 0.1717582 0.1749309 0.1779076 0.1856947 0.1831672 0.1860300 0.1829201 0.1860300 0.0058948 0.0098582 0.0078633 0.0078633 0.0098394 0.0098383 0.1891518 0.0138375 0.0118483 0.0058907 0.0098632 0.0078679 0.0098632 0.1881308 0.1857678 0.1855651 0.1831672 0.1829901 0.1907143 0.1855651 0.1856540 0.1856540 0.1830394 0.1857678 0.1830394 0.1859369 0.1856947 0.1880584 0.0098622 0.4500865 
HM585497_Human_herpesvirus_1            0.0138547 0.0000000 0.0098872 0.0158724 0.0158724 0.0078959 0.0098872 0.0138547 0.0158505 0.0158538 0.0078898 0.0158505 0.0039367 0.0078851 0.0078851 0.0059112 0.1786648 0.1731921 0.1756559 0.1835115 0.1831809 0.1755165 0.1731921 0.1780031 0.1788781 0.1692591 0.1724170 0.1754131 0.1831809 0.1806589 0.1835115 0.1806770 0.1835115 0.0079015 0.0118929 0.0098813 0.0098813 0.0118701 0.0158600 0.1816741 0.0078898 0.0059112 0.0118701 0.0078907 0.0098872 0.0078907 0.1856131 0.1832530 0.1830530 0.1806589 0.1804845 0.1881901 0.1830530 0.1831411 0.1831411 0.1805328 0.1832530 0.1805328 0.1834195 0.1831809 0.1855417 0.0078898 0.4524956 
HM585498_Human_herpesvirus_1            0.0078679 0.0098872 0.0000000 0.0098587 0.0098587 0.0058983 0.0000010 0.0078679 0.0098452 0.0098472 0.0098750 0.0098452 0.0059126 0.0098691 0.0098691 0.0078917 0.1714798 0.1660625 0.1685107 0.1763001 0.1759833 0.1683770 0.1660625 0.1708475 0.1716846 0.1621170 0.1652289 0.1682781 0.1759833 0.1734795 0.1763001 0.1732418 0.1763001 0.0019632 0.0059096 0.0039281 0.0039281 0.0058983 0.0098511 0.1844571 0.0098750 0.0078917 0.0058983 0.0098761 0.0039304 0.0098761 0.1784021 0.1760527 0.1758605 0.1734795 0.1733131 0.1809583 0.1758605 0.1759459 0.1759459 0.1733585 0.1760527 0.1733585 0.1762114 0.1759833 0.1783336 0.0098750 0.4439690 
HM585499_Human_herpesvirus_1            0.0019599 0.0158724 0.0098587 0.0000000 0.0000010 0.0118357 0.0098587 0.0019599 0.0118274 0.0039247 0.0118633 0.0118274 0.0118646 0.0158432 0.0158432 0.0138565 0.1839634 0.1784421 0.1809208 0.1888362 0.1884950 0.1807771 0.1784421 0.1832789 0.1841833 0.1745128 0.1777088 0.1806701 0.1884950 0.1859560 0.1888362 0.1857057 0.1888362 0.0078787 0.0118585 0.0098528 0.0098528 0.0118357 0.0118345 0.1919445 0.0158527 0.0138565 0.0078732 0.0118646 0.0098587 0.0118646 0.1909405 0.1885692 0.1883631 0.1859560 0.1857754 0.1935367 0.1883631 0.1884532 0.1884532 0.1858260 0.1885692 0.1858260 0.1887417 0.1884950 0.1908668 0.0118633 0.4545217 
HM585500_Human_herpesvirus_1            0.0019599 0.0158724 0.0098587 0.0000010 0.0000000 0.0118357 0.0098587 0.0019599 0.0118274 0.0039247 0.0118633 0.0118274 0.0118646 0.0158432 0.0158432 0.0138565 0.1839634 0.1784421 0.1809208 0.1888362 0.1884950 0.1807771 0.1784421 0.1832789 0.1841833 0.1745128 0.1777088 0.1806701 0.1884950 0.1859560 0.1888362 0.1857057 0.1888362 0.0078787 0.0118585 0.0098528 0.0098528 0.0118357 0.0118345 0.1919445 0.0158527 0.0138565 0.0078732 0.0118646 0.0098587 0.0118646 0.1909405 0.1885692 0.1883631 0.1859560 0.1857754 0.1935367 0.1883631 0.1884532 0.1884532 0.1858260 0.1885692 0.1858260 0.1887417 0.1884950 0.1908668 0.0118633 0.4545217 
HM585501_Human_herpesvirus_1            0.0098394 0.0078959 0.0058983 0.0118357 0.0118357 0.0000000 0.0058983 0.0098394 0.0078611 0.0118219 0.0078862 0.0078611 0.0039349 0.0078815 0.0078815 0.0059085 0.1788164 0.1733418 0.1758062 0.1836643 0.1833334 0.1756667 0.1733418 0.1781540 0.1790299 0.1694084 0.1725676 0.1755632 0.1833334 0.1808106 0.1836643 0.1805658 0.1836643 0.0039281 0.0078830 0.0019603 0.0019603 0.0039247 0.0078658 0.1768245 0.0078862 0.0059085 0.0039247 0.0078870 0.0058983 0.0078870 0.1857662 0.1834056 0.1832054 0.1808106 0.1806361 0.1883441 0.1832054 0.1832935 0.1832935 0.1806845 0.1834056 0.1806845 0.1835722 0.1833334 0.1856947 0.0078862 0.4470262 
HM585502_Human_herpesvirus_1            0.0078679 0.0098872 0.0000010 0.0098587 0.0098587 0.0058983 0.0000000 0.0078679 0.0098452 0.0098472 0.0098750 0.0098452 0.0059126 0.0098691 0.0098691 0.0078917 0.1714798 0.1660625 0.1685107 0.1763001 0.1759833 0.1683770 0.1660625 0.1708475 0.1716846 0.1621170 0.1652289 0.1682781 0.1759833 0.1734795 0.1763001 0.1732418 0.1763001 0.0019632 0.0059096 0.0039281 0.0039281 0.0058983 0.0098511 0.1844571 0.0098750 0.0078917 0.0058983 0.0098761 0.0039304 0.0098761 0.1784021 0.1760527 0.1758605 0.1734795 0.1733131 0.1809583 0.1758605 0.1759459 0.1759459 0.1733585 0.1760527 0.1733585 0.1762114 0.1759833 0.1783336 0.0098750 0.4439690 
HM585503_Human_herpesvirus_1            0.0000010 0.0138547 0.0078679 0.0019599 0.0019599 0.0098394 0.0078679 0.0000000 0.0098325 0.0019576 0.0098622 0.0098325 0.0098632 0.0138292 0.0138292 0.0118483 0.1811758 0.1756856 0.1781540 0.1860300 0.1856947 0.1780127 0.1756856 0.1805040 0.1813920 0.1717582 0.1749309 0.1779076 0.1856947 0.1831672 0.1860300 0.1829201 0.1860300 0.0058948 0.0098582 0.0078633 0.0078633 0.0098394 0.0098383 0.1891518 0.0138375 0.0118483 0.0058907 0.0098632 0.0078679 0.0098632 0.1881308 0.1857678 0.1855651 0.1831672 0.1829901 0.1907143 0.1855651 0.1856540 0.1856540 0.1830394 0.1857678 0.1830394 0.1859369 0.1856947 0.1880584 0.0098622 0.4500865 
HM585504_Human_herpesvirus_1            0.0098325 0.0158505 0.0098452 0.0118274 0.0118274 0.0078611 0.0098452 0.0098325 0.0000000 0.0118136 0.0118470 0.0039186 0.0118483 0.0158214 0.0158214 0.0138375 0.1786053 0.1731393 0.1756002 0.1834462 0.1831161 0.1754610 0.1731393 0.1779446 0.1788183 0.1692106 0.1723644 0.1753577 0.1831161 0.1805972 0.1834462 0.1803528 0.1834462 0.0078679 0.0118422 0.0058897 0.0058897 0.0078611 0.0078603 0.1865826 0.0158309 0.0138375 0.0039220 0.0118483 0.0098452 0.0118483 0.1855454 0.1831882 0.1829884 0.1805972 0.1804231 0.1881193 0.1829884 0.1830764 0.1830764 0.1804713 0.1831882 0.1804713 0.1833543 0.1831161 0.1854741 0.0118470 0.4535244 
HM585506_Human_herpesvirus_1            0.0019576 0.0158538 0.0098472 0.0039247 0.0039247 0.0118219 0.0098472 0.0019576 0.0118136 0.0000000 0.0118494 0.0118136 0.0118507 0.0158246 0.0158246 0.0138403 0.1837221 0.1782092 0.1806845 0.1885882 0.1882479 0.1805411 0.1782092 0.1830394 0.1839414 0.1742842 0.1774748 0.1804344 0.1882479 0.1857125 0.1885882 0.1854627 0.1885882 0.0078695 0.0118446 0.0098413 0.0098413 0.0118219 0.0118207 0.1916945 0.0158341 0.0138403 0.0078640 0.0118507 0.0098472 0.0118507 0.1906900 0.1883220 0.1881164 0.1857125 0.1855325 0.1932824 0.1881164 0.1882063 0.1882063 0.1855829 0.1883220 0.1855829 0.1884940 0.1882479 0.1906165 0.0118494 0.4537843 
HM585508_Human_herpesvirus_1            0.0098622 0.0078898 0.0098750 0.0118633 0.0118633 0.0078862 0.0098750 0.0098622 0.0118470 0.0118494 0.0000000 0.0118470 0.0039318 0.0078754 0.0078754 0.0059039 0.1786500 0.1731818 0.1756436 0.1834928 0.1831625 0.1755044 0.1731818 0.1779889 0.1788632 0.1692518 0.1724070 0.1754010 0.1831625 0.1806426 0.1834928 0.1806607 0.1834928 0.0078917 0.0118782 0.0098691 0.0098691 0.0118554 0.0118541 0.1816571 0.0078801 0.0059039 0.0078862 0.0039318 0.0098750 0.0039318 0.1855927 0.1832346 0.1830347 0.1806426 0.1804684 0.1881677 0.1830347 0.1831227 0.1831227 0.1805166 0.1832346 0.1805166 0.1834009 0.1831625 0.1855214 0.0039314 0.4485738 
HM585509_Human_herpesvirus_1            0.0098325 0.0158505 0.0098452 0.0118274 0.0118274 0.0078611 0.0098452 0.0098325 0.0039186 0.0118136 0.0118470 0.0000000 0.0118483 0.0158214 0.0158214 0.0138375 0.1786053 0.1731393 0.1756002 0.1834462 0.1831161 0.1754610 0.1731393 0.1779446 0.1788183 0.1692106 0.1723644 0.1753577 0.1831161 0.1805972 0.1834462 0.1803528 0.1834462 0.0078679 0.0118422 0.0058897 0.0058897 0.0078611 0.0078603 0.1865826 0.0118470 0.0138375 0.0039220 0.0118483 0.0098452 0.0118483 0.1855454 0.1831882 0.1829884 0.1805972 0.1804231 0.1881193 0.1829884 0.1830764 0.1830764 0.1804713 0.1831882 0.1804713 0.1833543 0.1831161 0.1854741 0.0118470 0.4535244 
HM585510_Human_herpesvirus_1            0.0098632 0.0039367 0.0059126 0.0118646 0.0118646 0.0039349 0.0059126 0.0098632 0.0118483 0.0118507 0.0039318 0.0118483 0.0000000 0.0039295 0.0039295 0.0019639 0.1737038 0.1682754 0.1707257 0.1785270 0.1782063 0.1705904 0.1682754 0.1730632 0.1739110 0.1643381 0.1674608 0.1704903 0.1782063 0.1756996 0.1785270 0.1757176 0.1785270 0.0039376 0.0079021 0.0059091 0.0059091 0.0078870 0.0118554 0.1767476 0.0039318 0.0019639 0.0078870 0.0039322 0.0059126 0.0039322 0.1806265 0.1782765 0.1780821 0.1756996 0.1755310 0.1831863 0.1780821 0.1781682 0.1781682 0.1755772 0.1782765 0.1755772 0.1784373 0.1782063 0.1805573 0.0039318 0.4445733 
HM585512_Human_herpesvirus_1            0.0138292 0.0078851 0.0098691 0.0158432 0.0158432 0.0078815 0.0098691 0.0138292 0.0158214 0.0158246 0.0078754 0.0158214 0.0039295 0.0000000 0.0000010 0.0019625 0.1785270 0.1730632 0.1755232 0.1833662 0.1830364 0.1753841 0.1730632 0.1778668 0.1787399 0.1691355 0.1722879 0.1752809 0.1830364 0.1805184 0.1833662 0.1805365 0.1833662 0.0078870 0.0118711 0.0098632 0.0098632 0.0118483 0.0158309 0.1815331 0.0039291 0.0019625 0.0118483 0.0078762 0.0098691 0.0078762 0.1854648 0.1831084 0.1829088 0.1805184 0.1803444 0.1880378 0.1829088 0.1829967 0.1829967 0.1803926 0.1831084 0.1803926 0.1832745 0.1830364 0.1853936 0.0078754 0.4482026 
HM585513_Human_herpesvirus_1            0.0138292 0.0078851 0.0098691 0.0158432 0.0158432 0.0078815 0.0098691 0.0138292 0.0158214 0.0158246 0.0078754 0.0158214 0.0039295 0.0000010 0.0000000 0.0019625 0.1785270 0.1730632 0.1755232 0.1833662 0.1830364 0.1753841 0.1730632 0.1778668 0.1787399 0.1691355 0.1722879 0.1752809 0.1830364 0.1805184 0.1833662 0.1805365 0.1833662 0.0078870 0.0118711 0.0098632 0.0098632 0.0118483 0.0158309 0.1815331 0.0039291 0.0019625 0.0118483 0.0078762 0.0098691 0.0078762 0.1854648 0.1831084 0.1829088 0.1805184 0.1803444 0.1880378 0.1829088 0.1829967 0.1829967 0.1803926 0.1831084 0.1803926 0.1832745 0.1830364 0.1853936 0.0078754 0.4482026 
HM585514_Human_herpesvirus_1            0.0118483 0.0059112 0.0078917 0.0138565 0.0138565 0.0059085 0.0078917 0.0118483 0.0138375 0.0138403 0.0059039 0.0138375 0.0019639 0.0019625 0.0019625 0.0000000 0.1761740 0.1707257 0.1731818 0.1810070 0.1806815 0.1730445 0.1707257 0.1755232 0.1763842 0.1667920 0.1699310 0.1729428 0.1806815 0.1781682 0.1810070 0.1781863 0.1810070 0.0059126 0.0098881 0.0078870 0.0078870 0.0098691 0.0138458 0.1791995 0.0019637 0.0000010 0.0098691 0.0059045 0.0078917 0.0059045 0.1831067 0.1807526 0.1805555 0.1781682 0.1779968 0.1856741 0.1805555 0.1806426 0.1806426 0.1780440 0.1807526 0.1780440 0.1809162 0.1806815 0.1830364 0.0059039 0.4451359 
HSV2_1                                  0.1811758 0.1786648 0.1714798 0.1839634 0.1839634 0.1788164 0.1714798 0.1811758 0.1786053 0.1837221 0.1786500 0.1786053 0.1737038 0.1785270 0.1785270 0.1761740 0.0000000 0.0039774 0.0099783 0.0079766 0.0079638 0.0039829 0.0039774 0.0079669 0.0059894 0.0019978 0.0040145 0.0079621 0.0079638 0.0099656 0.0079766 0.0099796 0.0079766 0.1739846 0.1792595 0.1763377 0.1763377 0.1788164 0.1837913 0.0723341 0.1786500 0.1761740 0.1788164 0.1786884 0.1764593 0.1786884 0.0159949 0.0119776 0.0099596 0.0099656 0.0099596 0.0099645 0.0099596 0.0119717 0.0119717 0.0119645 0.0119776 0.0119645 0.0119883 0.0119730 0.0099596 0.1786500 0.4002212 
HSV2_2                                  0.1756856 0.1731921 0.1660625 0.1784421 0.1784421 0.1733418 0.1660625 0.1756856 0.1731393 0.1782092 0.1731818 0.1731393 0.1682754 0.1730632 0.1730632 0.1707257 0.0039774 0.0000000 0.0059588 0.0079670 0.0079542 0.0039731 0.0039676 0.0039648 0.0039818 0.0000028 0.0020016 0.0039624 0.0079542 0.0099534 0.0079670 0.0059596 0.0079670 0.1685455 0.1737674 0.1708831 0.1708831 0.1733418 0.1782765 0.0678565 0.1731818 0.1707257 0.1733418 0.1732182 0.1710003 0.1732182 0.0159752 0.0119629 0.0099475 0.0099534 0.0099475 0.0139648 0.0099475 0.0119570 0.0119570 0.0119498 0.0119629 0.0119498 0.0119735 0.0119583 0.0099475 0.1731818 0.4025167 
HSV2_3                                  0.1781540 0.1756559 0.1685107 0.1809208 0.1809208 0.1758062 0.1685107 0.1781540 0.1756002 0.1806845 0.1756436 0.1756002 0.1707257 0.1755232 0.1755232 0.1731818 0.0099783 0.0059588 0.0000000 0.0059682 0.0059586 0.0099676 0.0099538 0.0019801 0.0039849 0.0059933 0.0000025 0.0059500 0.0059586 0.0079534 0.0059682 0.0039684 0.0059682 0.1710003 0.1762392 0.1733418 0.1733418 0.1758062 0.1807525 0.0678495 0.1756436 0.1731818 0.1758062 0.1756808 0.1734608 0.1756808 0.0139618 0.0099573 0.0079486 0.0079534 0.0079486 0.0119557 0.0079486 0.0099524 0.0099524 0.0099464 0.0099573 0.0099464 0.0059651 0.0099534 0.0079486 0.1756436 0.4058740 
HSV2_4                                  0.1860300 0.1835115 0.1763001 0.1888362 0.1888362 0.1836643 0.1763001 0.1860300 0.1834462 0.1885882 0.1834928 0.1834462 0.1785270 0.1833662 0.1833662 0.1810070 0.0079766 0.0079670 0.0059682 0.0000000 0.0000010 0.0119942 0.0119776 0.0039711 0.0000022 0.0080131 0.0000025 0.0079552 0.0000010 0.0019824 0.0000010 0.0059690 0.0000010 0.1788164 0.1841217 0.1811758 0.1811758 0.1836643 0.1886589 0.0722785 0.1834928 0.1810070 0.1836643 0.1835328 0.1813009 0.1835328 0.0079544 0.0039711 0.0019813 0.0019824 0.0019813 0.0059600 0.0019813 0.0039691 0.0039691 0.0039667 0.0039711 0.0039667 0.0039746 0.0039695 0.0019813 0.1834928 0.4103476 
HSV2_5                                  0.1856947 0.1831809 0.1759833 0.1884950 0.1884950 0.1833334 0.1759833 0.1856947 0.1831161 0.1882479 0.1831625 0.1831161 0.1782063 0.1830364 0.1830364 0.1806815 0.0079638 0.0079542 0.0059586 0.0000010 0.0000000 0.0119748 0.0119583 0.0039647 0.0000022 0.0080002 0.0000025 0.0079424 0.0000010 0.0019793 0.0000010 0.0059594 0.0000010 0.1784946 0.1837890 0.1808497 0.1808497 0.1833334 0.1883183 0.0721585 0.1831625 0.1806815 0.1833334 0.1832023 0.1809743 0.1832023 0.0079416 0.0039647 0.0019781 0.0019793 0.0019781 0.0059504 0.0019781 0.0039628 0.0039628 0.0039604 0.0039647 0.0039604 0.0039682 0.0039632 0.0019781 0.1831625 0.4094490 
HSV2_6                                  0.1780127 0.1755165 0.1683770 0.1807771 0.1807771 0.1756667 0.1683770 0.1780127 0.1754610 0.1805411 0.1755044 0.1754610 0.1705904 0.1753841 0.1753841 0.1730445 0.0039829 0.0039731 0.0099676 0.0119942 0.0119748 0.0000000 0.0039731 0.0079584 0.0079927 0.0019957 0.0060269 0.0079536 0.0119748 0.0139857 0.0119942 0.0099688 0.0119942 0.1708646 0.1760990 0.1732043 0.1732043 0.1756667 0.1806090 0.0720805 0.1755044 0.1730445 0.1756667 0.1755415 0.1733231 0.1755415 0.0200421 0.0160088 0.0139772 0.0139857 0.0139772 0.0139842 0.0139772 0.0160009 0.0160009 0.0159912 0.0160088 0.0159912 0.0160232 0.0160026 0.0139772 0.1755044 0.3991689 
HSV2_7                                  0.1756856 0.1731921 0.1660625 0.1784421 0.1784421 0.1733418 0.1660625 0.1756856 0.1731393 0.1782092 0.1731818 0.1731393 0.1682754 0.1730632 0.1730632 0.1707257 0.0039774 0.0039676 0.0099538 0.0119776 0.0119583 0.0039731 0.0000000 0.0079475 0.0079816 0.0019929 0.0060185 0.0079427 0.0119583 0.0139663 0.0119776 0.0099550 0.0119776 0.1685455 0.1737674 0.1708831 0.1708831 0.1733418 0.1782765 0.0721492 0.1731818 0.1707257 0.1733418 0.1732182 0.1710003 0.1732182 0.0200143 0.0159866 0.0139579 0.0139663 0.0139579 0.0139648 0.0139579 0.0159787 0.0159787 0.0159690 0.0159866 0.0159690 0.0160009 0.0159804 0.0139579 0.1731818 0.4025167 
HSV2_8                                  0.1805040 0.1780031 0.1708475 0.1832789 0.1832789 0.1781540 0.1708475 0.1805040 0.1779446 0.1830394 0.1779889 0.1779446 0.1730632 0.1778668 0.1778668 0.1755232 0.0079669 0.0039648 0.0019801 0.0039711 0.0039647 0.0079584 0.0079475 0.0000000 0.0019886 0.0039876 0.0000025 0.0039590 0.0039647 0.0059534 0.0039711 0.0019803 0.0039711 0.1733418 0.1785936 0.1756856 0.1756856 0.1781540 0.1831082 0.0678048 0.1779889 0.1755232 0.1781540 0.1780269 0.1758062 0.1780269 0.0119438 0.0079503 0.0059498 0.0059534 0.0059498 0.0099435 0.0059498 0.0079464 0.0079464 0.0079416 0.0079503 0.0079416 0.0079573 0.0079472 0.0059498 0.1779889 0.4089010 
HSV2_9                                  0.1813920 0.1788781 0.1716846 0.1841833 0.1841833 0.1790299 0.1716846 0.1813920 0.1788183 0.1839414 0.1788632 0.1788183 0.1739110 0.1787399 0.1787399 0.1763842 0.0059894 0.0039818 0.0039849 0.0000022 0.0000022 0.0079927 0.0079816 0.0019886 0.0000000 0.0040048 0.0000025 0.0059752 0.0000022 0.0019886 0.0000022 0.0039854 0.0000022 0.1741925 0.1794741 0.1765483 0.1765483 0.1790299 0.1840108 0.0681075 0.1788632 0.1763842 0.1790299 0.1789016 0.1766701 0.1789016 0.0079790 0.0039833 0.0019874 0.0019886 0.0019874 0.0059782 0.0019874 0.0039814 0.0039814 0.0039790 0.0039833 0.0039790 0.0039869 0.0039818 0.0019874 0.1788632 0.4044644 
HSV2_10                                 0.1717582 0.1692591 0.1621170 0.1745128 0.1745128 0.1694084 0.1621170 0.1717582 0.1692106 0.1742842 0.1692518 0.1692106 0.1643381 0.1691355 0.1691355 0.1667920 0.0019978 0.0000028 0.0059933 0.0080131 0.0080002 0.0019957 0.0019929 0.0039876 0.0040048 0.0000000 0.0020100 0.0019917 0.0080002 0.0100111 0.0080131 0.0059940 0.0080131 0.1646026 0.1698247 0.1669461 0.1669461 0.1694084 0.1743506 0.0640626 0.1692518 0.1667920 0.1694084 0.1692871 0.1670609 0.1692871 0.0140529 0.0120322 0.0080002 0.0100111 0.0100050 0.0100161 0.0080002 0.0120263 0.0120263 0.0100111 0.0120322 0.0100111 0.0120430 0.0120275 0.0100050 0.1692518 0.3977621 
HSV2_11                                 0.1749309 0.1724170 0.1652289 0.1777088 0.1777088 0.1725676 0.1652289 0.1749309 0.1723644 0.1774748 0.1724070 0.1723644 0.1674608 0.1722879 0.1722879 0.1699310 0.0040145 0.0020016 0.0000025 0.0000025 0.0000025 0.0060269 0.0060185 0.0000025 0.0000025 0.0020100 0.0000000 0.0000025 0.0000025 0.0019999 0.0000025 0.0020019 0.0000025 0.1677319 0.1729948 0.1700890 0.1700890 0.1725676 0.1775425 0.0663209 0.1724070 0.1699310 0.1725676 0.1724435 0.1702066 0.1724435 0.0060155 0.0040060 0.0000025 0.0019999 0.0019987 0.0040064 0.0000025 0.0040040 0.0040040 0.0019999 0.0040060 0.0019999 0.0020008 0.0040044 0.0019987 0.1724070 0.4041170 
HSV2_12                                 0.1779076 0.1754131 0.1682781 0.1806701 0.1806701 0.1755632 0.1682781 0.1779076 0.1753577 0.1804344 0.1754010 0.1753577 0.1704903 0.1752809 0.1752809 0.1729428 0.0079621 0.0039624 0.0059500 0.0079552 0.0079424 0.0079536 0.0079427 0.0039590 0.0059752 0.0019917 0.0000025 0.0000000 0.0079424 0.0099387 0.0079552 0.0059508 0.0079552 0.1707641 0.1759949 0.1731023 0.1731023 0.1755632 0.1805022 0.0720487 0.1754010 0.1729428 0.1755632 0.1754381 0.1732210 0.1754381 0.0119344 0.0119450 0.0059452 0.0099387 0.0099327 0.0099358 0.0059452 0.0119392 0.0119392 0.0079354 0.0119450 0.0079354 0.0119557 0.0119404 0.0099327 0.1754010 0.4085623 
HSV2_13                                 0.1856947 0.1831809 0.1759833 0.1884950 0.1884950 0.1833334 0.1759833 0.1856947 0.1831161 0.1882479 0.1831625 0.1831161 0.1782063 0.1830364 0.1830364 0.1806815 0.0079638 0.0079542 0.0059586 0.0000010 0.0000010 0.0119748 0.0119583 0.0039647 0.0000022 0.0080002 0.0000025 0.0079424 0.0000000 0.0019793 0.0000010 0.0059594 0.0000010 0.1784946 0.1837890 0.1808497 0.1808497 0.1833334 0.1883183 0.0721585 0.1831625 0.1806815 0.1833334 0.1832023 0.1809743 0.1832023 0.0079416 0.0039647 0.0019781 0.0019793 0.0019781 0.0059504 0.0019781 0.0039628 0.0039628 0.0039604 0.0039647 0.0039604 0.0039682 0.0039632 0.0019781 0.1831625 0.4094490 
HSV2_14                                 0.1831672 0.1806589 0.1734795 0.1859560 0.1859560 0.1808106 0.1734795 0.1831672 0.1805972 0.1857125 0.1806426 0.1805972 0.1756996 0.1805184 0.1805184 0.1781682 0.0099656 0.0099534 0.0079534 0.0019824 0.0019793 0.0139857 0.0139663 0.0059534 0.0019886 0.0100111 0.0019999 0.0099387 0.0019793 0.0000000 0.0019824 0.0079544 0.0019824 0.1759833 0.1812586 0.1783336 0.1783336 0.1808106 0.1857822 0.0743073 0.1806426 0.1781682 0.1808106 0.1806815 0.1784564 0.1806815 0.0059492 0.0019800 0.0039604 0.0000010 0.0039604 0.0079424 0.0039604 0.0019791 0.0019791 0.0019779 0.0019800 0.0019779 0.0059586 0.0059511 0.0039604 0.1806426 0.4058939 
HSV2_15                                 0.1860300 0.1835115 0.1763001 0.1888362 0.1888362 0.1836643 0.1763001 0.1860300 0.1834462 0.1885882 0.1834928 0.1834462 0.1785270 0.1833662 0.1833662 0.1810070 0.0079766 0.0079670 0.0059682 0.0000010 0.0000010 0.0119942 0.0119776 0.0039711 0.0000022 0.0080131 0.0000025 0.0079552 0.0000010 0.0019824 0.0000000 0.0059594 0.0000010 0.1788164 0.1841217 0.1811758 0.1811758 0.1836643 0.1886589 0.0722785 0.1834928 0.1810070 0.1836643 0.1835328 0.1813009 0.1835328 0.0079544 0.0039711 0.0019813 0.0019824 0.0019813 0.0059600 0.0019813 0.0039691 0.0039691 0.0039667 0.0039711 0.0039667 0.0039746 0.0039695 0.0019813 0.1834928 0.4103476 
HSV2_16                                 0.1829201 0.1806770 0.1732418 0.1857057 0.1857057 0.1805658 0.1732418 0.1829201 0.1803528 0.1854627 0.1806607 0.1803528 0.1757176 0.1805365 0.1805365 0.1781863 0.0099796 0.0059596 0.0039684 0.0059690 0.0059594 0.0099688 0.0099550 0.0019803 0.0039854 0.0059940 0.0020019 0.0059508 0.0059594 0.0079544 0.0059594 0.0000000 0.0059594 0.1757431 0.1810126 0.1780912 0.1780912 0.1805658 0.1855322 0.0700142 0.1806607 0.1781863 0.1805658 0.1806997 0.1782137 0.1806997 0.0139634 0.0099585 0.0079496 0.0079544 0.0079496 0.0119571 0.0079496 0.0099536 0.0099536 0.0099476 0.0099585 0.0099476 0.0099673 0.0099547 0.0079496 0.1806607 0.4094684 
HSV2_18                                 0.1860300 0.1835115 0.1763001 0.1888362 0.1888362 0.1836643 0.1763001 0.1860300 0.1834462 0.1885882 0.1834928 0.1834462 0.1785270 0.1833662 0.1833662 0.1810070 0.0079766 0.0079670 0.0059682 0.0000010 0.0000010 0.0119942 0.0119776 0.0039711 0.0000022 0.0080131 0.0000025 0.0079552 0.0000010 0.0019824 0.0000010 0.0059594 0.0000000 0.1788164 0.1841217 0.1811758 0.1811758 0.1836643 0.1886589 0.0722785 0.1834928 0.1810070 0.1836643 0.1835328 0.1813009 0.1835328 0.0079544 0.0039711 0.0019813 0.0019824 0.0019813 0.0059600 0.0019813 0.0039691 0.0039691 0.0039667 0.0039711 0.0039667 0.0039746 0.0039695 0.0019813 0.1834928 0.4103476 
JN400093_Human_herpesvirus_1            0.0058948 0.0079015 0.0019632 0.0078787 0.0078787 0.0039281 0.0019632 0.0058948 0.0078679 0.0078695 0.0078917 0.0078679 0.0039376 0.0078870 0.0078870 0.0059126 0.1739846 0.1685455 0.1710003 0.1788164 0.1784946 0.1708646 0.1685455 0.1733418 0.1741925 0.1646026 0.1677319 0.1707641 0.1784946 0.1759833 0.1788164 0.1757431 0.1788164 0.0000000 0.0039356 0.0019620 0.0019620 0.0039281 0.0078726 0.1819885 0.0078917 0.0059126 0.0039281 0.0078926 0.0019632 0.0078926 0.1809192 0.1785650 0.1783700 0.1759833 0.1758141 0.1834839 0.1783700 0.1784564 0.1784564 0.1758605 0.1785650 0.1758605 0.1787264 0.1784946 0.1808497 0.0078917 0.4405513 
JN420337_Human_herpesvirus_1            0.0098582 0.0118929 0.0059096 0.0118585 0.0118585 0.0078830 0.0059096 0.0098582 0.0118422 0.0118446 0.0118782 0.0118422 0.0079021 0.0118711 0.0118711 0.0098881 0.1792595 0.1737674 0.1762392 0.1841217 0.1837890 0.1760990 0.1737674 0.1785936 0.1794741 0.1698247 0.1729948 0.1759949 0.1837890 0.1812586 0.1841217 0.1810126 0.1841217 0.0039356 0.0000000 0.0059060 0.0059060 0.0078830 0.0118493 0.1872658 0.0118782 0.0098881 0.0078830 0.0118794 0.0019655 0.0118794 0.1862290 0.1838616 0.1836604 0.1812586 0.1810831 0.1888150 0.1836604 0.1837489 0.1837489 0.1811318 0.1838616 0.1811318 0.1840292 0.1837890 0.1861572 0.0118782 0.4403043 
JN420338_Human_herpesvirus_1            0.0078633 0.0098813 0.0039281 0.0098528 0.0098528 0.0019603 0.0039281 0.0078633 0.0058897 0.0098413 0.0098691 0.0058897 0.0059091 0.0098632 0.0098632 0.0078870 0.1763377 0.1708831 0.1733418 0.1811758 0.1808497 0.1732043 0.1708831 0.1756856 0.1765483 0.1669461 0.1700890 0.1731023 0.1808497 0.1783336 0.1811758 0.1780912 0.1811758 0.0019620 0.0059060 0.0000000 0.0000010 0.0019603 0.0058932 0.1793155 0.0098691 0.0078870 0.0019603 0.0098702 0.0039281 0.0098702 0.1832775 0.1809209 0.1807234 0.1783336 0.1781618 0.1858477 0.1807234 0.1808106 0.1808106 0.1782092 0.1809209 0.1782092 0.1810848 0.1808497 0.1832070 0.0098691 0.4436027 
JN420339_Human_herpesvirus_1            0.0078633 0.0098813 0.0039281 0.0098528 0.0098528 0.0019603 0.0039281 0.0078633 0.0058897 0.0098413 0.0098691 0.0058897 0.0059091 0.0098632 0.0098632 0.0078870 0.1763377 0.1708831 0.1733418 0.1811758 0.1808497 0.1732043 0.1708831 0.1756856 0.1765483 0.1669461 0.1700890 0.1731023 0.1808497 0.1783336 0.1811758 0.1780912 0.1811758 0.0019620 0.0059060 0.0000010 0.0000000 0.0019603 0.0058932 0.1793155 0.0098691 0.0078870 0.0019603 0.0098702 0.0039281 0.0098702 0.1832775 0.1809209 0.1807234 0.1783336 0.1781618 0.1858477 0.1807234 0.1808106 0.1808106 0.1782092 0.1809209 0.1782092 0.1810848 0.1808497 0.1832070 0.0098691 0.4436027 
JN420341_Human_herpesvirus_1            0.0098394 0.0118701 0.0058983 0.0118357 0.0118357 0.0039247 0.0058983 0.0098394 0.0078611 0.0118219 0.0118554 0.0078611 0.0078870 0.0118483 0.0118483 0.0098691 0.1788164 0.1733418 0.1758062 0.1836643 0.1833334 0.1756667 0.1733418 0.1781540 0.1790299 0.1694084 0.1725676 0.1755632 0.1833334 0.1808106 0.1836643 0.1805658 0.1836643 0.0039281 0.0078830 0.0019603 0.0019603 0.0000000 0.0078658 0.1817748 0.0118554 0.0098691 0.0039247 0.0118566 0.0058983 0.0118566 0.1857662 0.1834056 0.1832054 0.1808106 0.1806361 0.1883441 0.1832054 0.1832935 0.1832935 0.1806845 0.1834056 0.1806845 0.1835722 0.1833334 0.1856947 0.0118554 0.4436027 
JN420342_Human_herpesvirus_1            0.0098383 0.0158600 0.0098511 0.0118345 0.0118345 0.0078658 0.0098511 0.0098383 0.0078603 0.0118207 0.0118541 0.0078603 0.0118554 0.0158309 0.0158309 0.0138458 0.1837913 0.1782765 0.1807525 0.1886589 0.1883183 0.1806090 0.1782765 0.1831082 0.1840108 0.1743506 0.1775425 0.1805022 0.1883183 0.1857822 0.1886589 0.1855322 0.1886589 0.0078726 0.0118493 0.0058932 0.0058932 0.0078658 0.0000000 0.1817357 0.0158403 0.0138458 0.0039243 0.0118554 0.0098511 0.0118554 0.1907612 0.1883924 0.1881867 0.1857822 0.1856020 0.1933544 0.1881867 0.1882767 0.1882767 0.1856524 0.1883924 0.1856524 0.1885646 0.1883183 0.1906876 0.0118541 0.4538342 
JQ360576_Chimpanzee_alpha-1_herpesvirus 0.1891518 0.1816741 0.1844571 0.1919445 0.1919445 0.1768245 0.1844571 0.1891518 0.1865826 0.1916945 0.1816571 0.1865826 0.1767476 0.1815331 0.1815331 0.1791995 0.0723341 0.0678565 0.0678495 0.0722785 0.0721585 0.0720805 0.0721492 0.0678048 0.0681075 0.0640626 0.0663209 0.0720487 0.0721585 0.0743073 0.0722785 0.0700142 0.0722785 0.1819885 0.1872658 0.1793155 0.1793155 0.1817748 0.1817357 0.0000000 0.1816571 0.1791995 0.1817748 0.1816961 0.1844571 0.1816961 0.0786082 0.0743440 0.0742607 0.0743073 0.0742607 0.0764613 0.0742607 0.0764607 0.0764607 0.0764126 0.0743440 0.0764126 0.0722418 0.0764716 0.0742607 0.1816571 0.4491616 
JQ730035_Human_herpesvirus_1            0.0138375 0.0078898 0.0098750 0.0158527 0.0158527 0.0078862 0.0098750 0.0138375 0.0158309 0.0158341 0.0078801 0.0118470 0.0039318 0.0039291 0.0039291 0.0019637 0.1786500 0.1731818 0.1756436 0.1834928 0.1831625 0.1755044 0.1731818 0.1779889 0.1788632 0.1692518 0.1724070 0.1754010 0.1831625 0.1806426 0.1834928 0.1806607 0.1834928 0.0078917 0.0118782 0.0098691 0.0098691 0.0118554 0.0158403 0.1816571 0.0000000 0.0019637 0.0118554 0.0078809 0.0098750 0.0078809 0.1855927 0.1832346 0.1830347 0.1806426 0.1804684 0.1881677 0.1830347 0.1831227 0.1831227 0.1805166 0.1832346 0.1805166 0.1834009 0.1831625 0.1855214 0.0078801 0.4485738 
JX142173_Human_herpesvirus_1            0.0118483 0.0059112 0.0078917 0.0138565 0.0138565 0.0059085 0.0078917 0.0118483 0.0138375 0.0138403 0.0059039 0.0138375 0.0019639 0.0019625 0.0019625 0.0000010 0.1761740 0.1707257 0.1731818 0.1810070 0.1806815 0.1730445 0.1707257 0.1755232 0.1763842 0.1667920 0.1699310 0.1729428 0.1806815 0.1781682 0.1810070 0.1781863 0.1810070 0.0059126 0.0098881 0.0078870 0.0078870 0.0098691 0.0138458 0.1791995 0.0019637 0.0000000 0.0098691 0.0059045 0.0078917 0.0059045 0.1831067 0.1807526 0.1805555 0.1781682 0.1779968 0.1856741 0.1805555 0.1806426 0.1806426 0.1780440 0.1807526 0.1780440 0.1809162 0.1806815 0.1830364 0.0059039 0.4451359 
KF498959_Human_herpesvirus_1            0.0058907 0.0118701 0.0058983 0.0078732 0.0078732 0.0039247 0.0058983 0.0058907 0.0039220 0.0078640 0.0078862 0.0039220 0.0078870 0.0118483 0.0118483 0.0098691 0.1788164 0.1733418 0.1758062 0.1836643 0.1833334 0.1756667 0.1733418 0.1781540 0.1790299 0.1694084 0.1725676 0.1755632 0.1833334 0.1808106 0.1836643 0.1805658 0.1836643 0.0039281 0.0078830 0.0019603 0.0019603 0.0039247 0.0039243 0.1817748 0.0118554 0.0098691 0.0000000 0.0078870 0.0058983 0.0078870 0.1857662 0.1834056 0.1832054 0.1808106 0.1806361 0.1883441 0.1832054 0.1832935 0.1832935 0.1806845 0.1834056 0.1806845 0.1835722 0.1833334 0.1856947 0.0078862 0.4470262 
KJ847330_Human_herpesvirus_1            0.0098632 0.0078907 0.0098761 0.0118646 0.0118646 0.0078870 0.0098761 0.0098632 0.0118483 0.0118507 0.0039318 0.0118483 0.0039322 0.0078762 0.0078762 0.0059045 0.1786884 0.1732182 0.1756808 0.1835328 0.1832023 0.1755415 0.1732182 0.1780269 0.1789016 0.1692871 0.1724435 0.1754381 0.1832023 0.1806815 0.1835328 0.1806997 0.1835328 0.0078926 0.0118794 0.0098702 0.0098702 0.0118566 0.0118554 0.1816961 0.0078809 0.0059045 0.0078870 0.0000000 0.0098761 0.0000010 0.1856334 0.1832745 0.1830745 0.1806815 0.1805072 0.1882093 0.1830745 0.1831625 0.1831625 0.1805555 0.1832745 0.1805555 0.1834408 0.1832023 0.1855620 0.0039318 0.4516760 
KM222720_Human_herpesvirus_1            0.0078679 0.0098872 0.0039304 0.0098587 0.0098587 0.0058983 0.0039304 0.0078679 0.0098452 0.0098472 0.0098750 0.0098452 0.0059126 0.0098691 0.0098691 0.0078917 0.1764593 0.1710003 0.1734608 0.1813009 0.1809743 0.1733231 0.1710003 0.1758062 0.1766701 0.1670609 0.1702066 0.1732210 0.1809743 0.1784564 0.1813009 0.1782137 0.1813009 0.0019632 0.0019655 0.0039281 0.0039281 0.0058983 0.0098511 0.1844571 0.0098750 0.0078917 0.0058983 0.0098761 0.0000000 0.0098761 0.1834039 0.1810457 0.1808479 0.1784564 0.1782844 0.1859762 0.1808479 0.1809352 0.1809352 0.1783318 0.1810457 0.1783318 0.1812098 0.1809743 0.1833334 0.0098750 0.4439690 
KM222721_Human_herpesvirus_1            0.0098632 0.0078907 0.0098761 0.0118646 0.0118646 0.0078870 0.0098761 0.0098632 0.0118483 0.0118507 0.0039318 0.0118483 0.0039322 0.0078762 0.0078762 0.0059045 0.1786884 0.1732182 0.1756808 0.1835328 0.1832023 0.1755415 0.1732182 0.1780269 0.1789016 0.1692871 0.1724435 0.1754381 0.1832023 0.1806815 0.1835328 0.1806997 0.1835328 0.0078926 0.0118794 0.0098702 0.0098702 0.0118566 0.0118554 0.1816961 0.0078809 0.0059045 0.0078870 0.0000010 0.0098761 0.0000000 0.1856334 0.1832745 0.1830745 0.1806815 0.1805072 0.1882093 0.1830745 0.1831625 0.1831625 0.1805555 0.1832745 0.1805555 0.1834408 0.1832023 0.1855620 0.0039318 0.4516760 
KR135298_Human_herpesvirus_2            0.1881308 0.1856131 0.1784021 0.1909405 0.1909405 0.1857662 0.1784021 0.1881308 0.1855454 0.1906900 0.1855927 0.1855454 0.1806265 0.1854648 0.1854648 0.1831067 0.0159949 0.0159752 0.0139618 0.0079544 0.0079416 0.0200421 0.0200143 0.0119438 0.0079790 0.0140529 0.0060155 0.0119344 0.0079416 0.0059492 0.0079544 0.0139634 0.0079544 0.1809192 0.1862290 0.1832775 0.1832775 0.1857662 0.1907612 0.0786082 0.1855927 0.1831067 0.1857662 0.1856334 0.1834039 0.1856334 0.0000000 0.0039586 0.0059446 0.0059492 0.0099316 0.0059402 0.0059446 0.0079408 0.0079408 0.0039584 0.0039586 0.0039584 0.0079419 0.0119392 0.0099316 0.1855927 0.4089207 
KR135299_Human_herpesvirus_2            0.1857678 0.1832530 0.1760527 0.1885692 0.1885692 0.1834056 0.1760527 0.1857678 0.1831882 0.1883220 0.1832346 0.1831882 0.1782765 0.1831084 0.1831084 0.1807526 0.0119776 0.0119629 0.0099573 0.0039711 0.0039647 0.0160088 0.0159866 0.0079503 0.0039833 0.0120322 0.0040060 0.0119450 0.0039647 0.0019800 0.0039711 0.0099585 0.0039711 0.1785650 0.1838616 0.1809209 0.1809209 0.1834056 0.1883924 0.0743440 0.1832346 0.1807526 0.1834056 0.1832745 0.1810457 0.1832745 0.0039586 0.0000000 0.0059498 0.0019800 0.0059498 0.0059454 0.0059498 0.0039643 0.0039643 0.0039619 0.0000010 0.0039619 0.0039648 0.0079472 0.0059498 0.1832346 0.4058939 
KR135300_Human_herpesvirus_2            0.1855651 0.1830530 0.1758605 0.1883631 0.1883631 0.1832054 0.1758605 0.1855651 0.1829884 0.1881164 0.1830347 0.1829884 0.1780821 0.1829088 0.1829088 0.1805555 0.0099596 0.0099475 0.0079486 0.0019813 0.0019781 0.0139772 0.0139579 0.0059498 0.0019874 0.0080002 0.0000025 0.0059452 0.0019781 0.0039604 0.0019813 0.0079496 0.0019813 0.1783700 0.1836604 0.1807234 0.1807234 0.1832054 0.1881867 0.0742607 0.1830347 0.1805555 0.1832054 0.1830745 0.1808479 0.1830745 0.0059446 0.0059498 0.0000000 0.0039604 0.0039580 0.0039593 0.0000010 0.0059469 0.0059469 0.0019764 0.0059498 0.0019764 0.0059551 0.0059475 0.0039580 0.1830347 0.4124842 
KR135301_Human_herpesvirus_2            0.1831672 0.1806589 0.1734795 0.1859560 0.1859560 0.1808106 0.1734795 0.1831672 0.1805972 0.1857125 0.1806426 0.1805972 0.1756996 0.1805184 0.1805184 0.1781682 0.0099656 0.0099534 0.0079534 0.0019824 0.0019793 0.0139857 0.0139663 0.0059534 0.0019886 0.0100111 0.0019999 0.0099387 0.0019793 0.0000010 0.0019824 0.0079544 0.0019824 0.1759833 0.1812586 0.1783336 0.1783336 0.1808106 0.1857822 0.0743073 0.1806426 0.1781682 0.1808106 0.1806815 0.1784564 0.1806815 0.0059492 0.0019800 0.0039604 0.0000000 0.0039604 0.0079424 0.0039604 0.0019791 0.0019791 0.0019779 0.0019800 0.0019779 0.0059586 0.0059511 0.0039604 0.1806426 0.4058939 
KR135305_Human_herpesvirus_2            0.1829901 0.1804845 0.1733131 0.1857754 0.1857754 0.1806361 0.1733131 0.1829901 0.1804231 0.1855325 0.1804684 0.1804231 0.1755310 0.1803444 0.1803444 0.1779968 0.0099596 0.0099475 0.0079486 0.0019813 0.0019781 0.0139772 0.0139579 0.0059498 0.0019874 0.0100050 0.0019987 0.0099327 0.0019781 0.0039604 0.0019813 0.0079496 0.0019813 0.1758141 0.1810831 0.1781618 0.1781618 0.1806361 0.1856020 0.0742607 0.1804684 0.1779968 0.1806361 0.1805072 0.1782844 0.1805072 0.0099316 0.0059498 0.0039580 0.0039604 0.0000000 0.0079377 0.0039580 0.0059469 0.0059469 0.0059434 0.0059498 0.0059434 0.0059551 0.0059475 0.0039580 0.1804684 0.4124842 
KR135306_Human_herpesvirus_2            0.1907143 0.1881901 0.1809583 0.1935367 0.1935367 0.1883441 0.1809583 0.1907143 0.1881193 0.1932824 0.1881677 0.1881193 0.1831863 0.1880378 0.1880378 0.1856741 0.0099645 0.0139648 0.0119557 0.0059600 0.0059504 0.0139842 0.0139648 0.0099435 0.0059782 0.0100161 0.0040064 0.0099358 0.0059504 0.0079424 0.0059600 0.0119571 0.0059600 0.1834839 0.1888150 0.1858477 0.1858477 0.1883441 0.1933544 0.0764613 0.1881677 0.1856741 0.1883441 0.1882093 0.1859762 0.1882093 0.0059402 0.0059454 0.0039593 0.0079424 0.0079377 0.0000000 0.0039593 0.0099387 0.0099387 0.0059452 0.0059454 0.0059452 0.0059506 0.0099397 0.0079377 0.1881677 0.4091094 
KR135307_Human_herpesvirus_2            0.1855651 0.1830530 0.1758605 0.1883631 0.1883631 0.1832054 0.1758605 0.1855651 0.1829884 0.1881164 0.1830347 0.1829884 0.1780821 0.1829088 0.1829088 0.1805555 0.0099596 0.0099475 0.0079486 0.0019813 0.0019781 0.0139772 0.0139579 0.0059498 0.0019874 0.0080002 0.0000025 0.0059452 0.0019781 0.0039604 0.0019813 0.0079496 0.0019813 0.1783700 0.1836604 0.1807234 0.1807234 0.1832054 0.1881867 0.0742607 0.1830347 0.1805555 0.1832054 0.1830745 0.1808479 0.1830745 0.0059446 0.0059498 0.0000010 0.0039604 0.0039580 0.0039593 0.0000000 0.0059469 0.0059469 0.0019764 0.0059498 0.0019764 0.0059551 0.0059475 0.0039580 0.1830347 0.4124842 
KR135320_Human_herpesvirus_2            0.1856540 0.1831411 0.1759459 0.1884532 0.1884532 0.1832935 0.1759459 0.1856540 0.1830764 0.1882063 0.1831227 0.1830764 0.1781682 0.1829967 0.1829967 0.1806426 0.0119717 0.0119570 0.0099524 0.0039691 0.0039628 0.0160009 0.0159787 0.0079464 0.0039814 0.0120263 0.0040040 0.0119392 0.0039628 0.0019791 0.0039691 0.0099536 0.0039691 0.1784564 0.1837489 0.1808106 0.1808106 0.1832935 0.1882767 0.0764607 0.1831227 0.1806426 0.1832935 0.1831625 0.1809352 0.1831625 0.0079408 0.0039643 0.0059469 0.0019791 0.0059469 0.0099387 0.0059469 0.0000000 0.0000010 0.0039600 0.0039643 0.0039600 0.0079534 0.0079433 0.0059469 0.1831227 0.4092599 
KR135321_Human_herpesvirus_2            0.1856540 0.1831411 0.1759459 0.1884532 0.1884532 0.1832935 0.1759459 0.1856540 0.1830764 0.1882063 0.1831227 0.1830764 0.1781682 0.1829967 0.1829967 0.1806426 0.0119717 0.0119570 0.0099524 0.0039691 0.0039628 0.0160009 0.0159787 0.0079464 0.0039814 0.0120263 0.0040040 0.0119392 0.0039628 0.0019791 0.0039691 0.0099536 0.0039691 0.1784564 0.1837489 0.1808106 0.1808106 0.1832935 0.1882767 0.0764607 0.1831227 0.1806426 0.1832935 0.1831625 0.1809352 0.1831625 0.0079408 0.0039643 0.0059469 0.0019791 0.0059469 0.0099387 0.0059469 0.0000010 0.0000000 0.0039600 0.0039643 0.0039600 0.0079534 0.0079433 0.0059469 0.1831227 0.4092599 
KR135324_Human_herpesvirus_2            0.1830394 0.1805328 0.1733585 0.1858260 0.1858260 0.1806845 0.1733585 0.1830394 0.1804713 0.1855829 0.1805166 0.1804713 0.1755772 0.1803926 0.1803926 0.1780440 0.0119645 0.0119498 0.0099464 0.0039667 0.0039604 0.0159912 0.0159690 0.0079416 0.0039790 0.0100111 0.0019999 0.0079354 0.0039604 0.0019779 0.0039667 0.0099476 0.0039667 0.1758605 0.1811318 0.1782092 0.1782092 0.1806845 0.1856524 0.0764126 0.1805166 0.1780440 0.1806845 0.1805555 0.1783318 0.1805555 0.0039584 0.0039619 0.0019764 0.0019779 0.0059434 0.0059452 0.0019764 0.0039600 0.0039600 0.0000000 0.0039619 0.0000010 0.0079486 0.0079385 0.0059434 0.1805166 0.4089207 
KR135325_Human_herpesvirus_2            0.1857678 0.1832530 0.1760527 0.1885692 0.1885692 0.1834056 0.1760527 0.1857678 0.1831882 0.1883220 0.1832346 0.1831882 0.1782765 0.1831084 0.1831084 0.1807526 0.0119776 0.0119629 0.0099573 0.0039711 0.0039647 0.0160088 0.0159866 0.0079503 0.0039833 0.0120322 0.0040060 0.0119450 0.0039647 0.0019800 0.0039711 0.0099585 0.0039711 0.1785650 0.1838616 0.1809209 0.1809209 0.1834056 0.1883924 0.0743440 0.1832346 0.1807526 0.1834056 0.1832745 0.1810457 0.1832745 0.0039586 0.0000010 0.0059498 0.0019800 0.0059498 0.0059454 0.0059498 0.0039643 0.0039643 0.0039619 0.0000000 0.0039619 0.0039648 0.0079472 0.0059498 0.1832346 0.4058939 
KR135326_Human_herpesvirus_2            0.1830394 0.1805328 0.1733585 0.1858260 0.1858260 0.1806845 0.1733585 0.1830394 0.1804713 0.1855829 0.1805166 0.1804713 0.1755772 0.1803926 0.1803926 0.1780440 0.0119645 0.0119498 0.0099464 0.0039667 0.0039604 0.0159912 0.0159690 0.0079416 0.0039790 0.0100111 0.0019999 0.0079354 0.0039604 0.0019779 0.0039667 0.0099476 0.0039667 0.1758605 0.1811318 0.1782092 0.1782092 0.1806845 0.1856524 0.0764126 0.1805166 0.1780440 0.1806845 0.1805555 0.1783318 0.1805555 0.0039584 0.0039619 0.0019764 0.0019779 0.0059434 0.0059452 0.0019764 0.0039600 0.0039600 0.0000010 0.0039619 0.0000000 0.0079486 0.0079385 0.0059434 0.1805166 0.4089207 
KR135327_Human_herpesvirus_2            0.1859369 0.1834195 0.1762114 0.1887417 0.1887417 0.1835722 0.1762114 0.1859369 0.1833543 0.1884940 0.1834009 0.1833543 0.1784373 0.1832745 0.1832745 0.1809162 0.0119883 0.0119735 0.0059651 0.0039746 0.0039682 0.0160232 0.0160009 0.0079573 0.0039869 0.0120430 0.0020008 0.0119557 0.0039682 0.0059586 0.0039746 0.0099673 0.0039746 0.1787264 0.1840292 0.1810848 0.1810848 0.1835722 0.1885646 0.0722418 0.1834009 0.1809162 0.1835722 0.1834408 0.1812098 0.1834408 0.0079419 0.0039648 0.0059551 0.0059586 0.0059551 0.0059506 0.0059551 0.0079534 0.0079534 0.0079486 0.0039648 0.0079486 0.0000000 0.0079542 0.0059551 0.1834009 0.4064170 
