43
HM585496_Human_herpesvirus_1            0.0000000 0.0059460 0.0039592 0.0000010 0.0019745 0.0039592 0.0079389 0.0019753 0.0099358 0.0079386 0.0019753 0.1502726 0.1479624 0.1479624 0.1458307 0.1482112 0.1502726 0.1482370 0.1464404 0.0574401 0.1461416 0.1518674 0.1531038 0.1506426 0.1482112 0.1506426 0.0059459 0.1474835 0.0059443 0.0079354 0.0079354 0.1505359 0.1529952 0.1481063 0.1505359 0.1494252 0.1481063 0.1507494 0.1529952 0.1431165 0.1482370 0.0059460 0.2590808 
HM585497_Human_herpesvirus_1            0.0059460 0.0000000 0.0019748 0.0059460 0.0039574 0.0019748 0.0059396 0.0039561 0.0079291 0.0019754 0.0039561 0.1501193 0.1478115 0.1478115 0.1572671 0.1480598 0.1501193 0.1480856 0.1462905 0.0574401 0.1459923 0.1517114 0.1529467 0.1504884 0.1480598 0.1504884 0.0039542 0.1485455 0.0039531 0.0059369 0.0059369 0.1503819 0.1528384 0.1479551 0.1503819 0.1492719 0.1479551 0.1505950 0.1528384 0.1429712 0.1480856 0.0039543 0.2619295 
HM585498_Human_herpesvirus_1            0.0039592 0.0019748 0.0000000 0.0039592 0.0019763 0.0000010 0.0039549 0.0019756 0.0059396 0.0039548 0.0019756 0.1477211 0.1454181 0.1454181 0.1458307 0.1456617 0.1477211 0.1456869 0.1438882 0.0574401 0.1435954 0.1492955 0.1505341 0.1480830 0.1456617 0.1480830 0.0019747 0.1461392 0.0019742 0.0039531 0.0039531 0.1479783 0.1504276 0.1455587 0.1479783 0.1468631 0.1455587 0.1481879 0.1504276 0.1405920 0.1456869 0.0019748 0.2591234 
HM585499_Human_herpesvirus_1            0.0000010 0.0059460 0.0039592 0.0000000 0.0019745 0.0039592 0.0079389 0.0019753 0.0099358 0.0079386 0.0019753 0.1502726 0.1479624 0.1479624 0.1458307 0.1482112 0.1502726 0.1482370 0.1464404 0.0574401 0.1461416 0.1518674 0.1531038 0.1506426 0.1482112 0.1506426 0.0059459 0.1474835 0.0059443 0.0079354 0.0079354 0.1505359 0.1529952 0.1481063 0.1505359 0.1494252 0.1481063 0.1507494 0.1529952 0.1431165 0.1482370 0.0059460 0.2590808 
HM585501_Human_herpesvirus_1            0.0019745 0.0039574 0.0019763 0.0019745 0.0000000 0.0019763 0.0059443 0.0039592 0.0079354 0.0059440 0.0039592 0.1502490 0.1479392 0.1479392 0.1458307 0.1481879 0.1502490 0.1482137 0.1464174 0.0574401 0.1461187 0.1518433 0.1530795 0.1506188 0.1481879 0.1506188 0.0039573 0.1474602 0.0039562 0.0059416 0.0059416 0.1505121 0.1529710 0.1480830 0.1505121 0.1494016 0.1480830 0.1507256 0.1529710 0.1430943 0.1482137 0.0039574 0.2621779 
HM585502_Human_herpesvirus_1            0.0039592 0.0019748 0.0000010 0.0039592 0.0019763 0.0000000 0.0039549 0.0019756 0.0059396 0.0039548 0.0019756 0.1477211 0.1454181 0.1454181 0.1458307 0.1456617 0.1477211 0.1456869 0.1438882 0.0574401 0.1435954 0.1492955 0.1505341 0.1480830 0.1456617 0.1480830 0.0019747 0.1461392 0.0019742 0.0039531 0.0039531 0.1479783 0.1504276 0.1455587 0.1479783 0.1468631 0.1455587 0.1481879 0.1504276 0.1405920 0.1456869 0.0019748 0.2591234 
HM585504_Human_herpesvirus_1            0.0079389 0.0059396 0.0039549 0.0079389 0.0059443 0.0039549 0.0000000 0.0059423 0.0019733 0.0079300 0.0059423 0.1475113 0.1452119 0.1452119 0.1458307 0.1454547 0.1475113 0.1454799 0.1436834 0.0574401 0.1433914 0.1490820 0.1503192 0.1478721 0.1454547 0.1478721 0.0059395 0.1436942 0.0059378 0.0079268 0.0079268 0.1477677 0.1502130 0.1453521 0.1477677 0.1466536 0.1453521 0.1479767 0.1502130 0.1403935 0.1454799 0.0059396 0.2587046 
HM585508_Human_herpesvirus_1            0.0019753 0.0039561 0.0019756 0.0019753 0.0039592 0.0019756 0.0059423 0.0000000 0.0079327 0.0059420 0.0000010 0.1477442 0.1454408 0.1454408 0.1458307 0.1456844 0.1477442 0.1457097 0.1439107 0.0574401 0.1436178 0.1493191 0.1505579 0.1481063 0.1456844 0.1481063 0.0039560 0.1461621 0.0039549 0.0059396 0.0059396 0.1480015 0.1504513 0.1455815 0.1480015 0.1468862 0.1455815 0.1482112 0.1504513 0.1406137 0.1457097 0.0039561 0.2560428 
HM585509_Human_herpesvirus_1            0.0099358 0.0079291 0.0059396 0.0099358 0.0079354 0.0059396 0.0019733 0.0079327 0.0000000 0.0099246 0.0079327 0.1499056 0.1476014 0.1476014 0.1458307 0.1478490 0.1499056 0.1478747 0.1460817 0.0724484 0.1457844 0.1514940 0.1527279 0.1502736 0.1478490 0.1502736 0.0079290 0.1460929 0.0079268 0.0099205 0.0099205 0.1501674 0.1526199 0.1477446 0.1501674 0.1490585 0.1477446 0.1503799 0.1526199 0.1427689 0.1478747 0.0079291 0.2588824 
HM585510_Human_herpesvirus_1            0.0079386 0.0019754 0.0039548 0.0079386 0.0059440 0.0039548 0.0079300 0.0059420 0.0099246 0.0000000 0.0059420 0.1525483 0.1502352 0.1502352 0.1572671 0.1504884 0.1525483 0.1505147 0.1487229 0.0574401 0.1484193 0.1541585 0.1553909 0.1529247 0.1504884 0.1529247 0.0059392 0.1509825 0.0059376 0.0079265 0.0079265 0.1528164 0.1552807 0.1503819 0.1528164 0.1517114 0.1503819 0.1530331 0.1552807 0.1453796 0.1505147 0.0059394 0.2647981 
HM585512_Human_herpesvirus_1            0.0019753 0.0039561 0.0019756 0.0019753 0.0039592 0.0019756 0.0059423 0.0000010 0.0079327 0.0059420 0.0000000 0.1477442 0.1454408 0.1454408 0.1458307 0.1456844 0.1477442 0.1457097 0.1439107 0.0574401 0.1436178 0.1493191 0.1505579 0.1481063 0.1456844 0.1481063 0.0039560 0.1461621 0.0039549 0.0059396 0.0059396 0.1480015 0.1504513 0.1455815 0.1480015 0.1468862 0.1455815 0.1482112 0.1504513 0.1406137 0.1457097 0.0039561 0.2560428 
HSV2_1                                  0.1502726 0.1501193 0.1477211 0.1502726 0.1502490 0.1477211 0.1475113 0.1477442 0.1499056 0.1525483 0.1477442 0.0000000 0.0059194 0.0059194 0.0000010 0.0118994 0.0000010 0.0159020 0.0000023 0.0000024 0.0019754 0.0159020 0.0159127 0.0139014 0.0118994 0.0139014 0.1453875 0.0362905 0.1453320 0.1477236 0.1477236 0.0159065 0.0159020 0.0138995 0.0159065 0.0138956 0.0138995 0.0159020 0.0159020 0.0119034 0.0159020 0.1501193 0.2482904 
HSV2_2                                  0.1479624 0.1478115 0.1454181 0.1479624 0.1479392 0.1454181 0.1452119 0.1454408 0.1476014 0.1502352 0.1454408 0.0059194 0.0000000 0.0000010 0.0000010 0.0098918 0.0059194 0.0138800 0.0000023 0.0000024 0.0019748 0.0138800 0.0138894 0.0118861 0.0098918 0.0118861 0.1430882 0.0383612 0.1430338 0.1454206 0.1454206 0.0138839 0.0138800 0.0118845 0.0138839 0.0118812 0.0118845 0.0138800 0.0138800 0.0139066 0.0138800 0.1478115 0.2427101 
HSV2_3                                  0.1479624 0.1478115 0.1454181 0.1479624 0.1479392 0.1454181 0.1452119 0.1454408 0.1476014 0.1502352 0.1454408 0.0059194 0.0000010 0.0000000 0.0000010 0.0098918 0.0059194 0.0138800 0.0000023 0.0000024 0.0019748 0.0138800 0.0138894 0.0118861 0.0098918 0.0118861 0.1430882 0.0383612 0.1430338 0.1454206 0.1454206 0.0138839 0.0138800 0.0118845 0.0138839 0.0118812 0.0118845 0.0138800 0.0138800 0.0139066 0.0138800 0.1478115 0.2427101 
HSV2_4                                  0.1458307 0.1572671 0.1458307 0.1458307 0.1458307 0.1458307 0.1458307 0.1458307 0.1458307 0.1572671 0.1458307 0.0000010 0.0000010 0.0000010 0.0000000 0.0192544 0.0000010 0.0192544 0.0000010 0.0000020 0.0000010 0.0192544 0.0192544 0.0192544 0.0192544 0.0192544 0.1458307 0.0389989 0.1458307 0.1458307 0.1458307 0.0192544 0.0192544 0.0192544 0.0192544 0.0290081 0.0192544 0.0192544 0.0192544 0.0192544 0.0192544 0.1458307 0.1812650 
HSV2_5                                  0.1482112 0.1480598 0.1456617 0.1482112 0.1481879 0.1456617 0.1454547 0.1456844 0.1478490 0.1504884 0.1456844 0.0118994 0.0098918 0.0098918 0.0192544 0.0000000 0.0118994 0.0039418 0.0079542 0.0000024 0.0059489 0.0039418 0.0039444 0.0019691 0.0000010 0.0019691 0.1433273 0.0363737 0.1432727 0.1504039 0.1504039 0.0039429 0.0039418 0.0019688 0.0039429 0.0019683 0.0019688 0.0039418 0.0039418 0.0039493 0.0039418 0.1480598 0.2372341 
HSV2_7                                  0.1502726 0.1501193 0.1477211 0.1502726 0.1502490 0.1477211 0.1475113 0.1477442 0.1499056 0.1525483 0.1477442 0.0000010 0.0059194 0.0059194 0.0000010 0.0118994 0.0000000 0.0159020 0.0000023 0.0000024 0.0019754 0.0159020 0.0159127 0.0139014 0.0118994 0.0139014 0.1453875 0.0362905 0.1453320 0.1477236 0.1477236 0.0159065 0.0159020 0.0138995 0.0159065 0.0138956 0.0138995 0.0159020 0.0159020 0.0119034 0.0159020 0.1501193 0.2482904 
HSV2_9                                  0.1482370 0.1480856 0.1456869 0.1482370 0.1482137 0.1456869 0.1454799 0.1457097 0.1478747 0.1505147 0.1457097 0.0159020 0.0138800 0.0138800 0.0192544 0.0039418 0.0159020 0.0000000 0.0119588 0.0000024 0.0099375 0.0039391 0.0059141 0.0019677 0.0039418 0.0019677 0.1433520 0.0405108 0.1432974 0.1504302 0.1504302 0.0039402 0.0039391 0.0059199 0.0039402 0.0059182 0.0059199 0.0039391 0.0039391 0.0079166 0.0000010 0.1480856 0.2426187 
HSV2_10                                 0.1464404 0.1462905 0.1438882 0.1464404 0.1464174 0.1438882 0.1436834 0.1439107 0.1460817 0.1487229 0.1439107 0.0000023 0.0000023 0.0000023 0.0000010 0.0079542 0.0000023 0.0119588 0.0000000 0.0000024 0.0000023 0.0119588 0.0119669 0.0099562 0.0079542 0.0099562 0.1415491 0.0344264 0.1414951 0.1438907 0.1438907 0.0119622 0.0119588 0.0099548 0.0119622 0.0099520 0.0099548 0.0119588 0.0119588 0.0099629 0.0119588 0.1462905 0.2413996 
HSV2_11                                 0.0574401 0.0574401 0.0574401 0.0574401 0.0574401 0.0574401 0.0574401 0.0574401 0.0724484 0.0574401 0.0574401 0.0000024 0.0000024 0.0000024 0.0000020 0.0000024 0.0000024 0.0000024 0.0000024 0.0000000 0.0000023 0.0000024 0.0000024 0.0000024 0.0000024 0.0000024 0.0574401 0.0140375 0.0574401 0.0574401 0.0574401 0.0000024 0.0000024 0.0000024 0.0000024 0.0000024 0.0000024 0.0000024 0.0000024 0.0000024 0.0000024 0.0574401 0.1034679 
HSV2_12                                 0.1461416 0.1459923 0.1435954 0.1461416 0.1461187 0.1435954 0.1433914 0.1436178 0.1457844 0.1484193 0.1436178 0.0019754 0.0019748 0.0019748 0.0000010 0.0059489 0.0019754 0.0099375 0.0000023 0.0000023 0.0000000 0.0099375 0.0099442 0.0079429 0.0059489 0.0079429 0.1412613 0.0323098 0.1412076 0.1459923 0.1459923 0.0099403 0.0099375 0.0079418 0.0099403 0.0079396 0.0079418 0.0099375 0.0099375 0.0079482 0.0099375 0.1459923 0.2406887 
HSV2_13                                 0.1518674 0.1517114 0.1492955 0.1518674 0.1518433 0.1492955 0.1490820 0.1493191 0.1514940 0.1541585 0.1493191 0.0159020 0.0138800 0.0138800 0.0192544 0.0039418 0.0159020 0.0039391 0.0119588 0.0000024 0.0099375 0.0000000 0.0059141 0.0019677 0.0039418 0.0019677 0.1469453 0.0405108 0.1468887 0.1540711 0.1540711 0.0039402 0.0039391 0.0059199 0.0039402 0.0059182 0.0059199 0.0039391 0.0039391 0.0079166 0.0039391 0.1517114 0.2426187 
HSV2_14                                 0.1531038 0.1529467 0.1505341 0.1531038 0.1530795 0.1505341 0.1503192 0.1505579 0.1527279 0.1553909 0.1505579 0.0159127 0.0138894 0.0138894 0.0192544 0.0039444 0.0159127 0.0059141 0.0119669 0.0000024 0.0099442 0.0059141 0.0000000 0.0039391 0.0039444 0.0039391 0.1481879 0.0405383 0.1481308 0.1553028 0.1553028 0.0059158 0.0019672 0.0059238 0.0059158 0.0059222 0.0059238 0.0059141 0.0019672 0.0079220 0.0059141 0.1529467 0.2427984 
HSV2_15                                 0.1506426 0.1504884 0.1480830 0.1506426 0.1506188 0.1480830 0.1478721 0.1481063 0.1502736 0.1529247 0.1481063 0.0139014 0.0118861 0.0118861 0.0192544 0.0019691 0.0139014 0.0019677 0.0099562 0.0000024 0.0079429 0.0019677 0.0039391 0.0000000 0.0019691 0.0000010 0.1457428 0.0384481 0.1456869 0.1528384 0.1528384 0.0019682 0.0019677 0.0039429 0.0019682 0.0039418 0.0039429 0.0019677 0.0019677 0.0059319 0.0019677 0.1504884 0.2400043 
HSV2_17                                 0.1482112 0.1480598 0.1456617 0.1482112 0.1481879 0.1456617 0.1454547 0.1456844 0.1478490 0.1504884 0.1456844 0.0118994 0.0098918 0.0098918 0.0192544 0.0000010 0.0118994 0.0039418 0.0079542 0.0000024 0.0059489 0.0039418 0.0039444 0.0019691 0.0000000 0.0019691 0.1433273 0.0363737 0.1432727 0.1504039 0.1504039 0.0039429 0.0039418 0.0019688 0.0039429 0.0019683 0.0019688 0.0039418 0.0039418 0.0039493 0.0039418 0.1480598 0.2372341 
HSV2_18                                 0.1506426 0.1504884 0.1480830 0.1506426 0.1506188 0.1480830 0.1478721 0.1481063 0.1502736 0.1529247 0.1481063 0.0139014 0.0118861 0.0118861 0.0192544 0.0019691 0.0139014 0.0019677 0.0099562 0.0000024 0.0079429 0.0019677 0.0039391 0.0000010 0.0019691 0.0000000 0.1457428 0.0384481 0.1456869 0.1528384 0.1528384 0.0019682 0.0019677 0.0039429 0.0019682 0.0039418 0.0039429 0.0019677 0.0019677 0.0059319 0.0019677 0.1504884 0.2400043 
JN400093_Human_herpesvirus_1            0.0059459 0.0039542 0.0019747 0.0059459 0.0039573 0.0019747 0.0059395 0.0039560 0.0079290 0.0059392 0.0039560 0.1453875 0.1430882 0.1430882 0.1458307 0.1433273 0.1453875 0.1433520 0.1415491 0.0574401 0.1412613 0.1469453 0.1481879 0.1457428 0.1433273 0.1457428 0.0000000 0.1485430 0.0039531 0.0059368 0.0059368 0.1456397 0.1480830 0.1432260 0.1456397 0.1445188 0.1432260 0.1458459 0.1480830 0.1382737 0.1433520 0.0039542 0.2589300 
JQ360576_Chimpanzee_alpha-1_herpesvirus 0.1474835 0.1485455 0.1461392 0.1474835 0.1474602 0.1461392 0.1436942 0.1461621 0.1460929 0.1509825 0.1461621 0.0362905 0.0383612 0.0383612 0.0389989 0.0363737 0.0362905 0.0405108 0.0344264 0.0140375 0.0323098 0.0405108 0.0405383 0.0384481 0.0363737 0.0384481 0.1485430 0.0000000 0.1484856 0.1461058 0.1461058 0.0405229 0.0405108 0.0384427 0.0405229 0.0384312 0.0384427 0.0405108 0.0405108 0.0363855 0.0405108 0.1437645 0.2652566 
KF498959_Human_herpesvirus_1            0.0059443 0.0039531 0.0019742 0.0059443 0.0039562 0.0019742 0.0059378 0.0039549 0.0079268 0.0059376 0.0039549 0.1453320 0.1430338 0.1430338 0.1458307 0.1432727 0.1453320 0.1432974 0.1414951 0.0574401 0.1412076 0.1468887 0.1481308 0.1456869 0.1432727 0.1456869 0.0039531 0.1484856 0.0000000 0.0059352 0.0059352 0.1455840 0.1480261 0.1431715 0.1455840 0.1444634 0.1431715 0.1457900 0.1480261 0.1382217 0.1432974 0.0039531 0.2593171 
KM222721_Human_herpesvirus_1            0.0079354 0.0059369 0.0039531 0.0079354 0.0059416 0.0039531 0.0079268 0.0059396 0.0099205 0.0079265 0.0059396 0.1477236 0.1454206 0.1454206 0.1458307 0.1504039 0.1477236 0.1504302 0.1438907 0.0574401 0.1459923 0.1540711 0.1553028 0.1528384 0.1504039 0.1528384 0.0059368 0.1461058 0.0059352 0.0000000 0.0000010 0.1527303 0.1551928 0.1502976 0.1527303 0.1516258 0.1502976 0.1529467 0.1551928 0.1452990 0.1504302 0.0019746 0.2621255 
KM222722_Human_herpesvirus_1            0.0079354 0.0059369 0.0039531 0.0079354 0.0059416 0.0039531 0.0079268 0.0059396 0.0099205 0.0079265 0.0059396 0.1477236 0.1454206 0.1454206 0.1458307 0.1504039 0.1477236 0.1504302 0.1438907 0.0574401 0.1459923 0.1540711 0.1553028 0.1528384 0.1504039 0.1528384 0.0059368 0.1461058 0.0059352 0.0000010 0.0000000 0.1527303 0.1551928 0.1502976 0.1527303 0.1516258 0.1502976 0.1529467 0.1551928 0.1452990 0.1504302 0.0019746 0.2621255 
KP334095_Human_herpesvirus_2            0.1505359 0.1503819 0.1479783 0.1505359 0.1505121 0.1479783 0.1477677 0.1480015 0.1501674 0.1528164 0.1480015 0.0159065 0.0138839 0.0138839 0.0192544 0.0039429 0.0159065 0.0039402 0.0119622 0.0000024 0.0099403 0.0039402 0.0059158 0.0019682 0.0039429 0.0019682 0.1456397 0.0405229 0.1455840 0.1527303 0.1527303 0.0000000 0.0039402 0.0019696 0.0000010 0.0059199 0.0019696 0.0039402 0.0039402 0.0079188 0.0039402 0.1503819 0.2398269 
KR135301_Human_herpesvirus_2            0.1529952 0.1528384 0.1504276 0.1529952 0.1529710 0.1504276 0.1502130 0.1504513 0.1526199 0.1552807 0.1504513 0.0159020 0.0138800 0.0138800 0.0192544 0.0039418 0.0159020 0.0039391 0.0119588 0.0000024 0.0099375 0.0039391 0.0019672 0.0019677 0.0039418 0.0019677 0.1480830 0.0405108 0.1480261 0.1551928 0.1551928 0.0039402 0.0000000 0.0059199 0.0039402 0.0059182 0.0059199 0.0039391 0.0000010 0.0079166 0.0039391 0.1528384 0.2426187 
KR135302_Human_herpesvirus_2            0.1481063 0.1479551 0.1455587 0.1481063 0.1480830 0.1455587 0.1453521 0.1455815 0.1477446 0.1503819 0.1455815 0.0138995 0.0118845 0.0118845 0.0192544 0.0019688 0.0138995 0.0059199 0.0099548 0.0000024 0.0079418 0.0059199 0.0059238 0.0039429 0.0019688 0.0039429 0.1432260 0.0384427 0.1431715 0.1502976 0.1502976 0.0019696 0.0059199 0.0000000 0.0019696 0.0039413 0.0000010 0.0059199 0.0059199 0.0059311 0.0059199 0.1479551 0.2370589 
KR135303_Human_herpesvirus_2            0.1505359 0.1503819 0.1479783 0.1505359 0.1505121 0.1479783 0.1477677 0.1480015 0.1501674 0.1528164 0.1480015 0.0159065 0.0138839 0.0138839 0.0192544 0.0039429 0.0159065 0.0039402 0.0119622 0.0000024 0.0099403 0.0039402 0.0059158 0.0019682 0.0039429 0.0019682 0.1456397 0.0405229 0.1455840 0.1527303 0.1527303 0.0000010 0.0039402 0.0019696 0.0000000 0.0059199 0.0019696 0.0039402 0.0039402 0.0079188 0.0039402 0.1503819 0.2398269 
KR135304_Human_herpesvirus_2            0.1494252 0.1492719 0.1468631 0.1494252 0.1494016 0.1468631 0.1466536 0.1468862 0.1490585 0.1517114 0.1468862 0.0138956 0.0118812 0.0118812 0.0290081 0.0019683 0.0138956 0.0059182 0.0099520 0.0000024 0.0079396 0.0059182 0.0059222 0.0039418 0.0019683 0.0039418 0.1445188 0.0384312 0.1444634 0.1516258 0.1516258 0.0059199 0.0059182 0.0039413 0.0059199 0.0000000 0.0039413 0.0059182 0.0059182 0.0059295 0.0059182 0.1492719 0.2345235 
KR135307_Human_herpesvirus_2            0.1481063 0.1479551 0.1455587 0.1481063 0.1480830 0.1455587 0.1453521 0.1455815 0.1477446 0.1503819 0.1455815 0.0138995 0.0118845 0.0118845 0.0192544 0.0019688 0.0138995 0.0059199 0.0099548 0.0000024 0.0079418 0.0059199 0.0059238 0.0039429 0.0019688 0.0039429 0.1432260 0.0384427 0.1431715 0.1502976 0.1502976 0.0019696 0.0059199 0.0000010 0.0019696 0.0039413 0.0000000 0.0059199 0.0059199 0.0059311 0.0059199 0.1479551 0.2370589 
KR135308_Human_herpesvirus_2            0.1507494 0.1505950 0.1481879 0.1507494 0.1507256 0.1481879 0.1479767 0.1482112 0.1503799 0.1530331 0.1482112 0.0159020 0.0138800 0.0138800 0.0192544 0.0039418 0.0159020 0.0039391 0.0119588 0.0000024 0.0099375 0.0039391 0.0059141 0.0019677 0.0039418 0.0019677 0.1458459 0.0405108 0.1457900 0.1529467 0.1529467 0.0039402 0.0039391 0.0059199 0.0039402 0.0059182 0.0059199 0.0000000 0.0039391 0.0079166 0.0039391 0.1505950 0.2401821 
KR135315_Human_herpesvirus_2            0.1529952 0.1528384 0.1504276 0.1529952 0.1529710 0.1504276 0.1502130 0.1504513 0.1526199 0.1552807 0.1504513 0.0159020 0.0138800 0.0138800 0.0192544 0.0039418 0.0159020 0.0039391 0.0119588 0.0000024 0.0099375 0.0039391 0.0019672 0.0019677 0.0039418 0.0019677 0.1480830 0.0405108 0.1480261 0.1551928 0.1551928 0.0039402 0.0000010 0.0059199 0.0039402 0.0059182 0.0059199 0.0039391 0.0000000 0.0079166 0.0039391 0.1528384 0.2426187 
KR135318_Human_herpesvirus_2            0.1431165 0.1429712 0.1405920 0.1431165 0.1430943 0.1405920 0.1403935 0.1406137 0.1427689 0.1453796 0.1406137 0.0119034 0.0139066 0.0139066 0.0192544 0.0039493 0.0119034 0.0079166 0.0099629 0.0000024 0.0079482 0.0079166 0.0079220 0.0059319 0.0039493 0.0059319 0.1382737 0.0363855 0.1382217 0.1452990 0.1452990 0.0079188 0.0079166 0.0059311 0.0079188 0.0059295 0.0059311 0.0079166 0.0079166 0.0000000 0.0079166 0.1429712 0.2400030 
KR135320_Human_herpesvirus_2            0.1482370 0.1480856 0.1456869 0.1482370 0.1482137 0.1456869 0.1454799 0.1457097 0.1478747 0.1505147 0.1457097 0.0159020 0.0138800 0.0138800 0.0192544 0.0039418 0.0159020 0.0000010 0.0119588 0.0000024 0.0099375 0.0039391 0.0059141 0.0019677 0.0039418 0.0019677 0.1433520 0.0405108 0.1432974 0.1504302 0.1504302 0.0039402 0.0039391 0.0059199 0.0039402 0.0059182 0.0059199 0.0039391 0.0039391 0.0079166 0.0000000 0.1480856 0.2426187 
NC_001806_Human_herpesvirus_1           0.0059460 0.0039543 0.0019748 0.0059460 0.0039574 0.0019748 0.0059396 0.0039561 0.0079291 0.0059394 0.0039561 0.1501193 0.1478115 0.1478115 0.1458307 0.1480598 0.1501193 0.1480856 0.1462905 0.0574401 0.1459923 0.1517114 0.1529467 0.1504884 0.1480598 0.1504884 0.0039542 0.1437645 0.0039531 0.0019746 0.0019746 0.1503819 0.1528384 0.1479551 0.1503819 0.1492719 0.1479551 0.1505950 0.1528384 0.1429712 0.1480856 0.0000000 0.2619295 
NC_006560_Cercopithecine_herpesvirus_2  0.2590808 0.2619295 0.2591234 0.2590808 0.2621779 0.2591234 0.2587046 0.2560428 0.2588824 0.2647981 0.2560428 0.2482904 0.2427101 0.2427101 0.1812650 0.2372341 0.2482904 0.2426187 0.2413996 0.1034679 0.2406887 0.2426187 0.2427984 0.2400043 0.2372341 0.2400043 0.2589300 0.2652566 0.2593171 0.2621255 0.2621255 0.2398269 0.2426187 0.2370589 0.2398269 0.2345235 0.2370589 0.2401821 0.2426187 0.2400030 0.2426187 0.2619295 0.0000000 
