72
HM585496_Human_herpesvirus_1            0.0000000 0.0000010 0.0220132 0.0099009 0.0119024 0.0079040 0.0119024 0.0059240 0.0139031 0.0240628 0.0301765 0.0301765 0.0342530 0.3196848 0.3207077 0.3207077 0.4081956 0.3259291 0.3210106 0.3170339 0.3252659 0.3261404 0.3193657 0.4193271 0.3198803 0.3321745 0.3295122 0.3261404 0.3193403 0.3227341 0.0119091 0.0139031 0.0281873 0.0281914 0.0159392 0.0240261 0.3285736 0.0118820 0.0118820 0.0302246 0.3293918 0.0098920 0.0240649 0.0240649 0.0261544 0.0342530 0.3293918 0.3286879 0.3299446 0.3286879 0.3255531 0.3286384 0.3287583 0.3287583 0.3257410 0.3256715 0.3321745 0.3257410 0.3286384 0.3318097 0.3257410 0.3259520 0.3259520 0.3229796 0.3286384 0.3257410 0.3318097 0.3289015 0.3289720 0.3289720 0.3256715 0.5330836 
HM585497_Human_herpesvirus_1            0.0000010 0.0000000 0.0220132 0.0099009 0.0119024 0.0079040 0.0119024 0.0059240 0.0139031 0.0240628 0.0301765 0.0301765 0.0342530 0.3196848 0.3207077 0.3207077 0.4081956 0.3259291 0.3210106 0.3170339 0.3252659 0.3261404 0.3193657 0.4193271 0.3198803 0.3321745 0.3295122 0.3261404 0.3193403 0.3227341 0.0119091 0.0139031 0.0281873 0.0281914 0.0159392 0.0240261 0.3285736 0.0118820 0.0118820 0.0302246 0.3293918 0.0098920 0.0240649 0.0240649 0.0261544 0.0342530 0.3293918 0.3286879 0.3299446 0.3286879 0.3255531 0.3286384 0.3287583 0.3287583 0.3257410 0.3256715 0.3321745 0.3257410 0.3286384 0.3318097 0.3257410 0.3259520 0.3259520 0.3229796 0.3286384 0.3257410 0.3318097 0.3289015 0.3289720 0.3289720 0.3256715 0.5330836 
HM585498_Human_herpesvirus_1            0.0220132 0.0220132 0.0000000 0.0240142 0.0139297 0.0219661 0.0139297 0.0199553 0.0119298 0.0019678 0.0158888 0.0158888 0.0198918 0.3197830 0.3244756 0.3244756 0.4121161 0.3260274 0.3247837 0.3204243 0.3290469 0.3262387 0.3231419 0.4355997 0.3232811 0.3322727 0.3296106 0.3262387 0.3231161 0.3228324 0.0220198 0.0159392 0.0139143 0.0139163 0.0138725 0.0098842 0.3286739 0.0219692 0.0219692 0.0159143 0.3294901 0.0199524 0.0098998 0.0098998 0.0159227 0.0198918 0.3294901 0.3287861 0.3300431 0.3287861 0.3256513 0.3287366 0.3288565 0.3288565 0.3258393 0.3257697 0.3322727 0.3258393 0.3287366 0.3319078 0.3258393 0.3260503 0.3260503 0.3230780 0.3287366 0.3258393 0.3319078 0.3289997 0.3290703 0.3290703 0.3257697 0.5265491 
HM585501_Human_herpesvirus_1            0.0099009 0.0099009 0.0240142 0.0000000 0.0138860 0.0059159 0.0138860 0.0078986 0.0158888 0.0260677 0.0321879 0.0321879 0.0362674 0.3220982 0.3268229 0.3268229 0.4069730 0.3283508 0.3271334 0.3227984 0.3313901 0.3285639 0.3254981 0.4102270 0.3256568 0.3346024 0.3319406 0.3285639 0.3254722 0.3251514 0.0138938 0.0158888 0.0302003 0.0302047 0.0179310 0.0260276 0.3250516 0.0138620 0.0138620 0.0322390 0.3318191 0.0118703 0.0260700 0.0260700 0.0281658 0.0362674 0.3318191 0.3311105 0.3323764 0.3311105 0.3279718 0.3310606 0.3311815 0.3311815 0.3281612 0.3280911 0.3346024 0.3281612 0.3310606 0.3342360 0.3281612 0.3283739 0.3283739 0.3253986 0.3310606 0.3281612 0.3342360 0.3313259 0.3313969 0.3313969 0.3280911 0.5367708 
HM585502_Human_herpesvirus_1            0.0119024 0.0119024 0.0139297 0.0138860 0.0000000 0.0118772 0.0000010 0.0098909 0.0019685 0.0159514 0.0179434 0.0179434 0.0219648 0.3184928 0.3231497 0.3231497 0.4113932 0.3247092 0.3234553 0.3190986 0.3277060 0.3249188 0.3218162 0.4240595 0.3219438 0.3309274 0.3282752 0.3249188 0.3217906 0.3215287 0.0119060 0.0019685 0.0179434 0.0179460 0.0159351 0.0119063 0.3273176 0.0118789 0.0118789 0.0199531 0.3281557 0.0098894 0.0119252 0.0119252 0.0159381 0.0219648 0.3281557 0.3274570 0.3287041 0.3274570 0.3243362 0.3274079 0.3275268 0.3275268 0.3245226 0.3244536 0.3309274 0.3245226 0.3274079 0.3305648 0.3245226 0.3247319 0.3247319 0.3217724 0.3274079 0.3245226 0.3305648 0.3276688 0.3277388 0.3277388 0.3244536 0.5277960 
HM585504_Human_herpesvirus_1            0.0079040 0.0079040 0.0219661 0.0059159 0.0118772 0.0000000 0.0118772 0.0059115 0.0138735 0.0240110 0.0301112 0.0301112 0.0341787 0.3129779 0.3175429 0.3175429 0.4017418 0.3249558 0.3178417 0.3164837 0.3220935 0.3251656 0.3161929 0.4102270 0.3162736 0.3253361 0.3226924 0.3251656 0.3161677 0.3159948 0.0079064 0.0138735 0.0281259 0.0281301 0.0159051 0.0239745 0.3216356 0.0078885 0.0078885 0.0301591 0.3225755 0.0059106 0.0240131 0.0240131 0.0260979 0.0341787 0.3225755 0.3218902 0.3231119 0.3218902 0.3187893 0.3218422 0.3219585 0.3219585 0.3189715 0.3189041 0.3253361 0.3189715 0.3218422 0.3249785 0.3189715 0.3191761 0.3191761 0.3162336 0.3218422 0.3189715 0.3249785 0.3220973 0.3221657 0.3221657 0.3189041 0.5229355 
HM585508_Human_herpesvirus_1            0.0119024 0.0119024 0.0139297 0.0138860 0.0000010 0.0118772 0.0000000 0.0098909 0.0019685 0.0159514 0.0179434 0.0179434 0.0219648 0.3184928 0.3231497 0.3231497 0.4113932 0.3247092 0.3234553 0.3190986 0.3277060 0.3249188 0.3218162 0.4240595 0.3219438 0.3309274 0.3282752 0.3249188 0.3217906 0.3215287 0.0119060 0.0019685 0.0179434 0.0179460 0.0159351 0.0119063 0.3273176 0.0118789 0.0118789 0.0199531 0.3281557 0.0098894 0.0119252 0.0119252 0.0159381 0.0219648 0.3281557 0.3274570 0.3287041 0.3274570 0.3243362 0.3274079 0.3275268 0.3275268 0.3245226 0.3244536 0.3309274 0.3245226 0.3274079 0.3305648 0.3245226 0.3247319 0.3247319 0.3217724 0.3274079 0.3245226 0.3305648 0.3276688 0.3277388 0.3277388 0.3244536 0.5277960 
HM585509_Human_herpesvirus_1            0.0059240 0.0059240 0.0199553 0.0078986 0.0098909 0.0059115 0.0098909 0.0000000 0.0118835 0.0219948 0.0280843 0.0280843 0.0321458 0.3137118 0.3182972 0.3182972 0.4032801 0.3199042 0.3185974 0.3141954 0.3228566 0.3201100 0.3169470 0.4102270 0.3170342 0.3261020 0.3234525 0.3201100 0.3169217 0.3167366 0.0098964 0.0118835 0.0260992 0.0261031 0.0139076 0.0219615 0.3224074 0.0098740 0.0098740 0.0281285 0.3233351 0.0078915 0.0219968 0.0219968 0.0240737 0.0321458 0.3233351 0.3226468 0.3238740 0.3226468 0.3195377 0.3225985 0.3227154 0.3227154 0.3197208 0.3196531 0.3261020 0.3197208 0.3225985 0.3257431 0.3197208 0.3199264 0.3199264 0.3169764 0.3225985 0.3197208 0.3257431 0.3228548 0.3229235 0.3229235 0.3196531 0.5285000 
HM585510_Human_herpesvirus_1            0.0139031 0.0139031 0.0119298 0.0158888 0.0019685 0.0138735 0.0019685 0.0118835 0.0000000 0.0139458 0.0199621 0.0199621 0.0239911 0.3157003 0.3203116 0.3203116 0.4113932 0.3218976 0.3206138 0.3162343 0.3248661 0.3221048 0.3189694 0.4240595 0.3190733 0.3280989 0.3254504 0.3221048 0.3189440 0.3187272 0.0139073 0.0039414 0.0199621 0.0199650 0.0179488 0.0139076 0.3244423 0.0138755 0.0138755 0.0219755 0.3253322 0.0118818 0.0139297 0.0139297 0.0179522 0.0239911 0.3253322 0.3246402 0.3258747 0.3246402 0.3215287 0.3245916 0.3247092 0.3247092 0.3217130 0.3216448 0.3280989 0.3217130 0.3245916 0.3277388 0.3217130 0.3219200 0.3219200 0.3189685 0.3245916 0.3217130 0.3277388 0.3248496 0.3249188 0.3249188 0.3216448 0.5237807 
HM585511_Human_herpesvirus_1            0.0240628 0.0240628 0.0019678 0.0260677 0.0159514 0.0240110 0.0159514 0.0219948 0.0139458 0.0000000 0.0179110 0.0179110 0.0219247 0.3231446 0.3279011 0.3279011 0.4182525 0.3294236 0.3282139 0.3238743 0.3324831 0.3296382 0.3265755 0.4450637 0.3267439 0.3357009 0.3330295 0.3296382 0.3265495 0.3262105 0.0240699 0.0179673 0.0159337 0.0159360 0.0158856 0.0118844 0.3321524 0.0240145 0.0240145 0.0179390 0.3329072 0.0219916 0.0119033 0.0119033 0.0179487 0.0219247 0.3329072 0.3321938 0.3334685 0.3321938 0.3290418 0.3321435 0.3322653 0.3322653 0.3292326 0.3291620 0.3357009 0.3292326 0.3321435 0.3353325 0.3292326 0.3294469 0.3294469 0.3264594 0.3321435 0.3292326 0.3353325 0.3324107 0.3324823 0.3324823 0.3291620 0.5319269 
HM585512_Human_herpesvirus_1            0.0301765 0.0301765 0.0158888 0.0321879 0.0179434 0.0301112 0.0179434 0.0280843 0.0199621 0.0179110 0.0000000 0.0000010 0.0118400 0.3331950 0.3381013 0.3381013 0.4207659 0.3395231 0.3384255 0.3341845 0.3426752 0.3397457 0.3368115 0.4395157 0.3370663 0.3458409 0.3431650 0.3397457 0.3367849 0.3362837 0.0260732 0.0199621 0.0078816 0.0039334 0.0219138 0.0138638 0.3424726 0.0301156 0.0301156 0.0098718 0.3430383 0.0280802 0.0098860 0.0098860 0.0098647 0.0118400 0.3430383 0.3423032 0.3436197 0.3423032 0.3391275 0.3422512 0.3423773 0.3423773 0.3393252 0.3392520 0.3458409 0.3393252 0.3422512 0.3454651 0.3393252 0.3395475 0.3395475 0.3365405 0.3422512 0.3393252 0.3454651 0.3425282 0.3426023 0.3426023 0.3392520 0.5435415 
HM585513_Human_herpesvirus_1            0.0301765 0.0301765 0.0158888 0.0321879 0.0179434 0.0301112 0.0179434 0.0280843 0.0199621 0.0179110 0.0000010 0.0000000 0.0118400 0.3331950 0.3381013 0.3381013 0.4207659 0.3395231 0.3384255 0.3341845 0.3426752 0.3397457 0.3368115 0.4395157 0.3370663 0.3458409 0.3431650 0.3397457 0.3367849 0.3362837 0.0260732 0.0199621 0.0078816 0.0039334 0.0219138 0.0138638 0.3424726 0.0301156 0.0301156 0.0098718 0.3430383 0.0280802 0.0098860 0.0098860 0.0098647 0.0118400 0.3430383 0.3423032 0.3436197 0.3423032 0.3391275 0.3422512 0.3423773 0.3423773 0.3393252 0.3392520 0.3458409 0.3393252 0.3422512 0.3454651 0.3393252 0.3395475 0.3395475 0.3365405 0.3422512 0.3393252 0.3454651 0.3425282 0.3426023 0.3426023 0.3392520 0.5435415 
HM585514_Human_herpesvirus_1            0.0342530 0.0342530 0.0198918 0.0362674 0.0219648 0.0341787 0.0219648 0.0321458 0.0239911 0.0219247 0.0118400 0.0118400 0.0000000 0.3363480 0.3413086 0.3413086 0.4311810 0.3427007 0.3416368 0.3374205 0.3458864 0.3429261 0.3400281 0.4478209 0.3403105 0.3490402 0.3463592 0.3429261 0.3400013 0.3394483 0.0301308 0.0239911 0.0118400 0.0118417 0.0259379 0.0178523 0.3396855 0.0341836 0.0341836 0.0178325 0.3462309 0.0321410 0.0138611 0.0138611 0.0138306 0.0000010 0.3462309 0.3454879 0.3468195 0.3454879 0.3423001 0.3454352 0.3455629 0.3455629 0.3425003 0.3424262 0.3490402 0.3425003 0.3454352 0.3486616 0.3425003 0.3427254 0.3427254 0.3397080 0.3454352 0.3425003 0.3486616 0.3457157 0.3457908 0.3457908 0.3424262 0.5431456 
HSV2_1                                  0.3196848 0.3196848 0.3197830 0.3220982 0.3184928 0.3129779 0.3184928 0.3137118 0.3157003 0.3231446 0.3331950 0.3331950 0.3363480 0.0000000 0.0181788 0.0181788 0.0062512 0.0079277 0.0181902 0.0101661 0.0242268 0.0099425 0.0162074 0.0000024 0.0060838 0.0099180 0.0059490 0.0099425 0.0202992 0.0099141 0.3139539 0.3186007 0.3273227 0.3273924 0.3159618 0.3271853 0.0734780 0.3102786 0.3102786 0.3278425 0.0059475 0.3101982 0.3249015 0.3249015 0.3245894 0.3363480 0.0059475 0.0099164 0.0079627 0.0099164 0.0119066 0.0099155 0.0059377 0.0059377 0.0079247 0.0119096 0.0099180 0.0079247 0.0059362 0.0099386 0.0039539 0.0059504 0.0059504 0.0039629 0.0099155 0.0079247 0.0099386 0.0119390 0.0079442 0.0079442 0.0119096 0.5859043 
HSV2_2                                  0.3207077 0.3207077 0.3244756 0.3268229 0.3231497 0.3175429 0.3231497 0.3182972 0.3203116 0.3279011 0.3381013 0.3381013 0.3413086 0.0181788 0.0000000 0.0000010 0.0000022 0.0141034 0.0000029 0.0060935 0.0039970 0.0161723 0.0000029 0.0000024 0.0020221 0.0161314 0.0120963 0.0161723 0.0060257 0.0080292 0.3185482 0.3232606 0.3321283 0.3322002 0.3205789 0.3319866 0.0648776 0.3148010 0.3148010 0.3326621 0.0161580 0.3147181 0.3296731 0.3296731 0.3293521 0.3413086 0.0161580 0.0161288 0.0141665 0.0161288 0.0181564 0.0120706 0.0120737 0.0120737 0.0100489 0.0140955 0.0161314 0.0100489 0.0161273 0.0161658 0.0140978 0.0161658 0.0161658 0.0182040 0.0120706 0.0140978 0.0161658 0.0182057 0.0141332 0.0141332 0.0140955 0.5940152 
HSV2_3                                  0.3207077 0.3207077 0.3244756 0.3268229 0.3231497 0.3175429 0.3231497 0.3182972 0.3203116 0.3279011 0.3381013 0.3381013 0.3413086 0.0181788 0.0000010 0.0000000 0.0000022 0.0141034 0.0000029 0.0060935 0.0039970 0.0161723 0.0000029 0.0000024 0.0020221 0.0161314 0.0120963 0.0161723 0.0060257 0.0080292 0.3185482 0.3232606 0.3321283 0.3322002 0.3205789 0.3319866 0.0648776 0.3148010 0.3148010 0.3326621 0.0161580 0.3147181 0.3296731 0.3296731 0.3293521 0.3413086 0.0161580 0.0161288 0.0141665 0.0161288 0.0181564 0.0120706 0.0120737 0.0120737 0.0100489 0.0140955 0.0161314 0.0100489 0.0161273 0.0161658 0.0140978 0.0161658 0.0161658 0.0182040 0.0120706 0.0140978 0.0161658 0.0182057 0.0141332 0.0141332 0.0140955 0.5940152 
HSV2_4                                  0.4081956 0.4081956 0.4121161 0.4069730 0.4113932 0.4017418 0.4113932 0.4032801 0.4113932 0.4182525 0.4207659 0.4207659 0.4311810 0.0062512 0.0000022 0.0000022 0.0000000 0.0093947 0.0000022 0.0031521 0.0062474 0.0125914 0.0000022 0.0000022 0.0000030 0.0093947 0.0062512 0.0125914 0.0031198 0.0031194 0.3984363 0.4116185 0.4153750 0.4155290 0.4002826 0.4196577 0.0686636 0.3971139 0.3971139 0.4219537 0.0094185 0.3969323 0.4104907 0.4104907 0.4107261 0.4311810 0.0094185 0.0125393 0.0094256 0.0125393 0.0156979 0.0062512 0.0062512 0.0062512 0.0062512 0.0125393 0.0093947 0.0062512 0.0093910 0.0125836 0.0062512 0.0094256 0.0094256 0.0094256 0.0062512 0.0093889 0.0125836 0.0157556 0.0094256 0.0094256 0.0125393 0.6508871 
HSV2_5                                  0.3259291 0.3259291 0.3260274 0.3283508 0.3247092 0.3249558 0.3247092 0.3199042 0.3218976 0.3294236 0.3395231 0.3395231 0.3427007 0.0079277 0.0141034 0.0141034 0.0093947 0.0000000 0.0141130 0.0040512 0.0201385 0.0019795 0.0121249 0.0000024 0.0020229 0.0059352 0.0019782 0.0019795 0.0161989 0.0059328 0.3259782 0.3248194 0.3336050 0.3336766 0.3221629 0.3334640 0.0711365 0.3222280 0.3222280 0.3341355 0.0059450 0.3221433 0.3311747 0.3311747 0.3308554 0.3427007 0.0059450 0.0059342 0.0039713 0.0059342 0.0119017 0.0059337 0.0019746 0.0019746 0.0039522 0.0079202 0.0059352 0.0039522 0.0059337 0.0059479 0.0039522 0.0059479 0.0059479 0.0079390 0.0059337 0.0039522 0.0059479 0.0079397 0.0039622 0.0039622 0.0079202 0.5880216 
HSV2_6                                  0.3210106 0.3210106 0.3247837 0.3271334 0.3234553 0.3178417 0.3234553 0.3185974 0.3206138 0.3282139 0.3384255 0.3384255 0.3416368 0.0181902 0.0000029 0.0000029 0.0000022 0.0141130 0.0000000 0.0040666 0.0039989 0.0161833 0.0000010 0.0000024 0.0000024 0.0161428 0.0121044 0.0161833 0.0040223 0.0080345 0.3188491 0.3235664 0.3324450 0.3325171 0.3208815 0.3323029 0.0649235 0.3150967 0.3150967 0.3329798 0.0161691 0.3150135 0.3299872 0.3299872 0.3296655 0.3416368 0.0161691 0.0161402 0.0141762 0.0161402 0.0181678 0.0120787 0.0120818 0.0120818 0.0100556 0.0141051 0.0161428 0.0100556 0.0161388 0.0161768 0.0141074 0.0161768 0.0161768 0.0182163 0.0120787 0.0141074 0.0161768 0.0182180 0.0141427 0.0141427 0.0141051 0.5948875 
HSV2_7                                  0.3170339 0.3170339 0.3204243 0.3227984 0.3190986 0.3164837 0.3190986 0.3141954 0.3162343 0.3238743 0.3341845 0.3341845 0.3374205 0.0101661 0.0060935 0.0060935 0.0031521 0.0040512 0.0040666 0.0000000 0.0101552 0.0060974 0.0040666 0.0000010 0.0040589 0.0081195 0.0040589 0.0060974 0.0000024 0.0040512 0.3174982 0.3192095 0.3281583 0.3282301 0.3165027 0.3280170 0.0657039 0.3137081 0.3137081 0.3286926 0.0081328 0.3136244 0.3256742 0.3256742 0.3253534 0.3374205 0.0081328 0.0081181 0.0061119 0.0081181 0.0121993 0.0060829 0.0040512 0.0040512 0.0040512 0.0081181 0.0081195 0.0040512 0.0081174 0.0081367 0.0060820 0.0081367 0.0081367 0.0101809 0.0060829 0.0060820 0.0081367 0.0101819 0.0060974 0.0060974 0.0081181 0.5822540 
HSV2_8                                  0.3252659 0.3252659 0.3290469 0.3313901 0.3277060 0.3220935 0.3277060 0.3228566 0.3248661 0.3324831 0.3426752 0.3426752 0.3458864 0.0242268 0.0039970 0.0039970 0.0062474 0.0201385 0.0039989 0.0101552 0.0000000 0.0222265 0.0040138 0.0046295 0.0060773 0.0221711 0.0181353 0.0222265 0.0100630 0.0140443 0.3231127 0.3278181 0.3366944 0.3367674 0.3251350 0.3365506 0.0711242 0.3193512 0.3193512 0.3372338 0.0222072 0.3192669 0.3342432 0.3342432 0.3339182 0.3458864 0.0222072 0.0221676 0.0202284 0.0221676 0.0241973 0.0180975 0.0181021 0.0181021 0.0160702 0.0201273 0.0221711 0.0160702 0.0221655 0.0222176 0.0201305 0.0222176 0.0222176 0.0242615 0.0180975 0.0201305 0.0222176 0.0242638 0.0201807 0.0201807 0.0201273 0.6041956 
HSV2_9                                  0.3261404 0.3261404 0.3262387 0.3285639 0.3249188 0.3251656 0.3249188 0.3201100 0.3221048 0.3296382 0.3397457 0.3397457 0.3429261 0.0099425 0.0161723 0.0161723 0.0125914 0.0019795 0.0161833 0.0060974 0.0222265 0.0000000 0.0141934 0.0000024 0.0040595 0.0079410 0.0039695 0.0000010 0.0182852 0.0079379 0.3261895 0.3250291 0.3338223 0.3338941 0.3223704 0.3336811 0.0734804 0.3224356 0.3224356 0.3343535 0.0079529 0.3223507 0.3313902 0.3313902 0.3310705 0.3429261 0.0079529 0.0079397 0.0019783 0.0079397 0.0139313 0.0079390 0.0039622 0.0039622 0.0059479 0.0099329 0.0079410 0.0059479 0.0079390 0.0039507 0.0059479 0.0039507 0.0039507 0.0059324 0.0079390 0.0059479 0.0039507 0.0059329 0.0019738 0.0019738 0.0099329 0.5886239 
HSV2_10                                 0.3193657 0.3193657 0.3231419 0.3254981 0.3218162 0.3161929 0.3218162 0.3169470 0.3189694 0.3265755 0.3368115 0.3368115 0.3400281 0.0162074 0.0000029 0.0000029 0.0000022 0.0121249 0.0000010 0.0040666 0.0040138 0.0141934 0.0000000 0.0000024 0.0000024 0.0141578 0.0101105 0.0141934 0.0040223 0.0060396 0.3171973 0.3219270 0.3308211 0.3308930 0.3192371 0.3306795 0.0629789 0.3134423 0.3134423 0.3313551 0.0141809 0.3133594 0.3283568 0.3283568 0.3280358 0.3400281 0.0141809 0.0141555 0.0121794 0.0141555 0.0161874 0.0100889 0.0100915 0.0100915 0.0080631 0.0121181 0.0141578 0.0080631 0.0141542 0.0141877 0.0121201 0.0141877 0.0141877 0.0162307 0.0100889 0.0121201 0.0141877 0.0162322 0.0121505 0.0121505 0.0121181 0.5934990 
HSV2_11                                 0.4193271 0.4193271 0.4355997 0.4102270 0.4240595 0.4102270 0.4240595 0.4102270 0.4240595 0.4450637 0.4395157 0.4395157 0.4478209 0.0000024 0.0000024 0.0000024 0.0000022 0.0000024 0.0000024 0.0000010 0.0046295 0.0000024 0.0000024 0.0000000 0.0000028 0.0046337 0.0000024 0.0000024 0.0000024 0.0000024 0.4125500 0.4240595 0.4240876 0.4316071 0.4175508 0.4395157 0.0785845 0.4105093 0.4105093 0.4395157 0.0046310 0.4102270 0.4330296 0.4330296 0.4244059 0.4478209 0.0046310 0.0046320 0.0000024 0.0046320 0.0139535 0.0000024 0.0000024 0.0000024 0.0000024 0.0046320 0.0046337 0.0000024 0.0046310 0.0046295 0.0000024 0.0000024 0.0000024 0.0000024 0.0000024 0.0046295 0.0000024 0.0046320 0.0000024 0.0000024 0.0046320 0.7304321 
HSV2_12                                 0.3198803 0.3198803 0.3232811 0.3256568 0.3219438 0.3162736 0.3219438 0.3170342 0.3190733 0.3267439 0.3370663 0.3370663 0.3403105 0.0060838 0.0020221 0.0020221 0.0000030 0.0020229 0.0000024 0.0040589 0.0060773 0.0040595 0.0000024 0.0000028 0.0000000 0.0040493 0.0000022 0.0040595 0.0040569 0.0000022 0.3172867 0.3220556 0.3310241 0.3310966 0.3193432 0.3308812 0.0612976 0.3135002 0.3135002 0.3315629 0.0040559 0.3134166 0.3285395 0.3285395 0.3282156 0.3403105 0.0040559 0.0040486 0.0020321 0.0040486 0.0081117 0.0020224 0.0000022 0.0000022 0.0000022 0.0040486 0.0040493 0.0000022 0.0040483 0.0040579 0.0020221 0.0040579 0.0040579 0.0060927 0.0020224 0.0020221 0.0040579 0.0060932 0.0020272 0.0020272 0.0040486 0.5859394 
HSV2_13                                 0.3321745 0.3321745 0.3322727 0.3346024 0.3309274 0.3253361 0.3309274 0.3261020 0.3280989 0.3357009 0.3458409 0.3458409 0.3490402 0.0099180 0.0161314 0.0161314 0.0093947 0.0059352 0.0161428 0.0081195 0.0221711 0.0079410 0.0141578 0.0046337 0.0040493 0.0000000 0.0039597 0.0079410 0.0182391 0.0079183 0.3263606 0.3310398 0.3398819 0.3399554 0.3283678 0.3397374 0.0732937 0.3226057 0.3226057 0.3404227 0.0079341 0.3225208 0.3374447 0.3374447 0.3371183 0.3490402 0.0079341 0.0079202 0.0059615 0.0079202 0.0138969 0.0079195 0.0039522 0.0039522 0.0059328 0.0099084 0.0000010 0.0059328 0.0079195 0.0079379 0.0059328 0.0079379 0.0079379 0.0099320 0.0079195 0.0059328 0.0079379 0.0099329 0.0059479 0.0059479 0.0099084 0.5788576 
HSV2_14                                 0.3295122 0.3295122 0.3296106 0.3319406 0.3282752 0.3226924 0.3282752 0.3234525 0.3254504 0.3330295 0.3431650 0.3431650 0.3463592 0.0059490 0.0120963 0.0120963 0.0062512 0.0019782 0.0121044 0.0040589 0.0181353 0.0039695 0.0101105 0.0000024 0.0000022 0.0039597 0.0000000 0.0039695 0.0141564 0.0039581 0.3237079 0.3283868 0.3372159 0.3372887 0.3257181 0.3370727 0.0690878 0.3199648 0.3199648 0.3377530 0.0039661 0.3198807 0.3347786 0.3347786 0.3344548 0.3463592 0.0039661 0.0039590 0.0019870 0.0039590 0.0099243 0.0039587 0.0000010 0.0000010 0.0019775 0.0059432 0.0039597 0.0019775 0.0039587 0.0039680 0.0019775 0.0039680 0.0039680 0.0059576 0.0039587 0.0019775 0.0039680 0.0059582 0.0019824 0.0019824 0.0059432 0.5851004 
HSV2_15                                 0.3261404 0.3261404 0.3262387 0.3285639 0.3249188 0.3251656 0.3249188 0.3201100 0.3221048 0.3296382 0.3397457 0.3397457 0.3429261 0.0099425 0.0161723 0.0161723 0.0125914 0.0019795 0.0161833 0.0060974 0.0222265 0.0000010 0.0141934 0.0000024 0.0040595 0.0079410 0.0039695 0.0000000 0.0182852 0.0079379 0.3261895 0.3250291 0.3338223 0.3338941 0.3223704 0.3336811 0.0734804 0.3224356 0.3224356 0.3343535 0.0079529 0.3223507 0.3313902 0.3313902 0.3310705 0.3429261 0.0079529 0.0079397 0.0019783 0.0079397 0.0139313 0.0079390 0.0039622 0.0039622 0.0059479 0.0099329 0.0079410 0.0059479 0.0079390 0.0039507 0.0059479 0.0039507 0.0039507 0.0059324 0.0079390 0.0059479 0.0039507 0.0059329 0.0019738 0.0019738 0.0099329 0.5886239 
HSV2_16                                 0.3193403 0.3193403 0.3231161 0.3254722 0.3217906 0.3161677 0.3217906 0.3169217 0.3189440 0.3265495 0.3367849 0.3367849 0.3400013 0.0202992 0.0060257 0.0060257 0.0031198 0.0161989 0.0040223 0.0000024 0.0100630 0.0182852 0.0040223 0.0000024 0.0040569 0.0182391 0.0141564 0.0182852 0.0000000 0.0100865 0.3171719 0.3219014 0.3307949 0.3308668 0.3192116 0.3306533 0.0673202 0.3134173 0.3134173 0.3313288 0.0182691 0.3133344 0.3283307 0.3283307 0.3280098 0.3400013 0.0182691 0.0182362 0.0162718 0.0182362 0.0202750 0.0141528 0.0141564 0.0141564 0.0121189 0.0161898 0.0182391 0.0121189 0.0182345 0.0182779 0.0161924 0.0182779 0.0182779 0.0203288 0.0141528 0.0161924 0.0182779 0.0203307 0.0162332 0.0162332 0.0161898 0.5891903 
HSV2_17                                 0.3227341 0.3227341 0.3228324 0.3251514 0.3215287 0.3159948 0.3215287 0.3167366 0.3187272 0.3262105 0.3362837 0.3362837 0.3394483 0.0099141 0.0080292 0.0080292 0.0031194 0.0059328 0.0080345 0.0040512 0.0140443 0.0079379 0.0060396 0.0000024 0.0000022 0.0079183 0.0039581 0.0079379 0.0100865 0.0000000 0.3169827 0.3216377 0.3303897 0.3304604 0.3189905 0.3302506 0.0646057 0.3132877 0.3132877 0.3309147 0.0079310 0.3132062 0.3279643 0.3279643 0.3276488 0.3394483 0.0079310 0.0079171 0.0059591 0.0079171 0.0099021 0.0039497 0.0039507 0.0039507 0.0019730 0.0059306 0.0079183 0.0019730 0.0079164 0.0079348 0.0059315 0.0079348 0.0079348 0.0099281 0.0039497 0.0059315 0.0079348 0.0099290 0.0059456 0.0059456 0.0059306 0.5827879 
JN400093_Human_herpesvirus_1            0.0119091 0.0119091 0.0220198 0.0138938 0.0119060 0.0079064 0.0119060 0.0098964 0.0139073 0.0240699 0.0260732 0.0260732 0.0301308 0.3139539 0.3185482 0.3185482 0.3984363 0.3259782 0.3188491 0.3174982 0.3231127 0.3261895 0.3171973 0.4125500 0.3172867 0.3263606 0.3237079 0.3261895 0.3171719 0.3169827 0.0000000 0.0139073 0.0240871 0.0240906 0.0159440 0.0240333 0.3226661 0.0039452 0.0039452 0.0302327 0.3235902 0.0019708 0.0199927 0.0199927 0.0220626 0.0301308 0.3235902 0.3229005 0.3241303 0.3229005 0.3197873 0.3228522 0.3229693 0.3229693 0.3199708 0.3199029 0.3263606 0.3199708 0.3228522 0.3260011 0.3199708 0.3201768 0.3201768 0.3172230 0.3228522 0.3199708 0.3260011 0.3231091 0.3231779 0.3231779 0.3199029 0.5251734 
JN420337_Human_herpesvirus_1            0.0139031 0.0139031 0.0159392 0.0158888 0.0019685 0.0138735 0.0019685 0.0118835 0.0039414 0.0179673 0.0199621 0.0199621 0.0239911 0.3186007 0.3232606 0.3232606 0.4116185 0.3248194 0.3235664 0.3192095 0.3278181 0.3250291 0.3219270 0.4240595 0.3220556 0.3310398 0.3283868 0.3250291 0.3219014 0.3216377 0.0139073 0.0000000 0.0199621 0.0199650 0.0179488 0.0139076 0.3274309 0.0138755 0.0138755 0.0219755 0.3282672 0.0118818 0.0139297 0.0139297 0.0179522 0.0239911 0.3282672 0.3275681 0.3288161 0.3275681 0.3244462 0.3275190 0.3276380 0.3276380 0.3246327 0.3245637 0.3310398 0.3246327 0.3275190 0.3306771 0.3246327 0.3248421 0.3248421 0.3218815 0.3275190 0.3246327 0.3306771 0.3277801 0.3278501 0.3278501 0.3245637 0.5280157 
JN420339_Human_herpesvirus_1            0.0281873 0.0281873 0.0139143 0.0302003 0.0179434 0.0281259 0.0179434 0.0260992 0.0199621 0.0159337 0.0078816 0.0078816 0.0118400 0.3273227 0.3321283 0.3321283 0.4153750 0.3336050 0.3324450 0.3281583 0.3366944 0.3338223 0.3308211 0.4240876 0.3310241 0.3398819 0.3372159 0.3338223 0.3307949 0.3303897 0.0240871 0.0199621 0.0000000 0.0039334 0.0199378 0.0138638 0.3364174 0.0281301 0.0281301 0.0098718 0.3370922 0.0260954 0.0098860 0.0098860 0.0059069 0.0118400 0.3370922 0.3363718 0.3376602 0.3363718 0.3332186 0.3363209 0.3364441 0.3364441 0.3334117 0.3333402 0.3398819 0.3334117 0.3363209 0.3395115 0.3334117 0.3336287 0.3336287 0.3306412 0.3363209 0.3334117 0.3395115 0.3365914 0.3366639 0.3366639 0.3333402 0.5350483 
JN420340_Human_herpesvirus_1            0.0281914 0.0281914 0.0139163 0.0302047 0.0179460 0.0281301 0.0179460 0.0261031 0.0199650 0.0159360 0.0039334 0.0039334 0.0118417 0.3273924 0.3322002 0.3322002 0.4155290 0.3336766 0.3325171 0.3282301 0.3367674 0.3338941 0.3308930 0.4316071 0.3310966 0.3399554 0.3372887 0.3338941 0.3308668 0.3304604 0.0240906 0.0199650 0.0039334 0.0000000 0.0199407 0.0138658 0.3364913 0.0281343 0.0281343 0.0059120 0.3371648 0.0260992 0.0098874 0.0098874 0.0059077 0.0118417 0.3371648 0.3364441 0.3377332 0.3364441 0.3332900 0.3363932 0.3365165 0.3365165 0.3334832 0.3334117 0.3399554 0.3334832 0.3363932 0.3395847 0.3334832 0.3337003 0.3337003 0.3307120 0.3363932 0.3334832 0.3395847 0.3366639 0.3367364 0.3367364 0.3334117 0.5394834 
JN420341_Human_herpesvirus_1            0.0159392 0.0159392 0.0138725 0.0179310 0.0159351 0.0159051 0.0159351 0.0139076 0.0179488 0.0158856 0.0219138 0.0219138 0.0259379 0.3159618 0.3205789 0.3205789 0.4002826 0.3221629 0.3208815 0.3165027 0.3251350 0.3223704 0.3192371 0.4175508 0.3193432 0.3283678 0.3257181 0.3223704 0.3192116 0.3189905 0.0159440 0.0179488 0.0199378 0.0199407 0.0000000 0.0158622 0.3247145 0.0159074 0.0159074 0.0219487 0.3255998 0.0139056 0.0158870 0.0158870 0.0139175 0.0259379 0.3255998 0.3249069 0.3261430 0.3249069 0.3217935 0.3248582 0.3249760 0.3249760 0.3219781 0.3219098 0.3283678 0.3219781 0.3248582 0.3280073 0.3219781 0.3221853 0.3221853 0.3192321 0.3248582 0.3219781 0.3280073 0.3251166 0.3251859 0.3251859 0.3219098 0.5171581 
JN420342_Human_herpesvirus_1            0.0240261 0.0240261 0.0098842 0.0260276 0.0119063 0.0239745 0.0119063 0.0219615 0.0139076 0.0118844 0.0138638 0.0138638 0.0178523 0.3271853 0.3319866 0.3319866 0.4196577 0.3334640 0.3323029 0.3280170 0.3365506 0.3336811 0.3306795 0.4395157 0.3308812 0.3397374 0.3370727 0.3336811 0.3306533 0.3302506 0.0240333 0.0139076 0.0138638 0.0138658 0.0158622 0.0000000 0.3362720 0.0239780 0.0239780 0.0158569 0.3369490 0.0219583 0.0078977 0.0078977 0.0158643 0.0178523 0.3369490 0.3362293 0.3375165 0.3362293 0.3330779 0.3361785 0.3363016 0.3363016 0.3332708 0.3331994 0.3397374 0.3332708 0.3361785 0.3393672 0.3332708 0.3334876 0.3334876 0.3305018 0.3361785 0.3332708 0.3393672 0.3364487 0.3365211 0.3365211 0.3331994 0.5301430 
JQ360576_Chimpanzee_alpha-1_herpesvirus 0.3285736 0.3285736 0.3286739 0.3250516 0.3273176 0.3216356 0.3273176 0.3224074 0.3244423 0.3321524 0.3424726 0.3424726 0.3396855 0.0734780 0.0648776 0.0648776 0.0686636 0.0711365 0.0649235 0.0657039 0.0711242 0.0734804 0.0629789 0.0785845 0.0612976 0.0732937 0.0690878 0.0734804 0.0673202 0.0646057 0.3226661 0.3274309 0.3364174 0.3364913 0.3247145 0.3362720 0.0000000 0.3188591 0.3188591 0.3369632 0.0732739 0.3187739 0.3335977 0.3335977 0.3336065 0.3396855 0.0732739 0.0689430 0.0712872 0.0689430 0.0754225 0.0689352 0.0689538 0.0689538 0.0667769 0.0667664 0.0732937 0.0667769 0.0732739 0.0734489 0.0711062 0.0734489 0.0734489 0.0735812 0.0689352 0.0667769 0.0690998 0.0712760 0.0712872 0.0712872 0.0667664 0.6077056 
JQ730035_Human_herpesvirus_1            0.0118820 0.0118820 0.0219692 0.0138620 0.0118789 0.0078885 0.0118789 0.0098740 0.0138755 0.0240145 0.0301156 0.0301156 0.0341836 0.3102786 0.3148010 0.3148010 0.3971139 0.3222280 0.3150967 0.3137081 0.3193512 0.3224356 0.3134423 0.4105093 0.3135002 0.3226057 0.3199648 0.3224356 0.3134173 0.3132877 0.0039452 0.0138755 0.0281301 0.0281343 0.0159074 0.0239780 0.3188591 0.0000000 0.0000010 0.0301636 0.3198492 0.0019662 0.0240166 0.0240166 0.0261017 0.0341836 0.3198492 0.3191701 0.3203800 0.3191701 0.3160773 0.3191225 0.3192376 0.3192376 0.3162576 0.3161909 0.3226057 0.3162576 0.3191225 0.3222504 0.3162576 0.3164599 0.3164599 0.3135243 0.3191225 0.3162576 0.3222504 0.3193749 0.3194426 0.3194426 0.3161909 0.5145627 
JX142173_Human_herpesvirus_1            0.0118820 0.0118820 0.0219692 0.0138620 0.0118789 0.0078885 0.0118789 0.0098740 0.0138755 0.0240145 0.0301156 0.0301156 0.0341836 0.3102786 0.3148010 0.3148010 0.3971139 0.3222280 0.3150967 0.3137081 0.3193512 0.3224356 0.3134423 0.4105093 0.3135002 0.3226057 0.3199648 0.3224356 0.3134173 0.3132877 0.0039452 0.0138755 0.0281301 0.0281343 0.0159074 0.0239780 0.3188591 0.0000010 0.0000000 0.0301636 0.3198492 0.0019662 0.0240166 0.0240166 0.0261017 0.0341836 0.3198492 0.3191701 0.3203800 0.3191701 0.3160773 0.3191225 0.3192376 0.3192376 0.3162576 0.3161909 0.3226057 0.3162576 0.3191225 0.3222504 0.3162576 0.3164599 0.3164599 0.3135243 0.3191225 0.3162576 0.3222504 0.3193749 0.3194426 0.3194426 0.3161909 0.5145627 
KF498959_Human_herpesvirus_1            0.0302246 0.0302246 0.0159143 0.0322390 0.0199531 0.0301591 0.0199531 0.0281285 0.0219755 0.0179390 0.0098718 0.0098718 0.0178325 0.3278425 0.3326621 0.3326621 0.4219537 0.3341355 0.3329798 0.3286926 0.3372338 0.3343535 0.3313551 0.4395157 0.3315629 0.3404227 0.3377530 0.3343535 0.3313288 0.3309147 0.0302327 0.0219755 0.0098718 0.0059120 0.0219487 0.0158569 0.3369632 0.0301636 0.0301636 0.0000000 0.3376288 0.0281243 0.0158815 0.0158815 0.0118614 0.0178325 0.3376288 0.3369064 0.3381987 0.3369064 0.3337478 0.3368554 0.3369789 0.3369789 0.3339415 0.3338698 0.3404227 0.3339415 0.3368554 0.3400514 0.3339415 0.3341593 0.3341593 0.3311669 0.3368554 0.3339415 0.3400514 0.3371267 0.3371994 0.3371994 0.3338698 0.5307719 
KF781518_Human_herpesvirus_2            0.3293918 0.3293918 0.3294901 0.3318191 0.3281557 0.3225755 0.3281557 0.3233351 0.3253322 0.3329072 0.3430383 0.3430383 0.3462309 0.0059475 0.0161580 0.0161580 0.0094185 0.0059450 0.0161691 0.0081328 0.0222072 0.0079529 0.0141809 0.0046310 0.0040559 0.0079341 0.0039661 0.0079529 0.0182691 0.0079310 0.3235902 0.3282672 0.3370922 0.3371648 0.3255998 0.3369490 0.0732739 0.3198492 0.3198492 0.3376288 0.0000000 0.3197652 0.3346558 0.3346558 0.3343323 0.3462309 0.0000010 0.0079328 0.0059713 0.0079328 0.0059402 0.0079321 0.0039587 0.0039587 0.0059426 0.0099243 0.0079341 0.0059426 0.0000010 0.0079497 0.0019770 0.0039670 0.0039670 0.0059561 0.0079321 0.0059426 0.0079497 0.0099488 0.0059576 0.0059576 0.0099243 0.5937560 
KM222720_Human_herpesvirus_1            0.0098920 0.0098920 0.0199524 0.0118703 0.0098894 0.0059106 0.0098894 0.0078915 0.0118818 0.0219916 0.0280802 0.0280802 0.0321410 0.3101982 0.3147181 0.3147181 0.3969323 0.3221433 0.3150135 0.3136244 0.3192669 0.3223507 0.3133594 0.4102270 0.3134166 0.3225208 0.3198807 0.3223507 0.3133344 0.3132062 0.0019708 0.0118818 0.0260954 0.0260992 0.0139056 0.0219583 0.3187739 0.0019662 0.0019662 0.0281243 0.3197652 0.0000000 0.0219936 0.0219936 0.0240702 0.0321410 0.3197652 0.3190865 0.3202956 0.3190865 0.3159948 0.3190390 0.3191540 0.3191540 0.3161750 0.3161083 0.3225208 0.3161750 0.3190390 0.3221657 0.3161750 0.3163772 0.3163772 0.3134427 0.3190390 0.3161750 0.3221657 0.3192912 0.3193588 0.3193588 0.3161083 0.5189422 
KM222721_Human_herpesvirus_1            0.0240649 0.0240649 0.0098998 0.0260700 0.0119252 0.0240131 0.0119252 0.0219968 0.0139297 0.0119033 0.0098860 0.0098860 0.0138611 0.3249015 0.3296731 0.3296731 0.4104907 0.3311747 0.3299872 0.3256742 0.3342432 0.3313902 0.3283568 0.4330296 0.3285395 0.3374447 0.3347786 0.3313902 0.3283307 0.3279643 0.0199927 0.0139297 0.0098860 0.0098874 0.0158870 0.0078977 0.3335977 0.0240166 0.0240166 0.0158815 0.3346558 0.0219936 0.0000000 0.0000010 0.0118785 0.0138611 0.3346558 0.3339403 0.3352193 0.3339403 0.3307914 0.3338898 0.3340120 0.3340120 0.3309829 0.3309121 0.3374447 0.3309829 0.3338898 0.3370758 0.3309829 0.3311981 0.3311981 0.3282140 0.3338898 0.3309829 0.3370758 0.3341581 0.3342300 0.3342300 0.3309121 0.5352707 
KM222722_Human_herpesvirus_1            0.0240649 0.0240649 0.0098998 0.0260700 0.0119252 0.0240131 0.0119252 0.0219968 0.0139297 0.0119033 0.0098860 0.0098860 0.0138611 0.3249015 0.3296731 0.3296731 0.4104907 0.3311747 0.3299872 0.3256742 0.3342432 0.3313902 0.3283568 0.4330296 0.3285395 0.3374447 0.3347786 0.3313902 0.3283307 0.3279643 0.0199927 0.0139297 0.0098860 0.0098874 0.0158870 0.0078977 0.3335977 0.0240166 0.0240166 0.0158815 0.3346558 0.0219936 0.0000010 0.0000000 0.0118785 0.0138611 0.3346558 0.3339403 0.3352193 0.3339403 0.3307914 0.3338898 0.3340120 0.3340120 0.3309829 0.3309121 0.3374447 0.3309829 0.3338898 0.3370758 0.3309829 0.3311981 0.3311981 0.3282140 0.3338898 0.3309829 0.3370758 0.3341581 0.3342300 0.3342300 0.3309121 0.5352707 
KM222726_Human_herpesvirus_1            0.0261544 0.0261544 0.0159227 0.0281658 0.0159381 0.0260979 0.0159381 0.0240737 0.0179522 0.0179487 0.0098647 0.0098647 0.0138306 0.3245894 0.3293521 0.3293521 0.4107261 0.3308554 0.3296655 0.3253534 0.3339182 0.3310705 0.3280358 0.4244059 0.3282156 0.3371183 0.3344548 0.3310705 0.3280098 0.3276488 0.0220626 0.0179522 0.0059069 0.0059077 0.0139175 0.0158643 0.3336065 0.0261017 0.0261017 0.0118614 0.3343323 0.0240702 0.0118785 0.0118785 0.0000000 0.0138306 0.3343323 0.3336181 0.3348946 0.3336181 0.3304729 0.3335678 0.3336898 0.3336898 0.3306640 0.3305933 0.3371183 0.3306640 0.3335678 0.3367501 0.3306640 0.3308788 0.3308788 0.3278980 0.3335678 0.3306640 0.3367501 0.3338355 0.3339072 0.3339072 0.3305933 0.5268912 
KM222727_Human_herpesvirus_1            0.0342530 0.0342530 0.0198918 0.0362674 0.0219648 0.0341787 0.0219648 0.0321458 0.0239911 0.0219247 0.0118400 0.0118400 0.0000010 0.3363480 0.3413086 0.3413086 0.4311810 0.3427007 0.3416368 0.3374205 0.3458864 0.3429261 0.3400281 0.4478209 0.3403105 0.3490402 0.3463592 0.3429261 0.3400013 0.3394483 0.0301308 0.0239911 0.0118400 0.0118417 0.0259379 0.0178523 0.3396855 0.0341836 0.0341836 0.0178325 0.3462309 0.0321410 0.0138611 0.0138611 0.0138306 0.0000000 0.3462309 0.3454879 0.3468195 0.3454879 0.3423001 0.3454352 0.3455629 0.3455629 0.3425003 0.3424262 0.3490402 0.3425003 0.3454352 0.3486616 0.3425003 0.3427254 0.3427254 0.3397080 0.3454352 0.3425003 0.3486616 0.3457157 0.3457908 0.3457908 0.3424262 0.5431456 
KP192856_Human_herpesvirus_2            0.3293918 0.3293918 0.3294901 0.3318191 0.3281557 0.3225755 0.3281557 0.3233351 0.3253322 0.3329072 0.3430383 0.3430383 0.3462309 0.0059475 0.0161580 0.0161580 0.0094185 0.0059450 0.0161691 0.0081328 0.0222072 0.0079529 0.0141809 0.0046310 0.0040559 0.0079341 0.0039661 0.0079529 0.0182691 0.0079310 0.3235902 0.3282672 0.3370922 0.3371648 0.3255998 0.3369490 0.0732739 0.3198492 0.3198492 0.3376288 0.0000010 0.3197652 0.3346558 0.3346558 0.3343323 0.3462309 0.0000000 0.0079328 0.0059713 0.0079328 0.0059402 0.0079321 0.0039587 0.0039587 0.0059426 0.0099243 0.0079341 0.0059426 0.0000010 0.0079497 0.0019770 0.0039670 0.0039670 0.0059561 0.0079321 0.0059426 0.0079497 0.0099488 0.0059576 0.0059576 0.0099243 0.5937560 
KP334093_Human_herpesvirus_2            0.3286879 0.3286879 0.3287861 0.3311105 0.3274570 0.3218902 0.3274570 0.3226468 0.3246402 0.3321938 0.3423032 0.3423032 0.3454879 0.0099164 0.0161288 0.0161288 0.0125393 0.0059342 0.0161402 0.0081181 0.0221676 0.0079397 0.0141555 0.0046320 0.0040486 0.0079202 0.0039590 0.0079397 0.0182362 0.0079171 0.3229005 0.3275681 0.3363718 0.3364441 0.3249069 0.3362293 0.0689430 0.3191701 0.3191701 0.3369064 0.0079328 0.3190865 0.3339403 0.3339403 0.3336181 0.3454879 0.0079328 0.0000000 0.0059605 0.0000010 0.0099046 0.0079182 0.0039516 0.0039516 0.0059329 0.0019732 0.0079202 0.0059329 0.0079182 0.0079366 0.0059329 0.0079366 0.0079366 0.0099304 0.0079182 0.0059329 0.0039600 0.0019781 0.0059470 0.0059470 0.0019732 0.5830533 
KP334095_Human_herpesvirus_2            0.3299446 0.3299446 0.3300431 0.3323764 0.3287041 0.3231119 0.3287041 0.3238740 0.3258747 0.3334685 0.3436197 0.3436197 0.3468195 0.0079627 0.0141665 0.0141665 0.0094256 0.0039713 0.0141762 0.0061119 0.0202284 0.0019783 0.0121794 0.0000024 0.0020321 0.0059615 0.0019870 0.0019783 0.0162718 0.0059591 0.3241303 0.3288161 0.3376602 0.3377332 0.3261430 0.3375165 0.0712872 0.3203800 0.3203800 0.3381987 0.0059713 0.3202956 0.3352193 0.3352193 0.3348946 0.3468195 0.0059713 0.0059605 0.0000000 0.0059605 0.0119542 0.0059600 0.0019833 0.0019833 0.0039697 0.0079550 0.0059615 0.0039697 0.0059600 0.0019775 0.0039697 0.0019775 0.0019775 0.0039586 0.0059600 0.0039697 0.0019775 0.0039590 0.0000010 0.0000010 0.0079550 0.5794625 
KP334096_Human_herpesvirus_2            0.3286879 0.3286879 0.3287861 0.3311105 0.3274570 0.3218902 0.3274570 0.3226468 0.3246402 0.3321938 0.3423032 0.3423032 0.3454879 0.0099164 0.0161288 0.0161288 0.0125393 0.0059342 0.0161402 0.0081181 0.0221676 0.0079397 0.0141555 0.0046320 0.0040486 0.0079202 0.0039590 0.0079397 0.0182362 0.0079171 0.3229005 0.3275681 0.3363718 0.3364441 0.3249069 0.3362293 0.0689430 0.3191701 0.3191701 0.3369064 0.0079328 0.3190865 0.3339403 0.3339403 0.3336181 0.3454879 0.0079328 0.0000010 0.0059605 0.0000000 0.0099046 0.0079182 0.0039516 0.0039516 0.0059329 0.0019732 0.0079202 0.0059329 0.0079182 0.0079366 0.0059329 0.0079366 0.0079366 0.0099304 0.0079182 0.0059329 0.0039600 0.0019781 0.0059470 0.0059470 0.0019732 0.5830533 
KR135298_Human_herpesvirus_2            0.3255531 0.3255531 0.3256513 0.3279718 0.3243362 0.3187893 0.3243362 0.3195377 0.3215287 0.3290418 0.3391275 0.3391275 0.3423001 0.0119066 0.0181564 0.0181564 0.0156979 0.0119017 0.0181678 0.0121993 0.0241973 0.0139313 0.0161874 0.0139535 0.0081117 0.0138969 0.0099243 0.0139313 0.0202750 0.0099021 0.3197873 0.3244462 0.3332186 0.3332900 0.3217935 0.3330779 0.0754225 0.3160773 0.3160773 0.3337478 0.0059402 0.3159948 0.3307914 0.3307914 0.3304729 0.3423001 0.0059402 0.0099046 0.0119542 0.0099046 0.0000000 0.0099035 0.0099060 0.0099060 0.0079151 0.0079140 0.0138969 0.0079151 0.0059300 0.0099266 0.0079151 0.0099266 0.0099266 0.0119235 0.0099035 0.0118971 0.0139258 0.0119247 0.0119265 0.0119265 0.0079140 0.5961555 
KR135299_Human_herpesvirus_2            0.3286384 0.3286384 0.3287366 0.3310606 0.3274079 0.3218422 0.3274079 0.3225985 0.3245916 0.3321435 0.3422512 0.3422512 0.3454352 0.0099155 0.0120706 0.0120706 0.0062512 0.0059337 0.0120787 0.0060829 0.0180975 0.0079390 0.0100889 0.0000024 0.0020224 0.0079195 0.0039587 0.0079390 0.0141528 0.0039497 0.3228522 0.3275190 0.3363209 0.3363932 0.3248582 0.3361785 0.0689352 0.3191225 0.3191225 0.3368554 0.0079321 0.3190390 0.3338898 0.3338898 0.3335678 0.3454352 0.0079321 0.0079182 0.0059600 0.0079182 0.0099035 0.0000000 0.0039512 0.0039512 0.0019733 0.0059314 0.0079195 0.0019733 0.0079175 0.0079359 0.0059323 0.0079359 0.0079359 0.0099296 0.0000010 0.0059323 0.0079359 0.0099304 0.0059464 0.0059464 0.0059314 0.5877518 
