53
HM585496_Human_herpesvirus_1            0.0000000 0.0000010 0.0039322 0.0019631 0.0019631 0.0138790 0.0059021 0.0079002 0.0138790 0.0098833 0.0039322 0.4097618 0.4154218 0.4154218 0.2846688 0.4157858 0.4148567 0.4183950 0.4091444 0.4162837 0.2301972 0.4157858 0.4187624 0.4091444 0.0019662 0.0039349 0.0039349 0.0039349 0.0198144 0.0178961 0.4003412 0.0178220 0.0178220 0.0118777 0.4220978 0.0178604 0.0158702 0.0158702 0.0059074 0.0059074 0.0158892 0.4124695 0.4128130 0.4187624 0.4194453 0.4150556 0.4187456 0.4194453 0.4124695 0.4196861 0.4196861 0.4187624 0.7224693 
HM585497_Human_herpesvirus_1            0.0000010 0.0000000 0.0039322 0.0019631 0.0019631 0.0138790 0.0059021 0.0079002 0.0138790 0.0098833 0.0039322 0.4097618 0.4154218 0.4154218 0.2846688 0.4157858 0.4148567 0.4183950 0.4091444 0.4162837 0.2301972 0.4157858 0.4187624 0.4091444 0.0019662 0.0039349 0.0039349 0.0039349 0.0198144 0.0178961 0.4003412 0.0178220 0.0178220 0.0118777 0.4220978 0.0178604 0.0158702 0.0158702 0.0059074 0.0059074 0.0158892 0.4124695 0.4128130 0.4187624 0.4194453 0.4150556 0.4187456 0.4194453 0.4124695 0.4196861 0.4196861 0.4187624 0.7224693 
HM585498_Human_herpesvirus_1            0.0039322 0.0039322 0.0000000 0.0059019 0.0059019 0.0138790 0.0059021 0.0118762 0.0138790 0.0138669 0.0000010 0.4097618 0.4154218 0.4154218 0.2766188 0.4157858 0.4148567 0.4183950 0.4091444 0.4162837 0.2204255 0.4157858 0.4187624 0.4091444 0.0059115 0.0078868 0.0078868 0.0078868 0.0238293 0.0178961 0.4003412 0.0218300 0.0218300 0.0118777 0.4220978 0.0218774 0.0158702 0.0158702 0.0059074 0.0059074 0.0158892 0.4124695 0.4128130 0.4187624 0.4194453 0.4150556 0.4187456 0.4194453 0.4124695 0.4196861 0.4196861 0.4187624 0.7342331 
HM585499_Human_herpesvirus_1            0.0019631 0.0019631 0.0059019 0.0000000 0.0000010 0.0158717 0.0078744 0.0098814 0.0158717 0.0118673 0.0059019 0.4127280 0.4183950 0.4183950 0.2846688 0.4187624 0.4178261 0.4213719 0.4121066 0.4192633 0.2301972 0.4187624 0.4217427 0.4121066 0.0039349 0.0059059 0.0059059 0.0059059 0.0218093 0.0198970 0.4032234 0.0198144 0.0198144 0.0138659 0.4250856 0.0198573 0.0178651 0.0178651 0.0078814 0.0078814 0.0178865 0.4154387 0.4157858 0.4217427 0.4224320 0.4180254 0.4217262 0.4224320 0.4154387 0.4226739 0.4226739 0.4217427 0.7156206 
HM585500_Human_herpesvirus_1            0.0019631 0.0019631 0.0059019 0.0000010 0.0000000 0.0158717 0.0078744 0.0098814 0.0158717 0.0118673 0.0059019 0.4127280 0.4183950 0.4183950 0.2846688 0.4187624 0.4178261 0.4213719 0.4121066 0.4192633 0.2301972 0.4187624 0.4217427 0.4121066 0.0039349 0.0059059 0.0059059 0.0059059 0.0218093 0.0198970 0.4032234 0.0198144 0.0198144 0.0138659 0.4250856 0.0198573 0.0178651 0.0178651 0.0078814 0.0078814 0.0178865 0.4154387 0.4157858 0.4217427 0.4224320 0.4180254 0.4217262 0.4224320 0.4154387 0.4226739 0.4226739 0.4217427 0.7156206 
HM585501_Human_herpesvirus_1            0.0138790 0.0138790 0.0138790 0.0158717 0.0158717 0.0000000 0.0198839 0.0138959 0.0000010 0.0199339 0.0138790 0.4006416 0.4062770 0.4062770 0.2766188 0.4066303 0.4057238 0.4092368 0.4000373 0.4071188 0.2204255 0.4066303 0.4095935 0.4000373 0.0158977 0.0178961 0.0178961 0.0178961 0.0218413 0.0039460 0.3914834 0.0198434 0.0198434 0.0019676 0.4129042 0.0118663 0.0019674 0.0019674 0.0118889 0.0118889 0.0019698 0.4033386 0.4036710 0.4095935 0.4102566 0.4059211 0.4095762 0.4102566 0.4033386 0.4104939 0.4104939 0.4095935 0.7156782 
HM585502_Human_herpesvirus_1            0.0059021 0.0059021 0.0059021 0.0078744 0.0078744 0.0198839 0.0000000 0.0138646 0.0198839 0.0158582 0.0059021 0.4127669 0.4184351 0.4184351 0.2940557 0.4188026 0.4178660 0.4214127 0.4121453 0.4193036 0.2301972 0.4188026 0.4217836 0.4121453 0.0078871 0.0098650 0.0098650 0.0098650 0.0258318 0.0239300 0.4008852 0.0238301 0.0238301 0.0178674 0.4251272 0.0238820 0.0218839 0.0218839 0.0118483 0.0118483 0.0219103 0.4154782 0.4158254 0.4217836 0.4224731 0.4180654 0.4217671 0.4224731 0.4154782 0.4227150 0.4227150 0.4217836 0.7340028 
HM585504_Human_herpesvirus_1            0.0079002 0.0079002 0.0118762 0.0098814 0.0098814 0.0138959 0.0138646 0.0000000 0.0138959 0.0138992 0.0118762 0.4068167 0.4124695 0.4124695 0.2839579 0.4128300 0.4119082 0.4154387 0.4062035 0.4133250 0.2301972 0.4128300 0.4158027 0.4062035 0.0098974 0.0118843 0.0118843 0.0118843 0.0238852 0.0179179 0.3974799 0.0218812 0.0218812 0.0118921 0.4191305 0.0178821 0.0158894 0.0158894 0.0138772 0.0138772 0.0159085 0.4095213 0.4098612 0.4158027 0.4164793 0.4121066 0.4157858 0.4164793 0.4095213 0.4167190 0.4167190 0.4158027 0.7228155 
HM585508_Human_herpesvirus_1            0.0138790 0.0138790 0.0138790 0.0158717 0.0158717 0.0000010 0.0198839 0.0138959 0.0000000 0.0199339 0.0138790 0.4006416 0.4062770 0.4062770 0.2766188 0.4066303 0.4057238 0.4092368 0.4000373 0.4071188 0.2204255 0.4066303 0.4095935 0.4000373 0.0158977 0.0178961 0.0178961 0.0178961 0.0218413 0.0039460 0.3914834 0.0198434 0.0198434 0.0019676 0.4129042 0.0118663 0.0019674 0.0019674 0.0118889 0.0118889 0.0019698 0.4033386 0.4036710 0.4095935 0.4102566 0.4059211 0.4095762 0.4102566 0.4033386 0.4104939 0.4104939 0.4095935 0.7156782 
HM585509_Human_herpesvirus_1            0.0098833 0.0098833 0.0138669 0.0118673 0.0118673 0.0199339 0.0158582 0.0138992 0.0199339 0.0000000 0.0138669 0.3997037 0.4053196 0.4053196 0.2766756 0.4056708 0.4047694 0.4082691 0.3991024 0.4061567 0.2301972 0.4056708 0.4086236 0.3991024 0.0118867 0.0138764 0.0138764 0.0138764 0.0258969 0.0239904 0.3905986 0.0238901 0.0238901 0.0179122 0.4119217 0.0239421 0.0219390 0.0219390 0.0158727 0.0158727 0.0219655 0.4023914 0.4027218 0.4086236 0.4092827 0.4060053 0.4086063 0.4092827 0.4023914 0.4095189 0.4095189 0.4086236 0.7072553 
HM585511_Human_herpesvirus_1            0.0039322 0.0039322 0.0000010 0.0059019 0.0059019 0.0138790 0.0059021 0.0118762 0.0138790 0.0138669 0.0000000 0.4097618 0.4154218 0.4154218 0.2766188 0.4157858 0.4148567 0.4183950 0.4091444 0.4162837 0.2204255 0.4157858 0.4187624 0.4091444 0.0059115 0.0078868 0.0078868 0.0078868 0.0238293 0.0178961 0.4003412 0.0218300 0.0218300 0.0118777 0.4220978 0.0218774 0.0158702 0.0158702 0.0059074 0.0059074 0.0158892 0.4124695 0.4128130 0.4187624 0.4194453 0.4150556 0.4187456 0.4194453 0.4124695 0.4196861 0.4196861 0.4187624 0.7342331 
HSV2_1                                  0.4097618 0.4097618 0.4097618 0.4127280 0.4127280 0.4006416 0.4127669 0.4068167 0.4006416 0.3997037 0.4097618 0.0000000 0.0039700 0.0039700 0.0000024 0.0079634 0.0059591 0.0059596 0.0119946 0.0039771 0.0000029 0.0079634 0.0099602 0.0119946 0.4138892 0.4168701 0.4168701 0.4168701 0.4101066 0.4076890 0.1021506 0.4071630 0.4071630 0.3970574 0.0119653 0.4128833 0.4035769 0.4035769 0.4067993 0.4067993 0.4011889 0.0059662 0.0099697 0.0099602 0.0099697 0.0099960 0.0099593 0.0099697 0.0059662 0.0099768 0.0099768 0.0099602 0.7077039 
HSV2_2                                  0.4154218 0.4154218 0.4154218 0.4183950 0.4183950 0.4062770 0.4184351 0.4124695 0.4062770 0.4053196 0.4154218 0.0039700 0.0000000 0.0000010 0.0000010 0.0039592 0.0019744 0.0019746 0.0079510 0.0000027 0.0000010 0.0039592 0.0059425 0.0079510 0.4195769 0.4225649 0.4225649 0.4225649 0.4157303 0.4133588 0.0997659 0.4127799 0.4127799 0.4026742 0.0079317 0.4185543 0.4092195 0.4092195 0.4124524 0.4124524 0.4068314 0.0019768 0.0059481 0.0059425 0.0059481 0.0059637 0.0059420 0.0059481 0.0019768 0.0059523 0.0059523 0.0059425 0.7171915 
HSV2_3                                  0.4154218 0.4154218 0.4154218 0.4183950 0.4183950 0.4062770 0.4184351 0.4124695 0.4062770 0.4053196 0.4154218 0.0039700 0.0000010 0.0000000 0.0000010 0.0039592 0.0019744 0.0019746 0.0079510 0.0000027 0.0000010 0.0039592 0.0059425 0.0079510 0.4195769 0.4225649 0.4225649 0.4225649 0.4157303 0.4133588 0.0997659 0.4127799 0.4127799 0.4026742 0.0079317 0.4185543 0.4092195 0.4092195 0.4124524 0.4124524 0.4068314 0.0019768 0.0059481 0.0059425 0.0059481 0.0059637 0.0059420 0.0059481 0.0019768 0.0059523 0.0059523 0.0059425 0.7171915 
HSV2_4                                  0.2846688 0.2846688 0.2766188 0.2846688 0.2846688 0.2766188 0.2940557 0.2839579 0.2766188 0.2766756 0.2766188 0.0000024 0.0000010 0.0000010 0.0000000 0.0000010 0.0000010 0.0000010 0.0000010 0.0000010 0.0000010 0.0000010 0.0000010 0.0000010 0.2949184 0.2949184 0.2949184 0.2949184 0.2761452 0.2867672 0.0853572 0.2761452 0.2761452 0.2766188 0.0000010 0.2853840 0.2766188 0.2766188 0.2766188 0.2766188 0.2766188 0.0000010 0.0000010 0.0000010 0.0000010 0.0000010 0.0000010 0.0000010 0.0000010 0.0000010 0.0000010 0.0000010 0.8424288 
HSV2_5                                  0.4157858 0.4157858 0.4157858 0.4187624 0.4187624 0.4066303 0.4188026 0.4128300 0.4066303 0.4056708 0.4157858 0.0079634 0.0039592 0.0039592 0.0000010 0.0000000 0.0059420 0.0059425 0.0039644 0.0039650 0.0000010 0.0000010 0.0019746 0.0039644 0.4199468 0.4229382 0.4229382 0.4229382 0.4160922 0.4137213 0.0998247 0.4131385 0.4131385 0.4030229 0.0039548 0.4189221 0.4095762 0.4095762 0.4128130 0.4128130 0.4071857 0.0019779 0.0019765 0.0019746 0.0019765 0.0019818 0.0019744 0.0019765 0.0019779 0.0019779 0.0019779 0.0019746 0.7171915 
HSV2_7                                  0.4148567 0.4148567 0.4148567 0.4178261 0.4178261 0.4057238 0.4178660 0.4119082 0.4057238 0.4047694 0.4148567 0.0059591 0.0019744 0.0019744 0.0000010 0.0059420 0.0000000 0.0039528 0.0099442 0.0019776 0.0000010 0.0059420 0.0079276 0.0099442 0.4190047 0.4219888 0.4219888 0.4219888 0.4151685 0.4127948 0.0974574 0.4122219 0.4122219 0.4021266 0.0099200 0.4179848 0.4086626 0.4086626 0.4118911 0.4118911 0.4062770 0.0039571 0.0079351 0.0079276 0.0079351 0.0079559 0.0079269 0.0079351 0.0039571 0.0079407 0.0079407 0.0079276 0.7158306 
HSV2_8                                  0.4183950 0.4183950 0.4183950 0.4213719 0.4213719 0.4092368 0.4214127 0.4154387 0.4092368 0.4082691 0.4183950 0.0059596 0.0019746 0.0019746 0.0000010 0.0059425 0.0039528 0.0000000 0.0099451 0.0000027 0.0000010 0.0059425 0.0079284 0.0099451 0.4225649 0.4255566 0.4255566 0.4255566 0.4186844 0.4163370 0.1019560 0.4157303 0.4157303 0.4056240 0.0099209 0.4215333 0.4121833 0.4121833 0.4154218 0.4154218 0.4097949 0.0039575 0.0079358 0.0079284 0.0079358 0.0079567 0.0079276 0.0079358 0.0039575 0.0079414 0.0079414 0.0079284 0.7190111 
HSV2_9                                  0.4091444 0.4091444 0.4091444 0.4121066 0.4121066 0.4000373 0.4121453 0.4062035 0.4000373 0.3991024 0.4091444 0.0119946 0.0079510 0.0079510 0.0000010 0.0039644 0.0099442 0.0099451 0.0000000 0.0079641 0.0000010 0.0039644 0.0059504 0.0000010 0.4132641 0.4162409 0.4162409 0.4162409 0.4094928 0.4070729 0.0998207 0.4065532 0.4065532 0.3964591 0.0079422 0.4122613 0.4029684 0.4029684 0.4061861 0.4061861 0.4005831 0.0059601 0.0059560 0.0059504 0.0059560 0.0059716 0.0059498 0.0059560 0.0059601 0.0059602 0.0059602 0.0059504 0.7171915 
HSV2_10                                 0.4162837 0.4162837 0.4162837 0.4192633 0.4192633 0.4071188 0.4193036 0.4133250 0.4071188 0.4061567 0.4162837 0.0039771 0.0000027 0.0000027 0.0000010 0.0039650 0.0019776 0.0000027 0.0079641 0.0000000 0.0000010 0.0039650 0.0059523 0.0079641 0.4204505 0.4234449 0.4234449 0.4234449 0.4165872 0.4142185 0.0999382 0.4136306 0.4136306 0.4035067 0.0079448 0.4194235 0.4100677 0.4100677 0.4133079 0.4133079 0.4076752 0.0019800 0.0059579 0.0059523 0.0059579 0.0059735 0.0059517 0.0059579 0.0019800 0.0059621 0.0059621 0.0059523 0.7134148 
HSV2_11                                 0.2301972 0.2301972 0.2204255 0.2301972 0.2301972 0.2204255 0.2301972 0.2301972 0.2204255 0.2301972 0.2204255 0.0000029 0.0000010 0.0000010 0.0000010 0.0000010 0.0000010 0.0000010 0.0000010 0.0000010 0.0000000 0.0000010 0.0000010 0.0000010 0.2421423 0.2421423 0.2421423 0.2421423 0.2308797 0.2322227 0.0667449 0.2308797 0.2308797 0.2204255 0.0000010 0.2308797 0.2204255 0.2204255 0.2204255 0.2204255 0.2204255 0.0000010 0.0000010 0.0000010 0.0000010 0.0000010 0.0000010 0.0000010 0.0000010 0.0000010 0.0000010 0.0000010 0.8282494 
HSV2_13                                 0.4157858 0.4157858 0.4157858 0.4187624 0.4187624 0.4066303 0.4188026 0.4128300 0.4066303 0.4056708 0.4157858 0.0079634 0.0039592 0.0039592 0.0000010 0.0000010 0.0059420 0.0059425 0.0039644 0.0039650 0.0000010 0.0000000 0.0019746 0.0039644 0.4199468 0.4229382 0.4229382 0.4229382 0.4160922 0.4137213 0.0998247 0.4131385 0.4131385 0.4030229 0.0039548 0.4189221 0.4095762 0.4095762 0.4128130 0.4128130 0.4071857 0.0019779 0.0019765 0.0019746 0.0019765 0.0019818 0.0019744 0.0019765 0.0019779 0.0019779 0.0019779 0.0019746 0.7171915 
HSV2_14                                 0.4187624 0.4187624 0.4187624 0.4217427 0.4217427 0.4095935 0.4217836 0.4158027 0.4095935 0.4086236 0.4187624 0.0099602 0.0059425 0.0059425 0.0000010 0.0019746 0.0079276 0.0079284 0.0059504 0.0059523 0.0000010 0.0019746 0.0000000 0.0059504 0.4229382 0.4259334 0.4259334 0.4259334 0.4124745 0.4167030 0.1020162 0.4095307 0.4095307 0.4059760 0.0059360 0.4219046 0.4125434 0.4125434 0.4157858 0.4157858 0.4101527 0.0039596 0.0039569 0.0000010 0.0039569 0.0039673 0.0039528 0.0039569 0.0039596 0.0039597 0.0039597 0.0039532 0.7220107 
HSV2_15                                 0.4091444 0.4091444 0.4091444 0.4121066 0.4121066 0.4000373 0.4121453 0.4062035 0.4000373 0.3991024 0.4091444 0.0119946 0.0079510 0.0079510 0.0000010 0.0039644 0.0099442 0.0099451 0.0000010 0.0079641 0.0000010 0.0039644 0.0059504 0.0000000 0.4132641 0.4162409 0.4162409 0.4162409 0.4094928 0.4070729 0.0998207 0.4065532 0.4065532 0.3964591 0.0079422 0.4122613 0.4029684 0.4029684 0.4061861 0.4061861 0.4005831 0.0059601 0.0059560 0.0059504 0.0059560 0.0059716 0.0059498 0.0059560 0.0059601 0.0059602 0.0059602 0.0059504 0.7171915 
JN400093_Human_herpesvirus_1            0.0019662 0.0019662 0.0059115 0.0039349 0.0039349 0.0158977 0.0078871 0.0098974 0.0158977 0.0118867 0.0059115 0.4138892 0.4195769 0.4195769 0.2949184 0.4199468 0.4190047 0.4225649 0.4132641 0.4204505 0.2421423 0.4199468 0.4229382 0.4132641 0.0000000 0.0019654 0.0019654 0.0019654 0.0218452 0.0158908 0.4012578 0.0198470 0.0198470 0.0138886 0.4262948 0.0198900 0.0178944 0.0178944 0.0078942 0.0078942 0.0179159 0.4166096 0.4169592 0.4229382 0.4236322 0.4192048 0.4229217 0.4236322 0.4166096 0.4238753 0.4238753 0.4229382 0.7309371 
JN420337_Human_herpesvirus_1            0.0039349 0.0039349 0.0078868 0.0059059 0.0059059 0.0178961 0.0098650 0.0118843 0.0178961 0.0138764 0.0078868 0.4168701 0.4225649 0.4225649 0.2949184 0.4229382 0.4219888 0.4255566 0.4162409 0.4234449 0.2421423 0.4229382 0.4259334 0.4162409 0.0019654 0.0000000 0.0039332 0.0039332 0.0198281 0.0178884 0.4041474 0.0218452 0.0218452 0.0158826 0.4292975 0.0218926 0.0198951 0.0198951 0.0098739 0.0098739 0.0199191 0.4195936 0.4199468 0.4259334 0.4266339 0.4221894 0.4259171 0.4266339 0.4195936 0.4268781 0.4268781 0.4259334 0.7358069 
JN420338_Human_herpesvirus_1            0.0039349 0.0039349 0.0078868 0.0059059 0.0059059 0.0178961 0.0098650 0.0118843 0.0178961 0.0138764 0.0078868 0.4168701 0.4225649 0.4225649 0.2949184 0.4229382 0.4219888 0.4255566 0.4162409 0.4234449 0.2421423 0.4229382 0.4259334 0.4162409 0.0019654 0.0039332 0.0000000 0.0000010 0.0238458 0.0178884 0.4041474 0.0218452 0.0218452 0.0158826 0.4292975 0.0218926 0.0198951 0.0198951 0.0098739 0.0098739 0.0199191 0.4195936 0.4199468 0.4259334 0.4266339 0.4221894 0.4259171 0.4266339 0.4195936 0.4268781 0.4268781 0.4259334 0.7358069 
JN420339_Human_herpesvirus_1            0.0039349 0.0039349 0.0078868 0.0059059 0.0059059 0.0178961 0.0098650 0.0118843 0.0178961 0.0138764 0.0078868 0.4168701 0.4225649 0.4225649 0.2949184 0.4229382 0.4219888 0.4255566 0.4162409 0.4234449 0.2421423 0.4229382 0.4259334 0.4162409 0.0019654 0.0039332 0.0000010 0.0000000 0.0238458 0.0178884 0.4041474 0.0218452 0.0218452 0.0158826 0.4292975 0.0218926 0.0198951 0.0198951 0.0098739 0.0098739 0.0199191 0.4195936 0.4199468 0.4259334 0.4266339 0.4221894 0.4259171 0.4266339 0.4195936 0.4268781 0.4268781 0.4259334 0.7358069 
JN420340_Human_herpesvirus_1            0.0198144 0.0198144 0.0238293 0.0218093 0.0218093 0.0218413 0.0258318 0.0238852 0.0218413 0.0258969 0.0238293 0.4101066 0.4157303 0.4157303 0.2761452 0.4160922 0.4151685 0.4186844 0.4094928 0.4165872 0.2308797 0.4160922 0.4124745 0.4094928 0.0218452 0.0198281 0.0238458 0.0238458 0.0000000 0.0258871 0.4071044 0.0019530 0.0019530 0.0238416 0.4223638 0.0138043 0.0238394 0.0238394 0.0258557 0.0258557 0.0238681 0.4127969 0.4131385 0.4124745 0.4197287 0.4153661 0.4190331 0.4197287 0.4127969 0.4199680 0.4199680 0.4190497 0.7375616 
JN420341_Human_herpesvirus_1            0.0178961 0.0178961 0.0178961 0.0198970 0.0198970 0.0039460 0.0239300 0.0179179 0.0039460 0.0239904 0.0178961 0.4076890 0.4133588 0.4133588 0.2867672 0.4137213 0.4127948 0.4163370 0.4070729 0.4142185 0.2322227 0.4137213 0.4167030 0.4070729 0.0158908 0.0178884 0.0178884 0.0178884 0.0258871 0.0000000 0.3952540 0.0238810 0.0238810 0.0059226 0.4200420 0.0118744 0.0059221 0.0059221 0.0158977 0.0158977 0.0059291 0.4104015 0.4107435 0.4167030 0.4173833 0.4129939 0.4166861 0.4173833 0.4104015 0.4176240 0.4176240 0.4167030 0.7289314 
JQ360576_Chimpanzee_alpha-1_herpesvirus 0.4003412 0.4003412 0.4003412 0.4032234 0.4032234 0.3914834 0.4008852 0.3974799 0.3914834 0.3905986 0.4003412 0.1021506 0.0997659 0.0997659 0.0853572 0.0998247 0.0974574 0.1019560 0.0998207 0.0999382 0.0667449 0.0998247 0.1020162 0.0998207 0.4012578 0.4041474 0.4041474 0.4041474 0.4071044 0.3952540 0.0000000 0.4042309 0.4042309 0.3880154 0.1042631 0.4033685 0.3943356 0.3943356 0.3974625 0.3974625 0.3920060 0.0975870 0.1021263 0.1020162 0.1021263 0.1023933 0.0975148 0.1021263 0.0975870 0.1021948 0.1021948 0.1020162 0.7236648 
JQ730035_Human_herpesvirus_1            0.0178220 0.0178220 0.0218300 0.0198144 0.0198144 0.0198434 0.0238301 0.0218812 0.0198434 0.0238901 0.0218300 0.4071630 0.4127799 0.4127799 0.2761452 0.4131385 0.4122219 0.4157303 0.4065532 0.4136306 0.2308797 0.4131385 0.4095307 0.4065532 0.0198470 0.0218452 0.0218452 0.0218452 0.0019530 0.0238810 0.4042309 0.0000000 0.0000010 0.0218413 0.4193991 0.0118250 0.0218392 0.0218392 0.0238521 0.0238521 0.0218655 0.4098504 0.4101886 0.4095307 0.4167650 0.4124190 0.4160755 0.4167650 0.4098504 0.4170033 0.4170033 0.4160922 0.7327068 
JX142173_Human_herpesvirus_1            0.0178220 0.0178220 0.0218300 0.0198144 0.0198144 0.0198434 0.0238301 0.0218812 0.0198434 0.0238901 0.0218300 0.4071630 0.4127799 0.4127799 0.2761452 0.4131385 0.4122219 0.4157303 0.4065532 0.4136306 0.2308797 0.4131385 0.4095307 0.4065532 0.0198470 0.0218452 0.0218452 0.0218452 0.0019530 0.0238810 0.4042309 0.0000010 0.0000000 0.0218413 0.4193991 0.0118250 0.0218392 0.0218392 0.0238521 0.0238521 0.0218655 0.4098504 0.4101886 0.4095307 0.4167650 0.4124190 0.4160755 0.4167650 0.4098504 0.4170033 0.4170033 0.4160922 0.7327068 
KF498959_Human_herpesvirus_1            0.0118777 0.0118777 0.0118777 0.0138659 0.0138659 0.0019676 0.0178674 0.0118921 0.0019676 0.0179122 0.0118777 0.3970574 0.4026742 0.4026742 0.2766188 0.4030229 0.4021266 0.4056240 0.3964591 0.4035067 0.2204255 0.4030229 0.4059760 0.3964591 0.0138886 0.0158826 0.0158826 0.0158826 0.0238416 0.0059226 0.3880154 0.0218413 0.0218413 0.0000000 0.4092718 0.0138526 0.0039392 0.0039392 0.0098919 0.0098919 0.0039439 0.3997459 0.4000735 0.4059760 0.4066303 0.4023229 0.4059586 0.4066303 0.3997459 0.4068659 0.4068659 0.4059760 0.7204902 
KF781518_Human_herpesvirus_2            0.4220978 0.4220978 0.4220978 0.4250856 0.4250856 0.4129042 0.4251272 0.4191305 0.4129042 0.4119217 0.4220978 0.0119653 0.0079317 0.0079317 0.0000010 0.0039548 0.0099200 0.0099209 0.0079422 0.0079448 0.0000010 0.0039548 0.0059360 0.0079422 0.4262948 0.4292975 0.4292975 0.4292975 0.4223638 0.4200420 0.1042631 0.4193991 0.4193991 0.4092718 0.0000000 0.4252500 0.4158616 0.4158616 0.4191138 0.4191138 0.4134682 0.0059456 0.0059416 0.0059360 0.0059416 0.0059571 0.0059354 0.0059416 0.0059456 0.0059457 0.0059457 0.0059360 0.7231951 
KM222720_Human_herpesvirus_1            0.0178604 0.0178604 0.0218774 0.0198573 0.0198573 0.0118663 0.0238820 0.0178821 0.0118663 0.0239421 0.0218774 0.4128833 0.4185543 0.4185543 0.2853840 0.4189221 0.4179848 0.4215333 0.4122613 0.4194235 0.2308797 0.4189221 0.4219046 0.4122613 0.0198900 0.0218926 0.0218926 0.0218926 0.0138043 0.0118744 0.4033685 0.0118250 0.0118250 0.0138526 0.4252500 0.0000000 0.0138513 0.0138513 0.0239040 0.0239040 0.0138678 0.4155959 0.4159434 0.4219046 0.4225946 0.4181843 0.4218880 0.4225946 0.4155959 0.4228367 0.4228367 0.4219046 0.7218360 
KM222721_Human_herpesvirus_1            0.0158702 0.0158702 0.0158702 0.0178651 0.0178651 0.0019674 0.0218839 0.0158894 0.0019674 0.0219390 0.0158702 0.4035769 0.4092195 0.4092195 0.2766188 0.4095762 0.4086626 0.4121833 0.4029684 0.4100677 0.2204255 0.4095762 0.4125434 0.4029684 0.0178944 0.0198951 0.0198951 0.0198951 0.0238394 0.0059221 0.3943356 0.0218392 0.0218392 0.0039392 0.4158616 0.0138513 0.0000000 0.0000010 0.0138777 0.0138777 0.0039435 0.4062770 0.4066129 0.4125434 0.4132127 0.4088604 0.4125263 0.4132127 0.4062770 0.4134512 0.4134512 0.4125434 0.7205371 
KM222722_Human_herpesvirus_1            0.0158702 0.0158702 0.0158702 0.0178651 0.0178651 0.0019674 0.0218839 0.0158894 0.0019674 0.0219390 0.0158702 0.4035769 0.4092195 0.4092195 0.2766188 0.4095762 0.4086626 0.4121833 0.4029684 0.4100677 0.2204255 0.4095762 0.4125434 0.4029684 0.0178944 0.0198951 0.0198951 0.0198951 0.0238394 0.0059221 0.3943356 0.0218392 0.0218392 0.0039392 0.4158616 0.0138513 0.0000010 0.0000000 0.0138777 0.0138777 0.0039435 0.4062770 0.4066129 0.4125434 0.4132127 0.4088604 0.4125263 0.4132127 0.4062770 0.4134512 0.4134512 0.4125434 0.7205371 
KM222724_Human_herpesvirus_1            0.0059074 0.0059074 0.0059074 0.0078814 0.0078814 0.0118889 0.0118483 0.0138772 0.0118889 0.0158727 0.0059074 0.4067993 0.4124524 0.4124524 0.2766188 0.4128130 0.4118911 0.4154218 0.4061861 0.4133079 0.2204255 0.4128130 0.4157858 0.4061861 0.0078942 0.0098739 0.0098739 0.0098739 0.0258557 0.0158977 0.3974625 0.0238521 0.0238521 0.0098919 0.4191138 0.0239040 0.0138777 0.0138777 0.0000000 0.0000010 0.0138943 0.4095040 0.4098440 0.4157858 0.4164624 0.4120895 0.4157689 0.4164624 0.4095040 0.4167021 0.4167021 0.4157858 0.7275356 
KM222725_Human_herpesvirus_1            0.0059074 0.0059074 0.0059074 0.0078814 0.0078814 0.0118889 0.0118483 0.0138772 0.0118889 0.0158727 0.0059074 0.4067993 0.4124524 0.4124524 0.2766188 0.4128130 0.4118911 0.4154218 0.4061861 0.4133079 0.2204255 0.4128130 0.4157858 0.4061861 0.0078942 0.0098739 0.0098739 0.0098739 0.0258557 0.0158977 0.3974625 0.0238521 0.0238521 0.0098919 0.4191138 0.0239040 0.0138777 0.0138777 0.0000010 0.0000000 0.0138943 0.4095040 0.4098440 0.4157858 0.4164624 0.4120895 0.4157689 0.4164624 0.4095040 0.4167021 0.4167021 0.4157858 0.7275356 
KM222726_Human_herpesvirus_1            0.0158892 0.0158892 0.0158892 0.0178865 0.0178865 0.0019698 0.0219103 0.0159085 0.0019698 0.0219655 0.0158892 0.4011889 0.4068314 0.4068314 0.2766188 0.4071857 0.4062770 0.4097949 0.4005831 0.4076752 0.2204255 0.4071857 0.4101527 0.4005831 0.0179159 0.0199191 0.0199191 0.0199191 0.0238681 0.0059291 0.3920060 0.0218655 0.0218655 0.0039439 0.4134682 0.0138678 0.0039435 0.0039435 0.0138943 0.0138943 0.0000000 0.4038892 0.4042226 0.4101527 0.4108177 0.4064745 0.4101354 0.4108177 0.4038892 0.4110554 0.4110554 0.4101527 0.7170391 
KP334095_Human_herpesvirus_2            0.4124695 0.4124695 0.4124695 0.4154387 0.4154387 0.4033386 0.4154782 0.4095213 0.4033386 0.4023914 0.4124695 0.0059662 0.0019768 0.0019768 0.0000010 0.0019779 0.0039571 0.0039575 0.0059601 0.0019800 0.0000010 0.0019779 0.0039596 0.0059601 0.4166096 0.4195936 0.4195936 0.4195936 0.4127969 0.4104015 0.0975870 0.4098504 0.4098504 0.3997459 0.0059456 0.4155959 0.4062770 0.4062770 0.4095040 0.4095040 0.4038892 0.0000000 0.0039633 0.0039596 0.0039633 0.0039737 0.0039592 0.0039633 0.0000010 0.0039661 0.0039661 0.0039596 0.7171915 
KR135301_Human_herpesvirus_2            0.4128130 0.4128130 0.4128130 0.4157858 0.4157858 0.4036710 0.4158254 0.4098612 0.4036710 0.4027218 0.4128130 0.0099697 0.0059481 0.0059481 0.0000010 0.0019765 0.0079351 0.0079358 0.0059560 0.0059579 0.0000010 0.0019765 0.0039569 0.0059560 0.4169592 0.4199468 0.4199468 0.4199468 0.4131385 0.4107435 0.1021263 0.4101886 0.4101886 0.4000735 0.0059416 0.4159434 0.4066129 0.4066129 0.4098440 0.4098440 0.4042226 0.0039633 0.0000000 0.0039569 0.0039606 0.0039710 0.0039565 0.0039606 0.0039633 0.0039634 0.0039634 0.0039569 0.7171915 
KR135303_Human_herpesvirus_2            0.4187624 0.4187624 0.4187624 0.4217427 0.4217427 0.4095935 0.4217836 0.4158027 0.4095935 0.4086236 0.4187624 0.0099602 0.0059425 0.0059425 0.0000010 0.0019746 0.0079276 0.0079284 0.0059504 0.0059523 0.0000010 0.0019746 0.0000010 0.0059504 0.4229382 0.4259334 0.4259334 0.4259334 0.4124745 0.4167030 0.1020162 0.4095307 0.4095307 0.4059760 0.0059360 0.4219046 0.4125434 0.4125434 0.4157858 0.4157858 0.4101527 0.0039596 0.0039569 0.0000000 0.0039569 0.0039673 0.0039528 0.0039569 0.0039596 0.0039597 0.0039597 0.0039532 0.7220107 
KR135308_Human_herpesvirus_2            0.4194453 0.4194453 0.4194453 0.4224320 0.4224320 0.4102566 0.4224731 0.4164793 0.4102566 0.4092827 0.4194453 0.0099697 0.0059481 0.0059481 0.0000010 0.0019765 0.0079351 0.0079358 0.0059560 0.0059579 0.0000010 0.0019765 0.0039569 0.0059560 0.4236322 0.4266339 0.4266339 0.4266339 0.4197287 0.4173833 0.1021263 0.4167650 0.4167650 0.4066303 0.0059416 0.4225946 0.4132127 0.4132127 0.4164624 0.4164624 0.4108177 0.0039633 0.0039606 0.0039569 0.0000000 0.0039710 0.0039565 0.0000010 0.0039633 0.0039634 0.0039634 0.0039569 0.7123797 
KR135310_Human_herpesvirus_2            0.4150556 0.4150556 0.4150556 0.4180254 0.4180254 0.4059211 0.4180654 0.4121066 0.4059211 0.4060053 0.4150556 0.0099960 0.0059637 0.0059637 0.0000010 0.0019818 0.0079559 0.0079567 0.0059716 0.0059735 0.0000010 0.0019818 0.0039673 0.0059716 0.4192048 0.4221894 0.4221894 0.4221894 0.4153661 0.4129939 0.1023933 0.4124190 0.4124190 0.4023229 0.0059571 0.4181843 0.4088604 0.4088604 0.4120895 0.4120895 0.4064745 0.0039737 0.0039710 0.0039673 0.0039710 0.0000000 0.0039669 0.0039710 0.0039737 0.0039738 0.0039738 0.0039673 0.7183627 
KR135311_Human_herpesvirus_2            0.4187456 0.4187456 0.4187456 0.4217262 0.4217262 0.4095762 0.4217671 0.4157858 0.4095762 0.4086063 0.4187456 0.0099593 0.0059420 0.0059420 0.0000010 0.0019744 0.0079269 0.0079276 0.0059498 0.0059517 0.0000010 0.0019744 0.0039528 0.0059498 0.4229217 0.4259171 0.4259171 0.4259171 0.4190331 0.4166861 0.0975148 0.4160755 0.4160755 0.4059586 0.0059354 0.4218880 0.4125263 0.4125263 0.4157689 0.4157689 0.4101354 0.0039592 0.0039565 0.0039528 0.0039565 0.0039669 0.0000000 0.0039565 0.0039592 0.0039593 0.0039593 0.0039528 0.7220582 
KR135312_Human_herpesvirus_2            0.4194453 0.4194453 0.4194453 0.4224320 0.4224320 0.4102566 0.4224731 0.4164793 0.4102566 0.4092827 0.4194453 0.0099697 0.0059481 0.0059481 0.0000010 0.0019765 0.0079351 0.0079358 0.0059560 0.0059579 0.0000010 0.0019765 0.0039569 0.0059560 0.4236322 0.4266339 0.4266339 0.4266339 0.4197287 0.4173833 0.1021263 0.4167650 0.4167650 0.4066303 0.0059416 0.4225946 0.4132127 0.4132127 0.4164624 0.4164624 0.4108177 0.0039633 0.0039606 0.0039569 0.0000010 0.0039710 0.0039565 0.0000000 0.0039633 0.0039634 0.0039634 0.0039569 0.7123797 
KR135322_Human_herpesvirus_2            0.4124695 0.4124695 0.4124695 0.4154387 0.4154387 0.4033386 0.4154782 0.4095213 0.4033386 0.4023914 0.4124695 0.0059662 0.0019768 0.0019768 0.0000010 0.0019779 0.0039571 0.0039575 0.0059601 0.0019800 0.0000010 0.0019779 0.0039596 0.0059601 0.4166096 0.4195936 0.4195936 0.4195936 0.4127969 0.4104015 0.0975870 0.4098504 0.4098504 0.3997459 0.0059456 0.4155959 0.4062770 0.4062770 0.4095040 0.4095040 0.4038892 0.0000010 0.0039633 0.0039596 0.0039633 0.0039737 0.0039592 0.0039633 0.0000000 0.0039661 0.0039661 0.0039596 0.7171915 
KR135323_Human_herpesvirus_2            0.4196861 0.4196861 0.4196861 0.4226739 0.4226739 0.4104939 0.4227150 0.4167190 0.4104939 0.4095189 0.4196861 0.0099768 0.0059523 0.0059523 0.0000010 0.0019779 0.0079407 0.0079414 0.0059602 0.0059621 0.0000010 0.0019779 0.0039597 0.0059602 0.4238753 0.4268781 0.4268781 0.4268781 0.4199680 0.4176240 0.1021948 0.4170033 0.4170033 0.4068659 0.0059457 0.4228367 0.4134512 0.4134512 0.4167021 0.4167021 0.4110554 0.0039661 0.0039634 0.0039597 0.0039634 0.0039738 0.0039593 0.0039634 0.0039661 0.0000000 0.0000010 0.0039597 0.7245741 
KR135324_Human_herpesvirus_2            0.4196861 0.4196861 0.4196861 0.4226739 0.4226739 0.4104939 0.4227150 0.4167190 0.4104939 0.4095189 0.4196861 0.0099768 0.0059523 0.0059523 0.0000010 0.0019779 0.0079407 0.0079414 0.0059602 0.0059621 0.0000010 0.0019779 0.0039597 0.0059602 0.4238753 0.4268781 0.4268781 0.4268781 0.4199680 0.4176240 0.1021948 0.4170033 0.4170033 0.4068659 0.0059457 0.4228367 0.4134512 0.4134512 0.4167021 0.4167021 0.4110554 0.0039661 0.0039634 0.0039597 0.0039634 0.0039738 0.0039593 0.0039634 0.0039661 0.0000010 0.0000000 0.0039597 0.7245741 
KR135328_Human_herpesvirus_2            0.4187624 0.4187624 0.4187624 0.4217427 0.4217427 0.4095935 0.4217836 0.4158027 0.4095935 0.4086236 0.4187624 0.0099602 0.0059425 0.0059425 0.0000010 0.0019746 0.0079276 0.0079284 0.0059504 0.0059523 0.0000010 0.0019746 0.0039532 0.0059504 0.4229382 0.4259334 0.4259334 0.4259334 0.4190497 0.4167030 0.1020162 0.4160922 0.4160922 0.4059760 0.0059360 0.4219046 0.4125434 0.4125434 0.4157858 0.4157858 0.4101527 0.0039596 0.0039569 0.0039532 0.0039569 0.0039673 0.0039528 0.0039569 0.0039596 0.0039597 0.0039597 0.0000000 0.7220107 
NC_006560_Cercopithecine_herpesvirus_2  0.7224693 0.7224693 0.7342331 0.7156206 0.7156206 0.7156782 0.7340028 0.7228155 0.7156782 0.7072553 0.7342331 0.7077039 0.7171915 0.7171915 0.8424288 0.7171915 0.7158306 0.7190111 0.7171915 0.7134148 0.8282494 0.7171915 0.7220107 0.7171915 0.7309371 0.7358069 0.7358069 0.7358069 0.7375616 0.7289314 0.7236648 0.7327068 0.7327068 0.7204902 0.7231951 0.7218360 0.7205371 0.7205371 0.7275356 0.7275356 0.7170391 0.7171915 0.7171915 0.7220107 0.7123797 0.7183627 0.7220582 0.7123797 0.7171915 0.7245741 0.7245741 0.7220107 0.0000000 
