50
HM585496_Human_herpesvirus_1            0.0000000 0.0139846 0.0139627 0.0000010 0.0079403 0.0139570 0.0019772 0.0079612 0.0019772 0.0140163 0.0059633 0.0059501 0.0159712 0.0079612 0.0079612 0.1433750 0.1410085 0.1410063 0.1528464 0.1410831 0.1410063 0.1433750 0.1386463 0.1389778 0.1494356 0.1386463 0.1433165 0.1410831 0.0079612 0.0059524 0.0099602 0.0059524 0.0059524 0.0099686 0.0079581 0.1504984 0.0119767 0.0079466 0.0119767 0.0099686 0.0119726 0.1409490 0.1410085 0.1433924 0.1433924 0.1410737 0.1387219 0.1409490 0.0079581 0.3076993 
HM585497_Human_herpesvirus_1            0.0139846 0.0000000 0.0079639 0.0139846 0.0139788 0.0079607 0.0160027 0.0140157 0.0160027 0.0201442 0.0160321 0.0079639 0.0099635 0.0140157 0.0140157 0.1484255 0.1460408 0.1460389 0.1586265 0.1461186 0.1460389 0.1484255 0.1436609 0.1440047 0.1553576 0.1436609 0.1483644 0.1461186 0.0140157 0.0119762 0.0160321 0.0119762 0.0119762 0.0160458 0.0140103 0.1577087 0.0180733 0.0139900 0.0180733 0.0160458 0.0180671 0.1459790 0.1460408 0.1484436 0.1484436 0.1461089 0.1437392 0.1459790 0.0140103 0.3160736 
HM585498_Human_herpesvirus_1            0.0139627 0.0079639 0.0000000 0.0139627 0.0099479 0.0039656 0.0119575 0.0139938 0.0119575 0.0201125 0.0160070 0.0079515 0.0019811 0.0139938 0.0139938 0.1508018 0.1484108 0.1484091 0.1613364 0.1484900 0.1484091 0.1508018 0.1460249 0.1463750 0.1581383 0.1460249 0.1507385 0.1484900 0.0139938 0.0119575 0.0160070 0.0119575 0.0119575 0.0160207 0.0139883 0.1601036 0.0180450 0.0099558 0.0180450 0.0160207 0.0180388 0.1483480 0.1484108 0.1508201 0.1508201 0.1484802 0.1461045 0.1483480 0.0139883 0.3228398 
HM585499_Human_herpesvirus_1            0.0000010 0.0139846 0.0139627 0.0000000 0.0079403 0.0139570 0.0019772 0.0079612 0.0019772 0.0140163 0.0059633 0.0059501 0.0159712 0.0079612 0.0079612 0.1433750 0.1410085 0.1410063 0.1528464 0.1410831 0.1410063 0.1433750 0.1386463 0.1389778 0.1494356 0.1386463 0.1433165 0.1410831 0.0079612 0.0059524 0.0099602 0.0059524 0.0059524 0.0099686 0.0079581 0.1504984 0.0119767 0.0079466 0.0119767 0.0099686 0.0119726 0.1409490 0.1410085 0.1433924 0.1433924 0.1410737 0.1387219 0.1409490 0.0079581 0.3076993 
HM585501_Human_herpesvirus_1            0.0079403 0.0139788 0.0099479 0.0079403 0.0000000 0.0059516 0.0059500 0.0160067 0.0059500 0.0140106 0.0139880 0.0059477 0.0079455 0.0079579 0.0079579 0.1435751 0.1412055 0.1412033 0.1530974 0.1412803 0.1412033 0.1435751 0.1388403 0.1391725 0.1496886 0.1388403 0.1435165 0.1412803 0.0119792 0.0099517 0.0180234 0.0139624 0.0139624 0.0180388 0.0119745 0.1528106 0.0119718 0.0159774 0.0119718 0.0180388 0.0200605 0.1411458 0.1412055 0.1435926 0.1435926 0.1412709 0.1389160 0.1411458 0.0160004 0.3137372 
HM585502_Human_herpesvirus_1            0.0139570 0.0079607 0.0039656 0.0139570 0.0059516 0.0000000 0.0119526 0.0139881 0.0119526 0.0201042 0.0160004 0.0079482 0.0019797 0.0139881 0.0139881 0.1483993 0.1460152 0.1460133 0.1586057 0.1460929 0.1460133 0.1483993 0.1436359 0.1439796 0.1553370 0.1436359 0.1483382 0.1460929 0.0139881 0.0119526 0.0160004 0.0119526 0.0119526 0.0160141 0.0139826 0.1576801 0.0180376 0.0139624 0.0180376 0.0160141 0.0180314 0.1459534 0.1460152 0.1484174 0.1484174 0.1460833 0.1437142 0.1459534 0.0139826 0.3198392 
HM585503_Human_herpesvirus_1            0.0019772 0.0160027 0.0119575 0.0019772 0.0059500 0.0119526 0.0000000 0.0099641 0.0000010 0.0160391 0.0079612 0.0079435 0.0139624 0.0099641 0.0099641 0.1457501 0.1433770 0.1433750 0.1555546 0.1434530 0.1433750 0.1457501 0.1410085 0.1413458 0.1522132 0.1410085 0.1456904 0.1434530 0.0099641 0.0079466 0.0119674 0.0079466 0.0079466 0.0119775 0.0099602 0.1528923 0.0139906 0.0099459 0.0139906 0.0119775 0.0139858 0.1433165 0.1433770 0.1457678 0.1457678 0.1434435 0.1410853 0.1433165 0.0099602 0.3106399 
HM585504_Human_herpesvirus_1            0.0079612 0.0140157 0.0139938 0.0079612 0.0160067 0.0139881 0.0099641 0.0000000 0.0099641 0.0222018 0.0019769 0.0139938 0.0160067 0.0160490 0.0160490 0.1481829 0.1458021 0.1458002 0.1555333 0.1458796 0.1458002 0.1481829 0.1434261 0.1437690 0.1521916 0.1434261 0.1481219 0.1458796 0.0119940 0.0059574 0.0099648 0.0019816 0.0019816 0.0019786 0.0119731 0.1527080 0.0201206 0.0039681 0.0201206 0.0019786 0.0039605 0.1457405 0.1458021 0.1482009 0.1482009 0.1458700 0.1435042 0.1457405 0.0079557 0.3137372 
HM585505_Human_herpesvirus_1            0.0019772 0.0160027 0.0119575 0.0019772 0.0059500 0.0119526 0.0000010 0.0099641 0.0000000 0.0160391 0.0079612 0.0079435 0.0139624 0.0099641 0.0099641 0.1457501 0.1433770 0.1433750 0.1555546 0.1434530 0.1433750 0.1457501 0.1410085 0.1413458 0.1522132 0.1410085 0.1456904 0.1434530 0.0099641 0.0079466 0.0119674 0.0079466 0.0079466 0.0119775 0.0099602 0.1528923 0.0139906 0.0099459 0.0139906 0.0119775 0.0139858 0.1433165 0.1433770 0.1457678 0.1457678 0.1434435 0.1410853 0.1433165 0.0099602 0.3106399 
HM585508_Human_herpesvirus_1            0.0140163 0.0201442 0.0201125 0.0140163 0.0140106 0.0201042 0.0160391 0.0222018 0.0160391 0.0000000 0.0201577 0.0119987 0.0221429 0.0059612 0.0059612 0.1538718 0.1514637 0.1514623 0.1648914 0.1515452 0.1514623 0.1538718 0.1490601 0.1494195 0.1585900 0.1490601 0.1538077 0.1515452 0.0099704 0.0160617 0.0200728 0.0201206 0.0201206 0.0242625 0.0140028 0.1581685 0.0019816 0.0221609 0.0019816 0.0242625 0.0263072 0.1513994 0.1514637 0.1538906 0.1538906 0.1515351 0.1491417 0.1513994 0.0180424 0.3183916 
HM585509_Human_herpesvirus_1            0.0059633 0.0160321 0.0160070 0.0059633 0.0139880 0.0160004 0.0079612 0.0019769 0.0079612 0.0201577 0.0000000 0.0119794 0.0180234 0.0140250 0.0140250 0.1458002 0.1434261 0.1434240 0.1528255 0.1435022 0.1434240 0.1458002 0.1410566 0.1413941 0.1494146 0.1410566 0.1457405 0.1435022 0.0099824 0.0039666 0.0119731 0.0039666 0.0039666 0.0039606 0.0099609 0.1503170 0.0180854 0.0059574 0.0180854 0.0039606 0.0059460 0.1433655 0.1434261 0.1458179 0.1458179 0.1434927 0.1411334 0.1433655 0.0099609 0.3107860 
HM585510_Human_herpesvirus_1            0.0059501 0.0079639 0.0079515 0.0059501 0.0059477 0.0079482 0.0079435 0.0139938 0.0079435 0.0119987 0.0119794 0.0000000 0.0099479 0.0059633 0.0059633 0.1435846 0.1412149 0.1412127 0.1530974 0.1412896 0.1412127 0.1435846 0.1388495 0.1391817 0.1496886 0.1388495 0.1435260 0.1412896 0.0099741 0.0079545 0.0160070 0.0119575 0.0119575 0.0160207 0.0099702 0.1528206 0.0099680 0.0139682 0.0099680 0.0160207 0.0180388 0.1411552 0.1412149 0.1436021 0.1436021 0.1412803 0.1389252 0.1411552 0.0139883 0.3137571 
HM585511_Human_herpesvirus_1            0.0159712 0.0099635 0.0019811 0.0159712 0.0079455 0.0019797 0.0139624 0.0160067 0.0139624 0.0221429 0.0180234 0.0099479 0.0000000 0.0160067 0.0160067 0.1507918 0.1484010 0.1483993 0.1613364 0.1484802 0.1483993 0.1507918 0.1460152 0.1463653 0.1581383 0.1460152 0.1507285 0.1484802 0.0160067 0.0139624 0.0180234 0.0139624 0.0139624 0.0180388 0.0160004 0.1600930 0.0200673 0.0119573 0.0200673 0.0180388 0.0200604 0.1483382 0.1484010 0.1508102 0.1508102 0.1484704 0.1460948 0.1483382 0.0160004 0.3228194 
HM585512_Human_herpesvirus_1            0.0079612 0.0140157 0.0139938 0.0079612 0.0079579 0.0139881 0.0099641 0.0160490 0.0099641 0.0059612 0.0140250 0.0059633 0.0160067 0.0000000 0.0000010 0.1463113 0.1439288 0.1439268 0.1562319 0.1440054 0.1439268 0.1463113 0.1415506 0.1418907 0.1497702 0.1415506 0.1462512 0.1440054 0.0079565 0.0099780 0.0139662 0.0139993 0.0139993 0.0180866 0.0079534 0.1555908 0.0039619 0.0160196 0.0039619 0.0180866 0.0201136 0.1438678 0.1439288 0.1463292 0.1463292 0.1439958 0.1416282 0.1438678 0.0119558 0.3142632 
HM585513_Human_herpesvirus_1            0.0079612 0.0140157 0.0139938 0.0079612 0.0079579 0.0139881 0.0099641 0.0160490 0.0099641 0.0059612 0.0140250 0.0059633 0.0160067 0.0000010 0.0000000 0.1463113 0.1439288 0.1439268 0.1562319 0.1440054 0.1439268 0.1463113 0.1415506 0.1418907 0.1497702 0.1415506 0.1462512 0.1440054 0.0079565 0.0099780 0.0139662 0.0139993 0.0139993 0.0180866 0.0079534 0.1555908 0.0039619 0.0160196 0.0039619 0.0180866 0.0201136 0.1438678 0.1439288 0.1463292 0.1463292 0.1439958 0.1416282 0.1438678 0.0119558 0.3142632 
HSV2_1                                  0.1433750 0.1484255 0.1508018 0.1433750 0.1435751 0.1483993 0.1457501 0.1481829 0.1457501 0.1538718 0.1458002 0.1435846 0.1507918 0.1463113 0.1463113 0.0000000 0.0058983 0.0019603 0.0066530 0.0059009 0.0019603 0.0000010 0.0039273 0.0039351 0.0022782 0.0039273 0.0078710 0.0059009 0.1488336 0.1461593 0.1532711 0.1482618 0.1482618 0.1506515 0.1487638 0.0423750 0.1511711 0.1506515 0.1511711 0.1506515 0.1529844 0.0058959 0.0019619 0.0078746 0.0078746 0.0078746 0.0078813 0.0058959 0.1508710 0.3012075 
HSV2_2                                  0.1410085 0.1460408 0.1484108 0.1410085 0.1412055 0.1460152 0.1433770 0.1458021 0.1433770 0.1514637 0.1434261 0.1412149 0.1484010 0.1439288 0.1439288 0.0058983 0.0000000 0.0039273 0.0044295 0.0039293 0.0039273 0.0058983 0.0019613 0.0019656 0.0022782 0.0019613 0.0058963 0.0039293 0.1464418 0.1437790 0.1508725 0.1458796 0.1458796 0.1482635 0.1463734 0.0403076 0.1487738 0.1482635 0.1487738 0.1482635 0.1505894 0.0039260 0.0039276 0.0058990 0.0058990 0.0058990 0.0059040 0.0039260 0.1484785 0.2982695 
HSV2_3                                  0.1410063 0.1460389 0.1484091 0.1410063 0.1412033 0.1460133 0.1433750 0.1458002 0.1433750 0.1514623 0.1434240 0.1412127 0.1483993 0.1439268 0.1439268 0.0019603 0.0039273 0.0000000 0.0044291 0.0039290 0.0000010 0.0019603 0.0019612 0.0019655 0.0000026 0.0019612 0.0058959 0.0039290 0.1464400 0.1437770 0.1508710 0.1458777 0.1458777 0.1482618 0.1463715 0.0403050 0.1487721 0.1482618 0.1487721 0.1482618 0.1505879 0.0039257 0.0039273 0.0058985 0.0058985 0.0058985 0.0059036 0.0039257 0.1484769 0.2982985 
HSV2_4                                  0.1528464 0.1586265 0.1613364 0.1528464 0.1530974 0.1586057 0.1555546 0.1555333 0.1555546 0.1648914 0.1528255 0.1530974 0.1613364 0.1562319 0.1562319 0.0066530 0.0044295 0.0044291 0.0000000 0.0000010 0.0044291 0.0066530 0.0022116 0.0000026 0.0022852 0.0022116 0.0066505 0.0000010 0.1591211 0.1532505 0.1614222 0.1556276 0.1556276 0.1555333 0.1563055 0.0432437 0.1617847 0.1583457 0.1617847 0.1555333 0.1581742 0.0044275 0.0044295 0.0022108 0.0022108 0.0022108 0.0022129 0.0022116 0.1586896 0.3116727 
HSV2_5                                  0.1410831 0.1461186 0.1484900 0.1410831 0.1412803 0.1460929 0.1434530 0.1458796 0.1434530 0.1515452 0.1435022 0.1412896 0.1484802 0.1440054 0.1440054 0.0059009 0.0039293 0.0039290 0.0000010 0.0000000 0.0039290 0.0059009 0.0019622 0.0000024 0.0022793 0.0019622 0.0058990 0.0000010 0.1465200 0.1438555 0.1509533 0.1459572 0.1459572 0.1483426 0.1464515 0.0403265 0.1488534 0.1483426 0.1488534 0.1483426 0.1506699 0.0039277 0.0039293 0.0019616 0.0019616 0.0019616 0.0019632 0.0039277 0.1485578 0.2984616 
HSV2_6                                  0.1410063 0.1460389 0.1484091 0.1410063 0.1412033 0.1460133 0.1433750 0.1458002 0.1433750 0.1514623 0.1434240 0.1412127 0.1483993 0.1439268 0.1439268 0.0019603 0.0039273 0.0000010 0.0044291 0.0039290 0.0000000 0.0019603 0.0019612 0.0019655 0.0000026 0.0019612 0.0058959 0.0039290 0.1464400 0.1437770 0.1508710 0.1458777 0.1458777 0.1482618 0.1463715 0.0403050 0.1487721 0.1482618 0.1487721 0.1482618 0.1505879 0.0039257 0.0039273 0.0058985 0.0058985 0.0058985 0.0059036 0.0039257 0.1484769 0.2982985 
HSV2_7                                  0.1433750 0.1484255 0.1508018 0.1433750 0.1435751 0.1483993 0.1457501 0.1481829 0.1457501 0.1538718 0.1458002 0.1435846 0.1507918 0.1463113 0.1463113 0.0000010 0.0058983 0.0019603 0.0066530 0.0059009 0.0019603 0.0000000 0.0039273 0.0039351 0.0022782 0.0039273 0.0078710 0.0059009 0.1488336 0.1461593 0.1532711 0.1482618 0.1482618 0.1506515 0.1487638 0.0423750 0.1511711 0.1506515 0.1511711 0.1506515 0.1529844 0.0058959 0.0019619 0.0078746 0.0078746 0.0078746 0.0078813 0.0058959 0.1508710 0.3012075 
HSV2_8                                  0.1386463 0.1436609 0.1460249 0.1386463 0.1388403 0.1436359 0.1410085 0.1434261 0.1410085 0.1490601 0.1410566 0.1388495 0.1460152 0.1415506 0.1415506 0.0039273 0.0019613 0.0019612 0.0022116 0.0019622 0.0019612 0.0039273 0.0000000 0.0000024 0.0000026 0.0000010 0.0039260 0.0019622 0.1440549 0.1414035 0.1484785 0.1435022 0.1435022 0.1458796 0.1439878 0.0382427 0.1463815 0.1458796 0.1463815 0.1458796 0.1482009 0.0019605 0.0019613 0.0039277 0.0039277 0.0039277 0.0039311 0.0019605 0.1460911 0.2953719 
HSV2_9                                  0.1389778 0.1440047 0.1463750 0.1389778 0.1391725 0.1439796 0.1413458 0.1437690 0.1413458 0.1494195 0.1413941 0.1391817 0.1463653 0.1418907 0.1418907 0.0039351 0.0019656 0.0019655 0.0000026 0.0000024 0.0019655 0.0039351 0.0000024 0.0000000 0.0000026 0.0000024 0.0039338 0.0000024 0.1444014 0.1417426 0.1488353 0.1438454 0.1438454 0.1462292 0.1443330 0.0383290 0.1467332 0.1462292 0.1467332 0.1462292 0.1485565 0.0019648 0.0019656 0.0019648 0.0019648 0.0019648 0.0019665 0.0019648 0.1464416 0.2961492 
HSV2_11                                 0.1494356 0.1553576 0.1581383 0.1494356 0.1496886 0.1553370 0.1522132 0.1521916 0.1522132 0.1585900 0.1494146 0.1496886 0.1581383 0.1497702 0.1497702 0.0022782 0.0022782 0.0000026 0.0022852 0.0022793 0.0000026 0.0022782 0.0000026 0.0000026 0.0000000 0.0000026 0.0045606 0.0022793 0.1527112 0.1498421 0.1550745 0.1522864 0.1522864 0.1521916 0.1498421 0.0373318 0.1554322 0.1550745 0.1554322 0.1521916 0.1549019 0.0022771 0.0022782 0.0045630 0.0045630 0.0045630 0.0045675 0.0000026 0.1522864 0.3094913 
HSV2_13                                 0.1386463 0.1436609 0.1460249 0.1386463 0.1388403 0.1436359 0.1410085 0.1434261 0.1410085 0.1490601 0.1410566 0.1388495 0.1460152 0.1415506 0.1415506 0.0039273 0.0019613 0.0019612 0.0022116 0.0019622 0.0019612 0.0039273 0.0000010 0.0000024 0.0000026 0.0000000 0.0039260 0.0019622 0.1440549 0.1414035 0.1484785 0.1435022 0.1435022 0.1458796 0.1439878 0.0382427 0.1463815 0.1458796 0.1463815 0.1458796 0.1482009 0.0019605 0.0019613 0.0039277 0.0039277 0.0039277 0.0039311 0.0019605 0.1460911 0.2953719 
HSV2_14                                 0.1433165 0.1483644 0.1507385 0.1433165 0.1435165 0.1483382 0.1456904 0.1481219 0.1456904 0.1538077 0.1457405 0.1435260 0.1507285 0.1462512 0.1462512 0.0078710 0.0058963 0.0058959 0.0066505 0.0058990 0.0058959 0.0078710 0.0039260 0.0039338 0.0045606 0.0039260 0.0000000 0.0058990 0.1487721 0.1460992 0.1532075 0.1482009 0.1482009 0.1505894 0.1487024 0.0423602 0.1511084 0.1505894 0.1511084 0.1505894 0.1529211 0.0019599 0.0058963 0.0078720 0.0078720 0.0078720 0.0078787 0.0058940 0.1508087 0.3010493 
HSV2_15                                 0.1410831 0.1461186 0.1484900 0.1410831 0.1412803 0.1460929 0.1434530 0.1458796 0.1434530 0.1515452 0.1435022 0.1412896 0.1484802 0.1440054 0.1440054 0.0059009 0.0039293 0.0039290 0.0000010 0.0000010 0.0039290 0.0059009 0.0019622 0.0000024 0.0022793 0.0019622 0.0058990 0.0000000 0.1465200 0.1438555 0.1509533 0.1459572 0.1459572 0.1483426 0.1464515 0.0403265 0.1488534 0.1483426 0.1488534 0.1483426 0.1506699 0.0039277 0.0039293 0.0019616 0.0019616 0.0019616 0.0019632 0.0039277 0.1485578 0.2984616 
JN400093_Human_herpesvirus_1            0.0079612 0.0140157 0.0139938 0.0079612 0.0119792 0.0139881 0.0099641 0.0119940 0.0099641 0.0099704 0.0099824 0.0099741 0.0160067 0.0079565 0.0079565 0.1488336 0.1464418 0.1464400 0.1591211 0.1465200 0.1464400 0.1488336 0.1440549 0.1444014 0.1527112 0.1440549 0.1487721 0.1465200 0.0000000 0.0059656 0.0099406 0.0099641 0.0099641 0.0140173 0.0039627 0.1531170 0.0079517 0.0119721 0.0079517 0.0140173 0.0160335 0.1463797 0.1464418 0.1488517 0.1488517 0.1465103 0.1441337 0.1463797 0.0079424 0.3142632 
JN420337_Human_herpesvirus_1            0.0059524 0.0119762 0.0119575 0.0059524 0.0099517 0.0119526 0.0079466 0.0059574 0.0079466 0.0160617 0.0039666 0.0079545 0.0139624 0.0099780 0.0099780 0.1461593 0.1437790 0.1437770 0.1532505 0.1438555 0.1437770 0.1461593 0.1414035 0.1417426 0.1498421 0.1414035 0.1460992 0.1438555 0.0059656 0.0000000 0.0119512 0.0039594 0.0039594 0.0079569 0.0059385 0.1554302 0.0140102 0.0059465 0.0140102 0.0079569 0.0099546 0.1437182 0.1437790 0.1461771 0.1461771 0.1438460 0.1414806 0.1437182 0.0099427 0.3139430 
JN420338_Human_herpesvirus_1            0.0099602 0.0160321 0.0160070 0.0099602 0.0180234 0.0160004 0.0119674 0.0099648 0.0119674 0.0200728 0.0119731 0.0160070 0.0180234 0.0139662 0.0139662 0.1532711 0.1508725 0.1508710 0.1614222 0.1509533 0.1508710 0.1532711 0.1484785 0.1488353 0.1550745 0.1484785 0.1532075 0.1509533 0.0099406 0.0119512 0.0000000 0.0079411 0.0079411 0.0119833 0.0059493 0.1604878 0.0180094 0.0099465 0.0180094 0.0119833 0.0139957 0.1508087 0.1508725 0.1532897 0.1532897 0.1509433 0.1485595 0.1508087 0.0019789 0.3203766 
JN420339_Human_herpesvirus_1            0.0059524 0.0119762 0.0119575 0.0059524 0.0139624 0.0119526 0.0079466 0.0019816 0.0079466 0.0201206 0.0039666 0.0119575 0.0139624 0.0139993 0.0139993 0.1482618 0.1458796 0.1458777 0.1556276 0.1459572 0.1458777 0.1482618 0.1435022 0.1438454 0.1522864 0.1435022 0.1482009 0.1459572 0.0099641 0.0039594 0.0079411 0.0000000 0.0000010 0.0039699 0.0099427 0.1554302 0.0180521 0.0019780 0.0180521 0.0039699 0.0059600 0.1458179 0.1458796 0.1482799 0.1482799 0.1459476 0.1435803 0.1458179 0.0059385 0.3139430 
JN420340_Human_herpesvirus_1            0.0059524 0.0119762 0.0119575 0.0059524 0.0139624 0.0119526 0.0079466 0.0019816 0.0079466 0.0201206 0.0039666 0.0119575 0.0139624 0.0139993 0.0139993 0.1482618 0.1458796 0.1458777 0.1556276 0.1459572 0.1458777 0.1482618 0.1435022 0.1438454 0.1522864 0.1435022 0.1482009 0.1459572 0.0099641 0.0039594 0.0079411 0.0000010 0.0000000 0.0039699 0.0099427 0.1554302 0.0180521 0.0019780 0.0180521 0.0039699 0.0059600 0.1458179 0.1458796 0.1482799 0.1482799 0.1459476 0.1435803 0.1458179 0.0059385 0.3139430 
JN420341_Human_herpesvirus_1            0.0099686 0.0160458 0.0160207 0.0099686 0.0180388 0.0160141 0.0119775 0.0019786 0.0119775 0.0242625 0.0039606 0.0160207 0.0180388 0.0180866 0.0180866 0.1506515 0.1482635 0.1482618 0.1555333 0.1483426 0.1482618 0.1506515 0.1458796 0.1462292 0.1521916 0.1458796 0.1505894 0.1483426 0.0140173 0.0079569 0.0119833 0.0039699 0.0039699 0.0000000 0.0139960 0.1551886 0.0221712 0.0059624 0.0221712 0.0000010 0.0019779 0.1482009 0.1482635 0.1506699 0.1506699 0.1483328 0.1459591 0.1482009 0.0099694 0.3169057 
JN420342_Human_herpesvirus_1            0.0079581 0.0140103 0.0139883 0.0079581 0.0119745 0.0139826 0.0099602 0.0119731 0.0099602 0.0140028 0.0099609 0.0099702 0.0160004 0.0079534 0.0079534 0.1487638 0.1463734 0.1463715 0.1563055 0.1464515 0.1463715 0.1487638 0.1439878 0.1443330 0.1498421 0.1439878 0.1487024 0.1464515 0.0039627 0.0059385 0.0059493 0.0099427 0.0099427 0.0139960 0.0000000 0.1580684 0.0119651 0.0119512 0.0119651 0.0139960 0.0160123 0.1463113 0.1463734 0.1487819 0.1487819 0.1464418 0.1440665 0.1463113 0.0039612 0.3173999 
JQ360576_Chimpanzee_alpha-1_herpesvirus 0.1504984 0.1577087 0.1601036 0.1504984 0.1528106 0.1576801 0.1528923 0.1527080 0.1528923 0.1581685 0.1503170 0.1528206 0.1600930 0.1555908 0.1555908 0.0423750 0.0403076 0.0403050 0.0432437 0.0403265 0.0403050 0.0423750 0.0382427 0.0383290 0.0373318 0.0382427 0.0423602 0.0403265 0.1531170 0.1554302 0.1604878 0.1554302 0.1554302 0.1551886 0.1580684 0.0000000 0.1554560 0.1578395 0.1554560 0.1551886 0.1575275 0.0402910 0.0403076 0.0423801 0.0423801 0.0403238 0.0424175 0.0402910 0.1580684 0.3009436 
KJ847330_Human_herpesvirus_1            0.0119767 0.0180733 0.0180450 0.0119767 0.0119718 0.0180376 0.0139906 0.0201206 0.0139906 0.0019816 0.0180854 0.0099680 0.0200673 0.0039619 0.0039619 0.1511711 0.1487738 0.1487721 0.1617847 0.1488534 0.1487721 0.1511711 0.1463815 0.1467332 0.1554322 0.1463815 0.1511084 0.1488534 0.0079517 0.0140102 0.0180094 0.0180521 0.0180521 0.0221712 0.0119651 0.1554560 0.0000000 0.0200836 0.0000010 0.0221712 0.0242078 0.1487107 0.1487738 0.1511895 0.1511895 0.1488435 0.1464615 0.1487107 0.0159879 0.3147355 
KM222720_Human_herpesvirus_1            0.0079466 0.0139900 0.0099558 0.0079466 0.0159774 0.0139624 0.0099459 0.0039681 0.0099459 0.0221609 0.0059574 0.0139682 0.0119573 0.0160196 0.0160196 0.1506515 0.1482635 0.1482618 0.1583457 0.1483426 0.1482618 0.1506515 0.1458796 0.1462292 0.1550745 0.1458796 0.1505894 0.1483426 0.0119721 0.0059465 0.0099465 0.0019780 0.0019780 0.0059624 0.0119512 0.1578395 0.0200836 0.0000000 0.0200836 0.0059624 0.0079567 0.1482009 0.1482635 0.1506699 0.1506699 0.1483328 0.1459591 0.1482009 0.0079411 0.3169057 
KM222721_Human_herpesvirus_1            0.0119767 0.0180733 0.0180450 0.0119767 0.0119718 0.0180376 0.0139906 0.0201206 0.0139906 0.0019816 0.0180854 0.0099680 0.0200673 0.0039619 0.0039619 0.1511711 0.1487738 0.1487721 0.1617847 0.1488534 0.1487721 0.1511711 0.1463815 0.1467332 0.1554322 0.1463815 0.1511084 0.1488534 0.0079517 0.0140102 0.0180094 0.0180521 0.0180521 0.0221712 0.0119651 0.1554560 0.0000010 0.0200836 0.0000000 0.0221712 0.0242078 0.1487107 0.1487738 0.1511895 0.1511895 0.1488435 0.1464615 0.1487107 0.0159879 0.3147355 
KM222724_Human_herpesvirus_1            0.0099686 0.0160458 0.0160207 0.0099686 0.0180388 0.0160141 0.0119775 0.0019786 0.0119775 0.0242625 0.0039606 0.0160207 0.0180388 0.0180866 0.0180866 0.1506515 0.1482635 0.1482618 0.1555333 0.1483426 0.1482618 0.1506515 0.1458796 0.1462292 0.1521916 0.1458796 0.1505894 0.1483426 0.0140173 0.0079569 0.0119833 0.0039699 0.0039699 0.0000010 0.0139960 0.1551886 0.0221712 0.0059624 0.0221712 0.0000000 0.0019779 0.1482009 0.1482635 0.1506699 0.1506699 0.1483328 0.1459591 0.1482009 0.0099694 0.3169057 
KM222725_Human_herpesvirus_1            0.0119726 0.0180671 0.0180388 0.0119726 0.0200605 0.0180314 0.0139858 0.0039605 0.0139858 0.0263072 0.0059460 0.0180388 0.0200604 0.0201136 0.0201136 0.1529844 0.1505894 0.1505879 0.1581742 0.1506699 0.1505879 0.1529844 0.1482009 0.1485565 0.1549019 0.1482009 0.1529211 0.1506699 0.0160335 0.0099546 0.0139957 0.0059600 0.0059600 0.0019779 0.0160123 0.1575275 0.0242078 0.0079567 0.0242078 0.0019779 0.0000000 0.1505258 0.1505894 0.1482046 0.1482046 0.1506599 0.1482816 0.1505258 0.0119784 0.3197417 
KR135301_Human_herpesvirus_2            0.1409490 0.1459790 0.1483480 0.1409490 0.1411458 0.1459534 0.1433165 0.1457405 0.1433165 0.1513994 0.1433655 0.1411552 0.1483382 0.1438678 0.1438678 0.0058959 0.0039260 0.0039257 0.0044275 0.0039277 0.0039257 0.0058959 0.0019605 0.0019648 0.0022771 0.0019605 0.0019599 0.0039277 0.1463797 0.1437182 0.1508087 0.1458179 0.1458179 0.1482009 0.1463113 0.0402910 0.1487107 0.1482009 0.1487107 0.1482009 0.1505258 0.0000000 0.0039260 0.0058966 0.0058966 0.0058966 0.0059017 0.0039244 0.1484157 0.2981424 
KR135306_Human_herpesvirus_2            0.1410085 0.1460408 0.1484108 0.1410085 0.1412055 0.1460152 0.1433770 0.1458021 0.1433770 0.1514637 0.1434261 0.1412149 0.1484010 0.1439288 0.1439288 0.0019619 0.0039276 0.0039273 0.0044295 0.0039293 0.0039273 0.0019619 0.0019613 0.0019656 0.0022782 0.0019613 0.0058963 0.0039293 0.1464418 0.1437790 0.1508725 0.1458796 0.1458796 0.1482635 0.1463734 0.0403076 0.1487738 0.1482635 0.1487738 0.1482635 0.1505894 0.0039260 0.0000000 0.0058990 0.0058990 0.0058990 0.0059040 0.0039260 0.1484785 0.2982695 
KR135320_Human_herpesvirus_2            0.1433924 0.1484436 0.1508201 0.1433924 0.1435926 0.1484174 0.1457678 0.1482009 0.1457678 0.1538906 0.1458179 0.1436021 0.1508102 0.1463292 0.1463292 0.0078746 0.0058990 0.0058985 0.0022108 0.0019616 0.0058985 0.0078746 0.0039277 0.0019648 0.0045630 0.0039277 0.0078720 0.0019616 0.1488517 0.1461771 0.1532897 0.1482799 0.1482799 0.1506699 0.1487819 0.0423801 0.1511895 0.1506699 0.1511895 0.1506699 0.1482046 0.0058966 0.0058990 0.0000000 0.0000010 0.0039265 0.0039298 0.0058966 0.1508894 0.3012437 
KR135321_Human_herpesvirus_2            0.1433924 0.1484436 0.1508201 0.1433924 0.1435926 0.1484174 0.1457678 0.1482009 0.1457678 0.1538906 0.1458179 0.1436021 0.1508102 0.1463292 0.1463292 0.0078746 0.0058990 0.0058985 0.0022108 0.0019616 0.0058985 0.0078746 0.0039277 0.0019648 0.0045630 0.0039277 0.0078720 0.0019616 0.1488517 0.1461771 0.1532897 0.1482799 0.1482799 0.1506699 0.1487819 0.0423801 0.1511895 0.1506699 0.1511895 0.1506699 0.1482046 0.0058966 0.0058990 0.0000010 0.0000000 0.0039265 0.0039298 0.0058966 0.1508894 0.3012437 
KR135322_Human_herpesvirus_2            0.1410737 0.1461089 0.1484802 0.1410737 0.1412709 0.1460833 0.1434435 0.1458700 0.1434435 0.1515351 0.1434927 0.1412803 0.1484704 0.1439958 0.1439958 0.0078746 0.0058990 0.0058985 0.0022108 0.0019616 0.0058985 0.0078746 0.0039277 0.0019648 0.0045630 0.0039277 0.0078720 0.0019616 0.1465103 0.1438460 0.1509433 0.1459476 0.1459476 0.1483328 0.1464418 0.0403238 0.1488435 0.1483328 0.1488435 0.1483328 0.1506599 0.0058966 0.0058990 0.0039265 0.0039265 0.0000000 0.0039298 0.0058966 0.1485480 0.2984425 
KR135327_Human_herpesvirus_2            0.1387219 0.1437392 0.1461045 0.1387219 0.1389160 0.1437142 0.1410853 0.1435042 0.1410853 0.1491417 0.1411334 0.1389252 0.1460948 0.1416282 0.1416282 0.0078813 0.0059040 0.0059036 0.0022129 0.0019632 0.0059036 0.0078813 0.0039311 0.0019665 0.0045675 0.0039311 0.0078787 0.0019632 0.1441337 0.1414806 0.1485595 0.1435803 0.1435803 0.1459591 0.1440665 0.0424175 0.1464615 0.1459591 0.1464615 0.1459591 0.1482816 0.0059017 0.0059040 0.0039298 0.0039298 0.0039298 0.0000000 0.0059017 0.1461708 0.2955336 
KR135331_Human_herpesvirus_2            0.1409490 0.1459790 0.1483480 0.1409490 0.1411458 0.1459534 0.1433165 0.1457405 0.1433165 0.1513994 0.1433655 0.1411552 0.1483382 0.1438678 0.1438678 0.0058959 0.0039260 0.0039257 0.0022116 0.0039277 0.0039257 0.0058959 0.0019605 0.0019648 0.0000026 0.0019605 0.0058940 0.0039277 0.1463797 0.1437182 0.1508087 0.1458179 0.1458179 0.1482009 0.1463113 0.0402910 0.1487107 0.1482009 0.1487107 0.1482009 0.1505258 0.0039244 0.0039260 0.0058966 0.0058966 0.0058966 0.0059017 0.0000000 0.1484157 0.2981424 
NC_001806_Human_herpesvirus_1           0.0079581 0.0140103 0.0139883 0.0079581 0.0160004 0.0139826 0.0099602 0.0079557 0.0099602 0.0180424 0.0099609 0.0139883 0.0160004 0.0119558 0.0119558 0.1508710 0.1484785 0.1484769 0.1586896 0.1485578 0.1484769 0.1508710 0.1460911 0.1464416 0.1522864 0.1460911 0.1508087 0.1485578 0.0079424 0.0099427 0.0019789 0.0059385 0.0059385 0.0099694 0.0039612 0.1580684 0.0159879 0.0079411 0.0159879 0.0099694 0.0119784 0.1484157 0.1484785 0.1508894 0.1508894 0.1485480 0.1461708 0.1484157 0.0000000 0.3173999 
NC_006560_Cercopithecine_herpesvirus_2  0.3076993 0.3160736 0.3228398 0.3076993 0.3137372 0.3198392 0.3106399 0.3137372 0.3106399 0.3183916 0.3107860 0.3137571 0.3228194 0.3142632 0.3142632 0.3012075 0.2982695 0.2982985 0.3116727 0.2984616 0.2982985 0.3012075 0.2953719 0.2961492 0.3094913 0.2953719 0.3010493 0.2984616 0.3142632 0.3139430 0.3203766 0.3139430 0.3139430 0.3169057 0.3173999 0.3009436 0.3147355 0.3169057 0.3147355 0.3169057 0.3197417 0.2981424 0.2982695 0.3012437 0.3012437 0.2984425 0.2955336 0.2981424 0.3173999 0.0000000 
