62
HM585496_Human_herpesvirus_1            0.0000000 0.0140282 0.0000010 0.0180847 0.0262102 0.0080064 0.0201088 0.0100105 0.0221620 0.0201088 0.0282674 0.0261979 0.0262487 0.0261979 0.3071741 0.3122966 0.3144775 0.1863528 0.3221825 0.2971080 0.3179078 0.2131318 0.3064199 0.3261331 0.1509025 0.3072510 0.3116014 0.2515569 0.3367265 0.2724614 0.3101793 0.3219693 0.0244111 0.0221620 0.0282592 0.0241829 0.0221407 0.3171280 0.0221407 0.3441499 0.0282335 0.0241997 0.0262230 0.0262487 0.3441499 0.3389157 0.3420894 0.3467678 0.3414043 0.3420894 0.3414224 0.3400244 0.3409750 0.3437162 0.3414043 0.3470732 0.3470732 0.3413958 0.3400244 0.3386632 0.3467678 0.5106384 
HM585497_Human_herpesvirus_1            0.0140282 0.0000000 0.0140282 0.0120018 0.0119773 0.0140551 0.0059733 0.0160670 0.0079793 0.0059733 0.0139936 0.0119719 0.0119948 0.0119719 0.2994940 0.3048062 0.3072421 0.1863528 0.3149040 0.2884348 0.3108138 0.2081609 0.2987624 0.3189827 0.1509025 0.2995679 0.3037010 0.2432690 0.3301503 0.2629832 0.3029427 0.3145816 0.0100700 0.0079793 0.0139899 0.0099766 0.0079718 0.3041754 0.0079718 0.3368814 0.0139770 0.0140106 0.0119832 0.0119948 0.3368814 0.3316923 0.3348275 0.3394787 0.3341610 0.3348275 0.3341777 0.3327690 0.3337451 0.3364612 0.3341610 0.3397756 0.3397756 0.3341032 0.3327690 0.3314449 0.3394787 0.5098873 
HM585498_Human_herpesvirus_1            0.0000010 0.0140282 0.0000000 0.0180847 0.0262102 0.0080064 0.0201088 0.0100105 0.0221620 0.0201088 0.0282674 0.0261979 0.0262487 0.0261979 0.3071741 0.3122966 0.3144775 0.1863528 0.3221825 0.2971080 0.3179078 0.2131318 0.3064199 0.3261331 0.1509025 0.3072510 0.3116014 0.2515569 0.3367265 0.2724614 0.3101793 0.3219693 0.0244111 0.0221620 0.0282592 0.0241829 0.0221407 0.3171280 0.0221407 0.3441499 0.0282335 0.0241997 0.0262230 0.0262487 0.3441499 0.3389157 0.3420894 0.3467678 0.3414043 0.3420894 0.3414224 0.3400244 0.3409750 0.3437162 0.3414043 0.3470732 0.3470732 0.3413958 0.3400244 0.3386632 0.3467678 0.5106384 
HM585501_Human_herpesvirus_1            0.0180847 0.0120018 0.0180847 0.0000000 0.0079506 0.0222003 0.0059685 0.0242247 0.0039726 0.0059685 0.0139823 0.0119623 0.0119851 0.0119623 0.3031605 0.3083801 0.3106935 0.1863528 0.3183724 0.2973084 0.3141964 0.2180845 0.3024185 0.3223887 0.1509025 0.3032358 0.3074703 0.2474959 0.3333598 0.2726598 0.3103547 0.3181021 0.0060159 0.0039726 0.0139786 0.0059603 0.0079654 0.3072843 0.0079654 0.3400992 0.0139658 0.0099644 0.0079545 0.0119851 0.3400992 0.3386058 0.3417762 0.3427032 0.3373702 0.3417762 0.3373875 0.3397125 0.3369488 0.3396735 0.3373702 0.3430036 0.3430036 0.3373342 0.3397125 0.3346455 0.3427032 0.5163848 
HM585502_Human_herpesvirus_1            0.0262102 0.0119773 0.0262102 0.0079506 0.0000000 0.0221545 0.0059565 0.0241747 0.0039646 0.0059565 0.0139538 0.0119380 0.0119607 0.0119380 0.3023899 0.3105590 0.3127897 0.1863528 0.3204532 0.2964423 0.3162393 0.2173061 0.3016515 0.3244191 0.1509025 0.3024647 0.3097716 0.2501748 0.3352391 0.2717690 0.3124689 0.3173358 0.0060036 0.0039646 0.0139502 0.0059483 0.0079493 0.3091827 0.0079493 0.3419629 0.0099315 0.0099443 0.0079384 0.0119607 0.3419629 0.3404775 0.3436465 0.3445626 0.3392373 0.3436465 0.3392547 0.3415885 0.3388139 0.3415352 0.3392373 0.3448642 0.3448642 0.3392146 0.3415885 0.3365159 0.3445626 0.5185507 
HM585504_Human_herpesvirus_1            0.0080064 0.0140551 0.0080064 0.0222003 0.0221545 0.0000000 0.0160703 0.0019952 0.0181135 0.0160703 0.0242036 0.0221442 0.0221871 0.0221442 0.3007605 0.3060577 0.3084572 0.1863528 0.3161497 0.2898248 0.3120164 0.2046234 0.3000228 0.3202183 0.1509025 0.3008351 0.3050173 0.2444339 0.3311770 0.2643988 0.3041463 0.3158451 0.0203211 0.0181135 0.0241968 0.0201312 0.0180962 0.3086144 0.0180962 0.3385879 0.0241747 0.0201452 0.0221654 0.0221871 0.3385879 0.3333701 0.3365253 0.3411993 0.3358521 0.3365253 0.3358692 0.3344581 0.3354316 0.3381632 0.3358521 0.3414992 0.3414992 0.3358057 0.3344581 0.3331207 0.3411993 0.5090697 
HM585508_Human_herpesvirus_1            0.0201088 0.0059733 0.0201088 0.0059685 0.0059565 0.0160703 0.0000000 0.0180836 0.0019841 0.0000010 0.0079532 0.0059538 0.0059651 0.0059538 0.2953617 0.3007686 0.3033376 0.1863528 0.3109688 0.2884348 0.3069818 0.2081609 0.2946430 0.3151114 0.1509025 0.2954339 0.2994463 0.2432690 0.3264848 0.2629832 0.3029427 0.3105881 0.0040062 0.0019841 0.0079512 0.0039692 0.0019823 0.3006612 0.0019823 0.3331964 0.0079439 0.0079628 0.0059594 0.0059651 0.3331964 0.3316923 0.3348275 0.3357822 0.3304898 0.3348275 0.3305059 0.3327690 0.3300809 0.3327832 0.3304898 0.3360747 0.3360747 0.3304072 0.3327690 0.3277876 0.3357822 0.5156859 
HM585509_Human_herpesvirus_1            0.0100105 0.0160670 0.0100105 0.0242247 0.0241747 0.0019952 0.0180836 0.0000000 0.0201312 0.0180836 0.0262272 0.0241634 0.0242102 0.0241634 0.3037968 0.3090081 0.3113032 0.1863528 0.3189962 0.2932800 0.3147988 0.2087302 0.3030518 0.3230069 0.1636733 0.3038724 0.3081313 0.2478461 0.3337869 0.2682441 0.3070006 0.3187348 0.0223589 0.0201312 0.0262197 0.0221499 0.0201119 0.3111909 0.0201119 0.3411993 0.0261958 0.0221654 0.0241865 0.0242102 0.3411993 0.3359769 0.3391389 0.3438121 0.3384605 0.3391389 0.3384781 0.3370739 0.3380361 0.3407706 0.3384605 0.3441145 0.3441145 0.3384320 0.3370739 0.3357261 0.3438121 0.5127579 
HM585510_Human_herpesvirus_1            0.0221620 0.0079793 0.0221620 0.0039726 0.0039646 0.0181135 0.0019841 0.0201312 0.0000000 0.0019841 0.0099601 0.0079532 0.0079683 0.0079532 0.2992412 0.3045567 0.3069999 0.1863528 0.3146566 0.2928443 0.3105746 0.2130684 0.2985108 0.3187377 0.1509025 0.2993149 0.3034386 0.2432690 0.3299142 0.2677825 0.3066325 0.3143306 0.0019998 0.0000010 0.0099576 0.0019814 0.0039719 0.3039587 0.0039719 0.3366416 0.0099484 0.0059625 0.0039665 0.0079683 0.3366416 0.3351424 0.3382960 0.3392373 0.3339231 0.3382960 0.3339397 0.3362344 0.3335078 0.3362221 0.3339231 0.3395338 0.3395338 0.3338637 0.3362344 0.3312089 0.3392373 0.5166978 
HM585511_Human_herpesvirus_1            0.0201088 0.0059733 0.0201088 0.0059685 0.0059565 0.0160703 0.0000010 0.0180836 0.0019841 0.0000000 0.0079532 0.0059538 0.0059651 0.0059538 0.2953617 0.3007686 0.3033376 0.1863528 0.3109688 0.2884348 0.3069818 0.2081609 0.2946430 0.3151114 0.1509025 0.2954339 0.2994463 0.2432690 0.3264848 0.2629832 0.3029427 0.3105881 0.0040062 0.0019841 0.0079512 0.0039692 0.0019823 0.3006612 0.0019823 0.3331964 0.0079439 0.0079628 0.0059594 0.0059651 0.3331964 0.3316923 0.3348275 0.3357822 0.3304898 0.3348275 0.3305059 0.3327690 0.3300809 0.3327832 0.3304898 0.3360747 0.3360747 0.3304072 0.3327690 0.3277876 0.3357822 0.5156859 
HM585512_Human_herpesvirus_1            0.0282674 0.0139936 0.0282674 0.0139823 0.0139538 0.0242036 0.0079532 0.0262272 0.0099601 0.0079532 0.0000000 0.0019762 0.0099466 0.0019762 0.2976884 0.3030198 0.3089965 0.1863528 0.3171347 0.2911093 0.3130020 0.2122615 0.2969656 0.3211608 0.1636733 0.2977612 0.3030551 0.2471444 0.3321714 0.2668077 0.3098069 0.3163390 0.0120667 0.0099601 0.0159658 0.0119551 0.0099508 0.3087829 0.0099508 0.3388886 0.0159511 0.0159894 0.0139606 0.0099466 0.3388886 0.3373972 0.3405532 0.3414827 0.3361706 0.3405532 0.3361876 0.3384958 0.3357524 0.3384662 0.3361706 0.3417809 0.3417809 0.3361264 0.3384958 0.3334568 0.3414827 0.5193744 
HM585513_Human_herpesvirus_1            0.0261979 0.0119719 0.0261979 0.0119623 0.0119380 0.0221442 0.0059538 0.0241634 0.0079532 0.0059538 0.0019762 0.0000000 0.0079425 0.0000010 0.2976884 0.3030198 0.3089965 0.1863528 0.3166342 0.2911093 0.3125185 0.2122615 0.2969656 0.3206647 0.1636733 0.2977612 0.3025306 0.2466642 0.3316927 0.2668077 0.3093121 0.3163390 0.0100367 0.0079532 0.0139439 0.0099439 0.0079458 0.3087829 0.0079458 0.3384018 0.0139311 0.0139644 0.0119438 0.0079425 0.3384018 0.3369110 0.3400616 0.3409922 0.3356878 0.3400616 0.3357047 0.3380064 0.3352709 0.3379807 0.3356878 0.3412896 0.3412896 0.3356403 0.3380064 0.3329781 0.3409922 0.5183590 
HM585514_Human_herpesvirus_1            0.0262487 0.0119948 0.0262487 0.0119851 0.0119607 0.0221871 0.0059651 0.0242102 0.0079683 0.0059651 0.0099466 0.0079425 0.0000000 0.0079425 0.2953617 0.3007686 0.3068291 0.1863528 0.3144798 0.2918732 0.3104048 0.2081609 0.2946430 0.3185614 0.1509025 0.2954339 0.3025306 0.2432690 0.3297412 0.2629832 0.3064605 0.3141514 0.0100559 0.0079683 0.0139705 0.0099628 0.0079608 0.3097295 0.0079608 0.3364639 0.0139576 0.0139911 0.0119666 0.0000010 0.3364639 0.3349653 0.3381161 0.3390575 0.3337475 0.3381161 0.3337641 0.3360558 0.3333328 0.3360449 0.3337475 0.3393536 0.3393536 0.3336870 0.3360558 0.3310355 0.3390575 0.5109995 
HM585515_Human_herpesvirus_1            0.0261979 0.0119719 0.0261979 0.0119623 0.0119380 0.0221442 0.0059538 0.0241634 0.0079532 0.0059538 0.0019762 0.0000010 0.0079425 0.0000000 0.2976884 0.3030198 0.3089965 0.1863528 0.3166342 0.2911093 0.3125185 0.2122615 0.2969656 0.3206647 0.1636733 0.2977612 0.3025306 0.2466642 0.3316927 0.2668077 0.3093121 0.3163390 0.0100367 0.0079532 0.0139439 0.0099439 0.0079458 0.3087829 0.0079458 0.3384018 0.0139311 0.0139644 0.0119438 0.0079425 0.3384018 0.3369110 0.3400616 0.3409922 0.3356878 0.3400616 0.3357047 0.3380064 0.3352709 0.3379807 0.3356878 0.3412896 0.3412896 0.3356403 0.3380064 0.3329781 0.3409922 0.5183590 
HSV2_1                                  0.3071741 0.2994940 0.3071741 0.3031605 0.3023899 0.3007605 0.2953617 0.3037968 0.2992412 0.2953617 0.2976884 0.2976884 0.2953617 0.2976884 0.0000000 0.0000023 0.0000010 0.0000010 0.0119652 0.0000010 0.0000010 0.0000010 0.0000010 0.0095808 0.0000022 0.0000010 0.0101444 0.0060642 0.0119414 0.0000028 0.0100151 0.0095384 0.2995648 0.2992412 0.3053238 0.3022620 0.2986737 0.1015261 0.2986737 0.0119414 0.3020173 0.3025710 0.3025710 0.2953617 0.0119414 0.0095807 0.0119945 0.0119414 0.0143720 0.0119945 0.0119414 0.0120480 0.0095384 0.0095384 0.0143720 0.0143453 0.0143453 0.0096486 0.0120480 0.0168171 0.0143335 0.4397797 
HSV2_2                                  0.3122966 0.3048062 0.3122966 0.3083801 0.3105590 0.3060577 0.3007686 0.3090081 0.3045567 0.3007686 0.3030198 0.3030198 0.3007686 0.3030198 0.0000023 0.0000000 0.0000022 0.0000010 0.0115219 0.0000010 0.0000022 0.0000010 0.0000023 0.0092256 0.0000022 0.0000023 0.0098774 0.0058741 0.0114998 0.0000028 0.0096270 0.0093582 0.3049257 0.3045567 0.3104663 0.3074924 0.3039927 0.1032880 0.3039927 0.0114998 0.3101817 0.3077977 0.3077977 0.3007686 0.0114998 0.0092254 0.0115491 0.0138031 0.0138388 0.0115491 0.0114998 0.0115987 0.0091862 0.0091862 0.0138388 0.0138141 0.0138141 0.0092883 0.0115987 0.0161916 0.0138031 0.4368914 
HSV2_3                                  0.3144775 0.3072421 0.3144775 0.3106935 0.3127897 0.3084572 0.3033376 0.3113032 0.3069999 0.3033376 0.3089965 0.3089965 0.3068291 0.3089965 0.0000010 0.0000022 0.0000000 0.0000010 0.0112768 0.0000010 0.0000010 0.0000010 0.0000010 0.0088901 0.0000022 0.0000010 0.0098373 0.0058460 0.0110828 0.0000028 0.0092628 0.0089577 0.3073800 0.3069999 0.3126982 0.3098313 0.3064503 0.1034884 0.3064503 0.0110828 0.3124219 0.3101279 0.3101279 0.3068291 0.0110828 0.0088890 0.0111285 0.0133028 0.0133359 0.0111285 0.0110828 0.0111746 0.0088526 0.0088526 0.0133359 0.0133130 0.0133130 0.0089484 0.0111746 0.0156015 0.0133028 0.4624714 
HSV2_4                                  0.1863528 0.1863528 0.1863528 0.1863528 0.1863528 0.1863528 0.1863528 0.1863528 0.1863528 0.1863528 0.1863528 0.1863528 0.1863528 0.1863528 0.0000010 0.0000010 0.0000010 0.0000000 0.0000010 0.0000010 0.0000010 0.0000010 0.0000010 0.0000010 0.0000010 0.0000010 0.0000010 0.0000010 0.0000010 0.0000010 0.0000010 0.0000010 0.1863528 0.1863528 0.1863528 0.1863528 0.1863528 0.0857084 0.1863528 0.0000010 0.2188376 0.1863528 0.1863528 0.1863528 0.0000010 0.0000010 0.0000010 0.0000010 0.0000010 0.0000010 0.0000010 0.0000010 0.0000010 0.0000010 0.0000010 0.0271904 0.0271904 0.0000010 0.0000010 0.0000010 0.0000010 0.4324528 
HSV2_5                                  0.3221825 0.3149040 0.3221825 0.3183724 0.3204532 0.3161497 0.3109688 0.3189962 0.3146566 0.3109688 0.3171347 0.3166342 0.3144798 0.3166342 0.0119652 0.0115219 0.0112768 0.0000010 0.0000000 0.0081996 0.0110170 0.0070604 0.0119395 0.0000028 0.0000022 0.0119671 0.0000010 0.0000027 0.0000022 0.0062455 0.0000010 0.0022698 0.3151125 0.3146566 0.3172176 0.3174894 0.3109688 0.1099786 0.3109688 0.0000022 0.3200713 0.3177931 0.3177931 0.3144798 0.0000022 0.0021962 0.0000022 0.0021857 0.0021910 0.0000022 0.0000022 0.0000022 0.0021873 0.0021873 0.0021910 0.0021873 0.0021873 0.0000010 0.0000022 0.0043943 0.0021857 0.4595900 
HSV2_6                                  0.2971080 0.2884348 0.2971080 0.2973084 0.2964423 0.2898248 0.2884348 0.2932800 0.2928443 0.2884348 0.2911093 0.2911093 0.2918732 0.2911093 0.0000010 0.0000010 0.0000010 0.0000010 0.0081996 0.0000000 0.0000010 0.0000010 0.0000010 0.0054716 0.0000022 0.0000010 0.0082984 0.0064675 0.0081996 0.0000028 0.0084451 0.0054568 0.2966465 0.2928443 0.2922125 0.2962997 0.2884348 0.1020311 0.2884348 0.0081996 0.2960289 0.2966465 0.2966465 0.2918732 0.0081996 0.0054568 0.0081996 0.0081996 0.0081996 0.0081996 0.0081996 0.0081996 0.0054568 0.0054568 0.0081996 0.0109465 0.0109465 0.0081996 0.0081996 0.0081996 0.0109361 0.4236497 
HSV2_7                                  0.3179078 0.3108138 0.3179078 0.3141964 0.3162393 0.3120164 0.3069818 0.3147988 0.3105746 0.3069818 0.3130020 0.3125185 0.3104048 0.3125185 0.0000010 0.0000022 0.0000010 0.0000010 0.0110170 0.0000010 0.0000000 0.0000010 0.0000010 0.0086534 0.0000022 0.0000010 0.0097315 0.0056429 0.0107878 0.0000028 0.0090061 0.0089577 0.3109808 0.3105746 0.3161465 0.3133440 0.3100291 0.1049879 0.3100291 0.0107878 0.3158735 0.3136372 0.3136372 0.3104048 0.0107878 0.0086533 0.0108311 0.0129494 0.0129808 0.0108311 0.0107878 0.0108747 0.0086187 0.0086187 0.0129808 0.0129590 0.0129590 0.0087086 0.0108747 0.0151850 0.0129494 0.4656214 
HSV2_8                                  0.2131318 0.2081609 0.2131318 0.2180845 0.2173061 0.2046234 0.2081609 0.2087302 0.2130684 0.2081609 0.2122615 0.2122615 0.2081609 0.2122615 0.0000010 0.0000010 0.0000010 0.0000010 0.0070604 0.0000010 0.0000010 0.0000000 0.0000010 0.0035349 0.0000022 0.0000010 0.0070604 0.0039526 0.0070604 0.0000010 0.0070604 0.0035222 0.2174961 0.2130684 0.2125590 0.2171902 0.2081609 0.0661139 0.2081609 0.0070604 0.2169957 0.2174961 0.2174961 0.2081609 0.0070604 0.0035222 0.0070604 0.0070604 0.0070604 0.0070604 0.0070604 0.0070604 0.0035222 0.0035222 0.0070604 0.0106075 0.0106075 0.0070604 0.0070604 0.0070604 0.0105945 0.3691772 
HSV2_9                                  0.3064199 0.2987624 0.3064199 0.3024185 0.3016515 0.3000228 0.2946430 0.3030518 0.2985108 0.2946430 0.2969656 0.2969656 0.2946430 0.2969656 0.0000010 0.0000023 0.0000010 0.0000010 0.0119395 0.0000010 0.0000010 0.0000010 0.0000000 0.0095601 0.0000022 0.0000010 0.0100333 0.0059519 0.0119158 0.0000028 0.0099466 0.0095180 0.2988259 0.2985108 0.3045794 0.3015243 0.2979463 0.0984427 0.2979463 0.0119158 0.3012811 0.3018318 0.3018318 0.2946430 0.0119158 0.0095601 0.0119687 0.0143028 0.0119158 0.0119687 0.0119158 0.0119687 0.0095180 0.0095180 0.0119158 0.0143145 0.0143145 0.0096277 0.0119687 0.0143411 0.0143028 0.4415099 
HSV2_10                                 0.3261331 0.3189827 0.3261331 0.3223887 0.3244191 0.3202183 0.3151114 0.3230069 0.3187377 0.3151114 0.3211608 0.3206647 0.3185614 0.3206647 0.0095808 0.0092256 0.0088901 0.0000010 0.0000028 0.0054716 0.0086534 0.0035349 0.0095601 0.0000000 0.0000022 0.0095823 0.0000023 0.0000027 0.0000021 0.0031264 0.0000022 0.0000022 0.3192236 0.3187377 0.3212412 0.3215130 0.3181726 0.1098459 0.3181726 0.0000021 0.3240379 0.3218143 0.3218143 0.3185614 0.0000021 0.0000021 0.0000021 0.0021368 0.0021419 0.0000021 0.0000021 0.0000022 0.0000021 0.0000021 0.0021419 0.0021384 0.0021384 0.0000022 0.0000022 0.0042947 0.0021368 0.4602713 
HSV2_11                                 0.1509025 0.1509025 0.1509025 0.1509025 0.1509025 0.1509025 0.1509025 0.1636733 0.1509025 0.1509025 0.1636733 0.1636733 0.1509025 0.1636733 0.0000022 0.0000022 0.0000022 0.0000010 0.0000022 0.0000022 0.0000022 0.0000022 0.0000022 0.0000022 0.0000000 0.0000022 0.0000022 0.0000022 0.0000022 0.0000022 0.0000022 0.0000022 0.1509025 0.1509025 0.1509025 0.1509025 0.1509025 0.0589444 0.1509025 0.0000022 0.1639297 0.1509025 0.1509025 0.1509025 0.0000022 0.0000022 0.0000022 0.0000022 0.0000022 0.0000022 0.0000022 0.0000022 0.0000022 0.0000022 0.0000022 0.0114090 0.0114090 0.0000022 0.0000022 0.0000022 0.0000022 0.2607776 
HSV2_12                                 0.3072510 0.2995679 0.3072510 0.3032358 0.3024647 0.3008351 0.2954339 0.3038724 0.2993149 0.2954339 0.2977612 0.2977612 0.2954339 0.2977612 0.0000010 0.0000023 0.0000010 0.0000010 0.0119671 0.0000010 0.0000010 0.0000010 0.0000010 0.0095823 0.0000022 0.0000000 0.0101229 0.0060489 0.0119432 0.0000028 0.0100167 0.0095399 0.2996394 0.2993149 0.3053996 0.3023368 0.2987470 0.1015439 0.2987470 0.0119432 0.3020919 0.3026460 0.3026460 0.2954339 0.0119432 0.0095822 0.0119963 0.0119432 0.0143742 0.0119963 0.0119432 0.0120499 0.0095399 0.0095399 0.0143742 0.0143475 0.0143475 0.0096501 0.0120499 0.0168197 0.0143357 0.4399574 
HSV2_13                                 0.3116014 0.3037010 0.3116014 0.3074703 0.3097716 0.3050173 0.2994463 0.3081313 0.3034386 0.2994463 0.3030551 0.3025306 0.3025306 0.3025306 0.0101444 0.0098774 0.0098373 0.0000010 0.0000010 0.0082984 0.0097315 0.0070604 0.0100333 0.0000023 0.0000022 0.0101229 0.0000000 0.0000027 0.0000010 0.0062455 0.0000010 0.0024782 0.3038161 0.3034386 0.3028463 0.3065363 0.2994463 0.0965426 0.2994463 0.0000010 0.3093750 0.3068575 0.3068575 0.3025306 0.0000010 0.0024249 0.0000010 0.0024121 0.0024186 0.0000010 0.0000010 0.0000010 0.0024141 0.0024141 0.0024186 0.0024141 0.0024141 0.0000010 0.0000010 0.0024186 0.0024121 0.4431415 
HSV2_14                                 0.2515569 0.2432690 0.2515569 0.2474959 0.2501748 0.2444339 0.2432690 0.2478461 0.2432690 0.2432690 0.2471444 0.2466642 0.2432690 0.2466642 0.0060642 0.0058741 0.0058460 0.0000010 0.0000027 0.0064675 0.0056429 0.0039526 0.0059519 0.0000027 0.0000022 0.0060489 0.0000027 0.0000000 0.0000027 0.0035737 0.0000027 0.0000028 0.2429585 0.2432690 0.2469495 0.2466642 0.2432690 0.0624572 0.2432690 0.0000027 0.2540714 0.2469495 0.2469495 0.2432690 0.0000027 0.0000027 0.0000027 0.0027831 0.0000027 0.0000027 0.0000027 0.0000027 0.0000027 0.0000027 0.0000027 0.0027858 0.0027858 0.0000027 0.0000027 0.0000027 0.0000027 0.4134135 
HSV2_15                                 0.3367265 0.3301503 0.3367265 0.3333598 0.3352391 0.3311770 0.3264848 0.3337869 0.3299142 0.3264848 0.3321714 0.3316927 0.3297412 0.3316927 0.0119414 0.0114998 0.0110828 0.0000010 0.0000022 0.0081996 0.0107878 0.0070604 0.0119158 0.0000021 0.0000022 0.0119432 0.0000010 0.0000027 0.0000000 0.0062455 0.0000010 0.0022305 0.3304700 0.3299142 0.3380305 0.3325132 0.3293611 0.1174030 0.3293611 0.0000010 0.3348638 0.3302031 0.3328045 0.3297412 0.0000010 0.0019869 0.0000010 0.0019783 0.0019826 0.0000010 0.0000010 0.0000010 0.0019796 0.0039609 0.0019826 0.0019796 0.0019796 0.0000010 0.0000010 0.0039750 0.0019783 0.4944932 
HSV2_16                                 0.2724614 0.2629832 0.2724614 0.2726598 0.2717690 0.2643988 0.2629832 0.2682441 0.2677825 0.2629832 0.2668077 0.2668077 0.2629832 0.2668077 0.0000028 0.0000028 0.0000028 0.0000010 0.0062455 0.0000028 0.0000028 0.0000010 0.0000028 0.0031264 0.0000022 0.0000028 0.0062455 0.0035737 0.0062455 0.0000000 0.0063496 0.0031165 0.2719815 0.2677825 0.2671540 0.2716267 0.2629832 0.0926804 0.2629832 0.0062455 0.2713656 0.2719815 0.2719815 0.2629832 0.0062455 0.0031165 0.0062455 0.0062455 0.0062455 0.0062455 0.0062455 0.0062455 0.0031165 0.0031165 0.0062455 0.0093815 0.0093815 0.0062455 0.0062455 0.0062455 0.0062455 0.4051264 
HSV2_17                                 0.3101793 0.3029427 0.3101793 0.3103547 0.3124689 0.3041463 0.3029427 0.3070006 0.3066325 0.3029427 0.3098069 0.3093121 0.3064605 0.3093121 0.0100151 0.0096270 0.0092628 0.0000010 0.0000010 0.0084451 0.0090061 0.0070604 0.0099466 0.0000022 0.0000022 0.0100167 0.0000010 0.0000027 0.0000010 0.0063496 0.0000000 0.0023316 0.3070116 0.3066325 0.3060793 0.3094864 0.3029427 0.0886674 0.3029427 0.0000010 0.3120986 0.3097851 0.3097851 0.3064605 0.0000010 0.0022268 0.0000010 0.0022251 0.0000010 0.0000010 0.0000010 0.0000010 0.0022268 0.0022268 0.0000010 0.0022268 0.0022268 0.0000010 0.0000010 0.0000010 0.0022251 0.4634165 
HSV2_18                                 0.3219693 0.3145816 0.3219693 0.3181021 0.3173358 0.3158451 0.3105881 0.3187348 0.3143306 0.3105881 0.3163390 0.3163390 0.3141514 0.3163390 0.0095384 0.0093582 0.0089577 0.0000010 0.0022698 0.0054568 0.0089577 0.0035222 0.0095180 0.0000022 0.0000022 0.0095399 0.0024782 0.0000028 0.0022305 0.0031165 0.0023316 0.0000000 0.3147903 0.3143306 0.3201145 0.3172064 0.3137555 0.1074058 0.3137555 0.0022305 0.3169541 0.3175145 0.3175145 0.3141514 0.0022305 0.0000010 0.0022398 0.0044622 0.0044733 0.0022398 0.0022305 0.0022491 0.0000010 0.0000010 0.0044733 0.0044656 0.0044656 0.0022523 0.0022491 0.0067285 0.0044622 0.4593203 
JN420337_Human_herpesvirus_1            0.0244111 0.0100700 0.0244111 0.0060159 0.0060036 0.0203211 0.0040062 0.0223589 0.0019998 0.0040062 0.0120667 0.0100367 0.0100559 0.0100367 0.2995648 0.3049257 0.3073800 0.1863528 0.3151125 0.2966465 0.3109808 0.2174961 0.2988259 0.3192236 0.1509025 0.2996394 0.3038161 0.2429585 0.3304700 0.2719815 0.3070116 0.3147903 0.0000000 0.0019998 0.0120636 0.0040007 0.0060149 0.3042742 0.0060149 0.3372571 0.0120524 0.0040040 0.0019977 0.0100559 0.3372571 0.3357461 0.3389297 0.3398763 0.3345135 0.3389297 0.3345304 0.3368500 0.3340936 0.3368328 0.3345135 0.3401760 0.3401760 0.3344574 0.3368500 0.3317743 0.3398763 0.5148122 
JN420338_Human_herpesvirus_1            0.0221620 0.0079793 0.0221620 0.0039726 0.0039646 0.0181135 0.0019841 0.0201312 0.0000010 0.0019841 0.0099601 0.0079532 0.0079683 0.0079532 0.2992412 0.3045567 0.3069999 0.1863528 0.3146566 0.2928443 0.3105746 0.2130684 0.2985108 0.3187377 0.1509025 0.2993149 0.3034386 0.2432690 0.3299142 0.2677825 0.3066325 0.3143306 0.0019998 0.0000000 0.0099576 0.0019814 0.0039719 0.3039587 0.0039719 0.3366416 0.0099484 0.0059625 0.0039665 0.0079683 0.3366416 0.3351424 0.3382960 0.3392373 0.3339231 0.3382960 0.3339397 0.3362344 0.3335078 0.3362221 0.3339231 0.3395338 0.3395338 0.3338637 0.3362344 0.3312089 0.3392373 0.5166978 
JN420340_Human_herpesvirus_1            0.0282592 0.0139899 0.0282592 0.0139786 0.0139502 0.0241968 0.0079512 0.0262197 0.0099576 0.0079512 0.0159658 0.0139439 0.0139705 0.0139439 0.3053238 0.3104663 0.3126982 0.1863528 0.3172176 0.2922125 0.3161465 0.2125590 0.3045794 0.3212412 0.1509025 0.3053996 0.3028463 0.2469495 0.3380305 0.2671540 0.3060793 0.3201145 0.0120636 0.0099576 0.0000000 0.0119520 0.0059557 0.3119303 0.0059557 0.3447494 0.0159469 0.0159852 0.0139570 0.0139705 0.3447494 0.3432721 0.3464488 0.3473518 0.3420214 0.3464488 0.3420391 0.3443935 0.3415939 0.3443176 0.3420214 0.3476557 0.3476557 0.3361986 0.3443935 0.3392975 0.3473518 0.5243263 
JN420341_Human_herpesvirus_1            0.0241829 0.0099766 0.0241829 0.0059603 0.0059483 0.0201312 0.0039692 0.0221499 0.0019814 0.0039692 0.0119551 0.0099439 0.0099628 0.0099439 0.3022620 0.3074924 0.3098313 0.1863528 0.3174894 0.2962997 0.3133440 0.2171902 0.3015243 0.3215130 0.1509025 0.3023368 0.3065363 0.2466642 0.3325132 0.2716267 0.3094864 0.3172064 0.0040007 0.0019814 0.0119520 0.0000000 0.0059594 0.3033707 0.0059594 0.3392373 0.0119410 0.0079519 0.0059512 0.0099628 0.3392373 0.3377451 0.3409055 0.3418344 0.3365159 0.3409055 0.3365329 0.3388461 0.3360967 0.3388139 0.3365159 0.3421333 0.3421333 0.3364740 0.3388461 0.3337988 0.3418344 0.5153778 
JN420342_Human_herpesvirus_1            0.0221407 0.0079718 0.0221407 0.0079654 0.0079493 0.0180962 0.0019823 0.0201119 0.0039719 0.0019823 0.0099508 0.0079458 0.0079608 0.0079458 0.2986737 0.3039927 0.3064503 0.1863528 0.3109688 0.2884348 0.3100291 0.2081609 0.2979463 0.3181726 0.1509025 0.2987470 0.2994463 0.2432690 0.3293611 0.2629832 0.3029427 0.3137555 0.0060149 0.0039719 0.0059557 0.0059594 0.0000000 0.3034687 0.0000010 0.3360747 0.0099391 0.0099628 0.0079532 0.0079608 0.3360747 0.3345772 0.3377225 0.3386643 0.3333627 0.3377225 0.3333792 0.3356648 0.3329491 0.3356569 0.3333627 0.3389597 0.3389597 0.3304072 0.3356648 0.3306550 0.3386643 0.5156859 
JQ360576_Chimpanzee_alpha-1_herpesvirus 0.3171280 0.3041754 0.3171280 0.3072843 0.3091827 0.3086144 0.3006612 0.3111909 0.3039587 0.3006612 0.3087829 0.3087829 0.3097295 0.3087829 0.1015261 0.1032880 0.1034884 0.0857084 0.1099786 0.1020311 0.1049879 0.0661139 0.0984427 0.1098459 0.0589444 0.1015439 0.0965426 0.0624572 0.1174030 0.0926804 0.0886674 0.1074058 0.3042742 0.3039587 0.3119303 0.3033707 0.3034687 0.0000000 0.3034687 0.1165514 0.3088565 0.3095537 0.3061856 0.3097295 0.1165514 0.1146882 0.1170292 0.1187423 0.1143327 0.1170292 0.1167588 0.1150059 0.1142209 0.1164373 0.1143327 0.1188318 0.1188318 0.1129180 0.1150059 0.1121164 0.1187423 0.4895533 
KF498959_Human_herpesvirus_1            0.0221407 0.0079718 0.0221407 0.0079654 0.0079493 0.0180962 0.0019823 0.0201119 0.0039719 0.0019823 0.0099508 0.0079458 0.0079608 0.0079458 0.2986737 0.3039927 0.3064503 0.1863528 0.3109688 0.2884348 0.3100291 0.2081609 0.2979463 0.3181726 0.1509025 0.2987470 0.2994463 0.2432690 0.3293611 0.2629832 0.3029427 0.3137555 0.0060149 0.0039719 0.0059557 0.0059594 0.0000010 0.3034687 0.0000000 0.3360747 0.0099391 0.0099628 0.0079532 0.0079608 0.3360747 0.3345772 0.3377225 0.3386643 0.3333627 0.3377225 0.3333792 0.3356648 0.3329491 0.3356569 0.3333627 0.3389597 0.3389597 0.3304072 0.3356648 0.3306550 0.3386643 0.5156859 
KF781518_Human_herpesvirus_2            0.3441499 0.3368814 0.3441499 0.3400992 0.3419629 0.3385879 0.3331964 0.3411993 0.3366416 0.3331964 0.3388886 0.3384018 0.3364639 0.3384018 0.0119414 0.0114998 0.0110828 0.0000010 0.0000022 0.0081996 0.0107878 0.0070604 0.0119158 0.0000021 0.0000022 0.0119432 0.0000010 0.0000027 0.0000010 0.0062455 0.0000010 0.0022305 0.3372571 0.3366416 0.3447494 0.3392373 0.3360747 0.1165514 0.3360747 0.0000000 0.3415765 0.3362829 0.3388762 0.3364639 0.0000010 0.0019735 0.0000010 0.0019650 0.0019693 0.0000010 0.0000010 0.0000010 0.0019664 0.0039344 0.0019693 0.0019664 0.0019664 0.0000010 0.0000010 0.0039483 0.0019650 0.4994056 
KJ847330_Human_herpesvirus_1            0.0282335 0.0139770 0.0282335 0.0139658 0.0099315 0.0241747 0.0079439 0.0261958 0.0099484 0.0079439 0.0159511 0.0139311 0.0139576 0.0139311 0.3020173 0.3101817 0.3124219 0.2188376 0.3200713 0.2960289 0.3158735 0.2169957 0.3012811 0.3240379 0.1639297 0.3020919 0.3093750 0.2540714 0.3348638 0.2713656 0.3120986 0.3169541 0.0120524 0.0099484 0.0159469 0.0119410 0.0099391 0.3088565 0.0099391 0.3415765 0.0000000 0.0159705 0.0139442 0.0139576 0.3415765 0.3400926 0.3432550 0.3441724 0.3388560 0.3432550 0.3388733 0.3412003 0.3384339 0.3411501 0.3388560 0.3445176 0.3445176 0.3388307 0.3412003 0.3361397 0.3441724 0.5217748 
KM222720_Human_herpesvirus_1            0.0241997 0.0140106 0.0241997 0.0099644 0.0099443 0.0201452 0.0079628 0.0221654 0.0059625 0.0079628 0.0159894 0.0139644 0.0139911 0.0139644 0.3025710 0.3077977 0.3101279 0.1863528 0.3177931 0.2966465 0.3136372 0.2174961 0.3018318 0.3218143 0.1509025 0.3026460 0.3068575 0.2469495 0.3302031 0.2719815 0.3097851 0.3175145 0.0040040 0.0059625 0.0159852 0.0079519 0.0099628 0.3095537 0.0099628 0.3362829 0.0159705 0.0000000 0.0019807 0.0139911 0.3362829 0.3347839 0.3379340 0.3388762 0.3335670 0.3379340 0.3342314 0.3358738 0.3331526 0.3358642 0.3335670 0.3391721 0.3391721 0.3335052 0.3358738 0.3308554 0.3388762 0.5164531 
KM222726_Human_herpesvirus_1            0.0262230 0.0119832 0.0262230 0.0079545 0.0079384 0.0221654 0.0059594 0.0241865 0.0039665 0.0059594 0.0139606 0.0119438 0.0119666 0.0119438 0.3025710 0.3077977 0.3101279 0.1863528 0.3177931 0.2966465 0.3136372 0.2174961 0.3018318 0.3218143 0.1509025 0.3026460 0.3068575 0.2469495 0.3328045 0.2719815 0.3097851 0.3175145 0.0019977 0.0039665 0.0139570 0.0059512 0.0079532 0.3061856 0.0079532 0.3388762 0.0139442 0.0019807 0.0000000 0.0119666 0.3388762 0.3373843 0.3405412 0.3414710 0.3361574 0.3405412 0.3368269 0.3384831 0.3357392 0.3384537 0.3361574 0.3417693 0.3417693 0.3361131 0.3384831 0.3334430 0.3414710 0.5201494 
KM222727_Human_herpesvirus_1            0.0262487 0.0119948 0.0262487 0.0119851 0.0119607 0.0221871 0.0059651 0.0242102 0.0079683 0.0059651 0.0099466 0.0079425 0.0000010 0.0079425 0.2953617 0.3007686 0.3068291 0.1863528 0.3144798 0.2918732 0.3104048 0.2081609 0.2946430 0.3185614 0.1509025 0.2954339 0.3025306 0.2432690 0.3297412 0.2629832 0.3064605 0.3141514 0.0100559 0.0079683 0.0139705 0.0099628 0.0079608 0.3097295 0.0079608 0.3364639 0.0139576 0.0139911 0.0119666 0.0000000 0.3364639 0.3349653 0.3381161 0.3390575 0.3337475 0.3381161 0.3337641 0.3360558 0.3333328 0.3360449 0.3337475 0.3393536 0.3393536 0.3336870 0.3360558 0.3310355 0.3390575 0.5109995 
KP192856_Human_herpesvirus_2            0.3441499 0.3368814 0.3441499 0.3400992 0.3419629 0.3385879 0.3331964 0.3411993 0.3366416 0.3331964 0.3388886 0.3384018 0.3364639 0.3384018 0.0119414 0.0114998 0.0110828 0.0000010 0.0000022 0.0081996 0.0107878 0.0070604 0.0119158 0.0000021 0.0000022 0.0119432 0.0000010 0.0000027 0.0000010 0.0062455 0.0000010 0.0022305 0.3372571 0.3366416 0.3447494 0.3392373 0.3360747 0.1165514 0.3360747 0.0000010 0.3415765 0.3362829 0.3388762 0.3364639 0.0000000 0.0019735 0.0000010 0.0019650 0.0019693 0.0000010 0.0000010 0.0000010 0.0019664 0.0039344 0.0019693 0.0019664 0.0019664 0.0000010 0.0000010 0.0039483 0.0019650 0.4994056 
KR135300_Human_herpesvirus_2            0.3389157 0.3316923 0.3389157 0.3386058 0.3404775 0.3333701 0.3316923 0.3359769 0.3351424 0.3316923 0.3373972 0.3369110 0.3349653 0.3369110 0.0095807 0.0092254 0.0088890 0.0000010 0.0021962 0.0054568 0.0086533 0.0035222 0.0095601 0.0000021 0.0000022 0.0095822 0.0024249 0.0000027 0.0019869 0.0031165 0.0022268 0.0000010 0.3357461 0.3351424 0.3432721 0.3377451 0.3345772 0.1146882 0.3345772 0.0019735 0.3400926 0.3347839 0.3373843 0.3349653 0.0019735 0.0000000 0.0019735 0.0039480 0.0039567 0.0019735 0.0019768 0.0019808 0.0000010 0.0019718 0.0039567 0.0039507 0.0039507 0.0019906 0.0019808 0.0059497 0.0039480 0.4945341 
KR135303_Human_herpesvirus_2            0.3420894 0.3348275 0.3420894 0.3417762 0.3436465 0.3365253 0.3348275 0.3391389 0.3382960 0.3348275 0.3405532 0.3400616 0.3381161 0.3400616 0.0119945 0.0115491 0.0111285 0.0000010 0.0000022 0.0081996 0.0108311 0.0070604 0.0119687 0.0000021 0.0000022 0.0119963 0.0000010 0.0000027 0.0000010 0.0062455 0.0000010 0.0022398 0.3389297 0.3382960 0.3464488 0.3409055 0.3377225 0.1170292 0.3377225 0.0000010 0.3432550 0.3379340 0.3405412 0.3381161 0.0000010 0.0019735 0.0000000 0.0019722 0.0019765 0.0000010 0.0000010 0.0000010 0.0019735 0.0039488 0.0019765 0.0019735 0.0019735 0.0000010 0.0000010 0.0039628 0.0019722 0.4994056 
KR135304_Human_herpesvirus_2            0.3467678 0.3394787 0.3467678 0.3427032 0.3445626 0.3411993 0.3357822 0.3438121 0.3392373 0.3357822 0.3414827 0.3409922 0.3390575 0.3409922 0.0119414 0.0138031 0.0133028 0.0000010 0.0021857 0.0081996 0.0129494 0.0070604 0.0143028 0.0021368 0.0000022 0.0119432 0.0024121 0.0027831 0.0019783 0.0062455 0.0022251 0.0044622 0.3398763 0.3392373 0.3473518 0.3418344 0.3386643 0.1187423 0.3386643 0.0019650 0.3441724 0.3388762 0.3414710 0.3390575 0.0019650 0.0039480 0.0019722 0.0000000 0.0039396 0.0019722 0.0019682 0.0019794 0.0039337 0.0059031 0.0039396 0.0039337 0.0039337 0.0019820 0.0019794 0.0059239 0.0039310 0.4981318 
KR135307_Human_herpesvirus_2            0.3414043 0.3341610 0.3414043 0.3373702 0.3392373 0.3358521 0.3304898 0.3384605 0.3339231 0.3304898 0.3361706 0.3356878 0.3337475 0.3356878 0.0143720 0.0138388 0.0133359 0.0000010 0.0021910 0.0081996 0.0129808 0.0070604 0.0119158 0.0021419 0.0000022 0.0143742 0.0024186 0.0000027 0.0019826 0.0062455 0.0000010 0.0044733 0.3345135 0.3339231 0.3420214 0.3365159 0.3333627 0.1143327 0.3333627 0.0019693 0.3388560 0.3335670 0.3361574 0.3337475 0.0019693 0.0039567 0.0019765 0.0039396 0.0000000 0.0019765 0.0019726 0.0000010 0.0039423 0.0059161 0.0000010 0.0039423 0.0039423 0.0019864 0.0000010 0.0019733 0.0039396 0.4994056 
KR135312_Human_herpesvirus_2            0.3420894 0.3348275 0.3420894 0.3417762 0.3436465 0.3365253 0.3348275 0.3391389 0.3382960 0.3348275 0.3405532 0.3400616 0.3381161 0.3400616 0.0119945 0.0115491 0.0111285 0.0000010 0.0000022 0.0081996 0.0108311 0.0070604 0.0119687 0.0000021 0.0000022 0.0119963 0.0000010 0.0000027 0.0000010 0.0062455 0.0000010 0.0022398 0.3389297 0.3382960 0.3464488 0.3409055 0.3377225 0.1170292 0.3377225 0.0000010 0.3432550 0.3379340 0.3405412 0.3381161 0.0000010 0.0019735 0.0000010 0.0019722 0.0019765 0.0000000 0.0000010 0.0000010 0.0019735 0.0039488 0.0019765 0.0019735 0.0019735 0.0000010 0.0000010 0.0039628 0.0019722 0.4994056 
KR135314_Human_herpesvirus_2            0.3414224 0.3341777 0.3414224 0.3373875 0.3392547 0.3358692 0.3305059 0.3384781 0.3339397 0.3305059 0.3361876 0.3357047 0.3337641 0.3357047 0.0119414 0.0114998 0.0110828 0.0000010 0.0000022 0.0081996 0.0107878 0.0070604 0.0119158 0.0000021 0.0000022 0.0119432 0.0000010 0.0000027 0.0000010 0.0062455 0.0000010 0.0022305 0.3345304 0.3339397 0.3420391 0.3365329 0.3333792 0.1167588 0.3333792 0.0000010 0.3388733 0.3342314 0.3368269 0.3337641 0.0000010 0.0019768 0.0000010 0.0019682 0.0019726 0.0000010 0.0000000 0.0000010 0.0019696 0.0039409 0.0019726 0.0019696 0.0019696 0.0000010 0.0000010 0.0039548 0.0019682 0.4955206 
KR135315_Human_herpesvirus_2            0.3400244 0.3327690 0.3400244 0.3397125 0.3415885 0.3344581 0.3327690 0.3370739 0.3362344 0.3327690 0.3384958 0.3380064 0.3360558 0.3380064 0.0120480 0.0115987 0.0111746 0.0000010 0.0000022 0.0081996 0.0108747 0.0070604 0.0119687 0.0000022 0.0000022 0.0120499 0.0000010 0.0000027 0.0000010 0.0062455 0.0000010 0.0022491 0.3368500 0.3362344 0.3443935 0.3388461 0.3356648 0.1150059 0.3356648 0.0000010 0.3412003 0.3358738 0.3384831 0.3360558 0.0000010 0.0019808 0.0000010 0.0019794 0.0000010 0.0000010 0.0000010 0.0000000 0.0019808 0.0039633 0.0000010 0.0019808 0.0019808 0.0000010 0.0000010 0.0019838 0.0019794 0.4994056 
KR135317_Human_herpesvirus_2            0.3409750 0.3337451 0.3409750 0.3369488 0.3388139 0.3354316 0.3300809 0.3380361 0.3335078 0.3300809 0.3357524 0.3352709 0.3333328 0.3352709 0.0095384 0.0091862 0.0088526 0.0000010 0.0021873 0.0054568 0.0086187 0.0035222 0.0095180 0.0000021 0.0000022 0.0095399 0.0024141 0.0000027 0.0019796 0.0031165 0.0022268 0.0000010 0.3340936 0.3335078 0.3415939 0.3360967 0.3329491 0.1142209 0.3329491 0.0019664 0.3384339 0.3331526 0.3357392 0.3333328 0.0019664 0.0000010 0.0019735 0.0039337 0.0039423 0.0019735 0.0019696 0.0019808 0.0000000 0.0019647 0.0039423 0.0039363 0.0039363 0.0019833 0.0019808 0.0059279 0.0039337 0.4945341 
KR135318_Human_herpesvirus_2            0.3437162 0.3364612 0.3437162 0.3396735 0.3415352 0.3381632 0.3327832 0.3407706 0.3362221 0.3327832 0.3384662 0.3379807 0.3360449 0.3379807 0.0095384 0.0091862 0.0088526 0.0000010 0.0021873 0.0054568 0.0086187 0.0035222 0.0095180 0.0000021 0.0000022 0.0095399 0.0024141 0.0000027 0.0039609 0.0031165 0.0022268 0.0000010 0.3368328 0.3362221 0.3443176 0.3388139 0.3356569 0.1164373 0.3356569 0.0039344 0.3411501 0.3358642 0.3384537 0.3360449 0.0039344 0.0019718 0.0039488 0.0059031 0.0059161 0.0039488 0.0039409 0.0039633 0.0019647 0.0000000 0.0059161 0.0059071 0.0059071 0.0039684 0.0039633 0.0079074 0.0059031 0.4984794 
KR135319_Human_herpesvirus_2            0.3414043 0.3341610 0.3414043 0.3373702 0.3392373 0.3358521 0.3304898 0.3384605 0.3339231 0.3304898 0.3361706 0.3356878 0.3337475 0.3356878 0.0143720 0.0138388 0.0133359 0.0000010 0.0021910 0.0081996 0.0129808 0.0070604 0.0119158 0.0021419 0.0000022 0.0143742 0.0024186 0.0000027 0.0019826 0.0062455 0.0000010 0.0044733 0.3345135 0.3339231 0.3420214 0.3365159 0.3333627 0.1143327 0.3333627 0.0019693 0.3388560 0.3335670 0.3361574 0.3337475 0.0019693 0.0039567 0.0019765 0.0039396 0.0000010 0.0019765 0.0019726 0.0000010 0.0039423 0.0059161 0.0000000 0.0039423 0.0039423 0.0019864 0.0000010 0.0019733 0.0039396 0.4994056 
KR135324_Human_herpesvirus_2            0.3470732 0.3397756 0.3470732 0.3430036 0.3448642 0.3414992 0.3360747 0.3441145 0.3395338 0.3360747 0.3417809 0.3412896 0.3393536 0.3412896 0.0143453 0.0138141 0.0133130 0.0271904 0.0021873 0.0109465 0.0129590 0.0106075 0.0143145 0.0021384 0.0114090 0.0143475 0.0024141 0.0027858 0.0019796 0.0093815 0.0022268 0.0044656 0.3401760 0.3395338 0.3476557 0.3421333 0.3389597 0.1188318 0.3389597 0.0019664 0.3445176 0.3391721 0.3417693 0.3393536 0.0019664 0.0039507 0.0019735 0.0039337 0.0039423 0.0019735 0.0019696 0.0019808 0.0039363 0.0059071 0.0039423 0.0000000 0.0000010 0.0019833 0.0019808 0.0059279 0.0039337 0.5036739 
KR135326_Human_herpesvirus_2            0.3470732 0.3397756 0.3470732 0.3430036 0.3448642 0.3414992 0.3360747 0.3441145 0.3395338 0.3360747 0.3417809 0.3412896 0.3393536 0.3412896 0.0143453 0.0138141 0.0133130 0.0271904 0.0021873 0.0109465 0.0129590 0.0106075 0.0143145 0.0021384 0.0114090 0.0143475 0.0024141 0.0027858 0.0019796 0.0093815 0.0022268 0.0044656 0.3401760 0.3395338 0.3476557 0.3421333 0.3389597 0.1188318 0.3389597 0.0019664 0.3445176 0.3391721 0.3417693 0.3393536 0.0019664 0.0039507 0.0019735 0.0039337 0.0039423 0.0019735 0.0019696 0.0019808 0.0039363 0.0059071 0.0039423 0.0000010 0.0000000 0.0019833 0.0019808 0.0059279 0.0039337 0.5036739 
KR135327_Human_herpesvirus_2            0.3413958 0.3341032 0.3413958 0.3373342 0.3392146 0.3358057 0.3304072 0.3384320 0.3338637 0.3304072 0.3361264 0.3356403 0.3336870 0.3356403 0.0096486 0.0092883 0.0089484 0.0000010 0.0000010 0.0081996 0.0087086 0.0070604 0.0096277 0.0000022 0.0000022 0.0096501 0.0000010 0.0000027 0.0000010 0.0062455 0.0000010 0.0022523 0.3344574 0.3338637 0.3361986 0.3364740 0.3304072 0.1129180 0.3304072 0.0000010 0.3388307 0.3335052 0.3361131 0.3336870 0.0000010 0.0019906 0.0000010 0.0019820 0.0019864 0.0000010 0.0000010 0.0000010 0.0019833 0.0039684 0.0019864 0.0019833 0.0019833 0.0000000 0.0000010 0.0019864 0.0019820 0.4994056 
KR135328_Human_herpesvirus_2            0.3400244 0.3327690 0.3400244 0.3397125 0.3415885 0.3344581 0.3327690 0.3370739 0.3362344 0.3327690 0.3384958 0.3380064 0.3360558 0.3380064 0.0120480 0.0115987 0.0111746 0.0000010 0.0000022 0.0081996 0.0108747 0.0070604 0.0119687 0.0000022 0.0000022 0.0120499 0.0000010 0.0000027 0.0000010 0.0062455 0.0000010 0.0022491 0.3368500 0.3362344 0.3443935 0.3388461 0.3356648 0.1150059 0.3356648 0.0000010 0.3412003 0.3358738 0.3384831 0.3360558 0.0000010 0.0019808 0.0000010 0.0019794 0.0000010 0.0000010 0.0000010 0.0000010 0.0019808 0.0039633 0.0000010 0.0019808 0.0019808 0.0000010 0.0000000 0.0019838 0.0019794 0.4994056 
KR135330_Human_herpesvirus_2            0.3386632 0.3314449 0.3386632 0.3346455 0.3365159 0.3331207 0.3277876 0.3357261 0.3312089 0.3277876 0.3334568 0.3329781 0.3310355 0.3329781 0.0168171 0.0161916 0.0156015 0.0000010 0.0043943 0.0081996 0.0151850 0.0070604 0.0143411 0.0042947 0.0000022 0.0168197 0.0024186 0.0000027 0.0039750 0.0062455 0.0000010 0.0067285 0.3317743 0.3312089 0.3392975 0.3337988 0.3306550 0.1121164 0.3306550 0.0039483 0.3361397 0.3308554 0.3334430 0.3310355 0.0039483 0.0059497 0.0039628 0.0059239 0.0019733 0.0039628 0.0039548 0.0019838 0.0059279 0.0079074 0.0019733 0.0059279 0.0059279 0.0019864 0.0019838 0.0000000 0.0059239 0.4994056 
