44
HM585496_Human_herpesvirus_1            0.0000000 0.0039415 0.0019716 0.0000010 0.0019709 0.0059266 0.0059266 0.0019716 0.0039398 0.0039398 0.0019683 0.1616120 0.1643065 0.1592572 0.1220878 0.1614296 0.1596244 0.1589459 0.1592572 0.1617598 0.1616120 0.1150391 0.1608127 0.1599150 0.1614296 0.1589976 0.0039463 0.0019692 0.0019692 0.0019683 0.0019683 0.1684414 0.0039398 0.0039398 0.0078956 0.0019703 0.0039454 0.0039454 0.0019683 0.1615159 0.1642110 0.1638807 0.1592171 0.2671734 
HM585497_Human_herpesvirus_1            0.0039415 0.0000000 0.0059267 0.0039415 0.0059249 0.0098989 0.0098989 0.0059267 0.0078956 0.0078956 0.0059170 0.1567633 0.1594368 0.1544190 0.1158698 0.1565873 0.1547738 0.1541186 0.1544190 0.1569069 0.1567633 0.1084198 0.1559225 0.1550558 0.1565873 0.1540315 0.0079086 0.0059196 0.0059196 0.0059170 0.0059170 0.1635741 0.0078956 0.0078956 0.0118691 0.0059229 0.0079069 0.0079069 0.0059170 0.1566705 0.1593444 0.1590246 0.1543811 0.2709753 
HM585498_Human_herpesvirus_1            0.0019716 0.0059267 0.0000000 0.0019716 0.0039515 0.0079215 0.0079215 0.0000010 0.0059241 0.0059241 0.0039463 0.1590012 0.1616815 0.1566545 0.1254607 0.1641075 0.1570147 0.1616120 0.1566545 0.1644440 0.1590012 0.1150391 0.1635164 0.1626013 0.1641075 0.1617410 0.0059339 0.0039480 0.0039480 0.0039463 0.0039463 0.1711426 0.0059241 0.0059241 0.0098948 0.0039502 0.0059326 0.0059326 0.0039463 0.1641956 0.1669072 0.1665710 0.1618884 0.2638255 
HM585499_Human_herpesvirus_1            0.0000010 0.0039415 0.0019716 0.0000000 0.0019709 0.0059266 0.0059266 0.0019716 0.0039398 0.0039398 0.0019683 0.1616120 0.1643065 0.1592572 0.1220878 0.1614296 0.1596244 0.1589459 0.1592572 0.1617598 0.1616120 0.1150391 0.1608127 0.1599150 0.1614296 0.1589976 0.0039463 0.0019692 0.0019692 0.0019683 0.0019683 0.1684414 0.0039398 0.0039398 0.0078956 0.0019703 0.0039454 0.0039454 0.0019683 0.1615159 0.1642110 0.1638807 0.1592171 0.2671734 
HM585502_Human_herpesvirus_1            0.0019709 0.0059249 0.0039515 0.0019709 0.0000000 0.0079190 0.0079190 0.0039515 0.0059223 0.0059223 0.0039450 0.1642363 0.1669460 0.1618734 0.1254030 0.1640502 0.1622477 0.1615557 0.1618734 0.1643865 0.1642363 0.1185589 0.1634587 0.1625442 0.1640502 0.1616829 0.0059321 0.0039468 0.0039468 0.0039450 0.0039450 0.1710828 0.0059223 0.0059223 0.0098917 0.0039489 0.0059308 0.0059308 0.0039450 0.1641382 0.1668487 0.1665127 0.1618318 0.2705419 
HM585504_Human_herpesvirus_1            0.0059266 0.0098989 0.0079215 0.0059266 0.0079190 0.0000000 0.0000010 0.0079215 0.0098945 0.0098945 0.0079084 0.1664913 0.1692076 0.1641249 0.1251026 0.1663024 0.1645046 0.1638023 0.1641249 0.1666432 0.1664913 0.1149550 0.1657329 0.1622445 0.1663024 0.1613780 0.0099108 0.0079119 0.0079119 0.0079084 0.0079084 0.1708597 0.0098945 0.0098945 0.0119450 0.0079163 0.0099087 0.0099087 0.0079084 0.1663918 0.1691090 0.1687685 0.1640823 0.2733559 
HM585509_Human_herpesvirus_1            0.0059266 0.0098989 0.0079215 0.0059266 0.0079190 0.0000010 0.0000000 0.0079215 0.0098945 0.0098945 0.0079084 0.1664913 0.1692076 0.1641249 0.1251026 0.1663024 0.1645046 0.1638023 0.1641249 0.1666432 0.1664913 0.1149550 0.1657329 0.1622445 0.1663024 0.1613780 0.0099108 0.0079119 0.0079119 0.0079084 0.0079084 0.1708597 0.0098945 0.0098945 0.0119450 0.0079163 0.0099087 0.0099087 0.0079084 0.1663918 0.1691090 0.1687685 0.1640823 0.2733559 
HM585511_Human_herpesvirus_1            0.0019716 0.0059267 0.0000010 0.0019716 0.0039515 0.0079215 0.0079215 0.0000000 0.0059241 0.0059241 0.0039463 0.1590012 0.1616815 0.1566545 0.1254607 0.1641075 0.1570147 0.1616120 0.1566545 0.1644440 0.1590012 0.1150391 0.1635164 0.1626013 0.1641075 0.1617410 0.0059339 0.0039480 0.0039480 0.0039463 0.0039463 0.1711426 0.0059241 0.0059241 0.0098948 0.0039502 0.0059326 0.0059326 0.0039463 0.1641956 0.1669072 0.1665710 0.1618884 0.2638255 
HM585512_Human_herpesvirus_1            0.0039398 0.0078956 0.0059241 0.0039398 0.0059223 0.0098945 0.0098945 0.0059241 0.0000000 0.0000010 0.0019674 0.1615138 0.1642061 0.1591608 0.1251420 0.1613316 0.1595275 0.1588498 0.1591608 0.1616614 0.1615138 0.1182959 0.1607142 0.1598176 0.1613316 0.1588988 0.0079052 0.0059170 0.0059170 0.0059144 0.0059144 0.1683384 0.0039380 0.0039380 0.0078919 0.0059203 0.0079034 0.0079034 0.0019674 0.1614178 0.1641107 0.1637809 0.1591207 0.2728423 
HM585513_Human_herpesvirus_1            0.0039398 0.0078956 0.0059241 0.0039398 0.0059223 0.0098945 0.0098945 0.0059241 0.0000010 0.0000000 0.0019674 0.1615138 0.1642061 0.1591608 0.1251420 0.1613316 0.1595275 0.1588498 0.1591608 0.1616614 0.1615138 0.1182959 0.1607142 0.1598176 0.1613316 0.1588988 0.0079052 0.0059170 0.0059170 0.0059144 0.0059144 0.1683384 0.0039380 0.0039380 0.0078919 0.0059203 0.0079034 0.0079034 0.0019674 0.1614178 0.1641107 0.1637809 0.1591207 0.2728423 
HM585514_Human_herpesvirus_1            0.0019683 0.0059170 0.0039463 0.0019683 0.0039450 0.0079084 0.0079084 0.0039463 0.0019674 0.0019674 0.0000000 0.1591608 0.1618443 0.1568116 0.1220878 0.1589816 0.1571724 0.1565058 0.1568116 0.1593064 0.1591608 0.1150391 0.1583405 0.1574587 0.1589816 0.1564873 0.0059241 0.0039415 0.0039415 0.0039398 0.0039398 0.1659803 0.0019674 0.0019674 0.0059143 0.0039437 0.0059229 0.0059229 0.0000010 0.1590664 0.1617504 0.1614255 0.1567726 0.2700054 
HSV2_1                                  0.1616120 0.1567633 0.1590012 0.1616120 0.1642363 0.1664913 0.1664913 0.1590012 0.1615138 0.1615138 0.1591608 0.0000000 0.0059469 0.0019754 0.0053859 0.0099333 0.0019794 0.0019771 0.0019754 0.0099522 0.0000010 0.0000024 0.0039983 0.0099902 0.0099333 0.0020339 0.1666624 0.1640665 0.1640665 0.1622382 0.1622382 0.0596764 0.1615138 0.1615138 0.1591904 0.1641629 0.1666273 0.1666273 0.1591608 0.0119415 0.0159784 0.0119362 0.0079474 0.2861313 
HSV2_2                                  0.1643065 0.1594368 0.1616815 0.1643065 0.1669460 0.1692076 0.1692076 0.1616815 0.1642061 0.1642061 0.1618443 0.0059469 0.0000000 0.0039614 0.0108025 0.0159715 0.0039695 0.0079462 0.0039614 0.0159715 0.0059469 0.0057881 0.0100441 0.0160619 0.0159715 0.0081756 0.1693816 0.1667729 0.1667729 0.1649419 0.1649419 0.0661744 0.1642061 0.1642061 0.1618742 0.1668710 0.1693459 0.1693459 0.1618443 0.0179989 0.0220347 0.0179907 0.0139497 0.2890161 
HSV2_3                                  0.1592572 0.1544190 0.1566545 0.1592572 0.1618734 0.1641249 0.1641249 0.1566545 0.1591608 0.1591608 0.1568116 0.0019754 0.0039614 0.0000000 0.0080929 0.0119365 0.0000010 0.0039592 0.0000010 0.0119590 0.0019754 0.0028906 0.0060052 0.0120037 0.0119365 0.0040731 0.1642938 0.1617062 0.1617062 0.1598763 0.1598763 0.0618165 0.1591608 0.1591608 0.1568411 0.1618012 0.1642591 0.1642591 0.1568116 0.0139497 0.0179989 0.0139434 0.0099469 0.2832512 
HSV2_4                                  0.1220878 0.1158698 0.1254607 0.1220878 0.1254030 0.1251026 0.1251026 0.1254607 0.1251420 0.1251420 0.1220878 0.0053859 0.0108025 0.0080929 0.0000000 0.0026834 0.0081154 0.0026834 0.0080929 0.0026834 0.0053859 0.0000024 0.0026834 0.0026834 0.0026834 0.0026834 0.1285303 0.1252341 0.1252341 0.1227567 0.1227567 0.0443436 0.1251420 0.1251420 0.1252242 0.1253321 0.1284933 0.1284933 0.1220878 0.0053804 0.0080697 0.0053771 0.0026834 0.2721037 
HSV2_5                                  0.1614296 0.1565873 0.1641075 0.1614296 0.1640502 0.1663024 0.1663024 0.1641075 0.1613316 0.1613316 0.1589816 0.0099333 0.0159715 0.0119365 0.0026834 0.0000000 0.0119609 0.0079272 0.0119365 0.0000010 0.0099333 0.0028894 0.0100198 0.0000010 0.0000010 0.0081555 0.1664732 0.1638807 0.1638807 0.1620545 0.1620545 0.0617540 0.1613316 0.1613316 0.1590112 0.1639769 0.1664381 0.1664381 0.1589816 0.0019749 0.0059454 0.0019740 0.0019786 0.2988663 
HSV2_6                                  0.1596244 0.1547738 0.1570147 0.1596244 0.1622477 0.1645046 0.1645046 0.1570147 0.1595275 0.1595275 0.1571724 0.0019794 0.0039695 0.0000010 0.0081154 0.0119609 0.0000000 0.0039673 0.0000010 0.0119835 0.0019794 0.0028906 0.0060175 0.0120284 0.0119609 0.0040817 0.1646743 0.1620798 0.1620798 0.1602459 0.1602459 0.0619479 0.1595275 0.1595275 0.1572020 0.1621752 0.1646394 0.1646394 0.1571724 0.0139783 0.0180359 0.0139720 0.0099673 0.2840273 
HSV2_7                                  0.1589459 0.1541186 0.1616120 0.1589459 0.1615557 0.1638023 0.1638023 0.1616120 0.1588498 0.1588498 0.1565058 0.0019771 0.0079462 0.0039592 0.0026834 0.0079272 0.0039673 0.0000000 0.0039592 0.0079422 0.0019771 0.0000024 0.0019942 0.0079714 0.0079272 0.0000010 0.1639705 0.1613892 0.1613892 0.1595627 0.1595627 0.0574703 0.1588498 0.1588498 0.1565352 0.1614838 0.1639360 0.1639360 0.1565058 0.0099257 0.0139464 0.0099223 0.0059459 0.2896037 
HSV2_8                                  0.1592572 0.1544190 0.1566545 0.1592572 0.1618734 0.1641249 0.1641249 0.1566545 0.1591608 0.1591608 0.1568116 0.0019754 0.0039614 0.0000010 0.0080929 0.0119365 0.0000010 0.0039592 0.0000000 0.0119590 0.0019754 0.0028906 0.0060052 0.0120037 0.0119365 0.0040731 0.1642938 0.1617062 0.1617062 0.1598763 0.1598763 0.0618165 0.1591608 0.1591608 0.1568411 0.1618012 0.1642591 0.1642591 0.1568116 0.0139497 0.0179989 0.0139434 0.0099469 0.2832512 
HSV2_9                                  0.1617598 0.1569069 0.1644440 0.1617598 0.1643865 0.1666432 0.1666432 0.1644440 0.1616614 0.1616614 0.1593064 0.0099522 0.0159715 0.0119590 0.0026834 0.0000010 0.0119835 0.0079422 0.0119590 0.0000000 0.0099522 0.0028894 0.0100390 0.0000010 0.0000010 0.0081714 0.1668145 0.1642163 0.1642163 0.1623868 0.1623868 0.0618736 0.1616614 0.1616614 0.1593361 0.1643129 0.1667793 0.1667793 0.1593064 0.0019786 0.0059454 0.0019777 0.0019786 0.2988663 
HSV2_10                                 0.1616120 0.1567633 0.1590012 0.1616120 0.1642363 0.1664913 0.1664913 0.1590012 0.1615138 0.1615138 0.1591608 0.0000010 0.0059469 0.0019754 0.0053859 0.0099333 0.0019794 0.0019771 0.0019754 0.0099522 0.0000000 0.0000024 0.0039983 0.0099902 0.0099333 0.0020339 0.1666624 0.1640665 0.1640665 0.1622382 0.1622382 0.0596764 0.1615138 0.1615138 0.1591904 0.1641629 0.1666273 0.1666273 0.1591608 0.0119415 0.0159784 0.0119362 0.0079474 0.2861313 
HSV2_11                                 0.1150391 0.1084198 0.1150391 0.1150391 0.1185589 0.1149550 0.1149550 0.1150391 0.1182959 0.1182959 0.1150391 0.0000024 0.0057881 0.0028906 0.0000024 0.0028894 0.0028906 0.0000024 0.0028906 0.0028894 0.0000024 0.0000000 0.0000024 0.0028894 0.0028894 0.0000024 0.1186172 0.1150391 0.1150391 0.1157225 0.1157225 0.0293299 0.1150391 0.1150391 0.1151199 0.1184876 0.1218535 0.1218535 0.1150391 0.0057925 0.0086887 0.0028894 0.0028894 0.2497870 
HSV2_12                                 0.1608127 0.1559225 0.1635164 0.1608127 0.1634587 0.1657329 0.1657329 0.1635164 0.1607142 0.1607142 0.1583405 0.0039983 0.0100441 0.0060052 0.0026834 0.0100198 0.0060175 0.0019942 0.0060052 0.0100390 0.0039983 0.0000024 0.0000000 0.0100776 0.0100198 0.0020520 0.1659049 0.1632882 0.1632882 0.1614422 0.1614422 0.0602140 0.1607142 0.1607142 0.1583704 0.1633850 0.1658696 0.1658696 0.1583405 0.0120456 0.0161180 0.0120401 0.0080166 0.2966416 
HSV2_13                                 0.1599150 0.1550558 0.1626013 0.1599150 0.1625442 0.1622445 0.1622445 0.1626013 0.1598176 0.1598176 0.1574587 0.0099902 0.0160619 0.0120037 0.0026834 0.0000010 0.0120284 0.0079714 0.0120037 0.0000010 0.0099902 0.0028894 0.0100776 0.0000000 0.0000010 0.0081725 0.1649756 0.1623758 0.1623758 0.1605385 0.1605385 0.0599669 0.1598176 0.1598176 0.1574883 0.1624715 0.1649406 0.1649406 0.1574587 0.0019859 0.0059786 0.0019850 0.0019897 0.2988663 
HSV2_14                                 0.1614296 0.1565873 0.1641075 0.1614296 0.1640502 0.1663024 0.1663024 0.1641075 0.1613316 0.1613316 0.1589816 0.0099333 0.0159715 0.0119365 0.0026834 0.0000010 0.0119609 0.0079272 0.0119365 0.0000010 0.0099333 0.0028894 0.0100198 0.0000010 0.0000000 0.0081555 0.1664732 0.1638807 0.1638807 0.1620545 0.1620545 0.0617540 0.1613316 0.1613316 0.1590112 0.1639769 0.1664381 0.1664381 0.1589816 0.0019749 0.0059454 0.0019740 0.0019786 0.2988663 
HSV2_16                                 0.1589976 0.1540315 0.1617410 0.1589976 0.1616829 0.1613780 0.1613780 0.1617410 0.1588988 0.1588988 0.1564873 0.0020339 0.0081756 0.0040731 0.0026834 0.0081555 0.0040817 0.0000010 0.0040731 0.0081714 0.0020339 0.0000024 0.0020520 0.0081725 0.0081555 0.0000000 0.1641679 0.1615116 0.1615116 0.1596324 0.1596324 0.0570202 0.1588988 0.1588988 0.1565175 0.1616090 0.1641323 0.1641323 0.1564873 0.0102121 0.0143500 0.0102074 0.0061172 0.2916474 
JN400093_Human_herpesvirus_1            0.0039463 0.0079086 0.0059339 0.0039463 0.0059321 0.0099108 0.0099108 0.0059339 0.0079052 0.0079052 0.0059241 0.1666624 0.1693816 0.1642938 0.1285303 0.1664732 0.1646743 0.1639705 0.1642938 0.1668145 0.1666624 0.1186172 0.1659049 0.1649756 0.1664732 0.1641679 0.0000000 0.0059267 0.0059267 0.0059241 0.0059241 0.1735154 0.0079052 0.0079052 0.0079050 0.0059300 0.0079165 0.0079165 0.0059241 0.1665627 0.1692828 0.1689417 0.1642510 0.2644128 
JN420338_Human_herpesvirus_1            0.0019692 0.0059196 0.0039480 0.0019692 0.0039468 0.0079119 0.0079119 0.0039480 0.0059170 0.0059170 0.0039415 0.1640665 0.1667729 0.1617062 0.1252341 0.1638807 0.1620798 0.1613892 0.1617062 0.1642163 0.1640665 0.1150391 0.1632882 0.1623758 0.1638807 0.1615116 0.0059267 0.0000000 0.0000010 0.0039415 0.0039415 0.1709057 0.0059170 0.0059170 0.0098829 0.0039454 0.0059254 0.0059254 0.0039415 0.1639686 0.1666758 0.1663404 0.1616648 0.2672735 
JN420339_Human_herpesvirus_1            0.0019692 0.0059196 0.0039480 0.0019692 0.0039468 0.0079119 0.0079119 0.0039480 0.0059170 0.0059170 0.0039415 0.1640665 0.1667729 0.1617062 0.1252341 0.1638807 0.1620798 0.1613892 0.1617062 0.1642163 0.1640665 0.1150391 0.1632882 0.1623758 0.1638807 0.1615116 0.0059267 0.0000010 0.0000000 0.0039415 0.0039415 0.1709057 0.0059170 0.0059170 0.0098829 0.0039454 0.0059254 0.0059254 0.0039415 0.1639686 0.1666758 0.1663404 0.1616648 0.2672735 
JN420340_Human_herpesvirus_1            0.0019683 0.0059170 0.0039463 0.0019683 0.0039450 0.0079084 0.0079084 0.0039463 0.0059144 0.0059144 0.0039398 0.1622382 0.1649419 0.1598763 0.1227567 0.1620545 0.1602459 0.1595627 0.1598763 0.1623868 0.1622382 0.1157225 0.1614422 0.1605385 0.1620545 0.1596324 0.0059241 0.0039415 0.0039415 0.0000000 0.0000010 0.1690859 0.0059144 0.0059144 0.0098785 0.0039437 0.0059229 0.0059229 0.0039398 0.1621414 0.1648457 0.1645134 0.1598357 0.2700054 
JN420342_Human_herpesvirus_1            0.0019683 0.0059170 0.0039463 0.0019683 0.0039450 0.0079084 0.0079084 0.0039463 0.0059144 0.0059144 0.0039398 0.1622382 0.1649419 0.1598763 0.1227567 0.1620545 0.1602459 0.1595627 0.1598763 0.1623868 0.1622382 0.1157225 0.1614422 0.1605385 0.1620545 0.1596324 0.0059241 0.0039415 0.0039415 0.0000010 0.0000000 0.1690859 0.0059144 0.0059144 0.0098785 0.0039437 0.0059229 0.0059229 0.0039398 0.1621414 0.1648457 0.1645134 0.1598357 0.2700054 
JQ360576_Chimpanzee_alpha-1_herpesvirus 0.1684414 0.1635741 0.1711426 0.1684414 0.1710828 0.1708597 0.1708597 0.1711426 0.1683384 0.1683384 0.1659803 0.0596764 0.0661744 0.0618165 0.0443436 0.0617540 0.0619479 0.0574703 0.0618165 0.0618736 0.0596764 0.0293299 0.0602140 0.0599669 0.0617540 0.0570202 0.1735154 0.1709057 0.1709057 0.1690859 0.1690859 0.0000000 0.1683384 0.1683384 0.1660103 0.1710058 0.1734791 0.1734791 0.1659803 0.0639272 0.0682961 0.0638959 0.0596994 0.3085228 
JQ730035_Human_herpesvirus_1            0.0039398 0.0078956 0.0059241 0.0039398 0.0059223 0.0098945 0.0098945 0.0059241 0.0039380 0.0039380 0.0019674 0.1615138 0.1642061 0.1591608 0.1251420 0.1613316 0.1595275 0.1588498 0.1591608 0.1616614 0.1615138 0.1150391 0.1607142 0.1598176 0.1613316 0.1588988 0.0079052 0.0059170 0.0059170 0.0059144 0.0059144 0.1683384 0.0000000 0.0000010 0.0078919 0.0059203 0.0079034 0.0079034 0.0019674 0.1614178 0.1641107 0.1637809 0.1591207 0.2701589 
JX142173_Human_herpesvirus_1            0.0039398 0.0078956 0.0059241 0.0039398 0.0059223 0.0098945 0.0098945 0.0059241 0.0039380 0.0039380 0.0019674 0.1615138 0.1642061 0.1591608 0.1251420 0.1613316 0.1595275 0.1588498 0.1591608 0.1616614 0.1615138 0.1150391 0.1607142 0.1598176 0.1613316 0.1588988 0.0079052 0.0059170 0.0059170 0.0059144 0.0059144 0.1683384 0.0000010 0.0000000 0.0078919 0.0059203 0.0079034 0.0079034 0.0019674 0.1614178 0.1641107 0.1637809 0.1591207 0.2701589 
KJ847330_Human_herpesvirus_1            0.0078956 0.0118691 0.0098948 0.0078956 0.0098917 0.0119450 0.0119450 0.0098948 0.0078919 0.0078919 0.0059143 0.1591904 0.1618742 0.1568411 0.1252242 0.1590112 0.1572020 0.1565352 0.1568411 0.1593361 0.1591904 0.1151199 0.1583704 0.1574883 0.1590112 0.1565175 0.0079050 0.0098829 0.0098829 0.0098785 0.0098785 0.1660103 0.0078919 0.0078919 0.0000000 0.0098883 0.0118808 0.0118808 0.0059143 0.1590960 0.1617802 0.1614553 0.1568020 0.2728346 
KM222720_Human_herpesvirus_1            0.0019703 0.0059229 0.0039502 0.0019703 0.0039489 0.0079163 0.0079163 0.0039502 0.0059203 0.0059203 0.0039437 0.1641629 0.1668710 0.1618012 0.1253321 0.1639769 0.1621752 0.1614838 0.1618012 0.1643129 0.1641629 0.1184876 0.1633850 0.1624715 0.1639769 0.1616090 0.0059300 0.0039454 0.0039454 0.0039437 0.0039437 0.1710058 0.0059203 0.0059203 0.0098883 0.0000000 0.0019694 0.0019694 0.0039437 0.1640649 0.1667738 0.1664381 0.1617598 0.2669980 
KM222724_Human_herpesvirus_1            0.0039454 0.0079069 0.0059326 0.0039454 0.0059308 0.0099087 0.0099087 0.0059326 0.0079034 0.0079034 0.0059229 0.1666273 0.1693459 0.1642591 0.1284933 0.1664381 0.1646394 0.1639360 0.1642591 0.1667793 0.1666273 0.1218535 0.1658696 0.1649406 0.1664381 0.1641323 0.0079165 0.0059254 0.0059254 0.0059229 0.0059229 0.1734791 0.0079034 0.0079034 0.0118808 0.0019694 0.0000000 0.0000010 0.0059229 0.1665276 0.1692471 0.1689061 0.1642163 0.2700315 
KM222725_Human_herpesvirus_1            0.0039454 0.0079069 0.0059326 0.0039454 0.0059308 0.0099087 0.0099087 0.0059326 0.0079034 0.0079034 0.0059229 0.1666273 0.1693459 0.1642591 0.1284933 0.1664381 0.1646394 0.1639360 0.1642591 0.1667793 0.1666273 0.1218535 0.1658696 0.1649406 0.1664381 0.1641323 0.0079165 0.0059254 0.0059254 0.0059229 0.0059229 0.1734791 0.0079034 0.0079034 0.0118808 0.0019694 0.0000010 0.0000000 0.0059229 0.1665276 0.1692471 0.1689061 0.1642163 0.2700315 
KM222727_Human_herpesvirus_1            0.0019683 0.0059170 0.0039463 0.0019683 0.0039450 0.0079084 0.0079084 0.0039463 0.0019674 0.0019674 0.0000010 0.1591608 0.1618443 0.1568116 0.1220878 0.1589816 0.1571724 0.1565058 0.1568116 0.1593064 0.1591608 0.1150391 0.1583405 0.1574587 0.1589816 0.1564873 0.0059241 0.0039415 0.0039415 0.0039398 0.0039398 0.1659803 0.0019674 0.0019674 0.0059143 0.0039437 0.0059229 0.0059229 0.0000000 0.1590664 0.1617504 0.1614255 0.1567726 0.2700054 
KP334095_Human_herpesvirus_2            0.1615159 0.1566705 0.1641956 0.1615159 0.1641382 0.1663918 0.1663918 0.1641956 0.1614178 0.1614178 0.1590664 0.0119415 0.0179989 0.0139497 0.0053804 0.0019749 0.0139783 0.0099257 0.0139497 0.0019786 0.0119415 0.0057925 0.0120456 0.0019859 0.0019749 0.0102121 0.1665627 0.1639686 0.1639686 0.1621414 0.1621414 0.0639272 0.1614178 0.1614178 0.1590960 0.1640649 0.1665276 0.1665276 0.1590664 0.0000000 0.0079406 0.0039547 0.0039639 0.2990705 
KR135303_Human_herpesvirus_2            0.1642110 0.1593444 0.1669072 0.1642110 0.1668487 0.1691090 0.1691090 0.1669072 0.1641107 0.1641107 0.1617504 0.0159784 0.0220347 0.0179989 0.0080697 0.0059454 0.0180359 0.0139464 0.0179989 0.0059454 0.0159784 0.0086887 0.0161180 0.0059786 0.0059454 0.0143500 0.1692828 0.1666758 0.1666758 0.1648457 0.1648457 0.0682961 0.1641107 0.1641107 0.1617802 0.1667738 0.1692471 0.1692471 0.1617504 0.0079406 0.0000000 0.0079370 0.0079406 0.2986211 
KR135318_Human_herpesvirus_2            0.1638807 0.1590246 0.1665710 0.1638807 0.1665127 0.1687685 0.1687685 0.1665710 0.1637809 0.1637809 0.1614255 0.0119362 0.0179907 0.0139434 0.0053771 0.0019740 0.0139720 0.0099223 0.0139434 0.0019777 0.0119362 0.0028894 0.0120401 0.0019850 0.0019740 0.0102074 0.1689417 0.1663404 0.1663404 0.1645134 0.1645134 0.0638959 0.1637809 0.1637809 0.1614553 0.1664381 0.1689061 0.1689061 0.1614255 0.0039547 0.0079370 0.0000000 0.0039622 0.3020261 
KR135328_Human_herpesvirus_2            0.1592171 0.1543811 0.1618884 0.1592171 0.1618318 0.1640823 0.1640823 0.1618884 0.1591207 0.1591207 0.1567726 0.0079474 0.0139497 0.0099469 0.0026834 0.0019786 0.0099673 0.0059459 0.0099469 0.0019786 0.0079474 0.0028894 0.0080166 0.0019897 0.0019786 0.0061172 0.1642510 0.1616648 0.1616648 0.1598357 0.1598357 0.0596994 0.1591207 0.1591207 0.1568020 0.1617598 0.1642163 0.1642163 0.1567726 0.0039639 0.0079406 0.0039622 0.0000000 0.2955229 
NC_006560_Cercopithecine_herpesvirus_2  0.2671734 0.2709753 0.2638255 0.2671734 0.2705419 0.2733559 0.2733559 0.2638255 0.2728423 0.2728423 0.2700054 0.2861313 0.2890161 0.2832512 0.2721037 0.2988663 0.2840273 0.2896037 0.2832512 0.2988663 0.2861313 0.2497870 0.2966416 0.2988663 0.2988663 0.2916474 0.2644128 0.2672735 0.2672735 0.2700054 0.2700054 0.3085228 0.2701589 0.2701589 0.2728346 0.2669980 0.2700315 0.2700315 0.2700054 0.2990705 0.2986211 0.3020261 0.2955229 0.0000000 
