48
HM585496_Human_herpesvirus_1            0.0000000 0.0000010 0.0019660 0.0039497 0.0019660 0.0019731 0.0019660 0.0019660 0.1598322 0.1525627 0.1525627 0.1557744 0.1478720 0.1549537 0.1525835 0.1549537 0.1449307 0.1486974 0.1502255 0.1549459 0.1502255 0.1525552 0.1502255 0.0059125 0.0019661 0.0019698 0.0078904 0.0019661 0.1406061 0.0059107 0.0039497 0.0019666 0.0019666 0.1525835 0.1604815 0.1555011 0.1502255 0.1502255 0.1549459 0.1507646 0.1502255 0.1525835 0.1525835 0.1478720 0.1548500 0.1555619 0.0019731 0.2748108 
HM585497_Human_herpesvirus_1            0.0000010 0.0000000 0.0019660 0.0039497 0.0019660 0.0019731 0.0019660 0.0019660 0.1598322 0.1525627 0.1525627 0.1557744 0.1478720 0.1549537 0.1525835 0.1549537 0.1449307 0.1486974 0.1502255 0.1549459 0.1502255 0.1525552 0.1502255 0.0059125 0.0019661 0.0019698 0.0078904 0.0019661 0.1406061 0.0059107 0.0039497 0.0019666 0.0019666 0.1525835 0.1604815 0.1555011 0.1502255 0.1502255 0.1549459 0.1507646 0.1502255 0.1525835 0.1525835 0.1478720 0.1548500 0.1555619 0.0019731 0.2748108 
HM585501_Human_herpesvirus_1            0.0019660 0.0019660 0.0000000 0.0059298 0.0039354 0.0039497 0.0000010 0.0039354 0.1622105 0.1549247 0.1549247 0.1604059 0.1502255 0.1573208 0.1549459 0.1573208 0.1449307 0.1510644 0.1525835 0.1573126 0.1525835 0.1549168 0.1525835 0.0078904 0.0039357 0.0039432 0.0098719 0.0039357 0.1429398 0.0078880 0.0059298 0.0039367 0.0039367 0.1549459 0.1628692 0.1578760 0.1525835 0.1525835 0.1573126 0.1531306 0.1525835 0.1549459 0.1549459 0.1502255 0.1572149 0.1579379 0.0039497 0.2775602 
HM585502_Human_herpesvirus_1            0.0039497 0.0039497 0.0059298 0.0000000 0.0059298 0.0019662 0.0059298 0.0059298 0.1573242 0.1500791 0.1500791 0.1566762 0.1483118 0.1524624 0.1530359 0.1524624 0.1383000 0.1462451 0.1506716 0.1554045 0.1506716 0.1530074 0.1506716 0.0099075 0.0059302 0.0059415 0.0118996 0.0059302 0.1410253 0.0099044 0.0000010 0.0059316 0.0059316 0.1530359 0.1609569 0.1559627 0.1506716 0.1506716 0.1554045 0.1512135 0.1506716 0.1530359 0.1530359 0.1483118 0.1553081 0.1560238 0.0019662 0.2813595 
HM585506_Human_herpesvirus_1            0.0019660 0.0019660 0.0039354 0.0059298 0.0000000 0.0039497 0.0039354 0.0039354 0.1573603 0.1501130 0.1501130 0.1604059 0.1502255 0.1524970 0.1549459 0.1524970 0.1449307 0.1486974 0.1525835 0.1573126 0.1525835 0.1549168 0.1525835 0.0078904 0.0039357 0.0039432 0.0098719 0.0039357 0.1429398 0.0078880 0.0059298 0.0039367 0.0039367 0.1549459 0.1628692 0.1578760 0.1525835 0.1525835 0.1573126 0.1531306 0.1525835 0.1501333 0.1501333 0.1502255 0.1572149 0.1579379 0.0039497 0.2775602 
HM585508_Human_herpesvirus_1            0.0019731 0.0019731 0.0039497 0.0019662 0.0039497 0.0000000 0.0039497 0.0039497 0.1597953 0.1525281 0.1525281 0.1615307 0.1507646 0.1549184 0.1555011 0.1549184 0.1449307 0.1486974 0.1531306 0.1578760 0.1531306 0.1554718 0.1531306 0.0079189 0.0039500 0.0039575 0.0099075 0.0039500 0.1434524 0.0079165 0.0019662 0.0039509 0.0039509 0.1555011 0.1634542 0.1584430 0.1531306 0.1531306 0.1578760 0.1536813 0.1531306 0.1555011 0.1555011 0.1507646 0.1577776 0.1585053 0.0000010 0.2785939 
HM585510_Human_herpesvirus_1            0.0019660 0.0019660 0.0000010 0.0059298 0.0039354 0.0039497 0.0000000 0.0039354 0.1622105 0.1549247 0.1549247 0.1604059 0.1502255 0.1573208 0.1549459 0.1573208 0.1449307 0.1510644 0.1525835 0.1573126 0.1525835 0.1549168 0.1525835 0.0078904 0.0039357 0.0039432 0.0098719 0.0039357 0.1429398 0.0078880 0.0059298 0.0039367 0.0039367 0.1549459 0.1628692 0.1578760 0.1525835 0.1525835 0.1573126 0.1531306 0.1525835 0.1549459 0.1549459 0.1502255 0.1572149 0.1579379 0.0039497 0.2775602 
HM585515_Human_herpesvirus_1            0.0019660 0.0019660 0.0039354 0.0059298 0.0039354 0.0039497 0.0039354 0.0000000 0.1622105 0.1549247 0.1549247 0.1557744 0.1502255 0.1573208 0.1549459 0.1573208 0.1449307 0.1510644 0.1525835 0.1573126 0.1525835 0.1549168 0.1525835 0.0078904 0.0039357 0.0039432 0.0098719 0.0039357 0.1429398 0.0078880 0.0059298 0.0039367 0.0039367 0.1549459 0.1628692 0.1578760 0.1525835 0.1525835 0.1573126 0.1531306 0.1525835 0.1549459 0.1549459 0.1502255 0.1572149 0.1579379 0.0039497 0.2752565 
HSV2_1                                  0.1598322 0.1598322 0.1622105 0.1573242 0.1573603 0.1597953 0.1622105 0.1622105 0.0000000 0.0059322 0.0059322 0.0115235 0.0139185 0.0039500 0.0139120 0.0039500 0.0000022 0.0039751 0.0119137 0.0159139 0.0159214 0.0179252 0.0119137 0.1651993 0.1622420 0.1625632 0.1654557 0.1622420 0.0573037 0.1651340 0.1573242 0.1622743 0.1622743 0.0139120 0.0240839 0.0159715 0.0159214 0.0159214 0.0159139 0.0159790 0.0159214 0.0099144 0.0099144 0.0139185 0.0199286 0.0159766 0.1597953 0.2365315 
HSV2_2                                  0.1525627 0.1525627 0.1549247 0.1500791 0.1501130 0.1525281 0.1549247 0.1549247 0.0059322 0.0000000 0.0000010 0.0154006 0.0119147 0.0019724 0.0119091 0.0019724 0.0000022 0.0000022 0.0099152 0.0139067 0.0139132 0.0159129 0.0099152 0.1578698 0.1549537 0.1552604 0.1581147 0.1549537 0.0509786 0.1578080 0.1500791 0.1549850 0.1549850 0.0119091 0.0220473 0.0139570 0.0139132 0.0139132 0.0139067 0.0139635 0.0139132 0.0079213 0.0079213 0.0119147 0.0179126 0.0139614 0.1525281 0.2337834 
HSV2_3                                  0.1525627 0.1525627 0.1549247 0.1500791 0.1501130 0.1525281 0.1549247 0.1549247 0.0059322 0.0000010 0.0000000 0.0154006 0.0119147 0.0019724 0.0119091 0.0019724 0.0000022 0.0000022 0.0099152 0.0139067 0.0139132 0.0159129 0.0099152 0.1578698 0.1549537 0.1552604 0.1581147 0.1549537 0.0509786 0.1578080 0.1500791 0.1549850 0.1549850 0.0119091 0.0220473 0.0139570 0.0139132 0.0139132 0.0139067 0.0139635 0.0139132 0.0079213 0.0079213 0.0119147 0.0179126 0.0139614 0.1525281 0.2337834 
HSV2_4                                  0.1557744 0.1557744 0.1604059 0.1566762 0.1604059 0.1615307 0.1604059 0.1557744 0.0115235 0.0154006 0.0154006 0.0000000 0.0038252 0.0115235 0.0000026 0.0115235 0.0000023 0.0038679 0.0000026 0.0038219 0.0038252 0.0038219 0.0000026 0.1604661 0.1604661 0.1610875 0.1604661 0.1604661 0.0355116 0.1604661 0.1566762 0.1557744 0.1557744 0.0000026 0.0154060 0.0038219 0.0076639 0.0076639 0.0038219 0.0038252 0.0038252 0.0038219 0.0038219 0.0038252 0.0115065 0.0038242 0.1615307 0.2135763 
HSV2_5                                  0.1478720 0.1478720 0.1502255 0.1483118 0.1502255 0.1507646 0.1502255 0.1502255 0.0139185 0.0119147 0.0119147 0.0038252 0.0000000 0.0099167 0.0039525 0.0099167 0.0054654 0.0059715 0.0019745 0.0059342 0.0019745 0.0079219 0.0019745 0.1531453 0.1502531 0.1505506 0.1533830 0.1502531 0.0532732 0.1530856 0.1483118 0.1502838 0.1502838 0.0039525 0.0099553 0.0059557 0.0019745 0.0019745 0.0059342 0.0019816 0.0019745 0.0039525 0.0039525 0.0000010 0.0099084 0.0059576 0.1507646 0.2211293 
HSV2_7                                  0.1549537 0.1549537 0.1573208 0.1524624 0.1524970 0.1549184 0.1573208 0.1573208 0.0039500 0.0019724 0.0019724 0.0115235 0.0099167 0.0000000 0.0099121 0.0000010 0.0000022 0.0000022 0.0079224 0.0119054 0.0119109 0.0139067 0.0079224 0.1602800 0.1573507 0.1576621 0.1605286 0.1573507 0.0530725 0.1602170 0.1524624 0.1573823 0.1573823 0.0099121 0.0200184 0.0119485 0.0119109 0.0119109 0.0119054 0.0119540 0.0119109 0.0059337 0.0059337 0.0099167 0.0159028 0.0119522 0.1549184 0.2310698 
HSV2_9                                  0.1525835 0.1525835 0.1549459 0.1530359 0.1549459 0.1555011 0.1549459 0.1549459 0.0139120 0.0119091 0.0119091 0.0000026 0.0039525 0.0099121 0.0000000 0.0099121 0.0000022 0.0059687 0.0019736 0.0019727 0.0019736 0.0039501 0.0019736 0.1578916 0.1549749 0.1552816 0.1581366 0.1549749 0.0532463 0.1578297 0.1530359 0.1550062 0.1550062 0.0000010 0.0139628 0.0059530 0.0059342 0.0059342 0.0019727 0.0059557 0.0019736 0.0039507 0.0039507 0.0039525 0.0059288 0.0059548 0.1555011 0.2240804 
HSV2_10                                 0.1549537 0.1549537 0.1573208 0.1524624 0.1524970 0.1549184 0.1573208 0.1573208 0.0039500 0.0019724 0.0019724 0.0115235 0.0099167 0.0000010 0.0099121 0.0000000 0.0000022 0.0000022 0.0079224 0.0119054 0.0119109 0.0139067 0.0079224 0.1602800 0.1573507 0.1576621 0.1605286 0.1573507 0.0530725 0.1602170 0.1524624 0.1573823 0.1573823 0.0099121 0.0200184 0.0119485 0.0119109 0.0119109 0.0119054 0.0119540 0.0119109 0.0059337 0.0059337 0.0099167 0.0159028 0.0119522 0.1549184 0.2310698 
HSV2_11                                 0.1449307 0.1449307 0.1449307 0.1383000 0.1449307 0.1449307 0.1449307 0.1449307 0.0000022 0.0000022 0.0000022 0.0000023 0.0054654 0.0000022 0.0000022 0.0000022 0.0000000 0.0000010 0.0000022 0.0054585 0.0054654 0.0054585 0.0000022 0.1580857 0.1514434 0.1449307 0.1514434 0.1514434 0.0332987 0.1514434 0.1383000 0.1515277 0.1515277 0.0000022 0.0220765 0.0054585 0.0109576 0.0109576 0.0054585 0.0054654 0.0054654 0.0000022 0.0000022 0.0054654 0.0164578 0.0000022 0.1449307 0.1728279 
HSV2_12                                 0.1486974 0.1486974 0.1510644 0.1462451 0.1486974 0.1486974 0.1510644 0.1510644 0.0039751 0.0000022 0.0000022 0.0038679 0.0059715 0.0000022 0.0059687 0.0000022 0.0000010 0.0000000 0.0039755 0.0079656 0.0079693 0.0099694 0.0039755 0.1540036 0.1510924 0.1513931 0.1542440 0.1510924 0.0470634 0.1539432 0.1462451 0.1511233 0.1511233 0.0059687 0.0160737 0.0079947 0.0079693 0.0079693 0.0079656 0.0079984 0.0079693 0.0039755 0.0039755 0.0059715 0.0119701 0.0079972 0.1486974 0.2272782 
HSV2_13                                 0.1502255 0.1502255 0.1525835 0.1506716 0.1525835 0.1531306 0.1525835 0.1525835 0.0119137 0.0099152 0.0099152 0.0000026 0.0019745 0.0079224 0.0019736 0.0079224 0.0000022 0.0039755 0.0000000 0.0039507 0.0039525 0.0059333 0.0000010 0.1555162 0.1526118 0.1529139 0.1557576 0.1526118 0.0511503 0.1554554 0.1506716 0.1526428 0.1526428 0.0019736 0.0119572 0.0039650 0.0039525 0.0039525 0.0039507 0.0039669 0.0039525 0.0019736 0.0019736 0.0019745 0.0079158 0.0039663 0.1531306 0.2237227 
HSV2_14                                 0.1549459 0.1549459 0.1573126 0.1554045 0.1573126 0.1578760 0.1573126 0.1573126 0.0159139 0.0139067 0.0139067 0.0038219 0.0059342 0.0119054 0.0019727 0.0119054 0.0054585 0.0079656 0.0039507 0.0000000 0.0039507 0.0019724 0.0039507 0.1602713 0.1573424 0.1576538 0.1605199 0.1573424 0.0553453 0.1602084 0.1554045 0.1573740 0.1573740 0.0019727 0.0159720 0.0079445 0.0079195 0.0079195 0.0000010 0.0079482 0.0039507 0.0059315 0.0059315 0.0059342 0.0039471 0.0079470 0.1578760 0.2266835 
HSV2_15                                 0.1502255 0.1502255 0.1525835 0.1506716 0.1525835 0.1531306 0.1525835 0.1525835 0.0159214 0.0139132 0.0139132 0.0038252 0.0019745 0.0119109 0.0019736 0.0119109 0.0054654 0.0079693 0.0039525 0.0039507 0.0000000 0.0059333 0.0039525 0.1555162 0.1526118 0.1529139 0.1557576 0.1526118 0.0553733 0.1554554 0.1506716 0.1526428 0.1526428 0.0019736 0.0119572 0.0079482 0.0039525 0.0039525 0.0039507 0.0039669 0.0000010 0.0059342 0.0059342 0.0019745 0.0079158 0.0079507 0.1531306 0.2214828 
HSV2_17                                 0.1525552 0.1525552 0.1549168 0.1530074 0.1549168 0.1554718 0.1549168 0.1549168 0.0179252 0.0159129 0.0159129 0.0038219 0.0079219 0.0139067 0.0039501 0.0139067 0.0054585 0.0099694 0.0059333 0.0019724 0.0059333 0.0000000 0.0059333 0.1578615 0.1549459 0.1552524 0.1581063 0.1549459 0.0574674 0.1577997 0.1530074 0.1549771 0.1549771 0.0039501 0.0179905 0.0099428 0.0099115 0.0099115 0.0019724 0.0099474 0.0059333 0.0079183 0.0079183 0.0079219 0.0059279 0.0099459 0.1554718 0.2293923 
HSV2_18                                 0.1502255 0.1502255 0.1525835 0.1506716 0.1525835 0.1531306 0.1525835 0.1525835 0.0119137 0.0099152 0.0099152 0.0000026 0.0019745 0.0079224 0.0019736 0.0079224 0.0000022 0.0039755 0.0000010 0.0039507 0.0039525 0.0059333 0.0000000 0.1555162 0.1526118 0.1529139 0.1557576 0.1526118 0.0511503 0.1554554 0.1506716 0.1526428 0.1526428 0.0019736 0.0119572 0.0039650 0.0039525 0.0039525 0.0039507 0.0039669 0.0039525 0.0019736 0.0019736 0.0019745 0.0079158 0.0039663 0.1531306 0.2237227 
JN400093_Human_herpesvirus_1            0.0059125 0.0059125 0.0078904 0.0099075 0.0078904 0.0079189 0.0078904 0.0078904 0.1651993 0.1578698 0.1578698 0.1604661 0.1531453 0.1602800 0.1578916 0.1602800 0.1580857 0.1540036 0.1555162 0.1602713 0.1555162 0.1578615 0.1555162 0.0000000 0.0039369 0.0079060 0.0059121 0.0039369 0.1458115 0.0039367 0.0099075 0.0039379 0.0039379 0.1578916 0.1658719 0.1608467 0.1555162 0.1555162 0.1602713 0.1560752 0.1555162 0.1578916 0.1578916 0.1531453 0.1601710 0.1609101 0.0079189 0.2776901 
JN420337_Human_herpesvirus_1            0.0019661 0.0019661 0.0039357 0.0059302 0.0039357 0.0039500 0.0039357 0.0039357 0.1622420 0.1549537 0.1549537 0.1604661 0.1502531 0.1573507 0.1549749 0.1573507 0.1514434 0.1510924 0.1526118 0.1573424 0.1526118 0.1549459 0.1526118 0.0039369 0.0000000 0.0039435 0.0059107 0.0000010 0.1429651 0.0039357 0.0059302 0.0039369 0.0039369 0.1549749 0.1629010 0.1579061 0.1526118 0.1526118 0.1573424 0.1531592 0.1526118 0.1549749 0.1549749 0.1502531 0.1572447 0.1579680 0.0039500 0.2719392 
JN420340_Human_herpesvirus_1            0.0019698 0.0019698 0.0039432 0.0059415 0.0039432 0.0039575 0.0039432 0.0039432 0.1625632 0.1552604 0.1552604 0.1610875 0.1505506 0.1576621 0.1552816 0.1576621 0.1449307 0.1513931 0.1529139 0.1576538 0.1529139 0.1552524 0.1529139 0.0079060 0.0039435 0.0000000 0.0098914 0.0039435 0.1432476 0.0079036 0.0059415 0.0039444 0.0039444 0.1552816 0.1632246 0.1582195 0.1529139 0.1529139 0.1576538 0.1534633 0.1529139 0.1552816 0.1552816 0.1505506 0.1575556 0.1582816 0.0039575 0.2782252 
JN420341_Human_herpesvirus_1            0.0078904 0.0078904 0.0098719 0.0118996 0.0098719 0.0099075 0.0098719 0.0098719 0.1654557 0.1581147 0.1581147 0.1604661 0.1533830 0.1605286 0.1581366 0.1605286 0.1514434 0.1542440 0.1557576 0.1605199 0.1557576 0.1581063 0.1557576 0.0059121 0.0059107 0.0098914 0.0000000 0.0059107 0.1460375 0.0059103 0.0118996 0.0098750 0.0098750 0.1581366 0.1661301 0.1610969 0.1557576 0.1557576 0.1605199 0.1563182 0.1557576 0.1581366 0.1581366 0.1533830 0.1604193 0.1611605 0.0099075 0.2804476 
JN420342_Human_herpesvirus_1            0.0019661 0.0019661 0.0039357 0.0059302 0.0039357 0.0039500 0.0039357 0.0039357 0.1622420 0.1549537 0.1549537 0.1604661 0.1502531 0.1573507 0.1549749 0.1573507 0.1514434 0.1510924 0.1526118 0.1573424 0.1526118 0.1549459 0.1526118 0.0039369 0.0000010 0.0039435 0.0059107 0.0000000 0.1429651 0.0039357 0.0059302 0.0039369 0.0039369 0.1549749 0.1629010 0.1579061 0.1526118 0.1526118 0.1573424 0.1531592 0.1526118 0.1549749 0.1549749 0.1502531 0.1572447 0.1579680 0.0039500 0.2719392 
JQ360576_Chimpanzee_alpha-1_herpesvirus 0.1406061 0.1406061 0.1429398 0.1410253 0.1429398 0.1434524 0.1429398 0.1429398 0.0573037 0.0509786 0.0509786 0.0355116 0.0532732 0.0530725 0.0532463 0.0530725 0.0332987 0.0470634 0.0511503 0.0553453 0.0553733 0.0574674 0.0511503 0.1458115 0.1429651 0.1432476 0.1460375 0.1429651 0.0000000 0.1457553 0.1410253 0.1429946 0.1429946 0.0532463 0.0641176 0.0555436 0.0553733 0.0553733 0.0553453 0.0555719 0.0553733 0.0532463 0.0532463 0.0532732 0.0553173 0.0555624 0.1434524 0.2446852 
KM222720_Human_herpesvirus_1            0.0059107 0.0059107 0.0078880 0.0099044 0.0078880 0.0079165 0.0078880 0.0078880 0.1651340 0.1578080 0.1578080 0.1604661 0.1530856 0.1602170 0.1578297 0.1602170 0.1514434 0.1539432 0.1554554 0.1602084 0.1554554 0.1577997 0.1554554 0.0039367 0.0039357 0.0079036 0.0059103 0.0039357 0.1457553 0.0000000 0.0099044 0.0078904 0.0078904 0.1578297 0.1658061 0.1607833 0.1554554 0.1554554 0.1602084 0.1560140 0.1554554 0.1578297 0.1578297 0.1530856 0.1601082 0.1608467 0.0079165 0.2775602 
KM222721_Human_herpesvirus_1            0.0039497 0.0039497 0.0059298 0.0000010 0.0059298 0.0019662 0.0059298 0.0059298 0.1573242 0.1500791 0.1500791 0.1566762 0.1483118 0.1524624 0.1530359 0.1524624 0.1383000 0.1462451 0.1506716 0.1554045 0.1506716 0.1530074 0.1506716 0.0099075 0.0059302 0.0059415 0.0118996 0.0059302 0.1410253 0.0099044 0.0000000 0.0059316 0.0059316 0.1530359 0.1609569 0.1559627 0.1506716 0.1506716 0.1554045 0.1512135 0.1506716 0.1530359 0.1530359 0.1483118 0.1553081 0.1560238 0.0019662 0.2813595 
KM222724_Human_herpesvirus_1            0.0019666 0.0019666 0.0039367 0.0059316 0.0039367 0.0039509 0.0039367 0.0039367 0.1622743 0.1549850 0.1549850 0.1557744 0.1502838 0.1573823 0.1550062 0.1573823 0.1515277 0.1511233 0.1526428 0.1573740 0.1526428 0.1549771 0.1526428 0.0039379 0.0039369 0.0039444 0.0098750 0.0039369 0.1429946 0.0078904 0.0059316 0.0000000 0.0000010 0.1550062 0.1629335 0.1579379 0.1526428 0.1526428 0.1573740 0.1531904 0.1526428 0.1550062 0.1550062 0.1502838 0.1572763 0.1579998 0.0039509 0.2776901 
KM222725_Human_herpesvirus_1            0.0019666 0.0019666 0.0039367 0.0059316 0.0039367 0.0039509 0.0039367 0.0039367 0.1622743 0.1549850 0.1549850 0.1557744 0.1502838 0.1573823 0.1550062 0.1573823 0.1515277 0.1511233 0.1526428 0.1573740 0.1526428 0.1549771 0.1526428 0.0039379 0.0039369 0.0039444 0.0098750 0.0039369 0.1429946 0.0078904 0.0059316 0.0000010 0.0000000 0.1550062 0.1629335 0.1579379 0.1526428 0.1526428 0.1573740 0.1531904 0.1526428 0.1550062 0.1550062 0.1502838 0.1572763 0.1579998 0.0039509 0.2776901 
KR135298_Human_herpesvirus_2            0.1525835 0.1525835 0.1549459 0.1530359 0.1549459 0.1555011 0.1549459 0.1549459 0.0139120 0.0119091 0.0119091 0.0000026 0.0039525 0.0099121 0.0000010 0.0099121 0.0000022 0.0059687 0.0019736 0.0019727 0.0019736 0.0039501 0.0019736 0.1578916 0.1549749 0.1552816 0.1581366 0.1549749 0.0532463 0.1578297 0.1530359 0.1550062 0.1550062 0.0000000 0.0139628 0.0059530 0.0059342 0.0059342 0.0019727 0.0059557 0.0019736 0.0039507 0.0039507 0.0039525 0.0059288 0.0059548 0.1555011 0.2240804 
KR135303_Human_herpesvirus_2            0.1604815 0.1604815 0.1628692 0.1609569 0.1628692 0.1634542 0.1628692 0.1628692 0.0240839 0.0220473 0.0220473 0.0154060 0.0099553 0.0200184 0.0139628 0.0200184 0.0220765 0.0160737 0.0119572 0.0159720 0.0119572 0.0179905 0.0119572 0.1658719 0.1629010 0.1632246 0.1661301 0.1629010 0.0641176 0.1658061 0.1609569 0.1629335 0.1629335 0.0139628 0.0000000 0.0079257 0.0079533 0.0079533 0.0159720 0.0079293 0.0119572 0.0139628 0.0139628 0.0099553 0.0200012 0.0119195 0.1634542 0.2278397 
KR135306_Human_herpesvirus_2            0.1555011 0.1555011 0.1578760 0.1559627 0.1578760 0.1584430 0.1578760 0.1578760 0.0159715 0.0139570 0.0139570 0.0038219 0.0059557 0.0119485 0.0059530 0.0119485 0.0054585 0.0079947 0.0039650 0.0079445 0.0079482 0.0099428 0.0039650 0.1608467 0.1579061 0.1582195 0.1610969 0.1579061 0.0555436 0.1607833 0.1559627 0.1579379 0.1579379 0.0059530 0.0079257 0.0000000 0.0039650 0.0039650 0.0079445 0.0039531 0.0079482 0.0059530 0.0059530 0.0059557 0.0119384 0.0039525 0.1584430 0.2297671 
KR135308_Human_herpesvirus_2            0.1502255 0.1502255 0.1525835 0.1506716 0.1525835 0.1531306 0.1525835 0.1525835 0.0159214 0.0139132 0.0139132 0.0076639 0.0019745 0.0119109 0.0059342 0.0119109 0.0109576 0.0079693 0.0039525 0.0079195 0.0039525 0.0099115 0.0039525 0.1555162 0.1526118 0.1529139 0.1557576 0.1526118 0.0553733 0.1554554 0.1506716 0.1526428 0.1526428 0.0059342 0.0079533 0.0039650 0.0000000 0.0000010 0.0079195 0.0039669 0.0039525 0.0059342 0.0059342 0.0019745 0.0119009 0.0079507 0.1531306 0.2237227 
KR135310_Human_herpesvirus_2            0.1502255 0.1502255 0.1525835 0.1506716 0.1525835 0.1531306 0.1525835 0.1525835 0.0159214 0.0139132 0.0139132 0.0076639 0.0019745 0.0119109 0.0059342 0.0119109 0.0109576 0.0079693 0.0039525 0.0079195 0.0039525 0.0099115 0.0039525 0.1555162 0.1526118 0.1529139 0.1557576 0.1526118 0.0553733 0.1554554 0.1506716 0.1526428 0.1526428 0.0059342 0.0079533 0.0039650 0.0000010 0.0000000 0.0079195 0.0039669 0.0039525 0.0059342 0.0059342 0.0019745 0.0119009 0.0079507 0.1531306 0.2237227 
KR135311_Human_herpesvirus_2            0.1549459 0.1549459 0.1573126 0.1554045 0.1573126 0.1578760 0.1573126 0.1573126 0.0159139 0.0139067 0.0139067 0.0038219 0.0059342 0.0119054 0.0019727 0.0119054 0.0054585 0.0079656 0.0039507 0.0000010 0.0039507 0.0019724 0.0039507 0.1602713 0.1573424 0.1576538 0.1605199 0.1573424 0.0553453 0.1602084 0.1554045 0.1573740 0.1573740 0.0019727 0.0159720 0.0079445 0.0079195 0.0079195 0.0000000 0.0079482 0.0039507 0.0059315 0.0059315 0.0059342 0.0039471 0.0079470 0.1578760 0.2266835 
KR135314_Human_herpesvirus_2            0.1507646 0.1507646 0.1531306 0.1512135 0.1531306 0.1536813 0.1531306 0.1531306 0.0159790 0.0139635 0.0139635 0.0038252 0.0019816 0.0119540 0.0059557 0.0119540 0.0054654 0.0079984 0.0039669 0.0079482 0.0039669 0.0099474 0.0039669 0.1560752 0.1531592 0.1534633 0.1563182 0.1531592 0.0555719 0.1560140 0.1512135 0.1531904 0.1531904 0.0059557 0.0079293 0.0039531 0.0039669 0.0039669 0.0079482 0.0000000 0.0039669 0.0059557 0.0059557 0.0019816 0.0119439 0.0039543 0.1536813 0.2245455 
KR135315_Human_herpesvirus_2            0.1502255 0.1502255 0.1525835 0.1506716 0.1525835 0.1531306 0.1525835 0.1525835 0.0159214 0.0139132 0.0139132 0.0038252 0.0019745 0.0119109 0.0019736 0.0119109 0.0054654 0.0079693 0.0039525 0.0039507 0.0000010 0.0059333 0.0039525 0.1555162 0.1526118 0.1529139 0.1557576 0.1526118 0.0553733 0.1554554 0.1506716 0.1526428 0.1526428 0.0019736 0.0119572 0.0079482 0.0039525 0.0039525 0.0039507 0.0039669 0.0000000 0.0059342 0.0059342 0.0019745 0.0079158 0.0079507 0.1531306 0.2214828 
KR135320_Human_herpesvirus_2            0.1525835 0.1525835 0.1549459 0.1530359 0.1501333 0.1555011 0.1549459 0.1549459 0.0099144 0.0079213 0.0079213 0.0038219 0.0039525 0.0059337 0.0039507 0.0059337 0.0000022 0.0039755 0.0019736 0.0059315 0.0059342 0.0079183 0.0019736 0.1578916 0.1549749 0.1552816 0.1581366 0.1549749 0.0532463 0.1578297 0.1530359 0.1550062 0.1550062 0.0039507 0.0139628 0.0059530 0.0059342 0.0059342 0.0059315 0.0059557 0.0059342 0.0000000 0.0000010 0.0039525 0.0099038 0.0059548 0.1555011 0.2263218 
KR135321_Human_herpesvirus_2            0.1525835 0.1525835 0.1549459 0.1530359 0.1501333 0.1555011 0.1549459 0.1549459 0.0099144 0.0079213 0.0079213 0.0038219 0.0039525 0.0059337 0.0039507 0.0059337 0.0000022 0.0039755 0.0019736 0.0059315 0.0059342 0.0079183 0.0019736 0.1578916 0.1549749 0.1552816 0.1581366 0.1549749 0.0532463 0.1578297 0.1530359 0.1550062 0.1550062 0.0039507 0.0139628 0.0059530 0.0059342 0.0059342 0.0059315 0.0059557 0.0059342 0.0000010 0.0000000 0.0039525 0.0099038 0.0059548 0.1555011 0.2263218 
KR135324_Human_herpesvirus_2            0.1478720 0.1478720 0.1502255 0.1483118 0.1502255 0.1507646 0.1502255 0.1502255 0.0139185 0.0119147 0.0119147 0.0038252 0.0000010 0.0099167 0.0039525 0.0099167 0.0054654 0.0059715 0.0019745 0.0059342 0.0019745 0.0079219 0.0019745 0.1531453 0.1502531 0.1505506 0.1533830 0.1502531 0.0532732 0.1530856 0.1483118 0.1502838 0.1502838 0.0039525 0.0099553 0.0059557 0.0019745 0.0019745 0.0059342 0.0019816 0.0019745 0.0039525 0.0039525 0.0000000 0.0099084 0.0059576 0.1507646 0.2211293 
KR135328_Human_herpesvirus_2            0.1548500 0.1548500 0.1572149 0.1553081 0.1572149 0.1577776 0.1572149 0.1572149 0.0199286 0.0179126 0.0179126 0.0115065 0.0099084 0.0159028 0.0059288 0.0159028 0.0164578 0.0119701 0.0079158 0.0039471 0.0079158 0.0059279 0.0079158 0.1601710 0.1572447 0.1575556 0.1604193 0.1572447 0.0553173 0.1601082 0.1553081 0.1572763 0.1572763 0.0059288 0.0200012 0.0119384 0.0119009 0.0119009 0.0039471 0.0119439 0.0079158 0.0099038 0.0099038 0.0099084 0.0000000 0.0119421 0.1577776 0.2319051 
NC_001798_Human_herpesvirus_2           0.1555619 0.1555619 0.1579379 0.1560238 0.1579379 0.1585053 0.1579379 0.1579379 0.0159766 0.0139614 0.0139614 0.0038242 0.0059576 0.0119522 0.0059548 0.0119522 0.0000022 0.0079972 0.0039663 0.0079470 0.0079507 0.0099459 0.0039663 0.1609101 0.1579680 0.1582816 0.1611605 0.1579680 0.0555624 0.1608467 0.1560238 0.1579998 0.1579998 0.0059548 0.0119195 0.0039525 0.0079507 0.0079507 0.0079470 0.0039543 0.0079507 0.0059548 0.0059548 0.0059576 0.0119421 0.0000000 0.1585053 0.2298681 
NC_001806_Human_herpesvirus_1           0.0019731 0.0019731 0.0039497 0.0019662 0.0039497 0.0000010 0.0039497 0.0039497 0.1597953 0.1525281 0.1525281 0.1615307 0.1507646 0.1549184 0.1555011 0.1549184 0.1449307 0.1486974 0.1531306 0.1578760 0.1531306 0.1554718 0.1531306 0.0079189 0.0039500 0.0039575 0.0099075 0.0039500 0.1434524 0.0079165 0.0019662 0.0039509 0.0039509 0.1555011 0.1634542 0.1584430 0.1531306 0.1531306 0.1578760 0.1536813 0.1531306 0.1555011 0.1555011 0.1507646 0.1577776 0.1585053 0.0000000 0.2785939 
NC_006560_Cercopithecine_herpesvirus_2  0.2748108 0.2748108 0.2775602 0.2813595 0.2775602 0.2785939 0.2775602 0.2752565 0.2365315 0.2337834 0.2337834 0.2135763 0.2211293 0.2310698 0.2240804 0.2310698 0.1728279 0.2272782 0.2237227 0.2266835 0.2214828 0.2293923 0.2237227 0.2776901 0.2719392 0.2782252 0.2804476 0.2719392 0.2446852 0.2775602 0.2813595 0.2776901 0.2776901 0.2240804 0.2278397 0.2297671 0.2237227 0.2237227 0.2266835 0.2245455 0.2214828 0.2263218 0.2263218 0.2211293 0.2319051 0.2298681 0.2785939 0.0000000 
