38
HM585496_Human_herpesvirus_1            0.0000000 0.0000010 0.0079032 0.0059213 0.0039446 0.0019691 0.0079009 0.0019697 0.0059213 0.0019697 0.0079009 0.0079009 0.0098833 0.1176655 0.1176655 0.0934640 0.1127586 0.1127586 0.0800216 0.0039423 0.0039423 0.0059224 0.0079009 0.0039423 0.1100306 0.0039436 0.0118728 0.0098833 0.0098833 0.0059198 0.0059198 0.0039436 0.0098867 0.1150139 0.1150139 0.1150961 0.0059224 0.3021133 
HM585497_Human_herpesvirus_1            0.0000010 0.0000000 0.0079032 0.0059213 0.0039446 0.0019691 0.0079009 0.0019697 0.0059213 0.0019697 0.0079009 0.0079009 0.0098833 0.1176655 0.1176655 0.0934640 0.1127586 0.1127586 0.0800216 0.0039423 0.0039423 0.0059224 0.0079009 0.0039423 0.1100306 0.0039436 0.0118728 0.0098833 0.0098833 0.0059198 0.0059198 0.0039436 0.0098867 0.1150139 0.1150139 0.1150961 0.0059224 0.3021133 
HM585501_Human_herpesvirus_1            0.0079032 0.0079032 0.0000000 0.0019668 0.0039395 0.0098862 0.0039365 0.0059210 0.0019668 0.0059210 0.0039365 0.0039365 0.0059090 0.1198283 0.1198283 0.0932741 0.1149113 0.1149113 0.0832972 0.0039413 0.0039413 0.0059210 0.0039365 0.0079004 0.1106177 0.0079032 0.0078872 0.0059090 0.0059090 0.0098862 0.0098862 0.0079032 0.0059111 0.1171679 0.1171679 0.1172518 0.0059210 0.3021109 
HM585502_Human_herpesvirus_1            0.0059213 0.0059213 0.0019668 0.0000000 0.0019678 0.0079009 0.0019662 0.0039432 0.0000010 0.0039432 0.0019662 0.0019662 0.0039353 0.1199746 0.1199746 0.0934179 0.1150509 0.1150509 0.0834532 0.0019686 0.0019686 0.0039432 0.0019662 0.0059192 0.1107519 0.0059213 0.0059094 0.0039353 0.0039353 0.0079009 0.0079009 0.0059213 0.0039367 0.1173104 0.1173104 0.1173944 0.0039432 0.3050245 
HM585504_Human_herpesvirus_1            0.0039446 0.0039446 0.0039395 0.0019678 0.0000000 0.0059213 0.0039384 0.0019702 0.0019678 0.0019702 0.0039384 0.0039384 0.0059120 0.1177036 0.1177036 0.0905811 0.1127947 0.1127947 0.0800216 0.0039432 0.0039432 0.0059239 0.0039384 0.0039432 0.1085025 0.0039446 0.0078911 0.0059120 0.0059120 0.0059213 0.0059213 0.0039446 0.0059140 0.1150509 0.1150509 0.1151331 0.0059239 0.3022556 
HM585506_Human_herpesvirus_1            0.0019691 0.0019691 0.0098862 0.0079009 0.0059213 0.0000000 0.0098833 0.0039423 0.0079009 0.0039423 0.0098833 0.0098833 0.0118687 0.1199356 0.1199356 0.0963079 0.1150139 0.1150139 0.0834532 0.0059178 0.0059178 0.0079024 0.0098833 0.0059178 0.1122723 0.0059198 0.0138628 0.0118687 0.0118687 0.0078989 0.0078989 0.0059198 0.0118728 0.1172726 0.1172726 0.1173566 0.0079024 0.3048802 
HM585508_Human_herpesvirus_1            0.0079009 0.0079009 0.0039365 0.0019662 0.0039384 0.0098833 0.0000000 0.0059192 0.0019662 0.0059192 0.0039353 0.0039353 0.0019647 0.1222503 0.1222503 0.0962603 0.1173104 0.1173104 0.0868929 0.0039402 0.0039402 0.0059192 0.0039353 0.0078982 0.1130046 0.0079009 0.0078849 0.0059073 0.0059073 0.0059166 0.0059166 0.0079009 0.0059094 0.1195742 0.1195742 0.1196601 0.0059192 0.3077984 
HM585509_Human_herpesvirus_1            0.0019697 0.0019697 0.0059210 0.0039432 0.0019702 0.0039423 0.0059192 0.0000000 0.0039432 0.0000010 0.0059192 0.0059192 0.0078982 0.1153533 0.1153533 0.0905811 0.1104634 0.1104634 0.0800216 0.0019690 0.0019690 0.0039440 0.0059192 0.0019690 0.1077504 0.0019697 0.0098833 0.0078982 0.0078982 0.0039423 0.0039423 0.0019697 0.0079009 0.1127144 0.1127144 0.1127947 0.0039440 0.2992082 
HM585510_Human_herpesvirus_1            0.0059213 0.0059213 0.0019668 0.0000010 0.0019678 0.0079009 0.0019662 0.0039432 0.0000000 0.0039432 0.0019662 0.0019662 0.0039353 0.1199746 0.1199746 0.0934179 0.1150509 0.1150509 0.0834532 0.0019686 0.0019686 0.0039432 0.0019662 0.0059192 0.1107519 0.0059213 0.0059094 0.0039353 0.0039353 0.0079009 0.0079009 0.0059213 0.0039367 0.1173104 0.1173104 0.1173944 0.0039432 0.3050245 
HM585511_Human_herpesvirus_1            0.0019697 0.0019697 0.0059210 0.0039432 0.0019702 0.0039423 0.0059192 0.0000010 0.0039432 0.0000000 0.0059192 0.0059192 0.0078982 0.1153533 0.1153533 0.0905811 0.1104634 0.1104634 0.0800216 0.0019690 0.0019690 0.0039440 0.0059192 0.0019690 0.1077504 0.0019697 0.0098833 0.0078982 0.0078982 0.0039423 0.0039423 0.0019697 0.0079009 0.1127144 0.1127144 0.1127947 0.0039440 0.2992082 
HM585512_Human_herpesvirus_1            0.0079009 0.0079009 0.0039365 0.0019662 0.0039384 0.0098833 0.0039353 0.0059192 0.0019662 0.0059192 0.0000000 0.0000010 0.0019647 0.1222503 0.1222503 0.0962603 0.1173104 0.1173104 0.0868929 0.0039402 0.0039402 0.0059192 0.0039353 0.0078982 0.1130046 0.0079009 0.0078849 0.0059073 0.0059073 0.0098833 0.0098833 0.0079009 0.0059094 0.1195742 0.1195742 0.1196601 0.0059192 0.3077984 
HM585513_Human_herpesvirus_1            0.0079009 0.0079009 0.0039365 0.0019662 0.0039384 0.0098833 0.0039353 0.0059192 0.0019662 0.0059192 0.0000010 0.0000000 0.0019647 0.1222503 0.1222503 0.0962603 0.1173104 0.1173104 0.0868929 0.0039402 0.0039402 0.0059192 0.0039353 0.0078982 0.1130046 0.0079009 0.0078849 0.0059073 0.0059073 0.0098833 0.0098833 0.0079009 0.0059094 0.1195742 0.1195742 0.1196601 0.0059192 0.3077984 
HM585515_Human_herpesvirus_1            0.0098833 0.0098833 0.0059090 0.0039353 0.0059120 0.0118687 0.0019647 0.0078982 0.0039353 0.0078982 0.0019647 0.0019647 0.0000000 0.1245286 0.1245286 0.0991082 0.1195742 0.1195742 0.0903407 0.0059146 0.0059146 0.0078982 0.0059073 0.0098799 0.1152606 0.0098833 0.0098633 0.0078822 0.0078822 0.0078946 0.0078946 0.0098833 0.0078849 0.1218409 0.1218409 0.1219286 0.0078982 0.3105772 
HSV2_1                                  0.1176655 0.1176655 0.1198283 0.1199746 0.1177036 0.1199356 0.1222503 0.1153533 0.1199746 0.1153533 0.1222503 0.1222503 0.1245286 0.0000000 0.0000010 0.0102855 0.0079673 0.0079673 0.0000024 0.1176191 0.1176191 0.1199973 0.1222503 0.1176191 0.0220755 0.1176655 0.1268609 0.1245286 0.1245286 0.1199356 0.1199356 0.1176655 0.1245781 0.0079620 0.0099667 0.0099727 0.1199973 0.2649291 
HSV2_2                                  0.1176655 0.1176655 0.1198283 0.1199746 0.1177036 0.1199356 0.1222503 0.1153533 0.1199746 0.1153533 0.1222503 0.1222503 0.1245286 0.0000010 0.0000000 0.0102855 0.0079673 0.0079673 0.0000024 0.1176191 0.1176191 0.1199973 0.1222503 0.1176191 0.0220755 0.1176655 0.1268609 0.1245286 0.1245286 0.1199356 0.1199356 0.1176655 0.1245781 0.0079620 0.0099667 0.0099727 0.1199973 0.2649291 
HSV2_4                                  0.0934640 0.0934640 0.0932741 0.0934179 0.0905811 0.0963079 0.0962603 0.0905811 0.0934179 0.0905811 0.0962603 0.0962603 0.0991082 0.0102855 0.0102855 0.0000000 0.0000010 0.0000010 0.0000024 0.0934179 0.0934179 0.0934179 0.0962603 0.0934179 0.0154092 0.0905811 0.0962603 0.0962603 0.0962603 0.0934179 0.0934179 0.0905811 0.0991574 0.0025459 0.0025459 0.0000010 0.0934179 0.2346853 
HSV2_5                                  0.1127586 0.1127586 0.1149113 0.1150509 0.1127947 0.1150139 0.1173104 0.1104634 0.1150509 0.1104634 0.1173104 0.1173104 0.1195742 0.0079673 0.0079673 0.0000010 0.0000000 0.0000010 0.0000024 0.1127144 0.1127144 0.1150727 0.1173104 0.1127144 0.0179801 0.1127586 0.1218890 0.1195742 0.1195742 0.1150139 0.1150139 0.1127586 0.1196213 0.0019767 0.0019767 0.0019779 0.1150727 0.2611909 
HSV2_9                                  0.1127586 0.1127586 0.1149113 0.1150509 0.1127947 0.1150139 0.1173104 0.1104634 0.1150509 0.1104634 0.1173104 0.1173104 0.1195742 0.0079673 0.0079673 0.0000010 0.0000010 0.0000000 0.0000024 0.1127144 0.1127144 0.1150727 0.1173104 0.1127144 0.0179801 0.1127586 0.1218890 0.1195742 0.1195742 0.1150139 0.1150139 0.1127586 0.1196213 0.0019767 0.0019767 0.0019779 0.1150727 0.2611909 
HSV2_11                                 0.0800216 0.0800216 0.0832972 0.0834532 0.0800216 0.0834532 0.0868929 0.0800216 0.0834532 0.0800216 0.0868929 0.0868929 0.0903407 0.0000024 0.0000024 0.0000024 0.0000024 0.0000024 0.0000000 0.0834532 0.0834532 0.0834532 0.0868929 0.0800216 0.0125147 0.0800216 0.0868929 0.0868929 0.0868929 0.0834532 0.0834532 0.0800216 0.0868929 0.0000024 0.0031089 0.0000024 0.0834532 0.2397465 
JN400093_Human_herpesvirus_1            0.0039423 0.0039423 0.0039413 0.0019686 0.0039432 0.0059178 0.0039402 0.0019690 0.0019686 0.0019690 0.0039402 0.0039402 0.0059146 0.1176191 0.1176191 0.0934179 0.1127144 0.1127144 0.0834532 0.0000000 0.0000010 0.0019690 0.0039402 0.0039409 0.1099878 0.0039423 0.0078946 0.0059146 0.0059146 0.0059178 0.0059178 0.0039423 0.0059166 0.1149688 0.1149688 0.1150509 0.0019690 0.3019686 
JN420337_Human_herpesvirus_1            0.0039423 0.0039423 0.0039413 0.0019686 0.0039432 0.0059178 0.0039402 0.0019690 0.0019686 0.0019690 0.0039402 0.0039402 0.0059146 0.1176191 0.1176191 0.0934179 0.1127144 0.1127144 0.0834532 0.0000010 0.0000000 0.0019690 0.0039402 0.0039409 0.1099878 0.0039423 0.0078946 0.0059146 0.0059146 0.0059178 0.0059178 0.0039423 0.0059166 0.1149688 0.1149688 0.1150509 0.0019690 0.3019686 
JN420338_Human_herpesvirus_1            0.0059224 0.0059224 0.0059210 0.0039432 0.0059239 0.0079024 0.0059192 0.0039440 0.0039432 0.0039440 0.0059192 0.0059192 0.0078982 0.1199973 0.1199973 0.0934179 0.1150727 0.1150727 0.0834532 0.0019690 0.0019690 0.0000000 0.0059192 0.0059204 0.1123292 0.0059224 0.0098833 0.0078982 0.0078982 0.0079024 0.0079024 0.0059224 0.0079009 0.1173326 0.1173326 0.1174167 0.0000010 0.3050728 
JN420339_Human_herpesvirus_1            0.0079009 0.0079009 0.0039365 0.0019662 0.0039384 0.0098833 0.0039353 0.0059192 0.0019662 0.0059192 0.0039353 0.0039353 0.0059073 0.1222503 0.1222503 0.0962603 0.1173104 0.1173104 0.0868929 0.0039402 0.0039402 0.0059192 0.0000000 0.0078982 0.1130046 0.0079009 0.0078849 0.0059073 0.0059073 0.0098833 0.0098833 0.0079009 0.0059094 0.1195742 0.1195742 0.1196601 0.0059192 0.3077984 
JN420341_Human_herpesvirus_1            0.0039423 0.0039423 0.0079004 0.0059192 0.0039432 0.0059178 0.0078982 0.0019690 0.0059192 0.0019690 0.0078982 0.0078982 0.0098799 0.1176191 0.1176191 0.0934179 0.1127144 0.1127144 0.0800216 0.0039409 0.0039409 0.0059204 0.0078982 0.0000000 0.1099878 0.0039423 0.0118687 0.0098799 0.0098799 0.0059178 0.0059178 0.0039423 0.0098833 0.1149688 0.1149688 0.1150509 0.0059204 0.3019686 
JQ360576_Chimpanzee_alpha-1_herpesvirus 0.1100306 0.1100306 0.1106177 0.1107519 0.1085025 0.1122723 0.1130046 0.1077504 0.1107519 0.1077504 0.1130046 0.1130046 0.1152606 0.0220755 0.0220755 0.0154092 0.0179801 0.0179801 0.0125147 0.1099878 0.1099878 0.1123292 0.1130046 0.1099878 0.0000000 0.1100306 0.1175660 0.1152606 0.1152606 0.1122723 0.1122723 0.1100306 0.1153059 0.0199931 0.0199931 0.0200052 0.1123292 0.2760376 
KF498959_Human_herpesvirus_1            0.0039436 0.0039436 0.0079032 0.0059213 0.0039446 0.0059198 0.0079009 0.0019697 0.0059213 0.0019697 0.0079009 0.0079009 0.0098833 0.1176655 0.1176655 0.0905811 0.1127586 0.1127586 0.0800216 0.0039423 0.0039423 0.0059224 0.0079009 0.0039423 0.1100306 0.0000000 0.0118728 0.0098833 0.0098833 0.0019691 0.0019691 0.0000010 0.0098867 0.1150139 0.1150139 0.1150961 0.0059224 0.2996228 
KM222721_Human_herpesvirus_1            0.0118728 0.0118728 0.0078872 0.0059094 0.0078911 0.0138628 0.0078849 0.0098833 0.0059094 0.0098833 0.0078849 0.0078849 0.0098633 0.1268609 0.1268609 0.0962603 0.1218890 0.1218890 0.0868929 0.0078946 0.0078946 0.0098833 0.0078849 0.0118687 0.1175660 0.0118728 0.0000000 0.0019638 0.0019638 0.0138628 0.0138628 0.0118728 0.0098667 0.1241602 0.1241602 0.1242498 0.0098833 0.3135123 
KM222722_Human_herpesvirus_1            0.0098833 0.0098833 0.0059090 0.0039353 0.0059120 0.0118687 0.0059073 0.0078982 0.0039353 0.0078982 0.0059073 0.0059073 0.0078822 0.1245286 0.1245286 0.0962603 0.1195742 0.1195742 0.0868929 0.0059146 0.0059146 0.0078982 0.0059073 0.0098799 0.1152606 0.0098833 0.0019638 0.0000000 0.0000010 0.0118687 0.0118687 0.0098833 0.0078849 0.1218409 0.1218409 0.1219286 0.0078982 0.3105772 
KM222723_Human_herpesvirus_1            0.0098833 0.0098833 0.0059090 0.0039353 0.0059120 0.0118687 0.0059073 0.0078982 0.0039353 0.0078982 0.0059073 0.0059073 0.0078822 0.1245286 0.1245286 0.0962603 0.1195742 0.1195742 0.0868929 0.0059146 0.0059146 0.0078982 0.0059073 0.0098799 0.1152606 0.0098833 0.0019638 0.0000010 0.0000000 0.0118687 0.0118687 0.0098833 0.0078849 0.1218409 0.1218409 0.1219286 0.0078982 0.3105772 
KM222724_Human_herpesvirus_1            0.0059198 0.0059198 0.0098862 0.0079009 0.0059213 0.0078989 0.0059166 0.0039423 0.0079009 0.0039423 0.0098833 0.0098833 0.0078946 0.1199356 0.1199356 0.0934179 0.1150139 0.1150139 0.0834532 0.0059178 0.0059178 0.0079024 0.0098833 0.0059178 0.1122723 0.0019691 0.0138628 0.0118687 0.0118687 0.0000000 0.0000010 0.0019691 0.0118728 0.1172726 0.1172726 0.1173566 0.0079024 0.3023874 
KM222725_Human_herpesvirus_1            0.0059198 0.0059198 0.0098862 0.0079009 0.0059213 0.0078989 0.0059166 0.0039423 0.0079009 0.0039423 0.0098833 0.0098833 0.0078946 0.1199356 0.1199356 0.0934179 0.1150139 0.1150139 0.0834532 0.0059178 0.0059178 0.0079024 0.0098833 0.0059178 0.1122723 0.0019691 0.0138628 0.0118687 0.0118687 0.0000010 0.0000000 0.0019691 0.0118728 0.1172726 0.1172726 0.1173566 0.0079024 0.3023874 
KM222726_Human_herpesvirus_1            0.0039436 0.0039436 0.0079032 0.0059213 0.0039446 0.0059198 0.0079009 0.0019697 0.0059213 0.0019697 0.0079009 0.0079009 0.0098833 0.1176655 0.1176655 0.0905811 0.1127586 0.1127586 0.0800216 0.0039423 0.0039423 0.0059224 0.0079009 0.0039423 0.1100306 0.0000010 0.0118728 0.0098833 0.0098833 0.0019691 0.0019691 0.0000000 0.0098867 0.1150139 0.1150139 0.1150961 0.0059224 0.2996228 
KM222727_Human_herpesvirus_1            0.0098867 0.0098867 0.0059111 0.0039367 0.0059140 0.0118728 0.0059094 0.0079009 0.0039367 0.0079009 0.0059094 0.0059094 0.0078849 0.1245781 0.1245781 0.0991574 0.1196213 0.1196213 0.0868929 0.0059166 0.0059166 0.0079009 0.0059094 0.0098833 0.1153059 0.0098867 0.0098667 0.0078849 0.0078849 0.0118728 0.0118728 0.0098867 0.0000000 0.1218890 0.1218890 0.1219768 0.0079009 0.3107268 
KP334093_Human_herpesvirus_2            0.1150139 0.1150139 0.1171679 0.1173104 0.1150509 0.1172726 0.1195742 0.1127144 0.1173104 0.1127144 0.1195742 0.1195742 0.1218409 0.0079620 0.0079620 0.0025459 0.0019767 0.0019767 0.0000024 0.1149688 0.1149688 0.1173326 0.1195742 0.1149688 0.0199931 0.1150139 0.1241602 0.1218409 0.1218409 0.1172726 0.1172726 0.1150139 0.1218890 0.0000000 0.0039564 0.0039588 0.1173326 0.2638566 
KR135311_Human_herpesvirus_2            0.1150139 0.1150139 0.1171679 0.1173104 0.1150509 0.1172726 0.1195742 0.1127144 0.1173104 0.1127144 0.1195742 0.1195742 0.1218409 0.0099667 0.0099667 0.0025459 0.0019767 0.0019767 0.0031089 0.1149688 0.1149688 0.1173326 0.1195742 0.1149688 0.0199931 0.1150139 0.1241602 0.1218409 0.1218409 0.1172726 0.1172726 0.1150139 0.1218890 0.0039564 0.0000000 0.0039588 0.1173326 0.2609936 
KR135327_Human_herpesvirus_2            0.1150961 0.1150961 0.1172518 0.1173944 0.1151331 0.1173566 0.1196601 0.1127947 0.1173944 0.1127947 0.1196601 0.1196601 0.1219286 0.0099727 0.0099727 0.0000010 0.0019779 0.0019779 0.0000024 0.1150509 0.1150509 0.1174167 0.1196601 0.1150509 0.0200052 0.1150961 0.1242498 0.1219286 0.1219286 0.1173566 0.1173566 0.1150961 0.1219768 0.0039588 0.0039588 0.0000000 0.1174167 0.2640949 
NC_001806_Human_herpesvirus_1           0.0059224 0.0059224 0.0059210 0.0039432 0.0059239 0.0079024 0.0059192 0.0039440 0.0039432 0.0039440 0.0059192 0.0059192 0.0078982 0.1199973 0.1199973 0.0934179 0.1150727 0.1150727 0.0834532 0.0019690 0.0019690 0.0000010 0.0059192 0.0059204 0.1123292 0.0059224 0.0098833 0.0078982 0.0078982 0.0079024 0.0079024 0.0059224 0.0079009 0.1173326 0.1173326 0.1174167 0.0000000 0.3050728 
NC_006560_Cercopithecine_herpesvirus_2  0.3021133 0.3021133 0.3021109 0.3050245 0.3022556 0.3048802 0.3077984 0.2992082 0.3050245 0.2992082 0.3077984 0.3077984 0.3105772 0.2649291 0.2649291 0.2346853 0.2611909 0.2611909 0.2397465 0.3019686 0.3019686 0.3050728 0.3077984 0.3019686 0.2760376 0.2996228 0.3135123 0.3105772 0.3105772 0.3023874 0.3023874 0.2996228 0.3107268 0.2638566 0.2609936 0.2640949 0.3050728 0.0000000 
