32
HM585496_Human_herpesvirus_1            0.0000000 0.0039413 0.0059170 0.0000010 0.0039413 0.0019690 0.0019690 0.0059182 0.0059194 0.0059170 0.0039413 0.0039413 0.1091707 0.1068242 0.1068242 0.1091633 0.1045938 0.1092550 0.1045957 0.1314001 0.1048134 0.1048021 0.1045957 0.0039442 0.0039442 0.0059214 0.1297783 0.0059225 0.0059214 0.1046355 0.1046512 0.2134114 
HM585497_Human_herpesvirus_1            0.0039413 0.0000000 0.0059170 0.0039413 0.0000010 0.0019690 0.0019690 0.0059182 0.0019687 0.0059170 0.0039413 0.0039413 0.1137283 0.1113671 0.1113671 0.1091633 0.1091270 0.1138166 0.1091291 0.1314001 0.1093565 0.1093450 0.1091291 0.0039442 0.0039442 0.0059214 0.1344364 0.0059225 0.0059214 0.1091708 0.1091870 0.2134114 
HM585498_Human_herpesvirus_1            0.0059170 0.0059170 0.0000000 0.0059170 0.0059170 0.0039413 0.0039413 0.0078977 0.0078993 0.0000010 0.0059170 0.0059170 0.1114094 0.1090565 0.1090565 0.1091633 0.1068222 0.1114956 0.1068242 0.1314001 0.1070466 0.1070352 0.1068242 0.0059214 0.0059214 0.0079019 0.1320586 0.0079034 0.0079019 0.1068649 0.1068809 0.2135302 
HM585499_Human_herpesvirus_1            0.0000010 0.0039413 0.0059170 0.0000000 0.0039413 0.0019690 0.0019690 0.0059182 0.0059194 0.0059170 0.0039413 0.0039413 0.1091707 0.1068242 0.1068242 0.1091633 0.1045938 0.1092550 0.1045957 0.1314001 0.1048134 0.1048021 0.1045957 0.0039442 0.0039442 0.0059214 0.1297783 0.0059225 0.0059214 0.1046355 0.1046512 0.2134114 
HM585501_Human_herpesvirus_1            0.0039413 0.0000010 0.0059170 0.0039413 0.0000000 0.0019690 0.0019690 0.0059182 0.0019687 0.0059170 0.0039413 0.0039413 0.1137283 0.1113671 0.1113671 0.1091633 0.1091270 0.1138166 0.1091291 0.1314001 0.1093565 0.1093450 0.1091291 0.0039442 0.0039442 0.0059214 0.1344364 0.0059225 0.0059214 0.1091708 0.1091870 0.2134114 
HM585502_Human_herpesvirus_1            0.0019690 0.0019690 0.0039413 0.0019690 0.0019690 0.0000000 0.0000010 0.0079019 0.0039429 0.0039413 0.0019690 0.0019690 0.1114839 0.1091291 0.1091291 0.1091633 0.1068930 0.1115703 0.1068950 0.1314001 0.1071177 0.1071063 0.1068950 0.0019704 0.0019704 0.0039442 0.1321502 0.0039449 0.0039442 0.1069357 0.1069517 0.2109065 
HM585504_Human_herpesvirus_1            0.0019690 0.0019690 0.0039413 0.0019690 0.0019690 0.0000010 0.0000000 0.0079019 0.0039429 0.0039413 0.0019690 0.0019690 0.1114839 0.1091291 0.1091291 0.1091633 0.1068930 0.1115703 0.1068950 0.1314001 0.1071177 0.1071063 0.1068950 0.0019704 0.0019704 0.0039442 0.1321502 0.0039449 0.0039442 0.1069357 0.1069517 0.2109065 
HM585509_Human_herpesvirus_1            0.0059182 0.0059182 0.0078977 0.0059182 0.0059182 0.0079019 0.0079019 0.0000000 0.0079010 0.0078977 0.0098859 0.0098859 0.1114397 0.1090861 0.1090861 0.1091633 0.1068510 0.1115260 0.1068530 0.1314001 0.1070755 0.1070641 0.1068530 0.0098933 0.0098933 0.0118821 0.1320961 0.0118843 0.0118821 0.1068937 0.1069097 0.2184425 
HM585510_Human_herpesvirus_1            0.0059194 0.0019687 0.0078993 0.0059194 0.0019687 0.0039429 0.0039429 0.0079010 0.0000000 0.0078993 0.0059194 0.0059194 0.1114238 0.1090707 0.1090707 0.1091633 0.1068361 0.1115101 0.1068381 0.1314001 0.1070605 0.1070491 0.1068381 0.0059238 0.0059238 0.0079052 0.1320752 0.0079066 0.0079052 0.1068788 0.1068948 0.2135021 
HM585511_Human_herpesvirus_1            0.0059170 0.0059170 0.0000010 0.0059170 0.0059170 0.0039413 0.0039413 0.0078977 0.0078993 0.0000000 0.0059170 0.0059170 0.1114094 0.1090565 0.1090565 0.1091633 0.1068222 0.1114956 0.1068242 0.1314001 0.1070466 0.1070352 0.1068242 0.0059214 0.0059214 0.0079019 0.1320586 0.0079034 0.0079019 0.1068649 0.1068809 0.2135302 
HM585512_Human_herpesvirus_1            0.0039413 0.0039413 0.0059170 0.0039413 0.0039413 0.0019690 0.0019690 0.0098859 0.0059194 0.0059170 0.0000000 0.0000010 0.1137283 0.1113671 0.1113671 0.1091633 0.1091270 0.1138166 0.1091291 0.1314001 0.1093565 0.1093450 0.1091291 0.0039442 0.0039442 0.0059214 0.1344364 0.0059225 0.0059214 0.1091708 0.1091870 0.2134114 
HM585513_Human_herpesvirus_1            0.0039413 0.0039413 0.0059170 0.0039413 0.0039413 0.0019690 0.0019690 0.0098859 0.0059194 0.0059170 0.0000010 0.0000000 0.1137283 0.1113671 0.1113671 0.1091633 0.1091270 0.1138166 0.1091291 0.1314001 0.1093565 0.1093450 0.1091291 0.0039442 0.0039442 0.0059214 0.1344364 0.0059225 0.0059214 0.1091708 0.1091870 0.2134114 
HSV2_1                                  0.1091707 0.1137283 0.1114094 0.1091707 0.1137283 0.1114839 0.1114839 0.1114397 0.1114238 0.1114094 0.1137283 0.1137283 0.0000000 0.0019767 0.0019767 0.0000010 0.0059488 0.0039631 0.0039589 0.0000010 0.0019816 0.0039662 0.0039589 0.1114861 0.1114861 0.1137306 0.0552712 0.1160988 0.1137306 0.0059459 0.0059435 0.1749577 
HSV2_2                                  0.1068242 0.1113671 0.1090565 0.1068242 0.1113671 0.1091291 0.1091291 0.1090861 0.1090707 0.1090565 0.1113671 0.1113671 0.0019767 0.0000000 0.0000010 0.0000010 0.0039588 0.0019780 0.0019759 0.0000010 0.0000010 0.0019795 0.0019759 0.1091312 0.1091312 0.1113692 0.0531249 0.1137283 0.1113692 0.0039569 0.0039552 0.1723515 
HSV2_3                                  0.1068242 0.1113671 0.1090565 0.1068242 0.1113671 0.1091291 0.1091291 0.1090861 0.1090707 0.1090565 0.1113671 0.1113671 0.0019767 0.0000010 0.0000000 0.0000010 0.0039588 0.0019780 0.0019759 0.0000010 0.0000010 0.0019795 0.0019759 0.1091312 0.1091312 0.1113692 0.0531249 0.1137283 0.1113692 0.0039569 0.0039552 0.1723515 
HSV2_4                                  0.1091633 0.1091633 0.1091633 0.1091633 0.1091633 0.1091633 0.1091633 0.1091633 0.1091633 0.1091633 0.1091633 0.1091633 0.0000010 0.0000010 0.0000010 0.0000000 0.0000010 0.0055835 0.0000010 0.0000010 0.0000010 0.0000010 0.0000010 0.1091633 0.1091633 0.1091633 0.0575228 0.1154700 0.1091633 0.0000010 0.0000010 0.1432694 
HSV2_5                                  0.1045938 0.1091270 0.1068222 0.1045938 0.1091270 0.1068930 0.1068930 0.1068510 0.1068361 0.1068222 0.1091270 0.1091270 0.0059488 0.0039588 0.0039588 0.0000010 0.0000000 0.0059529 0.0019777 0.0000010 0.0019816 0.0019813 0.0019777 0.1068950 0.1068950 0.1091291 0.0574013 0.1114818 0.1091291 0.0039604 0.0039588 0.1725367 
HSV2_7                                  0.1092550 0.1138166 0.1114956 0.1092550 0.1138166 0.1115703 0.1115703 0.1115260 0.1115101 0.1114956 0.1138166 0.1138166 0.0039631 0.0019780 0.0019780 0.0055835 0.0059529 0.0000000 0.0039616 0.0090773 0.0019830 0.0039688 0.0039616 0.1115724 0.1115724 0.1138188 0.0553108 0.1161893 0.1138188 0.0059500 0.0059475 0.1751058 
HSV2_9                                  0.1045957 0.1091291 0.1068242 0.1045957 0.1091291 0.1068950 0.1068950 0.1068530 0.1068381 0.1068242 0.1091291 0.1091291 0.0039589 0.0019759 0.0019759 0.0000010 0.0019777 0.0039616 0.0000000 0.0000010 0.0000010 0.0000010 0.0000010 0.1068970 0.1068970 0.1091312 0.0552498 0.1114839 0.1091312 0.0019767 0.0019759 0.1699469 
HSV2_11                                 0.1314001 0.1314001 0.1314001 0.1314001 0.1314001 0.1314001 0.1314001 0.1314001 0.1314001 0.1314001 0.1314001 0.1314001 0.0000010 0.0000010 0.0000010 0.0000010 0.0000010 0.0090773 0.0000010 0.0000000 0.0000010 0.0000010 0.0000010 0.1314001 0.1314001 0.1314001 0.0848969 0.1419682 0.1314001 0.0000010 0.0000010 0.1837091 
HSV2_12                                 0.1048134 0.1093565 0.1070466 0.1048134 0.1093565 0.1071177 0.1071177 0.1070755 0.1070605 0.1070466 0.1093565 0.1093565 0.0019816 0.0000010 0.0000010 0.0000010 0.0019816 0.0019830 0.0000010 0.0000010 0.0000000 0.0000010 0.0000010 0.1071197 0.1071197 0.1093586 0.0532635 0.1117165 0.1093586 0.0019806 0.0019798 0.1703147 
HSV2_13                                 0.1048021 0.1093450 0.1070352 0.1048021 0.1093450 0.1071063 0.1071063 0.1070641 0.1070491 0.1070352 0.1093450 0.1093450 0.0039662 0.0019795 0.0019795 0.0000010 0.0019813 0.0039688 0.0000010 0.0000010 0.0000010 0.0000000 0.0000010 0.1071083 0.1071083 0.1093471 0.0553545 0.1117049 0.1093471 0.0019803 0.0019795 0.1702995 
HSV2_14                                 0.1045957 0.1091291 0.1068242 0.1045957 0.1091291 0.1068950 0.1068950 0.1068530 0.1068381 0.1068242 0.1091291 0.1091291 0.0039589 0.0019759 0.0019759 0.0000010 0.0019777 0.0039616 0.0000010 0.0000010 0.0000010 0.0000010 0.0000000 0.1068970 0.1068970 0.1091312 0.0552498 0.1114839 0.1091312 0.0019767 0.0019759 0.1699469 
JN420337_Human_herpesvirus_1            0.0039442 0.0039442 0.0059214 0.0039442 0.0039442 0.0019704 0.0019704 0.0098933 0.0059238 0.0059214 0.0039442 0.0039442 0.1114861 0.1091312 0.1091312 0.1091633 0.1068950 0.1115724 0.1068970 0.1314001 0.1071197 0.1071083 0.1068970 0.0000000 0.0000010 0.0019686 0.1321531 0.0059269 0.0019686 0.1069378 0.1069538 0.2109131 
JN420339_Human_herpesvirus_1            0.0039442 0.0039442 0.0059214 0.0039442 0.0039442 0.0019704 0.0019704 0.0098933 0.0059238 0.0059214 0.0039442 0.0039442 0.1114861 0.1091312 0.1091312 0.1091633 0.1068950 0.1115724 0.1068970 0.1314001 0.1071197 0.1071083 0.1068970 0.0000010 0.0000000 0.0019686 0.1321531 0.0059269 0.0019686 0.1069378 0.1069538 0.2109131 
JN420342_Human_herpesvirus_1            0.0059214 0.0059214 0.0079019 0.0059214 0.0059214 0.0039442 0.0039442 0.0118821 0.0079052 0.0079019 0.0059214 0.0059214 0.1137306 0.1113692 0.1113692 0.1091633 0.1091291 0.1138188 0.1091312 0.1314001 0.1093586 0.1093471 0.1091312 0.0019686 0.0019686 0.0000000 0.1344394 0.0079093 0.0000010 0.1091728 0.1091891 0.2134182 
JQ360576_Chimpanzee_alpha-1_herpesvirus 0.1297783 0.1344364 0.1320586 0.1297783 0.1344364 0.1321502 0.1321502 0.1320961 0.1320752 0.1320586 0.1344364 0.1344364 0.0552712 0.0531249 0.0531249 0.0575228 0.0574013 0.0553108 0.0552498 0.0848969 0.0532635 0.0553545 0.0552498 0.1321531 0.1321531 0.1344394 0.0000000 0.1321998 0.1344394 0.0573729 0.0573470 0.2080181 
KM222720_Human_herpesvirus_1            0.0059225 0.0059225 0.0079034 0.0059225 0.0059225 0.0039449 0.0039449 0.0118843 0.0079066 0.0079034 0.0059225 0.0059225 0.1160988 0.1137283 0.1137283 0.1154700 0.1114818 0.1161893 0.1114839 0.1419682 0.1117165 0.1117049 0.1114839 0.0059269 0.0059269 0.0079093 0.1321998 0.0000000 0.0079093 0.1115266 0.1115432 0.2132640 
KM222724_Human_herpesvirus_1            0.0059214 0.0059214 0.0079019 0.0059214 0.0059214 0.0039442 0.0039442 0.0118821 0.0079052 0.0079019 0.0059214 0.0059214 0.1137306 0.1113692 0.1113692 0.1091633 0.1091291 0.1138188 0.1091312 0.1314001 0.1093586 0.1093471 0.1091312 0.0019686 0.0019686 0.0000010 0.1344394 0.0079093 0.0000000 0.1091728 0.1091891 0.2134182 
KR135325_Human_herpesvirus_2            0.1046355 0.1091708 0.1068649 0.1046355 0.1091708 0.1069357 0.1069357 0.1068937 0.1068788 0.1068649 0.1091708 0.1091708 0.0059459 0.0039569 0.0039569 0.0000010 0.0039604 0.0059500 0.0019767 0.0000010 0.0019806 0.0019803 0.0019767 0.1069378 0.1069378 0.1091728 0.0573729 0.1115266 0.1091728 0.0000000 0.0039569 0.1724470 
KR135330_Human_herpesvirus_2            0.1046512 0.1091870 0.1068809 0.1046512 0.1091870 0.1069517 0.1069517 0.1069097 0.1068948 0.1068809 0.1091870 0.1091870 0.0059435 0.0039552 0.0039552 0.0000010 0.0039588 0.0059475 0.0019759 0.0000010 0.0019798 0.0019795 0.0019759 0.1069538 0.1069538 0.1091891 0.0573470 0.1115432 0.1091891 0.0039569 0.0000000 0.1700400 
NC_006560_Cercopithecine_herpesvirus_2  0.2134114 0.2134114 0.2135302 0.2134114 0.2134114 0.2109065 0.2109065 0.2184425 0.2135021 0.2135302 0.2134114 0.2134114 0.1749577 0.1723515 0.1723515 0.1432694 0.1725367 0.1751058 0.1699469 0.1837091 0.1703147 0.1702995 0.1699469 0.2109131 0.2109131 0.2134182 0.2080181 0.2132640 0.2134182 0.1724470 0.1700400 0.0000000 
