45
HM585496_Human_herpesvirus_1            0.0000000 0.0019662 0.0000010 0.0019646 0.0019656 0.0019648 0.0019646 0.0019648 0.0019646 0.1761902 0.1776442 0.1815022 0.1105139 0.1948710 0.1915678 0.1869701 0.1857655 0.1817701 0.1780397 0.1617614 0.1757619 0.1932913 0.1904952 0.1903549 0.2006434 0.1938971 0.1652138 0.0019646 0.0019648 0.0019646 0.0019646 0.0059070 0.1954920 0.1903549 0.0039302 0.0039358 0.0019646 0.1930074 0.1927421 0.1928260 0.1928260 0.1927421 0.1927421 0.0019648 0.3184548 
HM585497_Human_herpesvirus_1            0.0019662 0.0000000 0.0019662 0.0039358 0.0039380 0.0039363 0.0039358 0.0039363 0.0039358 0.1794357 0.1808693 0.1849135 0.1105139 0.1979739 0.1955217 0.1896734 0.1891597 0.1852513 0.1814849 0.1617614 0.1801111 0.1970772 0.1948768 0.1930162 0.2045314 0.1967505 0.1688746 0.0039358 0.0039363 0.0039358 0.0039358 0.0078895 0.1981653 0.1930162 0.0059052 0.0059137 0.0039358 0.1956800 0.1954100 0.1954956 0.1954956 0.1954100 0.1954100 0.0039363 0.3181964 
HM585498_Human_herpesvirus_1            0.0000010 0.0019662 0.0000000 0.0019646 0.0019656 0.0019648 0.0019646 0.0019648 0.0019646 0.1761902 0.1776442 0.1815022 0.1105139 0.1948710 0.1915678 0.1869701 0.1857655 0.1817701 0.1780397 0.1617614 0.1757619 0.1932913 0.1904952 0.1903549 0.2006434 0.1938971 0.1652138 0.0019646 0.0019648 0.0019646 0.0019646 0.0059070 0.1954920 0.1903549 0.0039302 0.0039358 0.0019646 0.1930074 0.1927421 0.1928260 0.1928260 0.1927421 0.1927421 0.0019648 0.3184548 
HM585501_Human_herpesvirus_1            0.0019646 0.0039358 0.0019646 0.0000000 0.0039347 0.0039330 0.0039325 0.0039330 0.0039325 0.1773218 0.1787731 0.1827083 0.1105139 0.1960036 0.1930008 0.1879387 0.1869784 0.1830017 0.1792470 0.1617614 0.1772769 0.1946676 0.1920787 0.1913161 0.2020812 0.1949364 0.1664509 0.0039325 0.0039330 0.0039325 0.0039325 0.0078830 0.1964692 0.1913161 0.0059004 0.0059088 0.0039325 0.1939787 0.1937110 0.1937958 0.1937958 0.1937110 0.1937110 0.0039330 0.3213799 
HM585502_Human_herpesvirus_1            0.0019656 0.0039380 0.0019656 0.0039347 0.0000000 0.0039352 0.0039347 0.0039352 0.0039347 0.1793888 0.1808225 0.1848636 0.1105139 0.1979277 0.1954629 0.1896336 0.1891097 0.1852004 0.1814348 0.1617614 0.1800480 0.1970208 0.1948117 0.1929769 0.2044730 0.1967081 0.1688228 0.0039347 0.0039352 0.0039347 0.0039347 0.0078874 0.1981255 0.1929769 0.0059037 0.0059121 0.0039347 0.1956403 0.1953704 0.1954559 0.1954559 0.1953704 0.1953704 0.0039352 0.3155371 
HM585504_Human_herpesvirus_1            0.0019648 0.0039363 0.0019648 0.0039330 0.0039352 0.0000000 0.0039330 0.0000010 0.0039330 0.1761902 0.1776442 0.1815022 0.1105139 0.1977923 0.1915678 0.1895207 0.1857655 0.1817701 0.1780397 0.1617614 0.1757619 0.1932913 0.1904952 0.1928637 0.2006434 0.1965844 0.1652138 0.0039330 0.0039335 0.0039330 0.0039330 0.0078839 0.1980087 0.1928637 0.0059011 0.0059096 0.0039330 0.1955251 0.1952555 0.1953409 0.1953409 0.1952555 0.1952555 0.0039335 0.3214640 
HM585508_Human_herpesvirus_1            0.0019646 0.0039358 0.0019646 0.0039325 0.0039347 0.0039330 0.0000000 0.0039330 0.0000010 0.1792183 0.1806517 0.1846787 0.1105139 0.1977471 0.1952356 0.1894832 0.1889213 0.1850113 0.1812517 0.1617614 0.1798186 0.1968015 0.1945608 0.1928260 0.2042387 0.1965431 0.1686423 0.0039325 0.0039330 0.0039325 0.0039325 0.0078830 0.1979698 0.1928260 0.0059004 0.0019651 0.0039325 0.1954867 0.1952173 0.1953026 0.1953026 0.1952173 0.1952173 0.0039330 0.3213799 
HM585509_Human_herpesvirus_1            0.0019648 0.0039363 0.0019648 0.0039330 0.0039352 0.0000010 0.0039330 0.0000000 0.0039330 0.1761902 0.1776442 0.1815022 0.1105139 0.1977923 0.1915678 0.1895207 0.1857655 0.1817701 0.1780397 0.1617614 0.1757619 0.1932913 0.1904952 0.1928637 0.2006434 0.1965844 0.1652138 0.0039330 0.0039335 0.0039330 0.0039330 0.0078839 0.1980087 0.1928637 0.0059011 0.0059096 0.0039330 0.1955251 0.1952555 0.1953409 0.1953409 0.1952555 0.1952555 0.0039335 0.3214640 
HM585514_Human_herpesvirus_1            0.0019646 0.0039358 0.0019646 0.0039325 0.0039347 0.0039330 0.0000010 0.0039330 0.0000000 0.1792183 0.1806517 0.1846787 0.1105139 0.1977471 0.1952356 0.1894832 0.1889213 0.1850113 0.1812517 0.1617614 0.1798186 0.1968015 0.1945608 0.1928260 0.2042387 0.1965431 0.1686423 0.0039325 0.0039330 0.0039325 0.0039325 0.0078830 0.1979698 0.1928260 0.0059004 0.0019651 0.0039325 0.1954867 0.1952173 0.1953026 0.1953026 0.1952173 0.1952173 0.0039330 0.3213799 
HSV2_1                                  0.1761902 0.1794357 0.1761902 0.1773218 0.1793888 0.1761902 0.1792183 0.1761902 0.1792183 0.0000000 0.0024794 0.0025631 0.0000010 0.0000010 0.0000010 0.0000010 0.0025798 0.0000010 0.0000010 0.0000010 0.0000010 0.0000010 0.0000021 0.0000010 0.0028426 0.0000010 0.0000010 0.1761902 0.1792605 0.1792183 0.1792183 0.1821575 0.0379127 0.0000010 0.1820607 0.1806360 0.1761902 0.0024561 0.0024528 0.0024537 0.0024537 0.0024528 0.0024528 0.1792605 0.3228642 
HSV2_2                                  0.1776442 0.1808693 0.1776442 0.1787731 0.1808225 0.1776442 0.1806517 0.1776442 0.1806517 0.0024794 0.0000000 0.0000010 0.0000010 0.0025250 0.0029326 0.0024461 0.0000029 0.0026234 0.0026022 0.0000010 0.0033025 0.0027960 0.0032350 0.0024371 0.0000010 0.0024461 0.0028283 0.1806517 0.1806941 0.1806517 0.1806517 0.1835694 0.0427388 0.0024371 0.1834725 0.1820653 0.1806517 0.0048841 0.0048776 0.0048795 0.0048795 0.0048776 0.0048776 0.1806941 0.3150495 
HSV2_3                                  0.1815022 0.1849135 0.1815022 0.1827083 0.1848636 0.1815022 0.1846787 0.1815022 0.1846787 0.0025631 0.0000010 0.0000000 0.0000010 0.0026014 0.0029326 0.0025631 0.0000029 0.0026556 0.0026452 0.0000010 0.0033025 0.0027960 0.0032350 0.0025631 0.0000010 0.0025631 0.0028283 0.1815022 0.1847247 0.1846787 0.1846787 0.1877590 0.0423433 0.0025631 0.1876540 0.1861942 0.1815022 0.0051371 0.0025631 0.0051319 0.0051319 0.0025631 0.0051299 0.1847247 0.3151300 
HSV2_4                                  0.1105139 0.1105139 0.1105139 0.1105139 0.1105139 0.1105139 0.1105139 0.1105139 0.1105139 0.0000010 0.0000010 0.0000010 0.0000000 0.0000010 0.0000010 0.0000010 0.0000010 0.0000010 0.0000010 0.0000010 0.0000010 0.0000010 0.0000010 0.0000010 0.0000010 0.0000010 0.0000010 0.1105139 0.1105139 0.1105139 0.1105139 0.1105139 0.0448923 0.0000010 0.1105139 0.1105139 0.1105139 0.0000010 0.0000010 0.0146921 0.0146921 0.0000010 0.0000010 0.1105139 0.2414769 
HSV2_5                                  0.1948710 0.1979739 0.1948710 0.1960036 0.1979277 0.1977923 0.1977471 0.1977923 0.1977471 0.0000010 0.0025250 0.0026014 0.0000010 0.0000000 0.0000010 0.0022826 0.0025292 0.0000010 0.0000010 0.0000010 0.0000010 0.0000010 0.0000021 0.0000026 0.0028426 0.0000026 0.0000010 0.1977471 0.1977923 0.1977471 0.1977471 0.2005280 0.0423835 0.0000026 0.2004256 0.1991763 0.1977471 0.0022826 0.0022798 0.0022806 0.0022806 0.0022798 0.0022798 0.1977923 0.3309985 
HSV2_6                                  0.1915678 0.1955217 0.1915678 0.1930008 0.1954629 0.1915678 0.1952356 0.1915678 0.1952356 0.0000010 0.0029326 0.0029326 0.0000010 0.0000010 0.0000000 0.0000010 0.0029326 0.0000010 0.0000010 0.0000010 0.0000010 0.0000010 0.0000021 0.0000010 0.0029481 0.0000010 0.0000010 0.1915678 0.1952924 0.1952356 0.1952356 0.1987867 0.0393211 0.0000010 0.1951092 0.1970480 0.1915678 0.0029354 0.0000010 0.0029320 0.0029320 0.0000010 0.0029307 0.1952924 0.3303117 
HSV2_7                                  0.1869701 0.1896734 0.1869701 0.1879387 0.1896336 0.1895207 0.1894832 0.1895207 0.1894832 0.0000010 0.0024461 0.0025631 0.0000010 0.0022826 0.0000010 0.0000000 0.0025292 0.0000010 0.0000010 0.0000010 0.0000010 0.0000010 0.0000021 0.0020137 0.0028426 0.0021058 0.0000010 0.1894832 0.1895207 0.1894832 0.1894832 0.1946352 0.0479439 0.0020137 0.1918316 0.1906992 0.1894832 0.0040362 0.0040318 0.0040330 0.0040330 0.0040318 0.0040318 0.1895207 0.3468698 
HSV2_8                                  0.1857655 0.1891597 0.1857655 0.1869784 0.1891097 0.1857655 0.1889213 0.1857655 0.1889213 0.0025798 0.0000029 0.0000029 0.0000010 0.0025292 0.0029326 0.0025292 0.0000000 0.0026305 0.0027270 0.0000010 0.0033025 0.0028102 0.0032670 0.0025292 0.0000020 0.0025292 0.0028367 0.1889213 0.1889682 0.1889213 0.1889213 0.1919793 0.0417015 0.0025292 0.1918724 0.1904481 0.1889213 0.0050686 0.0050616 0.0050636 0.0050636 0.0050616 0.0050616 0.1889682 0.3274333 
HSV2_9                                  0.1817701 0.1852513 0.1817701 0.1830017 0.1852004 0.1817701 0.1850113 0.1817701 0.1850113 0.0000010 0.0026234 0.0026556 0.0000010 0.0000010 0.0000010 0.0000010 0.0026305 0.0000000 0.0000010 0.0000010 0.0000010 0.0000010 0.0000021 0.0000010 0.0028697 0.0000010 0.0000010 0.1817701 0.1850583 0.1850113 0.1850113 0.1881544 0.0378122 0.0000010 0.1880470 0.1865596 0.1817701 0.0026256 0.0026219 0.0026229 0.0026229 0.0026219 0.0026219 0.1850583 0.3146240 
HSV2_10                                 0.1780397 0.1814849 0.1780397 0.1792470 0.1814348 0.1780397 0.1812517 0.1780397 0.1812517 0.0000010 0.0026022 0.0026452 0.0000010 0.0000010 0.0000010 0.0000010 0.0027270 0.0000010 0.0000000 0.0000010 0.0000010 0.0000010 0.0000021 0.0000010 0.0028426 0.0000010 0.0000010 0.1780397 0.1812971 0.1812517 0.1812517 0.1843681 0.0402620 0.0000010 0.1842640 0.1827668 0.1780397 0.0026044 0.0000010 0.0026017 0.0026017 0.0000010 0.0026007 0.1812971 0.3211259 
HSV2_11                                 0.1617614 0.1617614 0.1617614 0.1617614 0.1617614 0.1617614 0.1617614 0.1617614 0.1617614 0.0000010 0.0000010 0.0000010 0.0000010 0.0000010 0.0000010 0.0000010 0.0000010 0.0000010 0.0000010 0.0000000 0.0000010 0.0000010 0.0000010 0.0000010 0.0000010 0.0000010 0.0000010 0.1617614 0.1617614 0.1617614 0.1617614 0.1617614 0.0490123 0.0000010 0.1617614 0.1617614 0.1617614 0.0000010 0.0000010 0.0000010 0.0000010 0.0000010 0.0000010 0.1617614 0.2864445 
HSV2_12                                 0.1757619 0.1801111 0.1757619 0.1772769 0.1800480 0.1757619 0.1798186 0.1757619 0.1798186 0.0000010 0.0033025 0.0033025 0.0000010 0.0000010 0.0000010 0.0000010 0.0033025 0.0000010 0.0000010 0.0000010 0.0000000 0.0000010 0.0000022 0.0000010 0.0033222 0.0000010 0.0000010 0.1757619 0.1757619 0.1798186 0.1798186 0.1837586 0.0409376 0.0000010 0.1796911 0.1817261 0.1757619 0.0033060 0.0000010 0.0033018 0.0033018 0.0000010 0.0033001 0.1757619 0.3300857 
HSV2_13                                 0.1932913 0.1970772 0.1932913 0.1946676 0.1970208 0.1932913 0.1968015 0.1932913 0.1968015 0.0000010 0.0027960 0.0027960 0.0000010 0.0000010 0.0000010 0.0000010 0.0028102 0.0000010 0.0000010 0.0000010 0.0000010 0.0000000 0.0000021 0.0000010 0.0028488 0.0000010 0.0000010 0.1932913 0.1968563 0.1968015 0.1968015 0.2001973 0.0374416 0.0000010 0.2000726 0.1985431 0.1932913 0.0027986 0.0000010 0.0027955 0.0027955 0.0000010 0.0027943 0.1968563 0.3386299 
HSV2_14                                 0.1904952 0.1948768 0.1904952 0.1920787 0.1948117 0.1904952 0.1945608 0.1904952 0.1945608 0.0000021 0.0032350 0.0032350 0.0000010 0.0000021 0.0000021 0.0000021 0.0032670 0.0000021 0.0000021 0.0000010 0.0000022 0.0000021 0.0000000 0.0000021 0.0032863 0.0000021 0.0000022 0.1904952 0.1946235 0.1945608 0.1945608 0.1984971 0.0333147 0.0000021 0.1944213 0.1965661 0.1904952 0.0032384 0.0000021 0.0032344 0.0032344 0.0000021 0.0032328 0.1946235 0.3600785 
HSV2_15                                 0.1903549 0.1930162 0.1903549 0.1913161 0.1929769 0.1928637 0.1928260 0.1928637 0.1928260 0.0000010 0.0024371 0.0025631 0.0000010 0.0000026 0.0000010 0.0020137 0.0025292 0.0000010 0.0000010 0.0000010 0.0000010 0.0000010 0.0000021 0.0000000 0.0028426 0.0000010 0.0000010 0.1928260 0.1928637 0.1928260 0.1928260 0.1978927 0.0491122 0.0000010 0.1951320 0.1940344 0.1928260 0.0019779 0.0019757 0.0019763 0.0019763 0.0019757 0.0019757 0.1928637 0.3415509 
HSV2_16                                 0.2006434 0.2045314 0.2006434 0.2020812 0.2044730 0.2006434 0.2042387 0.2006434 0.2042387 0.0028426 0.0000010 0.0000010 0.0000010 0.0028426 0.0029481 0.0028426 0.0000020 0.0028697 0.0028426 0.0000010 0.0033222 0.0028488 0.0032863 0.0028426 0.0000000 0.0028426 0.0030035 0.2006434 0.2042975 0.2042387 0.2042387 0.2077130 0.0410704 0.0028426 0.2075798 0.2060634 0.2006434 0.0056987 0.0028426 0.0056924 0.0056924 0.0028426 0.0056899 0.2042975 0.3413922 
HSV2_17                                 0.1938971 0.1967505 0.1938971 0.1949364 0.1967081 0.1965844 0.1965431 0.1965844 0.1965431 0.0000010 0.0024461 0.0025631 0.0000010 0.0000026 0.0000010 0.0021058 0.0025292 0.0000010 0.0000010 0.0000010 0.0000010 0.0000010 0.0000021 0.0000010 0.0028426 0.0000000 0.0000010 0.1965431 0.1965844 0.1965431 0.1965431 0.2019737 0.0501847 0.0000010 0.1990093 0.1978533 0.1965431 0.0021058 0.0021034 0.0021041 0.0021041 0.0021034 0.0021034 0.1965844 0.3388497 
HSV2_18                                 0.1652138 0.1688746 0.1652138 0.1664509 0.1688228 0.1652138 0.1686423 0.1652138 0.1686423 0.0000010 0.0028283 0.0028283 0.0000010 0.0000010 0.0000010 0.0000010 0.0028367 0.0000010 0.0000010 0.0000010 0.0000010 0.0000010 0.0000022 0.0000010 0.0030035 0.0000010 0.0000000 0.1652138 0.1686868 0.1686423 0.1686423 0.1719782 0.0408568 0.0000010 0.1685419 0.1701891 0.1652138 0.0028309 0.0000010 0.0028278 0.0028278 0.0000010 0.0028266 0.1686868 0.3093402 
JN400093_Human_herpesvirus_1            0.0019646 0.0039358 0.0019646 0.0039325 0.0039347 0.0039330 0.0039325 0.0039330 0.0039325 0.1761902 0.1806517 0.1815022 0.1105139 0.1977471 0.1915678 0.1894832 0.1889213 0.1817701 0.1780397 0.1617614 0.1757619 0.1932913 0.1904952 0.1928260 0.2006434 0.1965431 0.1652138 0.0000000 0.0039330 0.0039325 0.0039325 0.0078830 0.1979698 0.1928260 0.0059004 0.0059088 0.0000010 0.1954867 0.1952173 0.1953026 0.1953026 0.1952173 0.1952173 0.0039330 0.3213799 
JN420338_Human_herpesvirus_1            0.0019648 0.0039363 0.0019648 0.0039330 0.0039352 0.0039335 0.0039330 0.0039335 0.0039330 0.1792605 0.1806941 0.1847247 0.1105139 0.1977923 0.1952924 0.1895207 0.1889682 0.1850583 0.1812971 0.1617614 0.1757619 0.1968563 0.1946235 0.1928637 0.2042975 0.1965844 0.1686868 0.0039330 0.0000000 0.0039330 0.0039330 0.0078839 0.1980087 0.1928637 0.0059011 0.0059096 0.0039330 0.1955251 0.1952555 0.1953409 0.1953409 0.1952555 0.1952555 0.0000010 0.3178208 
JN420339_Human_herpesvirus_1            0.0019646 0.0039358 0.0019646 0.0039325 0.0039347 0.0039330 0.0039325 0.0039330 0.0039325 0.1792183 0.1806517 0.1846787 0.1105139 0.1977471 0.1952356 0.1894832 0.1889213 0.1850113 0.1812517 0.1617614 0.1798186 0.1968015 0.1945608 0.1928260 0.2042387 0.1965431 0.1686423 0.0039325 0.0039330 0.0000000 0.0000010 0.0039324 0.1979698 0.1928260 0.0059004 0.0059088 0.0039325 0.1954867 0.1952173 0.1953026 0.1953026 0.1952173 0.1952173 0.0039330 0.3213799 
JN420340_Human_herpesvirus_1            0.0019646 0.0039358 0.0019646 0.0039325 0.0039347 0.0039330 0.0039325 0.0039330 0.0039325 0.1792183 0.1806517 0.1846787 0.1105139 0.1977471 0.1952356 0.1894832 0.1889213 0.1850113 0.1812517 0.1617614 0.1798186 0.1968015 0.1945608 0.1928260 0.2042387 0.1965431 0.1686423 0.0039325 0.0039330 0.0000010 0.0000000 0.0039324 0.1979698 0.1928260 0.0059004 0.0059088 0.0039325 0.1954867 0.1952173 0.1953026 0.1953026 0.1952173 0.1952173 0.0039330 0.3213799 
JN420342_Human_herpesvirus_1            0.0059070 0.0078895 0.0059070 0.0078830 0.0078874 0.0078839 0.0078830 0.0078839 0.0078830 0.1821575 0.1835694 0.1877590 0.1105139 0.2005280 0.1987867 0.1946352 0.1919793 0.1881544 0.1843681 0.1617614 0.1837586 0.2001973 0.1984971 0.1978927 0.2077130 0.2019737 0.1719782 0.0078830 0.0078839 0.0039324 0.0039324 0.0000000 0.2030546 0.1978927 0.0098563 0.0098705 0.0078830 0.2005715 0.2002936 0.2003819 0.2003819 0.2002936 0.2002936 0.0078839 0.3274412 
JQ360576_Chimpanzee_alpha-1_herpesvirus 0.1954920 0.1981653 0.1954920 0.1964692 0.1981255 0.1980087 0.1979698 0.1980087 0.1979698 0.0379127 0.0427388 0.0423433 0.0448923 0.0423835 0.0393211 0.0479439 0.0417015 0.0378122 0.0402620 0.0490123 0.0409376 0.0374416 0.0333147 0.0491122 0.0410704 0.0501847 0.0408568 0.1979698 0.1980087 0.1979698 0.1979698 0.2030546 0.0000000 0.0491122 0.2002777 0.2006522 0.1979698 0.0512450 0.0511865 0.0512036 0.0512036 0.0511865 0.0511865 0.1980087 0.3589824 
KF781518_Human_herpesvirus_2            0.1903549 0.1930162 0.1903549 0.1913161 0.1929769 0.1928637 0.1928260 0.1928637 0.1928260 0.0000010 0.0024371 0.0025631 0.0000010 0.0000026 0.0000010 0.0020137 0.0025292 0.0000010 0.0000010 0.0000010 0.0000010 0.0000010 0.0000021 0.0000010 0.0028426 0.0000010 0.0000010 0.1928260 0.1928637 0.1928260 0.1928260 0.1978927 0.0491122 0.0000000 0.1951320 0.1940344 0.1928260 0.0019779 0.0019757 0.0019763 0.0019763 0.0019757 0.0019757 0.1928637 0.3415509 
KJ847330_Human_herpesvirus_1            0.0039302 0.0059052 0.0039302 0.0059004 0.0059037 0.0059011 0.0059004 0.0059011 0.0059004 0.1820607 0.1834725 0.1876540 0.1105139 0.2004256 0.1951092 0.1918316 0.1918724 0.1880470 0.1842640 0.1617614 0.1796911 0.2000726 0.1944213 0.1951320 0.2075798 0.1990093 0.1685419 0.0059004 0.0059011 0.0059004 0.0059004 0.0098563 0.2002777 0.1951320 0.0000000 0.0078806 0.0059004 0.1977970 0.1975241 0.1976107 0.1976107 0.1975241 0.1975241 0.0059011 0.3239509 
KM222720_Human_herpesvirus_1            0.0039358 0.0059137 0.0039358 0.0059088 0.0059121 0.0059096 0.0019651 0.0059096 0.0019651 0.1806360 0.1820653 0.1861942 0.1105139 0.1991763 0.1970480 0.1906992 0.1904481 0.1865596 0.1827668 0.1617614 0.1817261 0.1985431 0.1965661 0.1940344 0.2060634 0.1978533 0.1701891 0.0059088 0.0059096 0.0059088 0.0059088 0.0098705 0.2006522 0.1940344 0.0078806 0.0000000 0.0059088 0.1967091 0.1964367 0.1965230 0.1965230 0.1964367 0.1964367 0.0059096 0.3246808 
KM222721_Human_herpesvirus_1            0.0019646 0.0039358 0.0019646 0.0039325 0.0039347 0.0039330 0.0039325 0.0039330 0.0039325 0.1761902 0.1806517 0.1815022 0.1105139 0.1977471 0.1915678 0.1894832 0.1889213 0.1817701 0.1780397 0.1617614 0.1757619 0.1932913 0.1904952 0.1928260 0.2006434 0.1965431 0.1652138 0.0000010 0.0039330 0.0039325 0.0039325 0.0078830 0.1979698 0.1928260 0.0059004 0.0059088 0.0000000 0.1954867 0.1952173 0.1953026 0.1953026 0.1952173 0.1952173 0.0039330 0.3213799 
KR135314_Human_herpesvirus_2            0.1930074 0.1956800 0.1930074 0.1939787 0.1956403 0.1955251 0.1954867 0.1955251 0.1954867 0.0024561 0.0048841 0.0051371 0.0000010 0.0022826 0.0029354 0.0040362 0.0050686 0.0026256 0.0026044 0.0000010 0.0033060 0.0027986 0.0032384 0.0019779 0.0056987 0.0021058 0.0028309 0.1954867 0.1955251 0.1954867 0.1954867 0.2005715 0.0512450 0.0019779 0.1977970 0.1967091 0.1954867 0.0000000 0.0039580 0.0039592 0.0039592 0.0039580 0.0039580 0.1955251 0.3449292 
KR135323_Human_herpesvirus_2            0.1927421 0.1954100 0.1927421 0.1937110 0.1953704 0.1952555 0.1952173 0.1952555 0.1952173 0.0024528 0.0048776 0.0025631 0.0000010 0.0022798 0.0000010 0.0040318 0.0050616 0.0026219 0.0000010 0.0000010 0.0000010 0.0000010 0.0000021 0.0019757 0.0028426 0.0021034 0.0000010 0.1952173 0.1952555 0.1952173 0.1952173 0.2002936 0.0511865 0.0019757 0.1975241 0.1964367 0.1952173 0.0039580 0.0000000 0.0039550 0.0039550 0.0000010 0.0039538 0.1952555 0.3413620 
KR135324_Human_herpesvirus_2            0.1928260 0.1954956 0.1928260 0.1937958 0.1954559 0.1953409 0.1953026 0.1953409 0.1953026 0.0024537 0.0048795 0.0051319 0.0146921 0.0022806 0.0029320 0.0040330 0.0050636 0.0026229 0.0026017 0.0000010 0.0033018 0.0027955 0.0032344 0.0019763 0.0056924 0.0021041 0.0028278 0.1953026 0.1953409 0.1953026 0.1953026 0.2003819 0.0512036 0.0019763 0.1976107 0.1965230 0.1953026 0.0039592 0.0039550 0.0000000 0.0000010 0.0039550 0.0039550 0.1953409 0.3445470 
KR135326_Human_herpesvirus_2            0.1928260 0.1954956 0.1928260 0.1937958 0.1954559 0.1953409 0.1953026 0.1953409 0.1953026 0.0024537 0.0048795 0.0051319 0.0146921 0.0022806 0.0029320 0.0040330 0.0050636 0.0026229 0.0026017 0.0000010 0.0033018 0.0027955 0.0032344 0.0019763 0.0056924 0.0021041 0.0028278 0.1953026 0.1953409 0.1953026 0.1953026 0.2003819 0.0512036 0.0019763 0.1976107 0.1965230 0.1953026 0.0039592 0.0039550 0.0000010 0.0000000 0.0039550 0.0039550 0.1953409 0.3445470 
KR135328_Human_herpesvirus_2            0.1927421 0.1954100 0.1927421 0.1937110 0.1953704 0.1952555 0.1952173 0.1952555 0.1952173 0.0024528 0.0048776 0.0025631 0.0000010 0.0022798 0.0000010 0.0040318 0.0050616 0.0026219 0.0000010 0.0000010 0.0000010 0.0000010 0.0000021 0.0019757 0.0028426 0.0021034 0.0000010 0.1952173 0.1952555 0.1952173 0.1952173 0.2002936 0.0511865 0.0019757 0.1975241 0.1964367 0.1952173 0.0039580 0.0000010 0.0039550 0.0039550 0.0000000 0.0039538 0.1952555 0.3413620 
KR135330_Human_herpesvirus_2            0.1927421 0.1954100 0.1927421 0.1937110 0.1953704 0.1952555 0.1952173 0.1952555 0.1952173 0.0024528 0.0048776 0.0051299 0.0000010 0.0022798 0.0029307 0.0040318 0.0050616 0.0026219 0.0026007 0.0000010 0.0033001 0.0027943 0.0032328 0.0019757 0.0056899 0.0021034 0.0028266 0.1952173 0.1952555 0.1952173 0.1952173 0.2002936 0.0511865 0.0019757 0.1975241 0.1964367 0.1952173 0.0039580 0.0039538 0.0039550 0.0039550 0.0039538 0.0000000 0.1952555 0.3381894 
NC_001806_Human_herpesvirus_1           0.0019648 0.0039363 0.0019648 0.0039330 0.0039352 0.0039335 0.0039330 0.0039335 0.0039330 0.1792605 0.1806941 0.1847247 0.1105139 0.1977923 0.1952924 0.1895207 0.1889682 0.1850583 0.1812971 0.1617614 0.1757619 0.1968563 0.1946235 0.1928637 0.2042975 0.1965844 0.1686868 0.0039330 0.0000010 0.0039330 0.0039330 0.0078839 0.1980087 0.1928637 0.0059011 0.0059096 0.0039330 0.1955251 0.1952555 0.1953409 0.1953409 0.1952555 0.1952555 0.0000000 0.3178208 
NC_006560_Cercopithecine_herpesvirus_2  0.3184548 0.3181964 0.3184548 0.3213799 0.3155371 0.3214640 0.3213799 0.3214640 0.3213799 0.3228642 0.3150495 0.3151300 0.2414769 0.3309985 0.3303117 0.3468698 0.3274333 0.3146240 0.3211259 0.2864445 0.3300857 0.3386299 0.3600785 0.3415509 0.3413922 0.3388497 0.3093402 0.3213799 0.3178208 0.3213799 0.3213799 0.3274412 0.3589824 0.3415509 0.3239509 0.3246808 0.3213799 0.3449292 0.3413620 0.3445470 0.3445470 0.3413620 0.3381894 0.3178208 0.0000000 
