58
HM585496_Human_herpesvirus_1            0.0000000 0.0000010 0.0078675 0.0078741 0.0058910 0.0078740 0.0059047 0.0078740 0.0078749 0.0039273 0.0058953 0.0039273 0.1361053 0.1688084 0.1449409 0.0989093 0.1641028 0.1211841 0.1737880 0.1548112 0.1326510 0.1462313 0.1062717 0.1252281 0.1328290 0.1251957 0.1757472 0.1380939 0.1732566 0.1397871 0.0019606 0.0019606 0.0039241 0.0098581 0.0039244 0.1864766 0.0059003 0.0059003 0.0058904 0.1844457 0.0118368 0.0118368 0.0058963 0.0058959 0.1844457 0.1845108 0.1845108 0.1817068 0.1843443 0.1869776 0.1869776 0.1843443 0.1868667 0.1867792 0.1871030 0.1868667 0.0039241 0.3856222 
HM585497_Human_herpesvirus_1            0.0000010 0.0000000 0.0078675 0.0078741 0.0058910 0.0078740 0.0059047 0.0078740 0.0078749 0.0039273 0.0058953 0.0039273 0.1361053 0.1688084 0.1449409 0.0989093 0.1641028 0.1211841 0.1737880 0.1548112 0.1326510 0.1462313 0.1062717 0.1252281 0.1328290 0.1251957 0.1757472 0.1380939 0.1732566 0.1397871 0.0019606 0.0019606 0.0039241 0.0098581 0.0039244 0.1864766 0.0059003 0.0059003 0.0058904 0.1844457 0.0118368 0.0118368 0.0058963 0.0058959 0.1844457 0.1845108 0.1845108 0.1817068 0.1843443 0.1869776 0.1869776 0.1843443 0.1868667 0.1867792 0.1871030 0.1868667 0.0039241 0.3856222 
HM585501_Human_herpesvirus_1            0.0078675 0.0078675 0.0000000 0.0039220 0.0098343 0.0039219 0.0098571 0.0039219 0.0078617 0.0078674 0.0098415 0.0078674 0.1332697 0.1661871 0.1421144 0.0936132 0.1614861 0.1182435 0.1737386 0.1520147 0.1298417 0.1434258 0.1028988 0.1223716 0.1300157 0.1223400 0.1756979 0.1352657 0.1732075 0.1369727 0.0058913 0.0058913 0.0039219 0.0058922 0.0078616 0.1917894 0.0098498 0.0098498 0.0098333 0.1818038 0.0078609 0.0078609 0.0019579 0.0098425 0.1818038 0.1818678 0.1818678 0.1790779 0.1817038 0.1843257 0.1843257 0.1817038 0.1842168 0.1841306 0.1844489 0.1842168 0.0039219 0.3847262 
HM585502_Human_herpesvirus_1            0.0078741 0.0078741 0.0039220 0.0000000 0.0098425 0.0039252 0.0098654 0.0039252 0.0039182 0.0078740 0.0098498 0.0078740 0.1361053 0.1691952 0.1449409 0.0989093 0.1644793 0.1211841 0.1766983 0.1550743 0.1326510 0.1464830 0.1062717 0.1252281 0.1328290 0.1251957 0.1786185 0.1380939 0.1761553 0.1397871 0.0058963 0.0058963 0.0078675 0.0058971 0.0078682 0.1946932 0.0098581 0.0098581 0.0098416 0.1846604 0.0078675 0.0078675 0.0019595 0.0098508 0.1846604 0.1847257 0.1847257 0.1819180 0.1845588 0.1871954 0.1871954 0.1845588 0.1870843 0.1869966 0.1873211 0.1870843 0.0078675 0.3811547 
HM585504_Human_herpesvirus_1            0.0058910 0.0058910 0.0098343 0.0098425 0.0000000 0.0098425 0.0039285 0.0098425 0.0098435 0.0058910 0.0078604 0.0058910 0.1388306 0.1739862 0.1503483 0.1040747 0.1692733 0.1240237 0.1788416 0.1601414 0.1380485 0.1515943 0.1095464 0.1279834 0.1382334 0.1279500 0.1807270 0.1435160 0.1782924 0.1451783 0.0039212 0.0039212 0.0058861 0.0118297 0.0058866 0.1941661 0.0078670 0.0078670 0.0078538 0.1867014 0.0138108 0.0138108 0.0078616 0.0078611 0.1867014 0.1867673 0.1867673 0.1839566 0.1865989 0.1892369 0.1892369 0.1865989 0.1891245 0.1890361 0.1893640 0.1891245 0.0058861 0.3882473 
HM585508_Human_herpesvirus_1            0.0078740 0.0078740 0.0039219 0.0039252 0.0098425 0.0000000 0.0098654 0.0000010 0.0078682 0.0039240 0.0058904 0.0039240 0.1389711 0.1716799 0.1477976 0.0989093 0.1669626 0.1241546 0.1791246 0.1576373 0.1354898 0.1490662 0.1096799 0.1281144 0.1356715 0.1280809 0.1810087 0.1409514 0.1785735 0.1426303 0.0058962 0.0058962 0.0078674 0.0019592 0.0078682 0.1970334 0.0058953 0.0058953 0.0098415 0.1869845 0.0039208 0.0039208 0.0019595 0.0058910 0.1869845 0.1870506 0.1870506 0.1842346 0.1868818 0.1895246 0.1895246 0.1868818 0.1894118 0.1893231 0.1896521 0.1894118 0.0078674 0.3851802 
HM585509_Human_herpesvirus_1            0.0059047 0.0059047 0.0098571 0.0098654 0.0039285 0.0098654 0.0000000 0.0098654 0.0098664 0.0059046 0.0078786 0.0059046 0.1386780 0.1712252 0.1474884 0.1040747 0.1665206 0.1238809 0.1761426 0.1573128 0.1352062 0.1487569 0.1094001 0.1278407 0.1353872 0.1278073 0.1780654 0.1406553 0.1756031 0.1423325 0.0039302 0.0039302 0.0058997 0.0118572 0.0059003 0.1915480 0.0078853 0.0078853 0.0078721 0.1841052 0.0138429 0.0138429 0.0078799 0.0078794 0.1841052 0.1841701 0.1841701 0.1813724 0.1840041 0.1866317 0.1866317 0.1840041 0.1865213 0.1864341 0.1867566 0.1865213 0.0058997 0.3856353 
HM585510_Human_herpesvirus_1            0.0078740 0.0078740 0.0039219 0.0039252 0.0098425 0.0000010 0.0098654 0.0000000 0.0078682 0.0039240 0.0058904 0.0039240 0.1389711 0.1716799 0.1477976 0.0989093 0.1669626 0.1241546 0.1791246 0.1576373 0.1354898 0.1490662 0.1096799 0.1281144 0.1356715 0.1280809 0.1810087 0.1409514 0.1785735 0.1426303 0.0058962 0.0058962 0.0078674 0.0019592 0.0078682 0.1970334 0.0058953 0.0058953 0.0098415 0.1869845 0.0039208 0.0039208 0.0019595 0.0058910 0.1869845 0.1870506 0.1870506 0.1842346 0.1868818 0.1895246 0.1895246 0.1868818 0.1894118 0.1893231 0.1896521 0.1894118 0.0078674 0.3851802 
HM585511_Human_herpesvirus_1            0.0078749 0.0078749 0.0078617 0.0039182 0.0098435 0.0078682 0.0098664 0.0078682 0.0000000 0.0078748 0.0098508 0.0078748 0.1388306 0.1717954 0.1476492 0.0989093 0.1670756 0.1240237 0.1767136 0.1577490 0.1353539 0.1491741 0.1062717 0.1279834 0.1355353 0.1279500 0.1786337 0.1408094 0.1761706 0.1424875 0.0058968 0.0058968 0.0078682 0.0098508 0.0078690 0.1947087 0.0098591 0.0098591 0.0098425 0.1846755 0.0118280 0.0118280 0.0058919 0.0098517 0.1846755 0.1847407 0.1847407 0.1819328 0.1845738 0.1872106 0.1872106 0.1845738 0.1870994 0.1870117 0.1873363 0.1870994 0.0078682 0.3811719 
HM585512_Human_herpesvirus_1            0.0039273 0.0039273 0.0078674 0.0078740 0.0058910 0.0039240 0.0059046 0.0039240 0.0078748 0.0000000 0.0019587 0.0000010 0.1389711 0.1715673 0.1477976 0.0989093 0.1668532 0.1241546 0.1764857 0.1576373 0.1354898 0.1490662 0.1096799 0.1281144 0.1356715 0.1280809 0.1784072 0.1409514 0.1759441 0.1426303 0.0019606 0.0019606 0.0039240 0.0058953 0.0039244 0.1919071 0.0019603 0.0019603 0.0058904 0.1844487 0.0078651 0.0078651 0.0058962 0.0019588 0.1844487 0.1845139 0.1845139 0.1817097 0.1843473 0.1869807 0.1869807 0.1843473 0.1868698 0.1867823 0.1871061 0.1868698 0.0039240 0.3856353 
HM585513_Human_herpesvirus_1            0.0058953 0.0058953 0.0098415 0.0098498 0.0078604 0.0058904 0.0078786 0.0058904 0.0098508 0.0019587 0.0000000 0.0019587 0.1416906 0.1741539 0.1504997 0.1040529 0.1694362 0.1269901 0.1790098 0.1603005 0.1381873 0.1517460 0.1129530 0.1308651 0.1383726 0.1308305 0.1808945 0.1436612 0.1784595 0.1453246 0.0039240 0.0039240 0.0058904 0.0078663 0.0058910 0.1943423 0.0039235 0.0039235 0.0078596 0.1868698 0.0098386 0.0098386 0.0078674 0.0039206 0.1868698 0.1869358 0.1869358 0.1841219 0.1867672 0.1894080 0.1894080 0.1867672 0.1892954 0.1892069 0.1895354 0.1892954 0.0058904 0.3886900 
HM585514_Human_herpesvirus_1            0.0039273 0.0039273 0.0078674 0.0078740 0.0058910 0.0039240 0.0059046 0.0039240 0.0078748 0.0000010 0.0019587 0.0000000 0.1389711 0.1715673 0.1477976 0.0989093 0.1668532 0.1241546 0.1764857 0.1576373 0.1354898 0.1490662 0.1096799 0.1281144 0.1356715 0.1280809 0.1784072 0.1409514 0.1759441 0.1426303 0.0019606 0.0019606 0.0039240 0.0058953 0.0039244 0.1919071 0.0019603 0.0019603 0.0058904 0.1844487 0.0078651 0.0078651 0.0058962 0.0019588 0.1844487 0.1845139 0.1845139 0.1817097 0.1843473 0.1869807 0.1869807 0.1843473 0.1868698 0.1867823 0.1871061 0.1868698 0.0039240 0.3856353 
HSV2_1                                  0.1361053 0.1361053 0.1332697 0.1361053 0.1388306 0.1389711 0.1386780 0.1389711 0.1388306 0.1389711 0.1416906 0.1389711 0.0000000 0.0000010 0.0000010 0.0046454 0.0094213 0.0000010 0.0000010 0.0000010 0.0094213 0.0000010 0.0000021 0.0000028 0.0117886 0.0096549 0.0094388 0.0000010 0.0094213 0.0094468 0.1361053 0.1361053 0.1332697 0.1387915 0.1388306 0.0382427 0.1387915 0.1387915 0.1415328 0.0094213 0.1445597 0.1445597 0.1361053 0.1417051 0.0094213 0.0117886 0.0117886 0.0094213 0.0094213 0.0117937 0.0117937 0.0094213 0.0117873 0.0117886 0.0094213 0.0117873 0.1332697 0.3268286 
HSV2_2                                  0.1688084 0.1688084 0.1661871 0.1691952 0.1739862 0.1716799 0.1712252 0.1716799 0.1717954 0.1715673 0.1741539 0.1715673 0.0000010 0.0000000 0.0000010 0.0046454 0.0108568 0.0000010 0.0000010 0.0000010 0.0093788 0.0000010 0.0000021 0.0000028 0.0117354 0.0096549 0.0086549 0.0000010 0.0108092 0.0116122 0.1688084 0.1688084 0.1660786 0.1714699 0.1714024 0.0553960 0.1713576 0.1713576 0.1739706 0.0108092 0.1770306 0.1770306 0.1689190 0.1741695 0.0108092 0.0129831 0.0129831 0.0086402 0.0086402 0.0129883 0.0129883 0.0086402 0.0129818 0.0108103 0.0129959 0.0129818 0.1660786 0.3632657 
HSV2_3                                  0.1449409 0.1449409 0.1421144 0.1449409 0.1503483 0.1477976 0.1474884 0.1477976 0.1476492 0.1477976 0.1504997 0.1477976 0.0000010 0.0000010 0.0000000 0.0046454 0.0115815 0.0000010 0.0000010 0.0000010 0.0093788 0.0000010 0.0000021 0.0000028 0.0117354 0.0096549 0.0092738 0.0000010 0.0115815 0.0116122 0.1449409 0.1449409 0.1421144 0.1476082 0.1476492 0.0423807 0.1476082 0.1476082 0.1503334 0.0115815 0.1533588 0.1533588 0.1449409 0.1505147 0.0115815 0.0139117 0.0139117 0.0092570 0.0092570 0.0139176 0.0139176 0.0092570 0.0139102 0.0115828 0.0139264 0.0139102 0.1421144 0.3376251 
HSV2_4                                  0.0989093 0.0989093 0.0936132 0.0989093 0.1040747 0.0989093 0.1040747 0.0989093 0.0989093 0.0989093 0.1040529 0.0989093 0.0046454 0.0046454 0.0046454 0.0000000 0.0000010 0.0046454 0.0046454 0.0046454 0.0000010 0.0046454 0.0000028 0.0046454 0.0000010 0.0000010 0.0000010 0.0046454 0.0000010 0.0000010 0.0989093 0.0989093 0.0936132 0.0986665 0.0989093 0.0234432 0.0986665 0.0986665 0.1040529 0.0000010 0.1094205 0.1094205 0.0989093 0.0989093 0.0000010 0.0000010 0.0000010 0.0000010 0.0000010 0.0000010 0.0000010 0.0000010 0.0000010 0.0046465 0.0000010 0.0000010 0.0936132 0.3235347 
HSV2_5                                  0.1641028 0.1641028 0.1614861 0.1644793 0.1692733 0.1669626 0.1665206 0.1669626 0.1670756 0.1668532 0.1694362 0.1668532 0.0094213 0.0108568 0.0115815 0.0000010 0.0000000 0.0100036 0.0108568 0.0112978 0.0000010 0.0114719 0.0029212 0.0072347 0.0023324 0.0000010 0.0021619 0.0093539 0.0000010 0.0000026 0.1641028 0.1641028 0.1613807 0.1667585 0.1666930 0.0579234 0.1666494 0.1666494 0.1692580 0.0000010 0.1723014 0.1723014 0.1642102 0.1694515 0.0000010 0.0021568 0.0021568 0.0021582 0.0021582 0.0021576 0.0021576 0.0021582 0.0021565 0.0043216 0.0021589 0.0021565 0.1613807 0.3578211 
HSV2_6                                  0.1211841 0.1211841 0.1182435 0.1211841 0.1240237 0.1241546 0.1238809 0.1241546 0.1240237 0.1241546 0.1269901 0.1241546 0.0000010 0.0000010 0.0000010 0.0046454 0.0100036 0.0000000 0.0000010 0.0000010 0.0100036 0.0000010 0.0000021 0.0000029 0.0125181 0.0100036 0.0100233 0.0000010 0.0100036 0.0100036 0.1211841 0.1211841 0.1182435 0.1239870 0.1240237 0.0380655 0.1239870 0.1239870 0.1268421 0.0100036 0.1299660 0.1299660 0.1211841 0.1270041 0.0100036 0.0125181 0.0125181 0.0100036 0.0100036 0.0125238 0.0125238 0.0100036 0.0125166 0.0125181 0.0100036 0.0125166 0.1182435 0.2914900 
HSV2_7                                  0.1737880 0.1737880 0.1737386 0.1766983 0.1788416 0.1791246 0.1761426 0.1791246 0.1767136 0.1764857 0.1790098 0.1764857 0.0000010 0.0000010 0.0000010 0.0046454 0.0108568 0.0000010 0.0000000 0.0000010 0.0093788 0.0000010 0.0000021 0.0000028 0.0117354 0.0096549 0.0084129 0.0000010 0.0105073 0.0116122 0.1737880 0.1737880 0.1711193 0.1789106 0.1763202 0.0582279 0.1762754 0.1762754 0.1788262 0.0105073 0.1843632 0.1843632 0.1764176 0.1790253 0.0105073 0.0126202 0.0126202 0.0083990 0.0083990 0.0126251 0.0126251 0.0083990 0.0126190 0.0105084 0.0126323 0.0126190 0.1711193 0.3810010 
HSV2_8                                  0.1548112 0.1548112 0.1520147 0.1550743 0.1601414 0.1576373 0.1573128 0.1576373 0.1577490 0.1576373 0.1603005 0.1576373 0.0000010 0.0000010 0.0000010 0.0046454 0.0112978 0.0000010 0.0000010 0.0000000 0.0093788 0.0000010 0.0000021 0.0000028 0.0117354 0.0096549 0.0090465 0.0000010 0.0112978 0.0116122 0.1548112 0.1548112 0.1520147 0.1574384 0.1574812 0.0484630 0.1574384 0.1574384 0.1601261 0.0112978 0.1631293 0.1631293 0.1548112 0.1603158 0.0112978 0.0135706 0.0135706 0.0090304 0.0090304 0.0135762 0.0135762 0.0090304 0.0135691 0.0112990 0.0135845 0.0135691 0.1520147 0.3537976 
HSV2_9                                  0.1326510 0.1326510 0.1298417 0.1326510 0.1380485 0.1354898 0.1352062 0.1354898 0.1353539 0.1354898 0.1381873 0.1354898 0.0094213 0.0093788 0.0093788 0.0000010 0.0000010 0.0100036 0.0093788 0.0093788 0.0000000 0.0093788 0.0029212 0.0072347 0.0023324 0.0000010 0.0000010 0.0093788 0.0000010 0.0000027 0.1326510 0.1326510 0.1298417 0.1353161 0.1353539 0.0380681 0.1353161 0.1353161 0.1380344 0.0000010 0.1410289 0.1410289 0.1326510 0.1382014 0.0000010 0.0023324 0.0023324 0.0000010 0.0000010 0.0023334 0.0023334 0.0000010 0.0023322 0.0023324 0.0023349 0.0023322 0.1298417 0.3255285 
HSV2_10                                 0.1462313 0.1462313 0.1434258 0.1464830 0.1515943 0.1490662 0.1487569 0.1490662 0.1491741 0.1490662 0.1517460 0.1490662 0.0000010 0.0000010 0.0000010 0.0046454 0.0114719 0.0000010 0.0000010 0.0000010 0.0093788 0.0000000 0.0000021 0.0000028 0.0117354 0.0096549 0.0091860 0.0000010 0.0114719 0.0116122 0.1462313 0.1462313 0.1434258 0.1488767 0.1489177 0.0419725 0.1488767 0.1488767 0.1515804 0.0114719 0.1545845 0.1545845 0.1462313 0.1517609 0.0114719 0.0137799 0.0137799 0.0091694 0.0091694 0.0137857 0.0137857 0.0091694 0.0137784 0.0114732 0.0137943 0.0137784 0.1434258 0.3452771 
HSV2_11                                 0.1062717 0.1062717 0.1028988 0.1062717 0.1095464 0.1096799 0.1094001 0.1096799 0.1062717 0.1096799 0.1129530 0.1096799 0.0000021 0.0000021 0.0000021 0.0000028 0.0029212 0.0000021 0.0000021 0.0000021 0.0029212 0.0000021 0.0000000 0.0000021 0.0029212 0.0029212 0.0029212 0.0000021 0.0029212 0.0029212 0.1062717 0.1062717 0.1028988 0.1095086 0.1095464 0.0325920 0.1095086 0.1095086 0.1128005 0.0029212 0.1163727 0.1163727 0.1062717 0.1096799 0.0029212 0.0058491 0.0058491 0.0029212 0.0029212 0.0058522 0.0058522 0.0029212 0.0058483 0.0058491 0.0029212 0.0029212 0.1028988 0.3103076 
HSV2_12                                 0.1252281 0.1252281 0.1223716 0.1252281 0.1279834 0.1281144 0.1278407 0.1281144 0.1279834 0.1281144 0.1308651 0.1281144 0.0000028 0.0000028 0.0000028 0.0046454 0.0072347 0.0000029 0.0000028 0.0000028 0.0072347 0.0000028 0.0000021 0.0000000 0.0096562 0.0072485 0.0072485 0.0000028 0.0072347 0.0072347 0.1252281 0.1252281 0.1223716 0.1279468 0.1279834 0.0367515 0.1279468 0.1279468 0.1307173 0.0072347 0.1337556 0.1337556 0.1252281 0.1308789 0.0072347 0.0096562 0.0096562 0.0072347 0.0072347 0.0096605 0.0096605 0.0072347 0.0096551 0.0096562 0.0072347 0.0096551 0.1223716 0.3091418 
HSV2_13                                 0.1328290 0.1328290 0.1300157 0.1328290 0.1382334 0.1356715 0.1353872 0.1356715 0.1355353 0.1356715 0.1383726 0.1356715 0.0117886 0.0117354 0.0117354 0.0000010 0.0023324 0.0125181 0.0117354 0.0117354 0.0023324 0.0117354 0.0029212 0.0096562 0.0000000 0.0024007 0.0023367 0.0117354 0.0023324 0.0023386 0.1328290 0.1328290 0.1300157 0.1354974 0.1355353 0.0404890 0.1354974 0.1354974 0.1382193 0.0023324 0.1412183 0.1412183 0.1328290 0.1383867 0.0023324 0.0046696 0.0046696 0.0023324 0.0023324 0.0046715 0.0046715 0.0023324 0.0046690 0.0046696 0.0046745 0.0046690 0.1300157 0.3289317 
HSV2_14                                 0.1251957 0.1251957 0.1223400 0.1251957 0.1279500 0.1280809 0.1278073 0.1280809 0.1279500 0.1280809 0.1308305 0.1280809 0.0096549 0.0096549 0.0096549 0.0000010 0.0000010 0.0100036 0.0096549 0.0096549 0.0000010 0.0096549 0.0029212 0.0072485 0.0024007 0.0000000 0.0000010 0.0096549 0.0000010 0.0000010 0.1251957 0.1251957 0.1223400 0.1279133 0.1279500 0.0367208 0.1279133 0.1279133 0.1306826 0.0000010 0.1337198 0.1337198 0.1251957 0.1308443 0.0000010 0.0024007 0.0024007 0.0000010 0.0000010 0.0024018 0.0024018 0.0000010 0.0024005 0.0024007 0.0000010 0.0024005 0.1223400 0.3091647 
HSV2_15                                 0.1757472 0.1757472 0.1756979 0.1786185 0.1807270 0.1810087 0.1780654 0.1810087 0.1786337 0.1784072 0.1808945 0.1784072 0.0094388 0.0086549 0.0092738 0.0000010 0.0021619 0.0100233 0.0084129 0.0090465 0.0000010 0.0091860 0.0029212 0.0072485 0.0023367 0.0000010 0.0000000 0.0093711 0.0020861 0.0023122 0.1757472 0.1757472 0.1731151 0.1807957 0.1782423 0.0593746 0.1781977 0.1781977 0.1807117 0.0020537 0.1861724 0.1861724 0.1783394 0.1809098 0.0020537 0.0041110 0.0041110 0.0020548 0.0000010 0.0041125 0.0041125 0.0000010 0.0041106 0.0020539 0.0041148 0.0041106 0.1731151 0.3801808 
HSV2_16                                 0.1380939 0.1380939 0.1352657 0.1380939 0.1435160 0.1409514 0.1406553 0.1409514 0.1408094 0.1409514 0.1436612 0.1409514 0.0000010 0.0000010 0.0000010 0.0046454 0.0093539 0.0000010 0.0000010 0.0000010 0.0093788 0.0000010 0.0000021 0.0000028 0.0117354 0.0096549 0.0093711 0.0000000 0.0093539 0.0093787 0.1380939 0.1380939 0.1352657 0.1407700 0.1408094 0.0379640 0.1407700 0.1407700 0.1435015 0.0093539 0.1465222 0.1465222 0.1380939 0.1436757 0.0093539 0.0117041 0.0117041 0.0093539 0.0093539 0.0117092 0.0117092 0.0093539 0.0117028 0.0117041 0.0117166 0.0117028 0.1352657 0.3315164 
HSV2_17                                 0.1732566 0.1732566 0.1732075 0.1761553 0.1782924 0.1785735 0.1756031 0.1785735 0.1761706 0.1759441 0.1784595 0.1759441 0.0094213 0.0108092 0.0115815 0.0000010 0.0000010 0.0100036 0.0105073 0.0112978 0.0000010 0.0114719 0.0029212 0.0072347 0.0023324 0.0000010 0.0020861 0.0093539 0.0000000 0.0000026 0.1732566 0.1732566 0.1705971 0.1783609 0.1757796 0.0602332 0.1757351 0.1757351 0.1782770 0.0000010 0.1837932 0.1837932 0.1758764 0.1784749 0.0000010 0.0020813 0.0020813 0.0041709 0.0020827 0.0020821 0.0020821 0.0020827 0.0020811 0.0041690 0.0020833 0.0020811 0.1705971 0.3830991 
HSV2_18                                 0.1397871 0.1397871 0.1369727 0.1397871 0.1451783 0.1426303 0.1423325 0.1426303 0.1424875 0.1426303 0.1453246 0.1426303 0.0094468 0.0116122 0.0116122 0.0000010 0.0000026 0.0100036 0.0116122 0.0116122 0.0000027 0.0116122 0.0029212 0.0072347 0.0023386 0.0000010 0.0023122 0.0093787 0.0000026 0.0000000 0.1397871 0.1397871 0.1369727 0.1424479 0.1424875 0.0448979 0.1424479 0.1424479 0.1451638 0.0000026 0.1481714 0.1481714 0.1397871 0.1453391 0.0000026 0.0023064 0.0023064 0.0023080 0.0023080 0.0023074 0.0023074 0.0023080 0.0023062 0.0046205 0.0023088 0.0023062 0.1369727 0.3309474 
JN400093_Human_herpesvirus_1            0.0019606 0.0019606 0.0058913 0.0058963 0.0039212 0.0058962 0.0039302 0.0058962 0.0058968 0.0019606 0.0039240 0.0019606 0.1361053 0.1688084 0.1449409 0.0989093 0.1641028 0.1211841 0.1737880 0.1548112 0.1326510 0.1462313 0.1062717 0.1252281 0.1328290 0.1251957 0.1757472 0.1380939 0.1732566 0.1397871 0.0000000 0.0000010 0.0019590 0.0078740 0.0019591 0.1892898 0.0039273 0.0039273 0.0039208 0.1818538 0.0098484 0.0098484 0.0039246 0.0039244 0.1818538 0.1819179 0.1819179 0.1791269 0.1817538 0.1843767 0.1843767 0.1817538 0.1842678 0.1841815 0.1845000 0.1842678 0.0019590 0.3821370 
JN420337_Human_herpesvirus_1            0.0019606 0.0019606 0.0058913 0.0058963 0.0039212 0.0058962 0.0039302 0.0058962 0.0058968 0.0019606 0.0039240 0.0019606 0.1361053 0.1688084 0.1449409 0.0989093 0.1641028 0.1211841 0.1737880 0.1548112 0.1326510 0.1462313 0.1062717 0.1252281 0.1328290 0.1251957 0.1757472 0.1380939 0.1732566 0.1397871 0.0000010 0.0000000 0.0019590 0.0078740 0.0019591 0.1892898 0.0039273 0.0039273 0.0039208 0.1818538 0.0098484 0.0098484 0.0039246 0.0039244 0.1818538 0.1819179 0.1819179 0.1791269 0.1817538 0.1843767 0.1843767 0.1817538 0.1842678 0.1841815 0.1845000 0.1842678 0.0019590 0.3821370 
JN420338_Human_herpesvirus_1            0.0039241 0.0039241 0.0039219 0.0078675 0.0058861 0.0078674 0.0058997 0.0078674 0.0078682 0.0039240 0.0058904 0.0039240 0.1332697 0.1660786 0.1421144 0.0936132 0.1613807 0.1182435 0.1711193 0.1520147 0.1298417 0.1434258 0.1028988 0.1223716 0.1300157 0.1223400 0.1731151 0.1352657 0.1705971 0.1369727 0.0019590 0.0019590 0.0000000 0.0098498 0.0039212 0.1866998 0.0058953 0.0058953 0.0058855 0.1792858 0.0118268 0.0118268 0.0058913 0.0058910 0.1792858 0.1793489 0.1793489 0.1765708 0.1791871 0.1817998 0.1817998 0.1791871 0.1816928 0.1816077 0.1819209 0.1816928 0.0000010 0.3851802 
JN420340_Human_herpesvirus_1            0.0098581 0.0098581 0.0058922 0.0058971 0.0118297 0.0019592 0.0118572 0.0019592 0.0098508 0.0058953 0.0078663 0.0058953 0.1387915 0.1714699 0.1476082 0.0986665 0.1667585 0.1239870 0.1789106 0.1574384 0.1353161 0.1488767 0.1095086 0.1279468 0.1354974 0.1279133 0.1807957 0.1407700 0.1783609 0.1424479 0.0078740 0.0078740 0.0098498 0.0000000 0.0098508 0.1968063 0.0039205 0.0039205 0.0118285 0.1867706 0.0058904 0.0058904 0.0039252 0.0078670 0.1867706 0.1868365 0.1868365 0.1840245 0.1866681 0.1893072 0.1893072 0.1866681 0.1891948 0.1891063 0.1894344 0.1891948 0.0098498 0.3811526 
JN420341_Human_herpesvirus_1            0.0039244 0.0039244 0.0078616 0.0078682 0.0058866 0.0078682 0.0059003 0.0078682 0.0078690 0.0039244 0.0058910 0.0039244 0.1388306 0.1714024 0.1476492 0.0989093 0.1666930 0.1240237 0.1763202 0.1574812 0.1353539 0.1489177 0.1095464 0.1279834 0.1355353 0.1279500 0.1782423 0.1408094 0.1757796 0.1424875 0.0019591 0.0019591 0.0039212 0.0098508 0.0000000 0.1917334 0.0058959 0.0058959 0.0058861 0.1842828 0.0118280 0.0118280 0.0058919 0.0058915 0.1842828 0.1843478 0.1843478 0.1815469 0.1841815 0.1868120 0.1868120 0.1841815 0.1867014 0.1866141 0.1869372 0.1867014 0.0039212 0.3851972 
JQ360576_Chimpanzee_alpha-1_herpesvirus 0.1864766 0.1864766 0.1917894 0.1946932 0.1941661 0.1970334 0.1915480 0.1970334 0.1947087 0.1919071 0.1943423 0.1919071 0.0382427 0.0553960 0.0423807 0.0234432 0.0579234 0.0380655 0.0582279 0.0484630 0.0380681 0.0419725 0.0325920 0.0367515 0.0404890 0.0367208 0.0593746 0.0379640 0.0602332 0.0448979 0.1892898 0.1892898 0.1866998 0.1968063 0.1917334 0.0000000 0.1916869 0.1916869 0.1941506 0.0725134 0.2021176 0.2021176 0.1943977 0.1921269 0.0725134 0.0725955 0.0725955 0.0725534 0.0703847 0.0746832 0.0746832 0.0703847 0.0746456 0.0725201 0.0747267 0.0746456 0.1866998 0.4260265 
JQ730035_Human_herpesvirus_1            0.0059003 0.0059003 0.0098498 0.0098581 0.0078670 0.0058953 0.0078853 0.0058953 0.0098591 0.0019603 0.0039235 0.0019603 0.1387915 0.1713576 0.1476082 0.0986665 0.1666494 0.1239870 0.1762754 0.1574384 0.1353161 0.1488767 0.1095086 0.1279468 0.1354974 0.1279133 0.1781977 0.1407700 0.1757351 0.1424479 0.0039273 0.0039273 0.0058953 0.0039205 0.0058959 0.1916869 0.0000000 0.0000010 0.0078663 0.1842381 0.0098469 0.0098469 0.0078740 0.0039239 0.1842381 0.1843031 0.1843031 0.1815029 0.1841369 0.1867667 0.1867667 0.1841369 0.1866561 0.1865688 0.1868918 0.1866561 0.0058953 0.3816009 
JX142173_Human_herpesvirus_1            0.0059003 0.0059003 0.0098498 0.0098581 0.0078670 0.0058953 0.0078853 0.0058953 0.0098591 0.0019603 0.0039235 0.0019603 0.1387915 0.1713576 0.1476082 0.0986665 0.1666494 0.1239870 0.1762754 0.1574384 0.1353161 0.1488767 0.1095086 0.1279468 0.1354974 0.1279133 0.1781977 0.1407700 0.1757351 0.1424479 0.0039273 0.0039273 0.0058953 0.0039205 0.0058959 0.1916869 0.0000010 0.0000000 0.0078663 0.1842381 0.0098469 0.0098469 0.0078740 0.0039239 0.1842381 0.1843031 0.1843031 0.1815029 0.1841369 0.1867667 0.1867667 0.1841369 0.1866561 0.1865688 0.1868918 0.1866561 0.0058953 0.3816009 
KF498959_Human_herpesvirus_1            0.0058904 0.0058904 0.0098333 0.0098416 0.0078538 0.0098415 0.0078721 0.0098415 0.0098425 0.0058904 0.0078596 0.0058904 0.1415328 0.1739706 0.1503334 0.1040529 0.1692580 0.1268421 0.1788262 0.1601261 0.1380344 0.1515804 0.1128005 0.1307173 0.1382193 0.1306826 0.1807117 0.1435015 0.1782770 0.1451638 0.0039208 0.0039208 0.0058855 0.0118285 0.0058861 0.1941506 0.0078663 0.0078663 0.0000000 0.1866863 0.0138095 0.0138095 0.0078609 0.0078604 0.1866863 0.1867522 0.1867522 0.1839416 0.1865838 0.1892216 0.1892216 0.1865838 0.1891093 0.1890209 0.1893487 0.1891093 0.0058855 0.3819335 
KF781518_Human_herpesvirus_2            0.1844457 0.1844457 0.1818038 0.1846604 0.1867014 0.1869845 0.1841052 0.1869845 0.1846755 0.1844487 0.1868698 0.1844487 0.0094213 0.0108092 0.0115815 0.0000010 0.0000010 0.0100036 0.0105073 0.0112978 0.0000010 0.0114719 0.0029212 0.0072347 0.0023324 0.0000010 0.0020537 0.0093539 0.0000010 0.0000026 0.1818538 0.1818538 0.1792858 0.1867706 0.1842828 0.0725134 0.1842381 0.1842381 0.1866863 0.0000000 0.1920158 0.1920158 0.1843806 0.1868850 0.0000010 0.0019852 0.0019852 0.0039778 0.0019864 0.0019859 0.0019859 0.0019864 0.0019850 0.0039761 0.0019869 0.0019850 0.1792858 0.3737457 
KM222721_Human_herpesvirus_1            0.0118368 0.0118368 0.0078609 0.0078675 0.0138108 0.0039208 0.0138429 0.0039208 0.0118280 0.0078651 0.0098386 0.0078651 0.1445597 0.1770306 0.1533588 0.1094205 0.1723014 0.1299660 0.1843632 0.1631293 0.1410289 0.1545845 0.1163727 0.1337556 0.1412183 0.1337198 0.1861724 0.1465222 0.1837932 0.1481714 0.0098484 0.0098484 0.0118268 0.0058904 0.0118280 0.2021176 0.0098469 0.0098469 0.0138095 0.1920158 0.0000000 0.0000010 0.0058913 0.0098396 0.1920158 0.1920838 0.1920838 0.1892448 0.1919105 0.1945713 0.1945713 0.1919105 0.1944548 0.1943638 0.1947029 0.1944548 0.0118268 0.3917495 
KM222722_Human_herpesvirus_1            0.0118368 0.0118368 0.0078609 0.0078675 0.0138108 0.0039208 0.0138429 0.0039208 0.0118280 0.0078651 0.0098386 0.0078651 0.1445597 0.1770306 0.1533588 0.1094205 0.1723014 0.1299660 0.1843632 0.1631293 0.1410289 0.1545845 0.1163727 0.1337556 0.1412183 0.1337198 0.1861724 0.1465222 0.1837932 0.1481714 0.0098484 0.0098484 0.0118268 0.0058904 0.0118280 0.2021176 0.0098469 0.0098469 0.0138095 0.1920158 0.0000010 0.0000000 0.0058913 0.0098396 0.1920158 0.1920838 0.1920838 0.1892448 0.1919105 0.1945713 0.1945713 0.1919105 0.1944548 0.1943638 0.1947029 0.1944548 0.0118268 0.3917495 
KM222726_Human_herpesvirus_1            0.0058963 0.0058963 0.0019579 0.0019595 0.0078616 0.0019595 0.0078799 0.0019595 0.0058919 0.0058962 0.0078674 0.0058962 0.1361053 0.1689190 0.1449409 0.0989093 0.1642102 0.1211841 0.1764176 0.1548112 0.1326510 0.1462313 0.1062717 0.1252281 0.1328290 0.1251957 0.1783394 0.1380939 0.1758764 0.1397871 0.0039246 0.0039246 0.0058913 0.0039252 0.0058919 0.1943977 0.0078740 0.0078740 0.0078609 0.1843806 0.0058913 0.0058913 0.0000000 0.0078682 0.1843806 0.1844457 0.1844457 0.1816428 0.1842793 0.1869115 0.1869115 0.1842793 0.1868008 0.1867133 0.1870369 0.1868008 0.0058913 0.3816873 
KM222727_Human_herpesvirus_1            0.0058959 0.0058959 0.0098425 0.0098508 0.0078611 0.0058910 0.0078794 0.0058910 0.0098517 0.0019588 0.0039206 0.0019588 0.1417051 0.1741695 0.1505147 0.0989093 0.1694515 0.1270041 0.1790253 0.1603158 0.1382014 0.1517609 0.1096799 0.1308789 0.1383867 0.1308443 0.1809098 0.1436757 0.1784749 0.1453391 0.0039244 0.0039244 0.0058910 0.0078670 0.0058915 0.1921269 0.0039239 0.0039239 0.0078604 0.1868850 0.0098396 0.0098396 0.0078682 0.0000000 0.1868850 0.1869510 0.1869510 0.1841369 0.1867823 0.1894233 0.1894233 0.1867823 0.1893107 0.1892221 0.1895507 0.1893107 0.0058910 0.3887068 
KP192856_Human_herpesvirus_2            0.1844457 0.1844457 0.1818038 0.1846604 0.1867014 0.1869845 0.1841052 0.1869845 0.1846755 0.1844487 0.1868698 0.1844487 0.0094213 0.0108092 0.0115815 0.0000010 0.0000010 0.0100036 0.0105073 0.0112978 0.0000010 0.0114719 0.0029212 0.0072347 0.0023324 0.0000010 0.0020537 0.0093539 0.0000010 0.0000026 0.1818538 0.1818538 0.1792858 0.1867706 0.1842828 0.0725134 0.1842381 0.1842381 0.1866863 0.0000010 0.1920158 0.1920158 0.1843806 0.1868850 0.0000000 0.0019852 0.0019852 0.0039778 0.0019864 0.0019859 0.0019859 0.0019864 0.0019850 0.0039761 0.0019869 0.0019850 0.1792858 0.3737457 
KR135299_Human_herpesvirus_2            0.1845108 0.1845108 0.1818678 0.1847257 0.1867673 0.1870506 0.1841701 0.1870506 0.1847407 0.1845139 0.1869358 0.1845139 0.0117886 0.0129831 0.0139117 0.0000010 0.0021568 0.0125181 0.0126202 0.0135706 0.0023324 0.0137799 0.0058491 0.0096562 0.0046696 0.0024007 0.0041110 0.0117041 0.0020813 0.0023064 0.1819179 0.1819179 0.1793489 0.1868365 0.1843478 0.0725955 0.1843031 0.1843031 0.1867522 0.0019852 0.1920838 0.1920838 0.1844457 0.1869510 0.0019852 0.0000000 0.0000010 0.0059719 0.0039761 0.0039752 0.0039752 0.0039761 0.0039733 0.0059693 0.0039773 0.0039733 0.1793489 0.3768151 
KR135301_Human_herpesvirus_2            0.1845108 0.1845108 0.1818678 0.1847257 0.1867673 0.1870506 0.1841701 0.1870506 0.1847407 0.1845139 0.1869358 0.1845139 0.0117886 0.0129831 0.0139117 0.0000010 0.0021568 0.0125181 0.0126202 0.0135706 0.0023324 0.0137799 0.0058491 0.0096562 0.0046696 0.0024007 0.0041110 0.0117041 0.0020813 0.0023064 0.1819179 0.1819179 0.1793489 0.1868365 0.1843478 0.0725955 0.1843031 0.1843031 0.1867522 0.0019852 0.1920838 0.1920838 0.1844457 0.1869510 0.0019852 0.0000010 0.0000000 0.0059719 0.0039761 0.0039752 0.0039752 0.0039761 0.0039733 0.0059693 0.0039773 0.0039733 0.1793489 0.3768151 
KR135302_Human_herpesvirus_2            0.1817068 0.1817068 0.1790779 0.1819180 0.1839566 0.1842346 0.1813724 0.1842346 0.1819328 0.1817097 0.1841219 0.1817097 0.0094213 0.0086402 0.0092570 0.0000010 0.0021582 0.0100036 0.0083990 0.0090304 0.0000010 0.0091694 0.0029212 0.0072347 0.0023324 0.0000010 0.0020548 0.0093539 0.0041709 0.0023080 0.1791269 0.1791269 0.1765708 0.1840245 0.1815469 0.0725534 0.1815029 0.1815029 0.1839416 0.0039778 0.1892448 0.1892448 0.1816428 0.1841369 0.0039778 0.0059719 0.0059719 0.0000000 0.0019874 0.0059741 0.0059741 0.0019874 0.0059713 0.0039782 0.0059773 0.0059713 0.1765708 0.3702626 
KR135306_Human_herpesvirus_2            0.1843443 0.1843443 0.1817038 0.1845588 0.1865989 0.1868818 0.1840041 0.1868818 0.1845738 0.1843473 0.1867672 0.1843473 0.0094213 0.0086402 0.0092570 0.0000010 0.0021582 0.0100036 0.0083990 0.0090304 0.0000010 0.0091694 0.0029212 0.0072347 0.0023324 0.0000010 0.0000010 0.0093539 0.0020827 0.0023080 0.1817538 0.1817538 0.1791871 0.1866681 0.1841815 0.0703847 0.1841369 0.1841369 0.1865838 0.0019864 0.1919105 0.1919105 0.1842793 0.1867823 0.0019864 0.0039761 0.0039761 0.0019874 0.0000000 0.0039776 0.0039776 0.0000010 0.0039757 0.0019866 0.0039797 0.0039757 0.1791871 0.3738461 
KR135307_Human_herpesvirus_2            0.1869776 0.1869776 0.1843257 0.1871954 0.1892369 0.1895246 0.1866317 0.1895246 0.1872106 0.1869807 0.1894080 0.1869807 0.0117937 0.0129883 0.0139176 0.0000010 0.0021576 0.0125238 0.0126251 0.0135762 0.0023334 0.0137857 0.0058522 0.0096605 0.0046715 0.0024018 0.0041125 0.0117092 0.0020821 0.0023074 0.1843767 0.1843767 0.1817998 0.1893072 0.1868120 0.0746832 0.1867667 0.1867667 0.1892216 0.0019859 0.1945713 0.1945713 0.1869115 0.1894233 0.0019859 0.0039752 0.0039752 0.0059741 0.0039776 0.0000000 0.0000010 0.0039776 0.0039748 0.0059715 0.0039787 0.0039748 0.1817998 0.3770954 
KR135319_Human_herpesvirus_2            0.1869776 0.1869776 0.1843257 0.1871954 0.1892369 0.1895246 0.1866317 0.1895246 0.1872106 0.1869807 0.1894080 0.1869807 0.0117937 0.0129883 0.0139176 0.0000010 0.0021576 0.0125238 0.0126251 0.0135762 0.0023334 0.0137857 0.0058522 0.0096605 0.0046715 0.0024018 0.0041125 0.0117092 0.0020821 0.0023074 0.1843767 0.1843767 0.1817998 0.1893072 0.1868120 0.0746832 0.1867667 0.1867667 0.1892216 0.0019859 0.1945713 0.1945713 0.1869115 0.1894233 0.0019859 0.0039752 0.0039752 0.0059741 0.0039776 0.0000010 0.0000000 0.0039776 0.0039748 0.0059715 0.0039787 0.0039748 0.1817998 0.3770954 
KR135322_Human_herpesvirus_2            0.1843443 0.1843443 0.1817038 0.1845588 0.1865989 0.1868818 0.1840041 0.1868818 0.1845738 0.1843473 0.1867672 0.1843473 0.0094213 0.0086402 0.0092570 0.0000010 0.0021582 0.0100036 0.0083990 0.0090304 0.0000010 0.0091694 0.0029212 0.0072347 0.0023324 0.0000010 0.0000010 0.0093539 0.0020827 0.0023080 0.1817538 0.1817538 0.1791871 0.1866681 0.1841815 0.0703847 0.1841369 0.1841369 0.1865838 0.0019864 0.1919105 0.1919105 0.1842793 0.1867823 0.0019864 0.0039761 0.0039761 0.0019874 0.0000010 0.0039776 0.0039776 0.0000000 0.0039757 0.0019866 0.0039797 0.0039757 0.1791871 0.3738461 
KR135325_Human_herpesvirus_2            0.1868667 0.1868667 0.1842168 0.1870843 0.1891245 0.1894118 0.1865213 0.1894118 0.1870994 0.1868698 0.1892954 0.1868698 0.0117873 0.0129818 0.0139102 0.0000010 0.0021565 0.0125166 0.0126190 0.0135691 0.0023322 0.0137784 0.0058483 0.0096551 0.0046690 0.0024005 0.0041106 0.0117028 0.0020811 0.0023062 0.1842678 0.1842678 0.1816928 0.1891948 0.1867014 0.0746456 0.1866561 0.1866561 0.1891093 0.0019850 0.1944548 0.1944548 0.1868008 0.1893107 0.0019850 0.0039733 0.0039733 0.0059713 0.0039757 0.0039748 0.0039748 0.0039757 0.0000000 0.0059688 0.0039769 0.0039730 0.1816928 0.3767975 
KR135327_Human_herpesvirus_2            0.1867792 0.1867792 0.1841306 0.1869966 0.1890361 0.1893231 0.1864341 0.1893231 0.1870117 0.1867823 0.1892069 0.1867823 0.0117886 0.0108103 0.0115828 0.0046465 0.0043216 0.0125181 0.0105084 0.0112990 0.0023324 0.0114732 0.0058491 0.0096562 0.0046696 0.0024007 0.0020539 0.0117041 0.0041690 0.0046205 0.1841815 0.1841815 0.1816077 0.1891063 0.1866141 0.0725201 0.1865688 0.1865688 0.1890209 0.0039761 0.1943638 0.1943638 0.1867133 0.1892221 0.0039761 0.0059693 0.0059693 0.0039782 0.0019866 0.0059715 0.0059715 0.0019866 0.0059688 0.0000000 0.0059747 0.0059688 0.1816077 0.3739957 
KR135328_Human_herpesvirus_2            0.1871030 0.1871030 0.1844489 0.1873211 0.1893640 0.1896521 0.1867566 0.1896521 0.1873363 0.1871061 0.1895354 0.1871061 0.0094213 0.0129959 0.0139264 0.0000010 0.0021589 0.0100036 0.0126323 0.0135845 0.0023349 0.0137943 0.0029212 0.0072347 0.0046745 0.0000010 0.0041148 0.0117166 0.0020833 0.0023088 0.1845000 0.1845000 0.1819209 0.1894344 0.1869372 0.0747267 0.1868918 0.1868918 0.1893487 0.0019869 0.1947029 0.1947029 0.1870369 0.1895507 0.0019869 0.0039773 0.0039773 0.0059773 0.0039797 0.0039787 0.0039787 0.0039797 0.0039769 0.0059747 0.0000000 0.0039769 0.1819209 0.3702626 
KR135331_Human_herpesvirus_2            0.1868667 0.1868667 0.1842168 0.1870843 0.1891245 0.1894118 0.1865213 0.1894118 0.1870994 0.1868698 0.1892954 0.1868698 0.0117873 0.0129818 0.0139102 0.0000010 0.0021565 0.0125166 0.0126190 0.0135691 0.0023322 0.0137784 0.0029212 0.0096551 0.0046690 0.0024005 0.0041106 0.0117028 0.0020811 0.0023062 0.1842678 0.1842678 0.1816928 0.1891948 0.1867014 0.0746456 0.1866561 0.1866561 0.1891093 0.0019850 0.1944548 0.1944548 0.1868008 0.1893107 0.0019850 0.0039733 0.0039733 0.0059713 0.0039757 0.0039748 0.0039748 0.0039757 0.0039730 0.0059688 0.0039769 0.0000000 0.1816928 0.3767975 
NC_001806_Human_herpesvirus_1           0.0039241 0.0039241 0.0039219 0.0078675 0.0058861 0.0078674 0.0058997 0.0078674 0.0078682 0.0039240 0.0058904 0.0039240 0.1332697 0.1660786 0.1421144 0.0936132 0.1613807 0.1182435 0.1711193 0.1520147 0.1298417 0.1434258 0.1028988 0.1223716 0.1300157 0.1223400 0.1731151 0.1352657 0.1705971 0.1369727 0.0019590 0.0019590 0.0000010 0.0098498 0.0039212 0.1866998 0.0058953 0.0058953 0.0058855 0.1792858 0.0118268 0.0118268 0.0058913 0.0058910 0.1792858 0.1793489 0.1793489 0.1765708 0.1791871 0.1817998 0.1817998 0.1791871 0.1816928 0.1816077 0.1819209 0.1816928 0.0000000 0.3851802 
NC_006560_Cercopithecine_herpesvirus_2  0.3856222 0.3856222 0.3847262 0.3811547 0.3882473 0.3851802 0.3856353 0.3851802 0.3811719 0.3856353 0.3886900 0.3856353 0.3268286 0.3632657 0.3376251 0.3235347 0.3578211 0.2914900 0.3810010 0.3537976 0.3255285 0.3452771 0.3103076 0.3091418 0.3289317 0.3091647 0.3801808 0.3315164 0.3830991 0.3309474 0.3821370 0.3821370 0.3851802 0.3811526 0.3851972 0.4260265 0.3816009 0.3816009 0.3819335 0.3737457 0.3917495 0.3917495 0.3816873 0.3887068 0.3737457 0.3768151 0.3768151 0.3702626 0.3738461 0.3770954 0.3770954 0.3738461 0.3767975 0.3739957 0.3702626 0.3767975 0.3851802 0.0000000 
