82
HM585496_Human_herpesvirus_1            0.0000000 0.0080293 0.0305032 0.0000010 0.0000010 0.0080293 0.0284161 0.0000010 0.0264449 0.0019970 0.0040132 0.0284747 0.0305032 0.0161311 0.0161311 0.0161254 0.3878571 0.3960296 0.3969970 0.3287695 0.3931441 0.3769886 0.3856813 0.3982749 0.3920762 0.3938699 0.3378151 0.3789215 0.3914782 0.3974049 0.3910823 0.3908397 0.3967777 0.3953886 0.0140899 0.0160985 0.0141513 0.0120746 0.0121203 0.0140715 0.0060177 0.4282798 0.0161550 0.0160941 0.0020083 0.3983688 0.0060266 0.0160941 0.0040132 0.0060631 0.0060631 0.0140830 0.0162166 0.3984192 0.3984192 0.3930380 0.3915081 0.3967386 0.3964352 0.3967777 0.3964352 0.3940722 0.3967386 0.3931441 0.3987253 0.3964352 0.3951075 0.3997578 0.3942718 0.3951075 0.4009273 0.3987253 0.3961637 0.3961637 0.3945340 0.3915081 0.3957333 0.3941423 0.3981443 0.3910823 0.0140715 0.3942548 
HM585497_Human_herpesvirus_1            0.0080293 0.0000000 0.0262687 0.0080135 0.0079978 0.0000010 0.0242027 0.0079978 0.0264167 0.0100344 0.0080234 0.0242982 0.0262687 0.0120450 0.0120450 0.0120407 0.3940340 0.4021051 0.4030887 0.3316816 0.3992102 0.3823310 0.3917774 0.4043891 0.3981653 0.3999887 0.3403002 0.3852904 0.3966059 0.4035067 0.3971523 0.3969457 0.4028703 0.4014968 0.0100199 0.0120208 0.0100634 0.0080143 0.0080445 0.0100069 0.0100258 0.4320106 0.0120628 0.0120175 0.0060226 0.4044897 0.0100405 0.0120175 0.0080234 0.0101015 0.0101015 0.0100150 0.0121078 0.4045403 0.4045403 0.3991434 0.3975859 0.4028282 0.4025207 0.4028703 0.4025207 0.4001554 0.4028282 0.3992102 0.4048506 0.4025207 0.4012089 0.4058618 0.3993669 0.4012089 0.4070534 0.4048506 0.3958809 0.3958809 0.4006240 0.3975859 0.4018464 0.4002275 0.4042581 0.3971523 0.0100069 0.3861200 
HM585498_Human_herpesvirus_1            0.0305032 0.0262687 0.0000000 0.0304429 0.0303828 0.0262687 0.0019918 0.0303828 0.0243330 0.0325302 0.0304817 0.0181443 0.0000010 0.0263271 0.0263271 0.0263175 0.3893356 0.4004721 0.4014477 0.3159113 0.4007909 0.3777221 0.3901761 0.4027373 0.3997557 0.3983519 0.3351256 0.3804785 0.3982159 0.4050812 0.3987414 0.3953235 0.4044448 0.4030802 0.0242589 0.0345048 0.0326265 0.0304468 0.0305632 0.0324403 0.0283762 0.4167069 0.0346267 0.0344949 0.0284734 0.3994208 0.0325513 0.0344949 0.0304817 0.0285936 0.0285936 0.0283508 0.0264661 0.3994711 0.3994711 0.4007346 0.3991755 0.4044020 0.4040945 0.4044448 0.4040945 0.4017372 0.4044020 0.4007909 0.4064255 0.4040945 0.4027917 0.4074280 0.4009579 0.4027917 0.4086208 0.4064255 0.4038151 0.4038151 0.4022054 0.3991755 0.4034299 0.4018095 0.4058324 0.3987414 0.0324403 0.3890071 
HM585499_Human_herpesvirus_1            0.0000010 0.0080135 0.0304429 0.0000000 0.0000010 0.0080135 0.0283600 0.0000010 0.0263925 0.0019931 0.0040053 0.0284184 0.0304429 0.0160994 0.0160994 0.0160936 0.3868943 0.3950666 0.3960296 0.3278247 0.3921883 0.3760173 0.3847356 0.3973015 0.3911189 0.3929043 0.3368362 0.3779473 0.3905107 0.3964352 0.3901299 0.3898812 0.3958107 0.3944218 0.0140622 0.0160669 0.0141234 0.0120509 0.0120964 0.0140439 0.0060059 0.4272086 0.0161231 0.0160625 0.0020043 0.3973942 0.0060147 0.0160625 0.0040053 0.0060512 0.0060512 0.0140553 0.0161846 0.3974445 0.3974445 0.3920762 0.3905536 0.3957720 0.3954699 0.3958107 0.3954699 0.3931118 0.3957720 0.3921883 0.3977493 0.3954699 0.3941423 0.3987831 0.3933038 0.3941423 0.3999469 0.3977493 0.3952001 0.3952001 0.3935716 0.3905536 0.3947651 0.3931815 0.3971712 0.3901299 0.0140439 0.3942548 
HM585500_Human_herpesvirus_1            0.0000010 0.0079978 0.0303828 0.0000010 0.0000000 0.0079978 0.0283041 0.0000010 0.0263404 0.0019931 0.0039975 0.0283622 0.0303828 0.0160677 0.0160677 0.0160620 0.3859361 0.3941081 0.3950666 0.3268844 0.3912368 0.3750508 0.3837942 0.3963325 0.3901659 0.3919432 0.3358628 0.3769777 0.3895478 0.3954699 0.3891818 0.3889282 0.3948480 0.3934595 0.0140346 0.0160354 0.0140955 0.0120272 0.0120725 0.0140163 0.0059941 0.4261424 0.0160914 0.0160310 0.0020004 0.3964240 0.0060029 0.0160310 0.0039975 0.0060392 0.0060392 0.0140278 0.0161527 0.3964742 0.3964742 0.3911189 0.3896035 0.3948099 0.3945091 0.3948480 0.3945091 0.3921559 0.3948099 0.3912368 0.3967777 0.3945091 0.3931815 0.3978129 0.3923403 0.3931815 0.3989710 0.3967777 0.3942409 0.3942409 0.3926138 0.3896035 0.3938013 0.3922252 0.3962026 0.3891818 0.0140163 0.3942548 
HM585501_Human_herpesvirus_1            0.0080293 0.0000010 0.0262687 0.0080135 0.0079978 0.0000000 0.0242027 0.0079978 0.0264167 0.0100344 0.0080234 0.0242982 0.0262687 0.0120450 0.0120450 0.0120407 0.3940340 0.4021051 0.4030887 0.3316816 0.3992102 0.3823310 0.3917774 0.4043891 0.3981653 0.3999887 0.3403002 0.3852904 0.3966059 0.4035067 0.3971523 0.3969457 0.4028703 0.4014968 0.0100199 0.0120208 0.0100634 0.0080143 0.0080445 0.0100069 0.0100258 0.4320106 0.0120628 0.0120175 0.0060226 0.4044897 0.0100405 0.0120175 0.0080234 0.0101015 0.0101015 0.0100150 0.0121078 0.4045403 0.4045403 0.3991434 0.3975859 0.4028282 0.4025207 0.4028703 0.4025207 0.4001554 0.4028282 0.3992102 0.4048506 0.4025207 0.4012089 0.4058618 0.3993669 0.4012089 0.4070534 0.4048506 0.3958809 0.3958809 0.4006240 0.3975859 0.4018464 0.4002275 0.4042581 0.3971523 0.0100069 0.3861200 
HM585502_Human_herpesvirus_1            0.0284161 0.0242027 0.0019918 0.0283600 0.0283041 0.0242027 0.0000000 0.0283041 0.0222634 0.0304397 0.0283961 0.0160983 0.0019918 0.0242563 0.0242563 0.0242476 0.3897767 0.4009193 0.4018972 0.3163076 0.4012389 0.3781626 0.3906141 0.4031899 0.4002042 0.3987998 0.3355547 0.3809228 0.3986666 0.4055366 0.3991873 0.3957671 0.4048988 0.4035338 0.0221957 0.0324140 0.0305295 0.0283636 0.0284718 0.0303557 0.0263000 0.4171876 0.0325283 0.0324048 0.0263898 0.3998685 0.0304593 0.0324048 0.0283961 0.0265010 0.0265010 0.0262763 0.0243842 0.3999188 0.3999188 0.4011854 0.3996225 0.4048558 0.4045476 0.4048988 0.4045476 0.4021875 0.4048558 0.4012389 0.4068841 0.4045476 0.4032445 0.4078861 0.4014092 0.4032445 0.4090820 0.4068841 0.4042673 0.4042673 0.4026566 0.3996225 0.4038843 0.4022600 0.4062894 0.3991873 0.0303557 0.3890071 
HM585503_Human_herpesvirus_1            0.0000010 0.0079978 0.0303828 0.0000010 0.0000010 0.0079978 0.0283041 0.0000000 0.0263404 0.0019931 0.0039975 0.0283622 0.0303828 0.0160677 0.0160677 0.0160620 0.3859361 0.3941081 0.3950666 0.3268844 0.3912368 0.3750508 0.3837942 0.3963325 0.3901659 0.3919432 0.3358628 0.3769777 0.3895478 0.3954699 0.3891818 0.3889282 0.3948480 0.3934595 0.0140346 0.0160354 0.0140955 0.0120272 0.0120725 0.0140163 0.0059941 0.4261424 0.0160914 0.0160310 0.0020004 0.3964240 0.0060029 0.0160310 0.0039975 0.0060392 0.0060392 0.0140278 0.0161527 0.3964742 0.3964742 0.3911189 0.3896035 0.3948099 0.3945091 0.3948480 0.3945091 0.3921559 0.3948099 0.3912368 0.3967777 0.3945091 0.3931815 0.3978129 0.3923403 0.3931815 0.3989710 0.3967777 0.3942409 0.3942409 0.3926138 0.3896035 0.3938013 0.3922252 0.3962026 0.3891818 0.0140163 0.3942548 
HM585504_Human_herpesvirus_1            0.0264449 0.0264167 0.0243330 0.0263925 0.0263404 0.0264167 0.0222634 0.0263404 0.0000000 0.0263925 0.0305960 0.0140930 0.0243330 0.0264253 0.0264253 0.0264158 0.3867171 0.3978944 0.3988635 0.3166987 0.3950158 0.3758480 0.3875878 0.4001439 0.3939586 0.3957553 0.3370306 0.3777762 0.3933848 0.3992731 0.3929622 0.3927315 0.3986452 0.3972656 0.0243492 0.0346340 0.0327492 0.0305608 0.0306780 0.0325617 0.0284823 0.4196934 0.0347569 0.0346241 0.0285802 0.3936302 0.0326735 0.0346241 0.0305960 0.0287013 0.0287013 0.0284566 0.0265654 0.3936802 0.3936802 0.3949221 0.3933889 0.3986053 0.3983017 0.3986452 0.3983017 0.3959460 0.3986053 0.3950158 0.4005961 0.3983017 0.3969834 0.4016186 0.3961592 0.3969834 0.4027909 0.4005961 0.3980290 0.3980290 0.3964083 0.3933889 0.3976107 0.3960165 0.4000136 0.3929622 0.0325617 0.3800394 
HM585506_Human_herpesvirus_1            0.0019970 0.0100344 0.0325302 0.0019931 0.0019931 0.0100344 0.0304397 0.0019931 0.0263925 0.0000000 0.0060185 0.0305025 0.0325302 0.0181437 0.0181437 0.0181372 0.3905370 0.3986595 0.3996331 0.3318341 0.3957720 0.3797642 0.3883281 0.4009198 0.3947149 0.3965202 0.3409107 0.3816919 0.3941484 0.4000451 0.3937134 0.3934865 0.3994144 0.3980330 0.0160994 0.0181070 0.0161695 0.0140840 0.0141373 0.0160783 0.0080218 0.4267715 0.0181715 0.0181030 0.0040157 0.4010165 0.0080337 0.0181030 0.0060185 0.0080824 0.0080824 0.0160915 0.0182399 0.4010670 0.4010670 0.3956830 0.3941423 0.3993740 0.3990690 0.3994144 0.3990690 0.3967068 0.3993740 0.3957720 0.4013746 0.3990690 0.3977493 0.4023971 0.3969264 0.3977493 0.4035754 0.4013746 0.3987947 0.3987947 0.3971712 0.3941423 0.3983797 0.3967777 0.4007891 0.3937134 0.0160783 0.3942548 
HM585508_Human_herpesvirus_1            0.0040132 0.0080234 0.0304817 0.0040053 0.0039975 0.0080234 0.0283961 0.0039975 0.0305960 0.0060185 0.0000000 0.0284005 0.0304817 0.0119954 0.0119954 0.0160240 0.3921088 0.4001821 0.4011567 0.3278668 0.3973011 0.3787859 0.3898870 0.4024450 0.3962529 0.3980603 0.3399232 0.3812911 0.3908512 0.4015703 0.3952496 0.3950326 0.4009392 0.3995659 0.0119870 0.0139832 0.0120388 0.0079666 0.0080107 0.0139832 0.0059796 0.4261862 0.0140308 0.0159932 0.0000010 0.4025430 0.0019846 0.0159932 0.0000010 0.0040043 0.0040043 0.0119811 0.0140315 0.4025934 0.4025934 0.3972222 0.3956792 0.4008982 0.4005931 0.4009392 0.4005931 0.3982374 0.4008982 0.3973011 0.4029011 0.4005931 0.3992813 0.4039156 0.3980046 0.3992813 0.4050956 0.4029011 0.4003178 0.4003178 0.3987017 0.3956792 0.3999127 0.3983086 0.4023146 0.3952496 0.0139832 0.3915874 
HM585509_Human_herpesvirus_1            0.0284747 0.0242982 0.0181443 0.0284184 0.0283622 0.0242982 0.0160983 0.0283622 0.0140930 0.0305025 0.0284005 0.0000000 0.0181443 0.0242600 0.0242600 0.0242513 0.4021360 0.4131030 0.4141137 0.3305639 0.4101973 0.3891047 0.4028357 0.4154518 0.4091970 0.4110702 0.3440071 0.3936640 0.4062570 0.4145492 0.4081510 0.4080110 0.4138978 0.4125555 0.0221990 0.0324192 0.0305343 0.0283680 0.0284762 0.0303605 0.0263040 0.4297780 0.0325335 0.0324099 0.0263939 0.4088503 0.0304641 0.0324099 0.0284005 0.0265051 0.0265051 0.0262803 0.0243879 0.4089009 0.4089009 0.4102024 0.4085983 0.4138502 0.4135359 0.4138978 0.4135359 0.4111715 0.4138502 0.4101973 0.4159328 0.4135359 0.4122561 0.4169030 0.4089715 0.4122561 0.4181319 0.4159328 0.4132447 0.4132447 0.4116514 0.4085983 0.4129134 0.4112473 0.4153206 0.4081510 0.0303605 0.3895290 
HM585511_Human_herpesvirus_1            0.0305032 0.0262687 0.0000010 0.0304429 0.0303828 0.0262687 0.0019918 0.0303828 0.0243330 0.0325302 0.0304817 0.0181443 0.0000000 0.0263271 0.0263271 0.0263175 0.3893356 0.4004721 0.4014477 0.3159113 0.4007909 0.3777221 0.3901761 0.4027373 0.3997557 0.3983519 0.3351256 0.3804785 0.3982159 0.4050812 0.3987414 0.3953235 0.4044448 0.4030802 0.0242589 0.0345048 0.0326265 0.0304468 0.0305632 0.0324403 0.0283762 0.4167069 0.0346267 0.0344949 0.0284734 0.3994208 0.0325513 0.0344949 0.0304817 0.0285936 0.0285936 0.0283508 0.0264661 0.3994711 0.3994711 0.4007346 0.3991755 0.4044020 0.4040945 0.4044448 0.4040945 0.4017372 0.4044020 0.4007909 0.4064255 0.4040945 0.4027917 0.4074280 0.4009579 0.4027917 0.4086208 0.4064255 0.4038151 0.4038151 0.4022054 0.3991755 0.4034299 0.4018095 0.4058324 0.3987414 0.0324403 0.3890071 
HM585512_Human_herpesvirus_1            0.0161311 0.0120450 0.0263271 0.0160994 0.0160677 0.0120450 0.0242563 0.0160677 0.0264253 0.0181437 0.0119954 0.0242600 0.0263271 0.0000000 0.0000010 0.0039657 0.4015624 0.4094841 0.4104842 0.3292102 0.4065869 0.3871472 0.3992132 0.4118078 0.4055732 0.4074275 0.3489422 0.3896067 0.4013175 0.4109128 0.4045403 0.4043780 0.4102674 0.4089169 0.0059599 0.0200133 0.0160660 0.0119819 0.0140460 0.0179931 0.0139898 0.4396256 0.0160556 0.0180161 0.0120180 0.4052317 0.0140103 0.0200078 0.0119954 0.0120679 0.0120679 0.0180078 0.0019915 0.4052822 0.4052822 0.4065674 0.4049815 0.4102218 0.4099103 0.4102674 0.4099103 0.4075501 0.4102218 0.4065869 0.4122814 0.4099103 0.4086218 0.4132635 0.4074384 0.4086218 0.4144783 0.4122814 0.4096237 0.4096237 0.4080254 0.4049815 0.4092714 0.4076238 0.4116768 0.4045403 0.0179931 0.3956252 
HM585513_Human_herpesvirus_1            0.0161311 0.0120450 0.0263271 0.0160994 0.0160677 0.0120450 0.0242563 0.0160677 0.0264253 0.0181437 0.0119954 0.0242600 0.0263271 0.0000010 0.0000000 0.0039657 0.4015624 0.4094841 0.4104842 0.3292102 0.4065869 0.3871472 0.3992132 0.4118078 0.4055732 0.4074275 0.3489422 0.3896067 0.4013175 0.4109128 0.4045403 0.4043780 0.4102674 0.4089169 0.0059599 0.0200133 0.0160660 0.0119819 0.0140460 0.0179931 0.0139898 0.4396256 0.0160556 0.0180161 0.0120180 0.4052317 0.0140103 0.0200078 0.0119954 0.0120679 0.0120679 0.0180078 0.0019915 0.4052822 0.4052822 0.4065674 0.4049815 0.4102218 0.4099103 0.4102674 0.4099103 0.4075501 0.4102218 0.4065869 0.4122814 0.4099103 0.4086218 0.4132635 0.4074384 0.4086218 0.4144783 0.4122814 0.4096237 0.4096237 0.4080254 0.4049815 0.4092714 0.4076238 0.4116768 0.4045403 0.0179931 0.3956252 
HM585514_Human_herpesvirus_1            0.0161254 0.0120407 0.0263175 0.0160936 0.0160620 0.0120407 0.0242476 0.0160620 0.0264158 0.0181372 0.0160240 0.0242513 0.0263175 0.0039657 0.0039657 0.0000000 0.4012706 0.4091901 0.4071479 0.3292102 0.4062959 0.3903525 0.3989273 0.4084581 0.4052820 0.4040785 0.3524894 0.3927897 0.4044107 0.4106162 0.4042509 0.4040870 0.4099719 0.4086218 0.0059578 0.0200062 0.0180883 0.0160048 0.0160660 0.0179867 0.0139849 0.4392897 0.0180775 0.0180097 0.0140318 0.4019043 0.0180473 0.0200007 0.0160240 0.0140901 0.0140901 0.0180014 0.0039861 0.4019546 0.4019546 0.4032272 0.4046915 0.4099264 0.4096154 0.4099719 0.4096154 0.4072574 0.4099264 0.4062959 0.4089251 0.4096154 0.4052822 0.4129647 0.4071420 0.4052822 0.4141773 0.4089251 0.4093295 0.4093295 0.4013492 0.4046915 0.4059250 0.4073310 0.4083273 0.4042509 0.0179867 0.3912452 
HSV2_1                                  0.3878571 0.3940340 0.3893356 0.3868943 0.3859361 0.3940340 0.3897767 0.3859361 0.3867171 0.3905370 0.3921088 0.4021360 0.3893356 0.4015624 0.4015624 0.4012706 0.0000000 0.0020154 0.0020230 0.0170535 0.0203946 0.0000024 0.0020360 0.0020230 0.0225142 0.0020331 0.0000024 0.0000027 0.0209113 0.0225032 0.0204453 0.0000021 0.0224709 0.0225142 0.3978848 0.3829434 0.3857175 0.3908098 0.3892859 0.3862493 0.3937509 0.0885174 0.3913120 0.3892908 0.3895677 0.0246230 0.3920580 0.3892908 0.3921088 0.3942868 0.3942868 0.4010596 0.3945236 0.0225446 0.0225446 0.0205239 0.0204353 0.0224745 0.0224584 0.0224709 0.0224584 0.0245687 0.0224745 0.0203946 0.0225608 0.0224584 0.0204729 0.0245307 0.0248958 0.0204729 0.0245860 0.0225608 0.0224521 0.0224521 0.0224969 0.0204353 0.0225664 0.0203946 0.0225383 0.0204453 0.3862493 0.3509807 
HSV2_2                                  0.3960296 0.4021051 0.4004721 0.3950666 0.3941081 0.4021051 0.4009193 0.3941081 0.3978944 0.3986595 0.4001821 0.4131030 0.4004721 0.4094841 0.4094841 0.4091901 0.0020154 0.0000000 0.0000010 0.0194622 0.0219362 0.0000024 0.0039915 0.0000010 0.0240590 0.0000020 0.0000024 0.0020958 0.0224794 0.0240025 0.0219895 0.0000021 0.0239688 0.0240591 0.4058581 0.3911089 0.3938892 0.3988793 0.3974073 0.3943666 0.4017697 0.0936056 0.3993821 0.3973570 0.3976903 0.0260793 0.4001320 0.3973570 0.4001821 0.4023610 0.4023610 0.4120193 0.4026018 0.0240457 0.0240457 0.0220721 0.0219790 0.0239725 0.0239558 0.0239688 0.0239558 0.0260231 0.0239725 0.0219362 0.0240625 0.0239558 0.0220185 0.0259837 0.0263617 0.0220185 0.0260410 0.0240625 0.0239491 0.0239491 0.0239958 0.0219790 0.0240683 0.0219362 0.0240390 0.0219895 0.3943666 0.3471933 
HSV2_3                                  0.3969970 0.4030887 0.4014477 0.3960296 0.3950666 0.4030887 0.4018972 0.3950666 0.3988635 0.3996331 0.4011567 0.4141137 0.4014477 0.4104842 0.4104842 0.4071479 0.0020230 0.0000010 0.0000000 0.0194622 0.0219790 0.0000024 0.0040065 0.0000010 0.0241062 0.0000020 0.0000024 0.0021041 0.0225243 0.0240494 0.0220324 0.0000021 0.0240156 0.0241062 0.4068472 0.3920531 0.3948467 0.3998478 0.3983751 0.3953200 0.4027455 0.0960992 0.4003529 0.3983180 0.3986595 0.0260324 0.4011066 0.3983180 0.4011567 0.4033461 0.4033461 0.4130250 0.4035885 0.0240025 0.0240025 0.0220324 0.0220616 0.0240193 0.0240025 0.0240156 0.0240025 0.0260740 0.0240193 0.0219790 0.0240193 0.0240025 0.0219790 0.0260345 0.0264622 0.0219790 0.0260920 0.0240193 0.0239958 0.0239958 0.0220616 0.0220616 0.0240251 0.0220185 0.0239958 0.0220324 0.3953200 0.3471933 
HSV2_4                                  0.3287695 0.3316816 0.3159113 0.3278247 0.3268844 0.3316816 0.3163076 0.3268844 0.3166987 0.3318341 0.3278668 0.3305639 0.3159113 0.3292102 0.3292102 0.3292102 0.0170535 0.0194622 0.0194622 0.0000000 0.0024106 0.0149416 0.0024473 0.0194622 0.0048273 0.0170536 0.0026109 0.0024735 0.0024599 0.0048273 0.0024106 0.0097813 0.0048305 0.0048273 0.3252403 0.3237084 0.3217560 0.3239395 0.3219868 0.3237084 0.3236163 0.0687661 0.3280822 0.3271200 0.3259210 0.0024106 0.3278121 0.3271200 0.3278668 0.3216644 0.3216644 0.3321084 0.3254946 0.0000010 0.0000010 0.0024106 0.0024106 0.0048314 0.0048273 0.0048305 0.0048273 0.0072479 0.0048314 0.0024106 0.0048314 0.0048273 0.0024106 0.0072517 0.0073796 0.0024106 0.0072711 0.0048314 0.0048258 0.0048258 0.0024106 0.0024106 0.0024106 0.0024106 0.0048258 0.0024106 0.3237084 0.3383376 
HSV2_5                                  0.3931441 0.3992102 0.4007909 0.3921883 0.3912368 0.3992102 0.4012389 0.3912368 0.3950158 0.3957720 0.3973011 0.4101973 0.4007909 0.4065869 0.4065869 0.4062959 0.0203946 0.0219362 0.0219790 0.0024106 0.0000000 0.0127752 0.0080159 0.0220324 0.0019747 0.0200891 0.0000024 0.0084309 0.0000010 0.0019701 0.0000010 0.0140181 0.0019674 0.0019747 0.4029701 0.3882615 0.3910196 0.3960087 0.3945295 0.3915123 0.3988956 0.0912202 0.3965076 0.3944987 0.3948099 0.0039516 0.3972511 0.3944987 0.3973011 0.3994632 0.3994632 0.4091214 0.3997007 0.0019736 0.0019736 0.0000010 0.0000010 0.0019677 0.0019663 0.0019674 0.0019663 0.0039433 0.0019677 0.0000010 0.0019750 0.0019663 0.0000010 0.0039373 0.0040009 0.0000010 0.0039460 0.0019750 0.0019658 0.0019658 0.0019731 0.0000010 0.0019754 0.0000010 0.0019731 0.0000010 0.3915123 0.3514432 
HSV2_6                                  0.3769886 0.3823310 0.3777221 0.3760173 0.3750508 0.3823310 0.3781626 0.3750508 0.3758480 0.3797642 0.3787859 0.3891047 0.3777221 0.3871472 0.3871472 0.3903525 0.0000024 0.0000024 0.0000024 0.0149416 0.0127752 0.0000000 0.0000024 0.0000024 0.0149595 0.0000020 0.0000021 0.0000023 0.0127752 0.0149522 0.0128083 0.0000024 0.0149296 0.0149595 0.3833606 0.3748308 0.3748308 0.3750652 0.3750652 0.3748308 0.3825812 0.0861426 0.3779896 0.3779896 0.3787859 0.0171421 0.3787336 0.3779896 0.3787859 0.3825812 0.3825812 0.3866414 0.3836378 0.0149807 0.0149807 0.0128597 0.0128018 0.0149322 0.0149210 0.0149296 0.0149210 0.0171028 0.0149322 0.0127752 0.0149921 0.0149210 0.0128263 0.0170750 0.0170671 0.0128263 0.0171153 0.0149921 0.0149166 0.0149166 0.0149474 0.0128018 0.0149959 0.0127752 0.0149763 0.0128083 0.3748308 0.3445707 
HSV2_7                                  0.3856813 0.3917774 0.3901761 0.3847356 0.3837942 0.3917774 0.3906141 0.3837942 0.3875878 0.3883281 0.3898870 0.4028357 0.3901761 0.3992132 0.3992132 0.3989273 0.0020360 0.0039915 0.0040065 0.0024473 0.0080159 0.0000024 0.0000000 0.0040163 0.0100739 0.0040163 0.0000021 0.0000021 0.0082152 0.0100494 0.0080354 0.0000023 0.0100351 0.0100731 0.3955885 0.3808545 0.3835798 0.3886107 0.3870994 0.3841166 0.3915141 0.0833538 0.3891039 0.3871191 0.3873755 0.0120951 0.3898368 0.3871191 0.3898870 0.3920249 0.3920249 0.4017698 0.3922564 0.0100674 0.0100674 0.0080658 0.0080316 0.0100367 0.0100296 0.0100351 0.0100296 0.0120694 0.0100367 0.0080159 0.0100746 0.0100296 0.0080461 0.0120507 0.0122270 0.0080461 0.0120778 0.0100746 0.0100269 0.0100269 0.0100475 0.0080316 0.0100770 0.0080159 0.0100647 0.0080354 0.3841166 0.3441450 
HSV2_8                                  0.3982749 0.4043891 0.4027373 0.3973015 0.3963325 0.4043891 0.4031899 0.3963325 0.4001439 0.4009198 0.4024450 0.4154518 0.4027373 0.4118078 0.4118078 0.4084581 0.0020230 0.0000010 0.0000010 0.0194622 0.0220324 0.0000024 0.0040163 0.0000000 0.0241651 0.0000020 0.0000024 0.0021041 0.0225804 0.0241081 0.0220861 0.0000021 0.0240741 0.0241652 0.4081556 0.3932995 0.3961112 0.4011275 0.3996537 0.3965791 0.4040354 0.0960992 0.4016360 0.3995878 0.3999401 0.0260958 0.4023947 0.3995878 0.4024450 0.4046485 0.4046485 0.4143565 0.4048931 0.0240609 0.0240609 0.0220861 0.0221154 0.0240778 0.0240609 0.0240741 0.0240609 0.0261376 0.0240778 0.0220324 0.0240778 0.0240609 0.0220324 0.0260979 0.0265278 0.0220324 0.0261557 0.0240778 0.0240542 0.0240542 0.0221154 0.0221154 0.0240836 0.0220721 0.0240542 0.0220861 0.3965791 0.3486454 
HSV2_9                                  0.3920762 0.3981653 0.3997557 0.3911189 0.3901659 0.3981653 0.4002042 0.3901659 0.3939586 0.3947149 0.3962529 0.4091970 0.3997557 0.4055732 0.4055732 0.4052820 0.0225142 0.0240590 0.0241062 0.0048273 0.0019747 0.0149595 0.0100739 0.0241651 0.0000000 0.0222176 0.0000024 0.0105774 0.0020230 0.0000020 0.0019747 0.0161078 0.0039557 0.0000020 0.4019441 0.3871867 0.3899484 0.3949588 0.3934704 0.3904489 0.3978569 0.0938793 0.3954584 0.3934467 0.3937512 0.0059591 0.3962027 0.3934467 0.3962529 0.3984179 0.3984179 0.4081190 0.3986554 0.0039683 0.0039683 0.0019820 0.0019820 0.0039564 0.0000020 0.0039557 0.0000020 0.0019778 0.0039564 0.0019747 0.0039711 0.0039536 0.0019820 0.0059375 0.0020068 0.0019820 0.0059506 0.0039711 0.0039526 0.0039526 0.0039673 0.0019820 0.0039720 0.0019781 0.0039673 0.0019747 0.3904489 0.3456333 
HSV2_10                                 0.3938699 0.3999887 0.3983519 0.3929043 0.3919432 0.3999887 0.3987998 0.3919432 0.3957553 0.3965202 0.3980603 0.4110702 0.3983519 0.4074275 0.4074275 0.4040785 0.0020331 0.0000020 0.0000020 0.0170536 0.0200891 0.0000020 0.0040163 0.0000020 0.0222176 0.0000000 0.0000024 0.0021095 0.0205902 0.0221650 0.0201382 0.0000021 0.0221336 0.0222177 0.4037781 0.3889376 0.3917231 0.3967544 0.3952647 0.3922167 0.3996660 0.0921977 0.3972584 0.3952284 0.3955481 0.0241603 0.3980099 0.3952284 0.3980603 0.4002448 0.4002448 0.4099828 0.4004852 0.0221215 0.0221215 0.0201382 0.0201286 0.0221371 0.0221215 0.0221336 0.0221215 0.0241991 0.0221371 0.0200891 0.0221371 0.0221215 0.0200891 0.0241622 0.0245163 0.0200891 0.0242159 0.0221371 0.0221154 0.0221154 0.0201286 0.0201286 0.0221425 0.0200891 0.0221154 0.0201382 0.3922167 0.3444246 
HSV2_11                                 0.3378151 0.3403002 0.3351256 0.3368362 0.3358628 0.3403002 0.3355547 0.3358628 0.3370306 0.3409107 0.3399232 0.3440071 0.3351256 0.3489422 0.3489422 0.3524894 0.0000024 0.0000024 0.0000024 0.0026109 0.0000024 0.0000021 0.0000021 0.0000024 0.0000024 0.0000024 0.0000000 0.0000020 0.0000024 0.0000024 0.0000024 0.0000021 0.0024187 0.0000024 0.3448196 0.3394295 0.3394295 0.3396739 0.3396739 0.3394295 0.3430533 0.0663280 0.3429302 0.3429302 0.3399232 0.0048642 0.3398666 0.3429302 0.3399232 0.3430533 0.3430533 0.3442922 0.3450965 0.0024280 0.0024280 0.0000024 0.0000024 0.0024191 0.0000024 0.0024187 0.0000024 0.0024163 0.0024191 0.0000024 0.0024301 0.0024171 0.0000024 0.0048426 0.0024163 0.0000024 0.0048556 0.0024301 0.0000024 0.0000024 0.0024219 0.0000024 0.0024308 0.0000024 0.0024272 0.0000024 0.3394295 0.2928084 
HSV2_12                                 0.3789215 0.3852904 0.3804785 0.3779473 0.3769777 0.3852904 0.3809228 0.3769777 0.3777762 0.3816919 0.3812911 0.3936640 0.3804785 0.3896067 0.3896067 0.3927897 0.0000027 0.0020958 0.0021041 0.0024735 0.0084309 0.0000023 0.0000021 0.0021041 0.0105774 0.0021095 0.0000020 0.0000000 0.0085200 0.0105721 0.0084525 0.0000021 0.0105563 0.0105774 0.3858430 0.3773587 0.3773587 0.3775924 0.3775924 0.3773587 0.3850637 0.0782341 0.3804953 0.3804953 0.3812911 0.0127261 0.3812391 0.3804953 0.3812911 0.3850637 0.3850637 0.3891019 0.3861200 0.0105922 0.0105922 0.0084861 0.0084483 0.0105581 0.0105503 0.0105563 0.0105503 0.0126972 0.0105581 0.0084309 0.0106001 0.0105503 0.0084643 0.0126768 0.0128051 0.0084643 0.0127064 0.0106001 0.0105473 0.0105473 0.0105691 0.0084483 0.0106027 0.0084309 0.0105891 0.0084525 0.3773587 0.3347349 
HSV2_13                                 0.3914782 0.3966059 0.3982159 0.3905107 0.3895478 0.3966059 0.3986666 0.3895478 0.3933848 0.3941484 0.3908512 0.4062570 0.3982159 0.4013175 0.4013175 0.4044107 0.0209113 0.0224794 0.0225243 0.0024599 0.0000010 0.0127752 0.0082152 0.0225804 0.0020230 0.0205902 0.0000024 0.0085200 0.0000000 0.0020183 0.0000010 0.0143665 0.0020154 0.0020230 0.3976422 0.3860110 0.3893280 0.3895594 0.3895594 0.3893280 0.3968598 0.0913081 0.3923773 0.3923773 0.3931745 0.0040484 0.3908005 0.3923773 0.3908512 0.3968598 0.3968598 0.4039033 0.3955865 0.0020219 0.0020219 0.0000010 0.0000010 0.0020157 0.0020143 0.0020154 0.0020143 0.0040397 0.0020157 0.0000010 0.0020234 0.0020143 0.0000010 0.0040335 0.0040390 0.0000010 0.0040425 0.0020234 0.0020137 0.0020137 0.0020213 0.0000010 0.0020238 0.0000010 0.0020214 0.0000010 0.3893280 0.3467879 
HSV2_14                                 0.3974049 0.4035067 0.4050812 0.3964352 0.3954699 0.4035067 0.4055366 0.3954699 0.3992731 0.4000451 0.4015703 0.4145492 0.4050812 0.4109128 0.4109128 0.4106162 0.0225032 0.0240025 0.0240494 0.0048273 0.0019701 0.0149522 0.0100494 0.0241081 0.0000020 0.0221650 0.0000024 0.0105721 0.0020183 0.0000000 0.0019748 0.0160698 0.0039464 0.0000010 0.4072699 0.3924489 0.3952494 0.4002576 0.3987839 0.3957212 0.4021818 0.0936416 0.4007641 0.3987240 0.3990690 0.0059450 0.4015201 0.3987240 0.4015703 0.4027767 0.4027767 0.4134578 0.4040072 0.0039589 0.0039589 0.0019822 0.0019774 0.0039471 0.0000010 0.0039464 0.0000010 0.0019695 0.0039471 0.0019701 0.0039617 0.0039443 0.0019774 0.0059235 0.0020021 0.0019774 0.0059365 0.0039617 0.0039433 0.0039433 0.0039579 0.0019774 0.0039626 0.0019736 0.0039579 0.0019748 0.3957212 0.3472561 
HSV2_15                                 0.3910823 0.3971523 0.3987414 0.3901299 0.3891818 0.3971523 0.3991873 0.3891818 0.3929622 0.3937134 0.3952496 0.4081510 0.3987414 0.4045403 0.4045403 0.4042509 0.0204453 0.0219895 0.0220324 0.0024106 0.0000010 0.0128083 0.0080354 0.0220861 0.0019747 0.0201382 0.0000024 0.0084525 0.0000010 0.0019748 0.0000000 0.0140522 0.0019721 0.0019747 0.4009236 0.3862184 0.3889654 0.3939626 0.3924755 0.3894699 0.3968520 0.0914558 0.3944596 0.3924587 0.3927547 0.0039611 0.3951997 0.3924587 0.3952496 0.3974037 0.3974037 0.4070787 0.3976394 0.0019783 0.0019783 0.0000010 0.0000010 0.0019724 0.0019710 0.0019721 0.0019710 0.0039527 0.0019724 0.0000010 0.0019797 0.0019710 0.0000010 0.0039468 0.0040106 0.0000010 0.0039554 0.0019797 0.0019705 0.0019705 0.0019778 0.0000010 0.0019802 0.0000010 0.0019778 0.0000010 0.3894699 0.3486754 
HSV2_16                                 0.3908397 0.3969457 0.3953235 0.3898812 0.3889282 0.3969457 0.3957671 0.3889282 0.3927315 0.3934865 0.3950326 0.4080110 0.3953235 0.4043780 0.4043780 0.4040870 0.0000021 0.0000021 0.0000021 0.0097813 0.0140181 0.0000024 0.0000023 0.0000021 0.0161078 0.0000021 0.0000021 0.0000021 0.0143665 0.0160698 0.0140522 0.0000000 0.0160471 0.0161078 0.4007404 0.3859498 0.3887113 0.3937386 0.3922420 0.3892200 0.3966451 0.0877247 0.3942383 0.3922266 0.3925227 0.0181319 0.3949823 0.3922266 0.3950326 0.3971983 0.3971983 0.4069324 0.3974352 0.0160988 0.0160988 0.0141052 0.0140455 0.0160496 0.0160383 0.0160471 0.0160383 0.0180928 0.0160496 0.0140181 0.0161102 0.0160383 0.0140709 0.0180652 0.0183291 0.0140709 0.0181053 0.0161102 0.0160340 0.0160340 0.0160654 0.0140455 0.0161141 0.0140181 0.0160944 0.0140522 0.3892200 0.3431857 
HSV2_17                                 0.3967777 0.4028703 0.4044448 0.3958107 0.3948480 0.4028703 0.4048988 0.3948480 0.3986452 0.3994144 0.4009392 0.4138978 0.4044448 0.4102674 0.4102674 0.4099719 0.0224709 0.0239688 0.0240156 0.0048305 0.0019674 0.0149296 0.0100351 0.0240741 0.0039557 0.0221336 0.0024187 0.0105563 0.0020154 0.0039464 0.0019721 0.0160471 0.0000000 0.0039555 0.4066307 0.3918357 0.3946282 0.3996304 0.3981568 0.3951027 0.4025285 0.0935055 0.4001354 0.3981012 0.3984410 0.0059367 0.4008890 0.3981012 0.4009392 0.4031269 0.4031269 0.4128093 0.4033691 0.0039534 0.0039534 0.0019794 0.0019746 0.0039415 0.0039388 0.0000010 0.0039388 0.0059242 0.0039415 0.0019674 0.0039561 0.0039388 0.0019747 0.0059152 0.0060108 0.0019747 0.0019696 0.0039561 0.0039378 0.0039378 0.0039523 0.0019746 0.0039571 0.0019708 0.0039523 0.0019721 0.3951027 0.3560279 
HSV2_18                                 0.3953886 0.4014968 0.4030802 0.3944218 0.3934595 0.4014968 0.4035338 0.3934595 0.3972656 0.3980330 0.3995659 0.4125555 0.4030802 0.4089169 0.4089169 0.4086218 0.0225142 0.0240591 0.0241062 0.0048273 0.0019747 0.0149595 0.0100731 0.0241652 0.0000020 0.0222177 0.0000024 0.0105774 0.0020230 0.0000010 0.0019747 0.0161078 0.0039555 0.0000000 0.4052727 0.3904489 0.3932397 0.3982578 0.3967759 0.3937232 0.4011638 0.0936912 0.3987626 0.3967296 0.3970599 0.0059588 0.3995156 0.3967296 0.3995659 0.4017535 0.4017535 0.4114671 0.4019950 0.0039681 0.0039681 0.0019820 0.0019820 0.0039562 0.0000010 0.0039555 0.0000010 0.0019778 0.0039562 0.0019747 0.0039709 0.0039534 0.0019820 0.0059372 0.0020068 0.0019820 0.0059503 0.0039709 0.0039524 0.0039524 0.0039670 0.0019820 0.0039718 0.0019782 0.0039671 0.0019747 0.3937232 0.3456337 
JN400093_Human_herpesvirus_1            0.0140899 0.0100199 0.0242589 0.0140622 0.0140346 0.0100199 0.0221957 0.0140346 0.0243492 0.0160994 0.0119870 0.0221990 0.0242589 0.0059599 0.0059599 0.0059578 0.3978848 0.4058581 0.4068472 0.3252403 0.4029701 0.3833606 0.3955885 0.4081556 0.4019441 0.4037781 0.3448196 0.3858430 0.3976422 0.4072699 0.4009236 0.4007404 0.4066307 0.4052727 0.0000000 0.0179805 0.0160560 0.0119735 0.0100049 0.0159650 0.0119704 0.4330032 0.0180431 0.0179756 0.0120105 0.4016069 0.0140004 0.0179756 0.0119870 0.0100390 0.0100390 0.0119577 0.0039893 0.4016572 0.4016572 0.4029280 0.4013602 0.4065869 0.4062782 0.4066307 0.4062782 0.4039219 0.4065869 0.4029701 0.4086218 0.4062782 0.4049820 0.4096158 0.4037632 0.4049820 0.4108157 0.4086218 0.4059963 0.4059963 0.4043922 0.4013602 0.4056239 0.4039948 0.4080249 0.4009236 0.0159650 0.3864427 
JN420337_Human_herpesvirus_1            0.0160985 0.0120208 0.0345048 0.0160669 0.0160354 0.0120208 0.0324140 0.0160354 0.0346340 0.0181070 0.0139832 0.0324192 0.0345048 0.0200133 0.0200133 0.0200062 0.3829434 0.3911089 0.3920531 0.3237084 0.3882615 0.3748308 0.3808545 0.3932995 0.3871867 0.3889376 0.3394295 0.3773587 0.3860110 0.3924489 0.3862184 0.3859498 0.3918357 0.3904489 0.0179805 0.0000000 0.0019872 0.0079462 0.0079758 0.0019762 0.0139444 0.4201995 0.0039701 0.0039554 0.0140085 0.3933873 0.0159988 0.0039554 0.0139832 0.0140490 0.0140490 0.0179717 0.0180869 0.3934370 0.3934370 0.3881254 0.3866335 0.3917992 0.3915024 0.3918357 0.3915024 0.3891661 0.3917992 0.3882615 0.3937364 0.3915024 0.3901761 0.3947751 0.3888183 0.3901761 0.3959146 0.3937364 0.3912395 0.3912395 0.3896176 0.3866335 0.3907860 0.3892340 0.3931707 0.3862184 0.0019762 0.3947419 
JN420338_Human_herpesvirus_1            0.0141513 0.0100634 0.0326265 0.0141234 0.0140955 0.0100634 0.0305295 0.0140955 0.0327492 0.0161695 0.0120388 0.0305343 0.0326265 0.0160660 0.0160660 0.0180883 0.3857175 0.3938892 0.3948467 0.3217560 0.3910196 0.3748308 0.3835798 0.3961112 0.3899484 0.3917231 0.3394295 0.3773587 0.3893280 0.3952494 0.3889654 0.3887113 0.3946282 0.3932397 0.0160560 0.0019872 0.0000000 0.0039868 0.0059757 0.0000010 0.0120070 0.4232924 0.0019867 0.0019867 0.0119948 0.3962024 0.0140622 0.0019867 0.0120388 0.0120295 0.0120295 0.0160482 0.0181552 0.3962525 0.3962525 0.3909003 0.3893867 0.3945902 0.3942896 0.3946282 0.3942896 0.3919377 0.3945902 0.3910196 0.3965557 0.3942896 0.3929622 0.3975912 0.3941458 0.3929622 0.3987480 0.3965557 0.3940218 0.3940218 0.3923950 0.3893867 0.3935812 0.3920068 0.3959813 0.3889654 0.0000010 0.3960203 
JN420339_Human_herpesvirus_1            0.0120746 0.0080143 0.0304468 0.0120509 0.0120272 0.0080143 0.0283636 0.0120272 0.0305608 0.0140840 0.0079666 0.0283680 0.0304468 0.0119819 0.0119819 0.0160048 0.3908098 0.3988793 0.3998478 0.3239395 0.3960087 0.3750652 0.3886107 0.4011275 0.3949588 0.3967544 0.3396739 0.3775924 0.3895594 0.4002576 0.3939626 0.3937386 0.3996304 0.3982578 0.0119735 0.0079462 0.0039868 0.0000000 0.0000010 0.0059535 0.0099609 0.4247501 0.0059736 0.0079440 0.0079964 0.4012238 0.0099693 0.0079440 0.0079666 0.0080046 0.0080046 0.0119677 0.0140407 0.4012741 0.4012741 0.3959218 0.3943892 0.3995901 0.3992868 0.3996304 0.3992868 0.3969386 0.3995901 0.3960087 0.4015800 0.3992868 0.3979755 0.4025957 0.3966897 0.3979755 0.4037676 0.4015800 0.3990139 0.3990139 0.3974005 0.3943892 0.3986026 0.3970092 0.4009976 0.3939626 0.0059535 0.3915546 
JN420340_Human_herpesvirus_1            0.0121203 0.0080445 0.0305632 0.0120964 0.0120725 0.0080445 0.0284718 0.0120725 0.0306780 0.0141373 0.0080107 0.0284762 0.0305632 0.0140460 0.0140460 0.0160660 0.3892859 0.3974073 0.3983751 0.3219868 0.3945295 0.3750652 0.3870994 0.3996537 0.3934704 0.3952647 0.3396739 0.3775924 0.3895594 0.3987839 0.3924755 0.3922420 0.3981568 0.3967759 0.0100049 0.0079758 0.0059757 0.0000010 0.0000000 0.0059757 0.0099982 0.4242140 0.0079737 0.0079737 0.0099880 0.3997488 0.0100246 0.0079737 0.0080107 0.0080046 0.0080046 0.0100000 0.0140937 0.3997991 0.3997991 0.3944327 0.3929017 0.3981171 0.3978138 0.3981568 0.3978138 0.3954583 0.3981171 0.3945295 0.4001051 0.3978138 0.3964942 0.4011293 0.3977171 0.3964942 0.4022998 0.4001051 0.3975417 0.3975417 0.3959200 0.3929017 0.3971206 0.3955286 0.3995235 0.3924755 0.0059757 0.3920023 
JN420341_Human_herpesvirus_1            0.0140715 0.0100069 0.0324403 0.0140439 0.0140163 0.0100069 0.0303557 0.0140163 0.0325617 0.0160783 0.0139832 0.0303605 0.0324403 0.0179931 0.0179931 0.0179867 0.3862493 0.3943666 0.3953200 0.3237084 0.3915123 0.3748308 0.3841166 0.3965791 0.3904489 0.3922167 0.3394295 0.3773587 0.3893280 0.3957212 0.3894699 0.3892200 0.3951027 0.3937232 0.0159650 0.0019762 0.0000010 0.0059535 0.0059757 0.0000000 0.0119400 0.4236213 0.0019830 0.0019757 0.0119948 0.3966703 0.0159988 0.0019757 0.0139832 0.0120295 0.0120295 0.0159573 0.0180869 0.3967201 0.3967201 0.3913968 0.3898894 0.3950647 0.3947655 0.3951027 0.3947655 0.3924265 0.3950647 0.3915123 0.3970220 0.3947655 0.3934467 0.3980501 0.3921203 0.3934467 0.3992019 0.3970220 0.3944987 0.3944987 0.3928819 0.3898894 0.3940632 0.3924955 0.3964499 0.3894699 0.0000010 0.3946756 
JN420342_Human_herpesvirus_1            0.0060177 0.0100258 0.0283762 0.0060059 0.0059941 0.0100258 0.0263000 0.0059941 0.0284823 0.0080218 0.0059796 0.0263040 0.0283762 0.0139898 0.0139898 0.0139849 0.3937509 0.4017697 0.4027455 0.3236163 0.3988956 0.3825812 0.3915141 0.4040354 0.3978569 0.3996660 0.3430533 0.3850637 0.3968598 0.4021818 0.3968520 0.3966451 0.4025285 0.4011638 0.0119704 0.0139444 0.0120070 0.0099609 0.0099982 0.0119400 0.0000000 0.4314431 0.0139928 0.0139406 0.0039897 0.3975253 0.0079817 0.0139406 0.0059796 0.0000010 0.0000010 0.0159872 0.0140624 0.3975753 0.3975753 0.3988272 0.3972821 0.4024869 0.4021818 0.4025285 0.4021818 0.3988645 0.4024869 0.3988956 0.4044930 0.4021818 0.4008784 0.4054983 0.3996219 0.4008784 0.4066802 0.4044930 0.4019055 0.4019055 0.4002982 0.3972821 0.4015108 0.3999047 0.4039053 0.3968520 0.0119400 0.3989169 
JQ360576_Chimpanzee_alpha-1_herpesvirus 0.4282798 0.4320106 0.4167069 0.4272086 0.4261424 0.4320106 0.4171876 0.4261424 0.4196934 0.4267715 0.4261862 0.4297780 0.4167069 0.4396256 0.4396256 0.4392897 0.0885174 0.0936056 0.0960992 0.0687661 0.0912202 0.0861426 0.0833538 0.0960992 0.0938793 0.0921977 0.0663280 0.0782341 0.0913081 0.0936416 0.0914558 0.0877247 0.0935055 0.0936912 0.4330032 0.4201995 0.4232924 0.4247501 0.4242140 0.4236213 0.4314431 0.0000000 0.4289923 0.4267375 0.4273148 0.0938066 0.4268618 0.4267375 0.4261862 0.4285772 0.4285772 0.4327666 0.4288556 0.0938228 0.0938228 0.0918215 0.0892974 0.0935171 0.0934496 0.0935055 0.0934496 0.0958486 0.0935171 0.0912202 0.0938909 0.0934496 0.0915841 0.0956986 0.0950401 0.0915841 0.0959203 0.0938909 0.0934181 0.0934181 0.0914984 0.0892974 0.0939167 0.0891143 0.0937911 0.0914558 0.4236213 0.3771427 
JQ730035_Human_herpesvirus_1            0.0161550 0.0120628 0.0346267 0.0161231 0.0160914 0.0120628 0.0325283 0.0160914 0.0347569 0.0181715 0.0140308 0.0325335 0.0346267 0.0160556 0.0160556 0.0180775 0.3913120 0.3993821 0.4003529 0.3280822 0.3965076 0.3779896 0.3891039 0.4016360 0.3954584 0.3972584 0.3429302 0.3804953 0.3923773 0.4007641 0.3944596 0.3942383 0.4001354 0.3987626 0.0180431 0.0039701 0.0019867 0.0059736 0.0079737 0.0019830 0.0139928 0.4289923 0.0000000 0.0000010 0.0140047 0.4017329 0.0160533 0.0039691 0.0140308 0.0140462 0.0140462 0.0180343 0.0181444 0.4017832 0.4017832 0.3964238 0.3948873 0.4000948 0.3997909 0.4001354 0.3997909 0.3974399 0.4000948 0.3965076 0.4020898 0.3997909 0.3984794 0.4031049 0.3971972 0.3984794 0.4042799 0.4020898 0.3995170 0.3995170 0.3979028 0.3948873 0.3991081 0.3975107 0.4015058 0.3944596 0.0019830 0.4000483 
JX142173_Human_herpesvirus_1            0.0160941 0.0120175 0.0344949 0.0160625 0.0160310 0.0120175 0.0324048 0.0160310 0.0346241 0.0181030 0.0159932 0.0324099 0.0344949 0.0180161 0.0180161 0.0180097 0.3892908 0.3973570 0.3983180 0.3271200 0.3944987 0.3779896 0.3871191 0.3995878 0.3934467 0.3952284 0.3429302 0.3804953 0.3923773 0.3987240 0.3924587 0.3922266 0.3981012 0.3967296 0.0179756 0.0039554 0.0019867 0.0079440 0.0079737 0.0019757 0.0139406 0.4267375 0.0000010 0.0000000 0.0140047 0.3996821 0.0180126 0.0039544 0.0159932 0.0140462 0.0140462 0.0179668 0.0181101 0.3997321 0.3997321 0.3944023 0.3928819 0.3980618 0.3977606 0.3981012 0.3977606 0.3954211 0.3980618 0.3944987 0.4000359 0.3977606 0.3964499 0.4010534 0.3951535 0.3964499 0.4022157 0.4000359 0.3974904 0.3974904 0.3958797 0.3928819 0.3970719 0.3954909 0.3994584 0.3924587 0.0019757 0.3986875 
KF498959_Human_herpesvirus_1            0.0020083 0.0060226 0.0284734 0.0020043 0.0020004 0.0060226 0.0263898 0.0020004 0.0285802 0.0040157 0.0000010 0.0263939 0.0284734 0.0120180 0.0120180 0.0140318 0.3895677 0.3976903 0.3986595 0.3259210 0.3948099 0.3787859 0.3873755 0.3999401 0.3937512 0.3955481 0.3399232 0.3812911 0.3931745 0.3990690 0.3927547 0.3925227 0.3984410 0.3970599 0.0120105 0.0140085 0.0119948 0.0079964 0.0099880 0.0119948 0.0039897 0.4273148 0.0140047 0.0140047 0.0000000 0.4000355 0.0019956 0.0140047 0.0000010 0.0039972 0.0039972 0.0120046 0.0140844 0.4000859 0.4000859 0.3947149 0.3931815 0.3984012 0.3980975 0.3984410 0.3980975 0.3957402 0.3984012 0.3948099 0.4003922 0.3980975 0.3967777 0.4014162 0.3980046 0.3967777 0.4025886 0.4003922 0.3978248 0.3978248 0.3962026 0.3931815 0.3974050 0.3958107 0.3998097 0.3927547 0.0119948 0.3955961 
KF781518_Human_herpesvirus_2            0.3983688 0.4044897 0.3994208 0.3973942 0.3964240 0.4044897 0.3998685 0.3964240 0.3936302 0.4010165 0.4025430 0.4088503 0.3994208 0.4052317 0.4052317 0.4019043 0.0246230 0.0260793 0.0260324 0.0024106 0.0039516 0.0171421 0.0120951 0.0260958 0.0059591 0.0241603 0.0048642 0.0127261 0.0040484 0.0059450 0.0039611 0.0181319 0.0059367 0.0059588 0.4016069 0.3933873 0.3962024 0.4012238 0.3997488 0.3966703 0.3975253 0.0938066 0.4017329 0.3996821 0.4000355 0.0000000 0.4024926 0.3996821 0.4025430 0.3980835 0.3980835 0.4144678 0.3983203 0.0019736 0.0019736 0.0039611 0.0039662 0.0059377 0.0059335 0.0059367 0.0059335 0.0079328 0.0059377 0.0039516 0.0059377 0.0059335 0.0039516 0.0079208 0.0080494 0.0039516 0.0079382 0.0059377 0.0059319 0.0059319 0.0039662 0.0039662 0.0059390 0.0039586 0.0059319 0.0039611 0.3966703 0.3514432 
