35
HM585496_Human_herpesvirus_1            0.0000000 0.0039441 0.0000010 0.0039478 0.0039456 0.0019700 0.0039485 0.0079077 0.1551545 0.1526535 0.1526535 0.1558755 0.1575278 0.1554949 0.1484916 0.1551545 0.1527869 0.0039449 0.0039449 0.0039449 0.0019704 0.0019704 0.0059235 0.1416716 0.0019718 0.0019718 0.0039456 0.0059235 0.0019700 0.0019700 0.1502937 0.1550962 0.1575222 0.1575222 0.2179257 
HM585497_Human_herpesvirus_1            0.0039441 0.0000000 0.0039441 0.0039477 0.0079077 0.0059223 0.0079136 0.0118867 0.1599010 0.1573843 0.1573843 0.1607840 0.1622854 0.1602524 0.1532187 0.1599010 0.1575222 0.0079062 0.0079061 0.0079062 0.0059235 0.0059235 0.0098926 0.1463717 0.0059279 0.0059279 0.0079077 0.0098926 0.0059223 0.0059223 0.1550134 0.1598405 0.1622795 0.1622795 0.2208787 
HM585498_Human_herpesvirus_1            0.0000010 0.0039441 0.0000000 0.0039478 0.0039456 0.0019700 0.0039485 0.0079077 0.1551545 0.1526535 0.1526535 0.1558755 0.1575278 0.1554949 0.1484916 0.1551545 0.1527869 0.0039449 0.0039449 0.0039449 0.0019704 0.0019704 0.0059235 0.1416716 0.0019718 0.0019718 0.0039456 0.0059235 0.0019700 0.0019700 0.1502937 0.1550962 0.1575222 0.1575222 0.2179257 
HM585502_Human_herpesvirus_1            0.0039478 0.0039477 0.0039478 0.0000000 0.0079151 0.0059278 0.0079209 0.0118978 0.1599750 0.1574566 0.1574566 0.1608611 0.1623610 0.1603267 0.1532886 0.1599750 0.1575947 0.0079136 0.0079135 0.0079136 0.0059290 0.0059290 0.0099019 0.1465246 0.0059334 0.0059334 0.0079151 0.0099020 0.0059278 0.0059278 0.1550833 0.1599144 0.1623551 0.1623551 0.2154406 
HM585504_Human_herpesvirus_1            0.0039456 0.0079077 0.0039456 0.0079151 0.0000000 0.0059246 0.0039493 0.0039456 0.1504249 0.1479390 0.1479390 0.1509841 0.1527869 0.1507533 0.1437816 0.1504249 0.1480680 0.0039456 0.0039456 0.0039456 0.0019707 0.0019707 0.0059246 0.1369887 0.0059301 0.0059301 0.0000010 0.0059247 0.0059246 0.0059246 0.1455908 0.1503687 0.1527816 0.1527816 0.2152343 
HM585508_Human_herpesvirus_1            0.0019700 0.0059223 0.0019700 0.0059278 0.0059246 0.0000000 0.0059290 0.0098945 0.1575222 0.1550134 0.1550134 0.1583239 0.1599010 0.1578681 0.1508499 0.1575222 0.1551491 0.0059235 0.0059235 0.0059235 0.0039449 0.0039449 0.0079061 0.1440166 0.0039478 0.0039478 0.0059246 0.0079062 0.0000010 0.0039441 0.1526482 0.1574628 0.1598952 0.1598952 0.2182973 
HM585509_Human_herpesvirus_1            0.0039485 0.0079136 0.0039485 0.0079209 0.0039493 0.0059290 0.0000000 0.0079151 0.1553169 0.1528129 0.1528129 0.1560442 0.1576929 0.1556580 0.1486468 0.1553169 0.1529466 0.0039485 0.0039485 0.0039485 0.0019722 0.0019722 0.0059290 0.1418192 0.0059345 0.0059345 0.0039493 0.0059290 0.0059290 0.0059290 0.1504505 0.1552585 0.1576874 0.1576874 0.2206238 
HM585510_Human_herpesvirus_1            0.0079077 0.0118867 0.0079077 0.0118978 0.0039456 0.0098945 0.0079151 0.0000000 0.1548778 0.1523808 0.1523808 0.1555874 0.1572469 0.1552161 0.1482258 0.1548778 0.1525138 0.0079077 0.0079076 0.0079077 0.0059246 0.0059246 0.0098945 0.1414176 0.0099039 0.0099039 0.0039456 0.0098945 0.0098945 0.0098945 0.1500255 0.1548197 0.1572414 0.1572414 0.2179146 
HSV2_1                                  0.1551545 0.1599010 0.1551545 0.1599750 0.1504249 0.1575222 0.1553169 0.1548778 0.0000000 0.0059476 0.0059476 0.0000010 0.0019705 0.0000010 0.0019804 0.0000010 0.0019709 0.1551545 0.1551491 0.1551545 0.1527869 0.1527869 0.1554128 0.0678534 0.1576929 0.1576929 0.1504249 0.1575278 0.1575222 0.1575222 0.0059447 0.0019723 0.0019705 0.0019705 0.1967436 
HSV2_2                                  0.1526535 0.1573843 0.1526535 0.1574566 0.1479390 0.1550134 0.1528129 0.1523808 0.0059476 0.0000000 0.0000010 0.0061433 0.0079385 0.0059596 0.0000028 0.0059476 0.0079400 0.1526535 0.1526482 0.1526535 0.1502937 0.1502937 0.1529073 0.0678864 0.1551810 0.1551810 0.1479390 0.1550188 0.1550134 0.1550134 0.0019712 0.0079459 0.0079384 0.0079384 0.1968576 
HSV2_3                                  0.1526535 0.1573843 0.1526535 0.1574566 0.1479390 0.1550134 0.1528129 0.1523808 0.0059476 0.0000010 0.0000000 0.0061433 0.0079385 0.0059596 0.0000028 0.0059476 0.0079400 0.1526535 0.1526482 0.1526535 0.1502937 0.1502937 0.1529073 0.0678864 0.1551810 0.1551810 0.1479390 0.1550188 0.1550134 0.1550134 0.0019712 0.0079459 0.0079384 0.0079384 0.1968576 
HSV2_4                                  0.1558755 0.1607840 0.1558755 0.1608611 0.1509841 0.1583239 0.1560442 0.1555874 0.0000010 0.0061433 0.0061433 0.0000000 0.0020340 0.0000010 0.0020455 0.0000010 0.0020344 0.1558755 0.1558698 0.1558755 0.1534273 0.1534273 0.1561436 0.0657422 0.1585014 0.1585014 0.1509841 0.1583297 0.1583239 0.1583239 0.0061402 0.0020360 0.0020339 0.0020339 0.1957170 
HSV2_5                                  0.1575278 0.1622854 0.1575278 0.1623610 0.1527869 0.1599010 0.1576929 0.1572469 0.0019705 0.0079385 0.0079385 0.0020340 0.0000000 0.0019735 0.0039649 0.0019705 0.0039459 0.1575278 0.1575222 0.1575278 0.1551545 0.1551545 0.1577900 0.0699869 0.1600746 0.1600746 0.1527869 0.1599067 0.1599010 0.1599010 0.0079346 0.0039488 0.0039451 0.0039451 0.1992576 
HSV2_9                                  0.1554949 0.1602524 0.1554949 0.1603267 0.1507533 0.1578681 0.1556580 0.1552161 0.0000010 0.0059596 0.0059596 0.0000010 0.0019735 0.0000000 0.0019844 0.0000010 0.0019739 0.1554949 0.1554894 0.1554949 0.1531217 0.1531217 0.1557542 0.0679947 0.1580396 0.1580396 0.1507533 0.1578737 0.1578681 0.1578681 0.0059567 0.0019755 0.0019735 0.0019735 0.1971892 
HSV2_11                                 0.1484916 0.1532187 0.1484916 0.1532886 0.1437816 0.1508499 0.1486468 0.1482258 0.0019804 0.0000028 0.0000028 0.0020455 0.0039649 0.0019844 0.0000000 0.0019804 0.0039657 0.1484916 0.1484866 0.1484916 0.1461338 0.1461338 0.1487393 0.0660052 0.1510129 0.1510129 0.1437816 0.1508550 0.1508499 0.1508499 0.0000028 0.0039686 0.0039649 0.0039649 0.1925862 
HSV2_13                                 0.1551545 0.1599010 0.1551545 0.1599750 0.1504249 0.1575222 0.1553169 0.1548778 0.0000010 0.0059476 0.0059476 0.0000010 0.0019705 0.0000010 0.0019804 0.0000000 0.0019709 0.1551545 0.1551491 0.1551545 0.1527869 0.1527869 0.1554128 0.0678534 0.1576929 0.1576929 0.1504249 0.1575278 0.1575222 0.1575222 0.0059447 0.0019723 0.0019705 0.0019705 0.1967436 
HSV2_14                                 0.1527869 0.1575222 0.1527869 0.1575947 0.1480680 0.1551491 0.1529466 0.1525138 0.0019709 0.0079400 0.0079400 0.0020344 0.0039459 0.0019739 0.0039657 0.0019709 0.0000000 0.1527869 0.1527816 0.1527869 0.1504249 0.1504249 0.1530412 0.0657247 0.1553169 0.1553169 0.1480680 0.1551545 0.1551491 0.1551491 0.0079361 0.0039495 0.0039458 0.0039458 0.1942360 
JN400093_Human_herpesvirus_1            0.0039449 0.0079062 0.0039449 0.0079136 0.0039456 0.0059235 0.0039485 0.0079077 0.1551545 0.1526535 0.1526535 0.1558755 0.1575278 0.1554949 0.1484916 0.1551545 0.1527869 0.0000000 0.0039449 0.0000010 0.0019704 0.0019704 0.0019700 0.1416716 0.0059290 0.0059290 0.0039456 0.0019700 0.0059235 0.0059235 0.1502937 0.1550962 0.1575222 0.1575222 0.2203785 
JN420337_Human_herpesvirus_1            0.0039449 0.0079061 0.0039449 0.0079135 0.0039456 0.0059235 0.0039485 0.0079076 0.1551491 0.1526482 0.1526482 0.1558698 0.1575222 0.1554894 0.1484866 0.1551491 0.1527816 0.0039449 0.0000000 0.0039449 0.0019704 0.0019704 0.0059235 0.1416671 0.0059290 0.0059290 0.0039456 0.0059235 0.0059235 0.0059235 0.1502887 0.1550908 0.1575166 0.1575166 0.2203672 
JN420338_Human_herpesvirus_1            0.0039449 0.0079062 0.0039449 0.0079136 0.0039456 0.0059235 0.0039485 0.0079077 0.1551545 0.1526535 0.1526535 0.1558755 0.1575278 0.1554949 0.1484916 0.1551545 0.1527869 0.0000010 0.0039449 0.0000000 0.0019704 0.0019704 0.0019700 0.1416716 0.0059290 0.0059290 0.0039456 0.0019700 0.0059235 0.0059235 0.1502937 0.1550962 0.1575222 0.1575222 0.2203785 
JN420339_Human_herpesvirus_1            0.0019704 0.0059235 0.0019704 0.0059290 0.0019707 0.0039449 0.0019722 0.0059246 0.1527869 0.1502937 0.1502937 0.1534273 0.1551545 0.1531217 0.1461338 0.1527869 0.1504249 0.0019704 0.0019704 0.0019704 0.0000000 0.0000010 0.0039449 0.1393274 0.0039485 0.0039485 0.0019707 0.0039449 0.0039449 0.0039449 0.1479390 0.1527296 0.1551491 0.1551491 0.2178032 
JN420340_Human_herpesvirus_1            0.0019704 0.0059235 0.0019704 0.0059290 0.0019707 0.0039449 0.0019722 0.0059246 0.1527869 0.1502937 0.1502937 0.1534273 0.1551545 0.1531217 0.1461338 0.1527869 0.1504249 0.0019704 0.0019704 0.0019704 0.0000010 0.0000000 0.0039449 0.1393274 0.0039485 0.0039485 0.0019707 0.0039449 0.0039449 0.0039449 0.1479390 0.1527296 0.1551491 0.1551491 0.2178032 
JN420341_Human_herpesvirus_1            0.0059235 0.0098926 0.0059235 0.0099019 0.0059246 0.0079061 0.0059290 0.0098945 0.1554128 0.1529073 0.1529073 0.1561436 0.1577900 0.1557542 0.1487393 0.1554128 0.1530412 0.0019700 0.0059235 0.0019700 0.0039449 0.0039449 0.0000000 0.1419081 0.0079136 0.0079136 0.0059246 0.0039441 0.0079061 0.0079061 0.1505436 0.1553542 0.1577844 0.1577844 0.2207542 
JQ360576_Chimpanzee_alpha-1_herpesvirus 0.1416716 0.1463717 0.1416716 0.1465246 0.1369887 0.1440166 0.1418192 0.1414176 0.0678534 0.0678864 0.0678864 0.0657422 0.0699869 0.0679947 0.0660052 0.0678534 0.0657247 0.1416716 0.1416671 0.1416716 0.1393274 0.1393274 0.1419081 0.0000000 0.1441716 0.1441716 0.1369887 0.1440213 0.1440166 0.1440166 0.0700367 0.0700550 0.0699857 0.0699857 0.1901105 
JQ730035_Human_herpesvirus_1            0.0019718 0.0059279 0.0019718 0.0059334 0.0059301 0.0039478 0.0059345 0.0099039 0.1576929 0.1551810 0.1551810 0.1585014 0.1600746 0.1580396 0.1510129 0.1576929 0.1553169 0.0059290 0.0059290 0.0059290 0.0039485 0.0039485 0.0079136 0.1441716 0.0000000 0.0000010 0.0059301 0.0079136 0.0039478 0.0038685 0.1528129 0.1576334 0.1600689 0.1600689 0.2207482 
JX142173_Human_herpesvirus_1            0.0019718 0.0059279 0.0019718 0.0059334 0.0059301 0.0039478 0.0059345 0.0099039 0.1576929 0.1551810 0.1551810 0.1585014 0.1600746 0.1580396 0.1510129 0.1576929 0.1553169 0.0059290 0.0059290 0.0059290 0.0039485 0.0039485 0.0079136 0.1441716 0.0000010 0.0000000 0.0059301 0.0079136 0.0039478 0.0038685 0.1528129 0.1576334 0.1600689 0.1600689 0.2207482 
KF498959_Human_herpesvirus_1            0.0039456 0.0079077 0.0039456 0.0079151 0.0000010 0.0059246 0.0039493 0.0039456 0.1504249 0.1479390 0.1479390 0.1509841 0.1527869 0.1507533 0.1437816 0.1504249 0.1480680 0.0039456 0.0039456 0.0039456 0.0019707 0.0019707 0.0059246 0.1369887 0.0059301 0.0059301 0.0000000 0.0059247 0.0059246 0.0059246 0.1455908 0.1503687 0.1527816 0.1527816 0.2152343 
KM222720_Human_herpesvirus_1            0.0059235 0.0098926 0.0059235 0.0099020 0.0059247 0.0079062 0.0059290 0.0098945 0.1575278 0.1550188 0.1550188 0.1583297 0.1599067 0.1578737 0.1508550 0.1575278 0.1551545 0.0019700 0.0059235 0.0019700 0.0039449 0.0039449 0.0039441 0.1440213 0.0079136 0.0079136 0.0059247 0.0000000 0.0079062 0.0079062 0.1526535 0.1574684 0.1599010 0.1599010 0.2229604 
KM222721_Human_herpesvirus_1            0.0019700 0.0059223 0.0019700 0.0059278 0.0059246 0.0000010 0.0059290 0.0098945 0.1575222 0.1550134 0.1550134 0.1583239 0.1599010 0.1578681 0.1508499 0.1575222 0.1551491 0.0059235 0.0059235 0.0059235 0.0039449 0.0039449 0.0079061 0.1440166 0.0039478 0.0039478 0.0059246 0.0079062 0.0000000 0.0039441 0.1526482 0.1574628 0.1598952 0.1598952 0.2182973 
KM222726_Human_herpesvirus_1            0.0019700 0.0059223 0.0019700 0.0059278 0.0059246 0.0039441 0.0059290 0.0098945 0.1575222 0.1550134 0.1550134 0.1583239 0.1599010 0.1578681 0.1508499 0.1575222 0.1551491 0.0059235 0.0059235 0.0059235 0.0039449 0.0039449 0.0079061 0.1440166 0.0038685 0.0038685 0.0059246 0.0079062 0.0039441 0.0000000 0.1526482 0.1574628 0.1598952 0.1598952 0.2204913 
KR135302_Human_herpesvirus_2            0.1502937 0.1550134 0.1502937 0.1550833 0.1455908 0.1526482 0.1504505 0.1500255 0.0059447 0.0019712 0.0019712 0.0061402 0.0079346 0.0059567 0.0000028 0.0059447 0.0079361 0.1502937 0.1502887 0.1502937 0.1479390 0.1479390 0.1505436 0.0700367 0.1528129 0.1528129 0.1455908 0.1526535 0.1526482 0.1526482 0.0000000 0.0079420 0.0079346 0.0079346 0.1943489 
KR135314_Human_herpesvirus_2            0.1550962 0.1598405 0.1550962 0.1599144 0.1503687 0.1574628 0.1552585 0.1548197 0.0019723 0.0079459 0.0079459 0.0020360 0.0039488 0.0019755 0.0039686 0.0019723 0.0039495 0.1550962 0.1550908 0.1550962 0.1527296 0.1527296 0.1553542 0.0700550 0.1576334 0.1576334 0.1503687 0.1574684 0.1574628 0.1574628 0.0079420 0.0000000 0.0039488 0.0039488 0.1994756 
KR135323_Human_herpesvirus_2            0.1575222 0.1622795 0.1575222 0.1623551 0.1527816 0.1598952 0.1576874 0.1572414 0.0019705 0.0079384 0.0079384 0.0020339 0.0039451 0.0019735 0.0039649 0.0019705 0.0039458 0.1575222 0.1575166 0.1575222 0.1551491 0.1551491 0.1577844 0.0699857 0.1600689 0.1600689 0.1527816 0.1599010 0.1598952 0.1598952 0.0079346 0.0039488 0.0000000 0.0000010 0.1992484 
KR135324_Human_herpesvirus_2            0.1575222 0.1622795 0.1575222 0.1623551 0.1527816 0.1598952 0.1576874 0.1572414 0.0019705 0.0079384 0.0079384 0.0020339 0.0039451 0.0019735 0.0039649 0.0019705 0.0039458 0.1575222 0.1575166 0.1575222 0.1551491 0.1551491 0.1577844 0.0699857 0.1600689 0.1600689 0.1527816 0.1599010 0.1598952 0.1598952 0.0079346 0.0039488 0.0000010 0.0000000 0.1992484 
NC_006560_Cercopithecine_herpesvirus_2  0.2179257 0.2208787 0.2179257 0.2154406 0.2152343 0.2182973 0.2206238 0.2179146 0.1967436 0.1968576 0.1968576 0.1957170 0.1992576 0.1971892 0.1925862 0.1967436 0.1942360 0.2203785 0.2203672 0.2203785 0.2178032 0.2178032 0.2207542 0.1901105 0.2207482 0.2207482 0.2152343 0.2229604 0.2182973 0.2204913 0.1943489 0.1994756 0.1992484 0.1992484 0.0000000 
