62
HM585496_Human_herpesvirus_1            0.0000000 0.0019872 0.0059950 0.0000010 0.0000010 0.0119536 0.0079861 0.0000010 0.0263169 0.0000010 0.0000010 0.0039774 0.0201785 0.0140071 0.0059950 0.0079542 0.0079542 0.0140154 0.2652999 0.2557887 0.2667822 0.2707898 0.2882646 0.2637444 0.2754387 0.2544642 0.2908945 0.2384539 0.2245479 0.2545063 0.2902696 0.2902696 0.2908945 0.2036991 0.2915221 0.0059576 0.0059599 0.0059599 0.0079526 0.0099880 0.3438380 0.0079526 0.0079496 0.0079526 0.0119416 0.0100060 0.0059405 0.0059514 0.0059405 0.0140490 0.0140490 0.0099942 0.0119992 0.2874890 0.2874890 0.2873526 0.2902739 0.2930571 0.2906059 0.0059514 0.0039558 0.4416629 
HM585497_Human_herpesvirus_1            0.0019872 0.0000000 0.0040001 0.0019945 0.0019945 0.0100064 0.0060048 0.0019872 0.0244039 0.0019872 0.0019872 0.0019977 0.0182438 0.0120606 0.0040001 0.0059926 0.0059926 0.0120678 0.2669556 0.2568178 0.2685611 0.2746429 0.2899882 0.2655010 0.2771112 0.2574905 0.2926336 0.2401336 0.2306801 0.2555918 0.2920024 0.2920024 0.2926336 0.2046498 0.2932691 0.0079963 0.0039912 0.0039912 0.0059914 0.0080267 0.3431699 0.0059914 0.0059891 0.0059914 0.0099963 0.0080116 0.0039781 0.0039855 0.0039781 0.0120969 0.0120969 0.0080306 0.0140930 0.2892028 0.2892028 0.2890647 0.2920068 0.2948087 0.2923419 0.0039855 0.0019868 0.4457157 
HM585498_Human_herpesvirus_1            0.0059950 0.0040001 0.0000000 0.0059950 0.0059950 0.0140624 0.0019934 0.0059950 0.0264955 0.0059840 0.0059840 0.0059828 0.0223841 0.0161127 0.0000010 0.0100268 0.0100268 0.0161821 0.2727534 0.2638574 0.2754287 0.2797873 0.2962519 0.2723433 0.2834064 0.2652447 0.2989156 0.2472158 0.2427494 0.2630472 0.2982675 0.2982675 0.2989156 0.2123606 0.2989156 0.0120416 0.0080135 0.0080135 0.0100248 0.0120416 0.3498040 0.0100248 0.0100210 0.0100248 0.0140223 0.0120189 0.0079872 0.0079872 0.0079872 0.0141437 0.0141437 0.0120936 0.0181892 0.2954474 0.2954474 0.2953054 0.2982722 0.3010948 0.2986177 0.0079872 0.0059828 0.4505221 
HM585499_Human_herpesvirus_1            0.0000010 0.0019945 0.0059950 0.0000000 0.0000010 0.0119974 0.0079998 0.0000010 0.0243421 0.0000010 0.0000010 0.0039774 0.0202534 0.0140329 0.0059950 0.0079833 0.0079833 0.0140671 0.2658974 0.2569593 0.2680688 0.2721009 0.2895097 0.2650151 0.2766481 0.2556467 0.2921517 0.2396693 0.2245479 0.2557411 0.2915216 0.2915216 0.2921517 0.2047837 0.2921517 0.0059794 0.0059817 0.0059817 0.0079817 0.0100064 0.3453425 0.0079817 0.0079787 0.0079817 0.0119634 0.0100244 0.0059622 0.0059622 0.0059622 0.0141009 0.0141009 0.0100310 0.0120434 0.2887279 0.2887279 0.2885903 0.2915260 0.2943231 0.2918609 0.0059622 0.0039702 0.4440667 
HM585500_Human_herpesvirus_1            0.0000010 0.0019945 0.0059950 0.0000010 0.0000000 0.0119974 0.0079998 0.0000010 0.0243421 0.0000010 0.0000010 0.0039774 0.0202534 0.0140329 0.0059950 0.0079833 0.0079833 0.0140671 0.2658974 0.2569593 0.2680688 0.2721009 0.2895097 0.2650151 0.2766481 0.2556467 0.2921517 0.2396693 0.2245479 0.2557411 0.2915216 0.2915216 0.2921517 0.2047837 0.2921517 0.0059794 0.0059817 0.0059817 0.0079817 0.0100064 0.3453425 0.0079817 0.0079787 0.0079817 0.0119634 0.0100244 0.0059622 0.0059622 0.0059622 0.0141009 0.0141009 0.0100310 0.0120434 0.2887279 0.2887279 0.2885903 0.2915260 0.2943231 0.2918609 0.0059622 0.0039702 0.4440667 
HM585501_Human_herpesvirus_1            0.0119536 0.0100064 0.0140624 0.0119974 0.0119974 0.0000000 0.0160248 0.0119536 0.0200938 0.0119317 0.0119317 0.0119950 0.0140304 0.0019814 0.0140624 0.0039553 0.0039553 0.0099739 0.2710713 0.2616042 0.2729526 0.2769595 0.2937514 0.2698968 0.2811893 0.2609684 0.2963919 0.2448614 0.2306801 0.2606659 0.2957542 0.2957542 0.2963919 0.2097633 0.2970323 0.0079400 0.0039626 0.0039626 0.0059485 0.0059590 0.3437297 0.0059485 0.0099328 0.0059485 0.0200055 0.0059808 0.0139338 0.0139592 0.0139338 0.0120097 0.0120097 0.0079739 0.0119586 0.2929596 0.2929596 0.2928200 0.2957587 0.2985559 0.2960984 0.0139592 0.0119294 0.4498159 
HM585502_Human_herpesvirus_1            0.0079861 0.0060048 0.0019934 0.0079998 0.0079998 0.0160248 0.0000000 0.0079861 0.0284501 0.0079715 0.0079715 0.0079845 0.0243476 0.0180742 0.0019934 0.0119974 0.0119974 0.0181519 0.2727534 0.2632515 0.2747621 0.2758310 0.2926550 0.2716848 0.2798073 0.2620288 0.2953054 0.2465831 0.2427494 0.2624067 0.2946673 0.2946673 0.2953054 0.2147513 0.2953054 0.0140343 0.0100068 0.0100068 0.0120176 0.0140079 0.3427039 0.0120176 0.0120130 0.0120176 0.0160387 0.0140337 0.0099739 0.0099922 0.0099739 0.0161478 0.0161478 0.0140948 0.0201515 0.2918627 0.2918627 0.2917231 0.2946718 0.2974791 0.2950115 0.0099922 0.0079699 0.4485763 
HM585503_Human_herpesvirus_1            0.0000010 0.0019872 0.0059950 0.0000010 0.0000010 0.0119536 0.0079861 0.0000000 0.0263169 0.0000010 0.0000010 0.0039774 0.0201785 0.0140071 0.0059950 0.0079542 0.0079542 0.0140154 0.2652999 0.2557887 0.2667822 0.2707898 0.2882646 0.2637444 0.2754387 0.2544642 0.2908945 0.2384539 0.2245479 0.2545063 0.2902696 0.2902696 0.2908945 0.2036991 0.2915221 0.0059576 0.0059599 0.0059599 0.0079526 0.0099880 0.3438380 0.0079526 0.0079496 0.0079526 0.0119416 0.0100060 0.0059405 0.0059514 0.0059405 0.0140490 0.0140490 0.0099942 0.0119992 0.2874890 0.2874890 0.2873526 0.2902739 0.2930571 0.2906059 0.0059514 0.0039558 0.4416629 
HM585504_Human_herpesvirus_1            0.0263169 0.0244039 0.0264955 0.0243421 0.0243421 0.0200938 0.0284501 0.0263169 0.0000000 0.0262682 0.0262682 0.0243371 0.0039788 0.0201494 0.0264955 0.0201010 0.0201010 0.0263591 0.2687526 0.2591370 0.2703512 0.2768728 0.2885039 0.2672985 0.2789364 0.2584581 0.2911359 0.2385639 0.2365367 0.2580507 0.2905100 0.2905100 0.2911359 0.2060192 0.2887260 0.0242099 0.0201390 0.0201390 0.0221704 0.0201577 0.3371843 0.0221704 0.0242216 0.0221704 0.0345601 0.0202324 0.0283166 0.0283692 0.0283166 0.0284852 0.0284852 0.0243152 0.0283625 0.2877258 0.2877258 0.2875891 0.2905143 0.2933006 0.2908469 0.0283692 0.0262629 0.4498325 
HM585505_Human_herpesvirus_1            0.0000010 0.0019872 0.0059840 0.0000010 0.0000010 0.0119317 0.0079715 0.0000010 0.0262682 0.0000000 0.0000010 0.0039701 0.0201413 0.0139814 0.0059840 0.0079396 0.0079396 0.0140154 0.2647048 0.2552072 0.2661433 0.2707898 0.2876456 0.2631134 0.2748379 0.2544642 0.2902696 0.2378503 0.2245479 0.2538932 0.2896473 0.2896473 0.2902696 0.2031610 0.2908947 0.0059467 0.0059490 0.0059490 0.0079381 0.0099698 0.3430905 0.0079381 0.0079350 0.0079381 0.0119198 0.0099876 0.0059297 0.0059405 0.0059297 0.0140232 0.0140232 0.0099759 0.0119772 0.2868733 0.2868733 0.2867375 0.2896516 0.2924282 0.2899822 0.0059405 0.0039486 0.4404704 
HM585507_Human_herpesvirus_1            0.0000010 0.0019872 0.0059840 0.0000010 0.0000010 0.0119317 0.0079715 0.0000010 0.0262682 0.0000010 0.0000000 0.0039701 0.0201413 0.0139814 0.0059840 0.0079396 0.0079396 0.0140154 0.2647048 0.2552072 0.2661433 0.2707898 0.2876456 0.2631134 0.2748379 0.2544642 0.2902696 0.2378503 0.2245479 0.2538932 0.2896473 0.2896473 0.2902696 0.2031610 0.2908947 0.0059467 0.0059490 0.0059490 0.0079381 0.0099698 0.3430905 0.0079381 0.0079350 0.0079381 0.0119198 0.0099876 0.0059297 0.0059405 0.0059297 0.0140232 0.0140232 0.0099759 0.0119772 0.2868733 0.2868733 0.2867375 0.2896516 0.2924282 0.2899822 0.0059405 0.0039486 0.4404704 
HM585508_Human_herpesvirus_1            0.0039774 0.0019977 0.0059828 0.0039774 0.0039774 0.0119950 0.0079845 0.0039774 0.0243371 0.0039701 0.0039701 0.0000000 0.0202493 0.0140300 0.0059828 0.0079826 0.0079826 0.0140902 0.2688685 0.2599583 0.2712546 0.2790059 0.2951223 0.2681902 0.2795659 0.2592918 0.2977752 0.2429702 0.2306801 0.2589179 0.2971318 0.2971318 0.2977752 0.2081448 0.2977752 0.0099860 0.0059804 0.0059804 0.0079810 0.0099860 0.3393373 0.0079810 0.0039801 0.0079810 0.0079573 0.0100040 0.0019828 0.0019828 0.0019828 0.0120641 0.0120641 0.0100289 0.0160893 0.2943235 0.2943235 0.2941827 0.2971365 0.2999473 0.2974793 0.0019828 0.0000010 0.4437987 
HM585509_Human_herpesvirus_1            0.0201785 0.0182438 0.0223841 0.0202534 0.0202534 0.0140304 0.0243476 0.0201785 0.0039788 0.0201413 0.0201413 0.0202493 0.0000000 0.0161056 0.0223841 0.0140353 0.0140353 0.0202246 0.2668980 0.2594699 0.2683758 0.2772529 0.2874016 0.2676619 0.2792848 0.2587959 0.2900451 0.2326458 0.2365367 0.2584017 0.2894186 0.2894186 0.2900451 0.2025653 0.2906742 0.0181116 0.0140618 0.0140618 0.0160833 0.0161123 0.3303724 0.0160833 0.0181079 0.0160833 0.0283690 0.0161720 0.0221770 0.0222181 0.0221770 0.0223241 0.0223241 0.0181901 0.0222280 0.2866234 0.2866234 0.2864867 0.2894228 0.2922209 0.2897556 0.0222181 0.0201372 0.4454952 
HM585510_Human_herpesvirus_1            0.0140071 0.0120606 0.0161127 0.0140329 0.0140329 0.0019814 0.0180742 0.0140071 0.0201494 0.0139814 0.0139814 0.0140300 0.0161056 0.0000000 0.0161127 0.0059588 0.0059588 0.0120214 0.2683461 0.2588524 0.2700397 0.2740307 0.2911196 0.2669904 0.2785268 0.2581692 0.2937559 0.2418176 0.2306801 0.2577502 0.2931241 0.2931241 0.2937559 0.2066376 0.2937559 0.0099685 0.0059698 0.0059698 0.0079670 0.0079667 0.3410136 0.0079670 0.0119715 0.0079670 0.0221032 0.0079959 0.0159942 0.0160236 0.0159942 0.0140732 0.0140732 0.0100113 0.0140130 0.2903350 0.2903350 0.2901969 0.2931286 0.2959204 0.2934646 0.0160236 0.0139787 0.4462700 
HM585511_Human_herpesvirus_1            0.0059950 0.0040001 0.0000010 0.0059950 0.0059950 0.0140624 0.0019934 0.0059950 0.0264955 0.0059840 0.0059840 0.0059828 0.0223841 0.0161127 0.0000000 0.0100268 0.0100268 0.0161821 0.2727534 0.2638574 0.2754287 0.2797873 0.2962519 0.2723433 0.2834064 0.2652447 0.2989156 0.2472158 0.2427494 0.2630472 0.2982675 0.2982675 0.2989156 0.2123606 0.2989156 0.0120416 0.0080135 0.0080135 0.0100248 0.0120416 0.3498040 0.0100248 0.0100210 0.0100248 0.0140223 0.0120189 0.0079872 0.0079872 0.0079872 0.0141437 0.0141437 0.0120936 0.0181892 0.2954474 0.2954474 0.2953054 0.2982722 0.3010948 0.2986177 0.0079872 0.0059828 0.4505221 
HM585512_Human_herpesvirus_1            0.0079542 0.0059926 0.0100268 0.0079833 0.0079833 0.0039553 0.0119974 0.0079542 0.0201010 0.0079396 0.0079396 0.0079826 0.0140353 0.0059588 0.0100268 0.0000000 0.0000010 0.0059733 0.2681873 0.2586972 0.2698688 0.2737477 0.2908530 0.2668222 0.2782667 0.2580120 0.2934869 0.2416557 0.2306801 0.2575864 0.2928562 0.2928562 0.2934869 0.2064929 0.2941202 0.0039626 0.0000010 0.0000010 0.0019794 0.0019829 0.3407015 0.0019794 0.0059485 0.0019794 0.0159762 0.0019901 0.0099352 0.0099533 0.0099352 0.0079923 0.0079923 0.0039795 0.0079575 0.2900689 0.2900689 0.2899310 0.2928606 0.2956498 0.2931961 0.0099533 0.0079381 0.4457752 
HM585513_Human_herpesvirus_1            0.0079542 0.0059926 0.0100268 0.0079833 0.0079833 0.0039553 0.0119974 0.0079542 0.0201010 0.0079396 0.0079396 0.0079826 0.0140353 0.0059588 0.0100268 0.0000010 0.0000000 0.0059733 0.2681873 0.2586972 0.2698688 0.2737477 0.2908530 0.2668222 0.2782667 0.2580120 0.2934869 0.2416557 0.2306801 0.2575864 0.2928562 0.2928562 0.2934869 0.2064929 0.2941202 0.0039626 0.0000010 0.0000010 0.0019794 0.0019829 0.3407015 0.0019794 0.0059485 0.0019794 0.0159762 0.0019901 0.0099352 0.0099533 0.0099352 0.0079923 0.0079923 0.0039795 0.0079575 0.2900689 0.2900689 0.2899310 0.2928606 0.2956498 0.2931961 0.0099533 0.0079381 0.4457752 
HM585514_Human_herpesvirus_1            0.0140154 0.0120678 0.0161821 0.0140671 0.0140671 0.0099739 0.0181519 0.0140154 0.0263591 0.0140154 0.0140154 0.0140902 0.0202246 0.0120214 0.0161821 0.0059733 0.0059733 0.0000000 0.2618161 0.2522969 0.2630565 0.2662476 0.2846252 0.2600356 0.2720097 0.2509248 0.2872412 0.2346467 0.2232945 0.2508120 0.2866265 0.2866265 0.2872412 0.2030702 0.2878588 0.0099926 0.0059844 0.0059844 0.0079854 0.0079996 0.3367379 0.0079854 0.0120006 0.0079854 0.0221573 0.0080301 0.0160331 0.0160626 0.0160331 0.0141076 0.0141076 0.0100356 0.0019795 0.2838623 0.2838623 0.2837283 0.2866307 0.2893975 0.2869568 0.0160626 0.0140126 0.4454505 
HSV2_1                                  0.2652999 0.2669556 0.2727534 0.2658974 0.2658974 0.2710713 0.2727534 0.2652999 0.2687526 0.2647048 0.2647048 0.2688685 0.2668980 0.2683461 0.2727534 0.2681873 0.2681873 0.2618161 0.0000000 0.0042987 0.0022405 0.0071761 0.0041915 0.0044962 0.0000022 0.0021832 0.0041915 0.0024163 0.0000024 0.0022708 0.0041915 0.0041915 0.0041915 0.0000027 0.0041999 0.2680105 0.2681873 0.2681873 0.2709813 0.2722070 0.1049509 0.2709813 0.2709813 0.2651808 0.2793213 0.2728238 0.2706270 0.2706270 0.2706270 0.2758661 0.2758661 0.2696015 0.2583017 0.0041915 0.0041915 0.0062923 0.0062923 0.0062936 0.0041915 0.2706270 0.2676609 0.3882778 
HSV2_2                                  0.2557887 0.2568178 0.2638574 0.2569593 0.2569593 0.2616042 0.2632515 0.2557887 0.2591370 0.2552072 0.2552072 0.2599583 0.2594699 0.2588524 0.2638574 0.2586972 0.2586972 0.2522969 0.0042987 0.0000000 0.0045026 0.0072763 0.0085811 0.0067586 0.0042897 0.0000022 0.0085811 0.0048568 0.0000024 0.0000023 0.0085811 0.0085811 0.0085811 0.0000010 0.0085981 0.2585264 0.2586972 0.2586972 0.2615170 0.2627160 0.1021488 0.2615170 0.2615170 0.2556706 0.2705548 0.2633196 0.2611697 0.2617656 0.2611697 0.2663813 0.2663813 0.2600779 0.2487767 0.0085811 0.0085811 0.0107354 0.0107354 0.0107377 0.0085811 0.2617656 0.2581829 0.3736494 
HSV2_3                                  0.2667822 0.2685611 0.2754287 0.2680688 0.2680688 0.2729526 0.2747621 0.2667822 0.2703512 0.2661433 0.2661433 0.2712546 0.2683758 0.2700397 0.2754287 0.2698688 0.2698688 0.2630565 0.0022405 0.0045026 0.0000000 0.0077043 0.0067084 0.0022424 0.0022373 0.0000010 0.0067084 0.0000010 0.0000024 0.0023034 0.0067084 0.0067084 0.0067084 0.0000010 0.0067222 0.2696783 0.2698688 0.2698688 0.2728556 0.2741740 0.1017763 0.2728556 0.2728556 0.2666547 0.2824527 0.2748380 0.2724744 0.2731309 0.2724744 0.2748794 0.2748794 0.2713908 0.2592998 0.0067084 0.0067084 0.0089523 0.0067084 0.0089543 0.0067084 0.2731309 0.2693033 0.3555903 
HSV2_4                                  0.2707898 0.2746429 0.2797873 0.2721009 0.2721009 0.2769595 0.2758310 0.2707898 0.2768728 0.2707898 0.2707898 0.2790059 0.2772529 0.2740307 0.2797873 0.2737477 0.2737477 0.2662476 0.0071761 0.0072763 0.0077043 0.0000000 0.0022415 0.0102266 0.0068918 0.0073672 0.0022355 0.0084050 0.0055599 0.0050387 0.0022355 0.0022355 0.0022355 0.0085379 0.0022401 0.2708643 0.2710566 0.2710566 0.2740563 0.2780922 0.1178242 0.2740563 0.2770610 0.2710566 0.2836970 0.2787679 0.2769850 0.2776555 0.2769850 0.2761959 0.2761959 0.2759664 0.2630994 0.0044778 0.0044778 0.0000010 0.0044759 0.0044769 0.0044846 0.2776555 0.2769850 0.3904221 
HSV2_5                                  0.2882646 0.2899882 0.2962519 0.2895097 0.2895097 0.2937514 0.2926550 0.2882646 0.2885039 0.2876456 0.2876456 0.2951223 0.2874016 0.2911196 0.2962519 0.2908530 0.2908530 0.2846252 0.0041915 0.0085811 0.0067084 0.0022415 0.0000000 0.0089748 0.0040553 0.0065371 0.0000021 0.0072338 0.0000024 0.0045287 0.0000021 0.0000021 0.0000021 0.0051270 0.0000021 0.2906644 0.2908530 0.2908530 0.2935521 0.2948217 0.1211805 0.2935521 0.2964795 0.2879285 0.3052130 0.2954605 0.2961118 0.2967509 0.2961118 0.2984222 0.2984222 0.2923268 0.2811683 0.0019736 0.0019736 0.0019729 0.0019729 0.0019732 0.0019763 0.2967509 0.2932183 0.4000069 
HSV2_6                                  0.2637444 0.2655010 0.2723433 0.2650151 0.2650151 0.2698968 0.2716848 0.2637444 0.2672985 0.2631134 0.2631134 0.2681902 0.2676619 0.2669904 0.2723433 0.2668222 0.2668222 0.2600356 0.0044962 0.0067586 0.0022424 0.0102266 0.0089748 0.0000000 0.0044871 0.0022611 0.0089748 0.0024185 0.0000024 0.0045882 0.0089748 0.0089748 0.0089748 0.0025592 0.0089931 0.2666349 0.2668222 0.2668222 0.2698012 0.2711037 0.1045220 0.2698012 0.2698012 0.2636179 0.2793697 0.2717595 0.2694252 0.2700732 0.2694252 0.2687973 0.2687973 0.2653318 0.2562963 0.0089748 0.0089748 0.0112283 0.0089748 0.0112308 0.0089748 0.2700732 0.2662633 0.3529671 
HSV2_7                                  0.2754387 0.2771112 0.2834064 0.2766481 0.2766481 0.2811893 0.2798073 0.2754387 0.2789364 0.2748379 0.2748379 0.2795659 0.2792848 0.2785268 0.2834064 0.2782667 0.2782667 0.2720097 0.0000022 0.0042897 0.0022373 0.0068918 0.0040553 0.0044871 0.0000000 0.0021789 0.0040553 0.0024125 0.0000024 0.0022662 0.0040553 0.0040553 0.0040553 0.0000010 0.0040629 0.2780861 0.2782667 0.2782667 0.2809961 0.2822320 0.1084542 0.2809961 0.2809961 0.2753204 0.2897779 0.2828539 0.2806403 0.2812555 0.2806403 0.2858362 0.2858362 0.2796970 0.2685479 0.0060901 0.0060901 0.0060878 0.0060878 0.0060890 0.0040553 0.2812555 0.2777341 0.3927987 
HSV2_8                                  0.2544642 0.2574905 0.2652447 0.2556467 0.2556467 0.2609684 0.2620288 0.2544642 0.2584581 0.2544642 0.2544642 0.2592918 0.2587959 0.2581692 0.2652447 0.2580120 0.2580120 0.2509248 0.0021832 0.0000022 0.0000010 0.0073672 0.0065371 0.0022611 0.0021789 0.0000000 0.0065371 0.0000010 0.0000024 0.0000023 0.0065371 0.0065371 0.0065371 0.0000010 0.0065493 0.2578387 0.2580120 0.2580120 0.2608800 0.2620975 0.1015657 0.2608800 0.2608800 0.2549344 0.2700732 0.2646960 0.2605277 0.2611334 0.2605277 0.2658245 0.2658245 0.2594129 0.2479268 0.0065371 0.0065371 0.0087235 0.0087235 0.0087253 0.0065371 0.2611334 0.2574905 0.3739113 
HSV2_9                                  0.2908945 0.2926336 0.2989156 0.2921517 0.2921517 0.2963919 0.2953054 0.2908945 0.2911359 0.2902696 0.2902696 0.2977752 0.2900451 0.2937559 0.2989156 0.2934869 0.2934869 0.2872412 0.0041915 0.0085811 0.0067084 0.0022355 0.0000021 0.0089748 0.0040553 0.0065371 0.0000000 0.0072338 0.0000024 0.0045287 0.0000010 0.0000010 0.0000010 0.0051270 0.0000021 0.2932959 0.2934869 0.2934869 0.2961905 0.2974722 0.1208718 0.2961905 0.2991244 0.2905546 0.3078771 0.2981170 0.2987535 0.2993986 0.2987535 0.3010864 0.3010864 0.2949756 0.2837716 0.0019690 0.0019690 0.0019682 0.0019682 0.0019686 0.0019716 0.2993986 0.2958532 0.4000069 
HSV2_10                                 0.2384539 0.2401336 0.2472158 0.2396693 0.2396693 0.2448614 0.2465831 0.2384539 0.2385639 0.2378503 0.2378503 0.2429702 0.2326458 0.2418176 0.2472158 0.2416557 0.2416557 0.2346467 0.0024163 0.0048568 0.0000010 0.0084050 0.0072338 0.0024185 0.0024125 0.0000010 0.0072338 0.0000000 0.0000024 0.0024896 0.0072338 0.0072338 0.0072338 0.0000010 0.0072499 0.2414817 0.2416557 0.2416557 0.2447722 0.2460228 0.0883177 0.2447722 0.2447722 0.2383287 0.2547329 0.2466528 0.2444083 0.2450303 0.2444083 0.2466893 0.2466893 0.2430881 0.2308161 0.0072338 0.0072338 0.0096542 0.0072338 0.0096565 0.0072338 0.2450303 0.2411230 0.3569172 
HSV2_11                                 0.2245479 0.2306801 0.2427494 0.2245479 0.2245479 0.2306801 0.2427494 0.2245479 0.2365367 0.2245479 0.2245479 0.2306801 0.2365367 0.2306801 0.2427494 0.2306801 0.2306801 0.2232945 0.0000024 0.0000024 0.0000024 0.0055599 0.0000024 0.0000024 0.0000024 0.0000024 0.0000024 0.0000024 0.0000000 0.0000024 0.0000024 0.0000024 0.0000024 0.0000024 0.0000024 0.2303713 0.2306801 0.2306801 0.2365367 0.2365367 0.0978122 0.2365367 0.2365367 0.2306801 0.2424157 0.2365367 0.2306801 0.2306801 0.2306801 0.2425824 0.2425824 0.2312601 0.2172453 0.0000024 0.0000024 0.0046446 0.0000024 0.0000024 0.0000024 0.2306801 0.2306801 0.3007510 
HSV2_12                                 0.2545063 0.2555918 0.2630472 0.2557411 0.2557411 0.2606659 0.2624067 0.2545063 0.2580507 0.2538932 0.2538932 0.2589179 0.2584017 0.2577502 0.2630472 0.2575864 0.2575864 0.2508120 0.0022708 0.0000023 0.0023034 0.0050387 0.0045287 0.0045882 0.0022662 0.0000023 0.0045287 0.0024896 0.0000024 0.0000000 0.0045287 0.0045287 0.0045287 0.0000027 0.0045382 0.2574064 0.2575864 0.2575864 0.2605739 0.2618407 0.1008632 0.2605739 0.2605739 0.2575864 0.2666479 0.2624786 0.2570440 0.2576658 0.2570440 0.2625170 0.2625170 0.2590437 0.2470898 0.0045287 0.0045287 0.0067991 0.0067991 0.0068007 0.0045287 0.2576658 0.2570440 0.3447503 
HSV2_13                                 0.2902696 0.2920024 0.2982675 0.2915216 0.2915216 0.2957542 0.2946673 0.2902696 0.2905100 0.2896473 0.2896473 0.2971318 0.2894186 0.2931241 0.2982675 0.2928562 0.2928562 0.2866265 0.0041915 0.0085811 0.0067084 0.0022355 0.0000021 0.0089748 0.0040553 0.0065371 0.0000010 0.0072338 0.0000024 0.0045287 0.0000000 0.0000010 0.0000010 0.0051270 0.0000021 0.2926662 0.2928562 0.2928562 0.2955536 0.2968300 0.1206406 0.2955536 0.2984805 0.2899310 0.3072120 0.2974722 0.2981110 0.2987535 0.2981110 0.3004340 0.3004340 0.2943385 0.2831664 0.0019654 0.0019654 0.0019647 0.0019647 0.0019650 0.0019680 0.2987535 0.2952178 0.4000069 
HSV2_14                                 0.2902696 0.2920024 0.2982675 0.2915216 0.2915216 0.2957542 0.2946673 0.2902696 0.2905100 0.2896473 0.2896473 0.2971318 0.2894186 0.2931241 0.2982675 0.2928562 0.2928562 0.2866265 0.0041915 0.0085811 0.0067084 0.0022355 0.0000021 0.0089748 0.0040553 0.0065371 0.0000010 0.0072338 0.0000024 0.0045287 0.0000010 0.0000000 0.0000010 0.0051270 0.0000021 0.2926662 0.2928562 0.2928562 0.2955536 0.2968300 0.1206406 0.2955536 0.2984805 0.2899310 0.3072120 0.2974722 0.2981110 0.2987535 0.2981110 0.3004340 0.3004340 0.2943385 0.2831664 0.0019654 0.0019654 0.0019647 0.0019647 0.0019650 0.0019680 0.2987535 0.2952178 0.4000069 
HSV2_15                                 0.2908945 0.2926336 0.2989156 0.2921517 0.2921517 0.2963919 0.2953054 0.2908945 0.2911359 0.2902696 0.2902696 0.2977752 0.2900451 0.2937559 0.2989156 0.2934869 0.2934869 0.2872412 0.0041915 0.0085811 0.0067084 0.0022355 0.0000021 0.0089748 0.0040553 0.0065371 0.0000010 0.0072338 0.0000024 0.0045287 0.0000010 0.0000010 0.0000000 0.0051270 0.0000021 0.2932959 0.2934869 0.2934869 0.2961905 0.2974722 0.1208718 0.2961905 0.2991244 0.2905546 0.3078771 0.2981170 0.2987535 0.2993986 0.2987535 0.3010864 0.3010864 0.2949756 0.2837716 0.0019690 0.0019690 0.0019682 0.0019682 0.0019686 0.0019716 0.2993986 0.2958532 0.4000069 
HSV2_16                                 0.2036991 0.2046498 0.2123606 0.2047837 0.2047837 0.2097633 0.2147513 0.2036991 0.2060192 0.2031610 0.2031610 0.2081448 0.2025653 0.2066376 0.2123606 0.2064929 0.2064929 0.2030702 0.0000027 0.0000010 0.0000010 0.0085379 0.0051270 0.0025592 0.0000010 0.0000010 0.0051270 0.0000010 0.0000024 0.0000027 0.0051270 0.0051270 0.0051270 0.0000000 0.0051381 0.2063448 0.2064929 0.2064929 0.2096866 0.2108028 0.0802180 0.2096866 0.2096866 0.2064929 0.2166698 0.2084129 0.2064929 0.2070407 0.2064929 0.2113942 0.2113942 0.2077594 0.1992284 0.0051270 0.0051270 0.0076982 0.0051270 0.0077002 0.0051270 0.2070407 0.2064929 0.3207354 
HSV2_18                                 0.2915221 0.2932691 0.2989156 0.2921517 0.2921517 0.2970323 0.2953054 0.2915221 0.2887260 0.2908947 0.2908947 0.2977752 0.2906742 0.2937559 0.2989156 0.2941202 0.2941202 0.2878588 0.0041999 0.0085981 0.0067222 0.0022401 0.0000021 0.0089931 0.0040629 0.0065493 0.0000021 0.0072499 0.0000024 0.0045382 0.0000021 0.0000021 0.0000021 0.0051381 0.0000000 0.2939283 0.2941202 0.2941202 0.2968300 0.2974722 0.1211039 0.2968300 0.2997710 0.2911814 0.3085449 0.2981170 0.2993986 0.3000465 0.2993986 0.3017413 0.3017413 0.2956153 0.2843786 0.0019725 0.0019725 0.0019718 0.0019718 0.0019722 0.0019752 0.3000465 0.2964912 0.4010570 
JN400093_Human_herpesvirus_1            0.0059576 0.0079963 0.0120416 0.0059794 0.0059794 0.0079400 0.0140343 0.0059576 0.0242099 0.0059467 0.0059467 0.0099860 0.0181116 0.0099685 0.0120416 0.0039626 0.0039626 0.0099926 0.2680105 0.2585264 0.2696783 0.2708643 0.2906644 0.2666349 0.2780861 0.2578387 0.2932959 0.2414817 0.2303713 0.2574064 0.2926662 0.2926662 0.2932959 0.2063448 0.2939283 0.0000000 0.0039553 0.0039553 0.0019751 0.0019859 0.3464022 0.0019751 0.0059354 0.0059375 0.0179873 0.0019894 0.0119315 0.0119533 0.0119315 0.0079746 0.0079746 0.0079580 0.0079693 0.2898814 0.2898814 0.2897437 0.2926706 0.2954571 0.2930055 0.0119533 0.0099314 0.4417219 
JN420337_Human_herpesvirus_1            0.0059599 0.0039912 0.0080135 0.0059817 0.0059817 0.0039626 0.0100068 0.0059599 0.0201390 0.0059490 0.0059490 0.0059804 0.0140618 0.0059698 0.0080135 0.0000010 0.0000010 0.0059844 0.2681873 0.2586972 0.2698688 0.2710566 0.2908530 0.2668222 0.2782667 0.2580120 0.2934869 0.2416557 0.2306801 0.2575864 0.2928562 0.2928562 0.2934869 0.2064929 0.2941202 0.0039553 0.0000000 0.0000010 0.0019758 0.0019866 0.3407015 0.0019758 0.0059375 0.0019758 0.0139655 0.0019901 0.0079395 0.0079540 0.0079395 0.0079774 0.0079774 0.0039721 0.0079723 0.2900689 0.2900689 0.2899310 0.2928606 0.2956498 0.2931961 0.0079540 0.0059478 0.4455830 
JN420338_Human_herpesvirus_1            0.0059599 0.0039912 0.0080135 0.0059817 0.0059817 0.0039626 0.0100068 0.0059599 0.0201390 0.0059490 0.0059490 0.0059804 0.0140618 0.0059698 0.0080135 0.0000010 0.0000010 0.0059844 0.2681873 0.2586972 0.2698688 0.2710566 0.2908530 0.2668222 0.2782667 0.2580120 0.2934869 0.2416557 0.2306801 0.2575864 0.2928562 0.2928562 0.2934869 0.2064929 0.2941202 0.0039553 0.0000010 0.0000000 0.0019758 0.0019866 0.3407015 0.0019758 0.0059375 0.0019758 0.0139655 0.0019901 0.0079395 0.0079540 0.0079395 0.0079774 0.0079774 0.0039721 0.0079723 0.2900689 0.2900689 0.2899310 0.2928606 0.2956498 0.2931961 0.0079540 0.0059478 0.4455830 
JN420340_Human_herpesvirus_1            0.0079526 0.0059914 0.0100248 0.0079817 0.0079817 0.0059485 0.0120176 0.0079526 0.0221704 0.0079381 0.0079381 0.0079810 0.0160833 0.0079670 0.0100248 0.0019794 0.0019794 0.0079854 0.2709813 0.2615170 0.2728556 0.2740563 0.2935521 0.2698012 0.2809961 0.2608800 0.2961905 0.2447722 0.2365367 0.2605739 0.2955536 0.2955536 0.2961905 0.2096866 0.2968300 0.0019751 0.0019758 0.0019758 0.0000000 0.0000010 0.3434895 0.0000010 0.0039531 0.0039545 0.0159730 0.0000010 0.0099332 0.0099514 0.0099332 0.0059742 0.0059742 0.0059628 0.0099743 0.2927613 0.2927613 0.2926219 0.2955582 0.2983531 0.2958973 0.0099514 0.0079365 0.4457752 
JN420342_Human_herpesvirus_1            0.0099880 0.0080267 0.0120416 0.0100064 0.0100064 0.0059590 0.0140079 0.0099880 0.0201577 0.0099698 0.0099698 0.0099860 0.0161123 0.0079667 0.0120416 0.0019829 0.0019829 0.0079996 0.2722070 0.2627160 0.2741740 0.2780922 0.2948217 0.2711037 0.2822320 0.2620975 0.2974722 0.2460228 0.2365367 0.2618407 0.2968300 0.2968300 0.2974722 0.2108028 0.2974722 0.0019859 0.0019866 0.0019866 0.0000010 0.0000000 0.3449911 0.0000010 0.0039748 0.0039762 0.0180534 0.0000010 0.0119752 0.0119972 0.0119752 0.0039982 0.0039982 0.0059956 0.0099922 0.2940244 0.2940244 0.2938838 0.2968346 0.2996427 0.2971768 0.0119972 0.0099678 0.4440505 
JQ360576_Chimpanzee_alpha-1_herpesvirus 0.3438380 0.3431699 0.3498040 0.3453425 0.3453425 0.3437297 0.3427039 0.3438380 0.3371843 0.3430905 0.3430905 0.3393373 0.3303724 0.3410136 0.3498040 0.3407015 0.3407015 0.3367379 0.1049509 0.1021488 0.1017763 0.1178242 0.1211805 0.1045220 0.1084542 0.1015657 0.1208718 0.0883177 0.0978122 0.1008632 0.1206406 0.1206406 0.1208718 0.0802180 0.1211039 0.3464022 0.3407015 0.3407015 0.3434895 0.3449911 0.0000000 0.3434895 0.3405608 0.3376364 0.3378759 0.3489826 0.3401412 0.3408817 0.3401412 0.3485962 0.3485962 0.3456838 0.3388910 0.1229133 0.1229133 0.1183541 0.1206401 0.1228856 0.1230912 0.3408817 0.3371294 0.4463954 
JQ730035_Human_herpesvirus_1            0.0079526 0.0059914 0.0100248 0.0079817 0.0079817 0.0059485 0.0120176 0.0079526 0.0221704 0.0079381 0.0079381 0.0079810 0.0160833 0.0079670 0.0100248 0.0019794 0.0019794 0.0079854 0.2709813 0.2615170 0.2728556 0.2740563 0.2935521 0.2698012 0.2809961 0.2608800 0.2961905 0.2447722 0.2365367 0.2605739 0.2955536 0.2955536 0.2961905 0.2096866 0.2968300 0.0019751 0.0019758 0.0019758 0.0000010 0.0000010 0.3434895 0.0000000 0.0039531 0.0039545 0.0159730 0.0000010 0.0099332 0.0099514 0.0099332 0.0059742 0.0059742 0.0059628 0.0099743 0.2927613 0.2927613 0.2926219 0.2955582 0.2983531 0.2958973 0.0099514 0.0079365 0.4457752 
JX142173_Human_herpesvirus_1            0.0079496 0.0059891 0.0100210 0.0079787 0.0079787 0.0099328 0.0120130 0.0079496 0.0242216 0.0079350 0.0079350 0.0039801 0.0181079 0.0119715 0.0100210 0.0059485 0.0059485 0.0120006 0.2709813 0.2615170 0.2728556 0.2770610 0.2964795 0.2698012 0.2809961 0.2608800 0.2991244 0.2447722 0.2365367 0.2605739 0.2984805 0.2984805 0.2991244 0.2096866 0.2997710 0.0059354 0.0059375 0.0059375 0.0039531 0.0039748 0.3405608 0.0039531 0.0000000 0.0079227 0.0119500 0.0039819 0.0059445 0.0059554 0.0059445 0.0099760 0.0099760 0.0099566 0.0139888 0.2956801 0.2956801 0.2955390 0.2984851 0.3012880 0.2988285 0.0059554 0.0039585 0.4457752 
KF498959_Human_herpesvirus_1            0.0079526 0.0059914 0.0100248 0.0079817 0.0079817 0.0059485 0.0120176 0.0079526 0.0221704 0.0079381 0.0079381 0.0079810 0.0160833 0.0079670 0.0100248 0.0019794 0.0019794 0.0079854 0.2651808 0.2556706 0.2666547 0.2710566 0.2879285 0.2636179 0.2753204 0.2549344 0.2905546 0.2383287 0.2306801 0.2575864 0.2899310 0.2899310 0.2905546 0.2064929 0.2911814 0.0059375 0.0019758 0.0019758 0.0039545 0.0039762 0.3376364 0.0039545 0.0079227 0.0000000 0.0159730 0.0039833 0.0099332 0.0099514 0.0099332 0.0099795 0.0099795 0.0059628 0.0099743 0.2871536 0.2871536 0.2870175 0.2899353 0.2927167 0.2902666 0.0099514 0.0079365 0.4492141 
KJ847330_Human_herpesvirus_1            0.0119416 0.0099963 0.0140223 0.0119634 0.0119634 0.0200055 0.0160387 0.0119416 0.0345601 0.0119198 0.0119198 0.0079573 0.0283690 0.0221032 0.0140223 0.0159762 0.0159762 0.0221573 0.2793213 0.2705548 0.2824527 0.2836970 0.3052130 0.2793697 0.2897779 0.2700732 0.3078771 0.2547329 0.2424157 0.2666479 0.3072120 0.3072120 0.3078771 0.2166698 0.3085449 0.0179873 0.0139655 0.0139655 0.0159730 0.0180534 0.3378759 0.0159730 0.0119500 0.0159730 0.0000000 0.0180859 0.0099218 0.0099218 0.0099218 0.0221696 0.0221696 0.0180647 0.0241510 0.3043878 0.3043878 0.3042414 0.3072172 0.3100435 0.3075730 0.0099218 0.0079275 0.4535048 
KM222720_Human_herpesvirus_1            0.0100060 0.0080116 0.0120189 0.0100244 0.0100244 0.0059808 0.0140337 0.0100060 0.0202324 0.0099876 0.0099876 0.0100040 0.0161720 0.0079959 0.0120189 0.0019901 0.0019901 0.0080301 0.2728238 0.2633196 0.2748380 0.2787679 0.2954605 0.2717595 0.2828539 0.2646960 0.2981170 0.2466528 0.2365367 0.2624786 0.2974722 0.2974722 0.2981170 0.2084129 0.2981170 0.0019894 0.0019901 0.0019901 0.0000010 0.0000010 0.3489826 0.0000010 0.0039819 0.0039833 0.0180859 0.0000000 0.0119967 0.0120187 0.0119967 0.0040054 0.0040054 0.0060064 0.0100290 0.2946599 0.2946599 0.2945187 0.2974768 0.3002916 0.2978205 0.0120187 0.0099856 0.4496287 
KM222721_Human_herpesvirus_1            0.0059405 0.0039781 0.0079872 0.0059622 0.0059622 0.0139338 0.0099739 0.0059405 0.0283166 0.0059297 0.0059297 0.0019828 0.0221770 0.0159942 0.0079872 0.0099352 0.0099352 0.0160331 0.2706270 0.2611697 0.2724744 0.2769850 0.2961118 0.2694252 0.2806403 0.2605277 0.2987535 0.2444083 0.2306801 0.2570440 0.2981110 0.2981110 0.2987535 0.2064929 0.2993986 0.0119315 0.0079395 0.0079395 0.0099332 0.0119752 0.3401412 0.0099332 0.0059445 0.0099332 0.0099218 0.0119967 0.0000000 0.0000010 0.0000010 0.0160421 0.0160421 0.0119826 0.0180220 0.2953141 0.2953141 0.2951734 0.2981157 0.3009151 0.2984582 0.0000010 0.0019721 0.4406907 
KM222722_Human_herpesvirus_1            0.0059514 0.0039855 0.0079872 0.0059622 0.0059622 0.0139592 0.0099922 0.0059514 0.0283692 0.0059405 0.0059405 0.0019828 0.0222181 0.0160236 0.0079872 0.0099533 0.0099533 0.0160626 0.2706270 0.2617656 0.2731309 0.2776555 0.2967509 0.2700732 0.2812555 0.2611334 0.2993986 0.2450303 0.2306801 0.2576658 0.2987535 0.2987535 0.2993986 0.2070407 0.3000465 0.0119533 0.0079540 0.0079540 0.0099514 0.0119972 0.3408817 0.0099514 0.0059554 0.0099514 0.0099218 0.0120187 0.0000010 0.0000000 0.0000010 0.0160716 0.0160716 0.0120046 0.0180551 0.2959500 0.2959500 0.2958086 0.2987582 0.3015642 0.2991022 0.0000010 0.0019757 0.4418847 
KM222723_Human_herpesvirus_1            0.0059405 0.0039781 0.0079872 0.0059622 0.0059622 0.0139338 0.0099739 0.0059405 0.0283166 0.0059297 0.0059297 0.0019828 0.0221770 0.0159942 0.0079872 0.0099352 0.0099352 0.0160331 0.2706270 0.2611697 0.2724744 0.2769850 0.2961118 0.2694252 0.2806403 0.2605277 0.2987535 0.2444083 0.2306801 0.2570440 0.2981110 0.2981110 0.2987535 0.2064929 0.2993986 0.0119315 0.0079395 0.0079395 0.0099332 0.0119752 0.3401412 0.0099332 0.0059445 0.0099332 0.0099218 0.0119967 0.0000010 0.0000010 0.0000000 0.0160421 0.0160421 0.0119826 0.0180220 0.2953141 0.2953141 0.2951734 0.2981157 0.3009151 0.2984582 0.0000010 0.0019721 0.4406907 
KM222724_Human_herpesvirus_1            0.0140490 0.0120969 0.0141437 0.0141009 0.0141009 0.0120097 0.0161478 0.0140490 0.0284852 0.0140232 0.0140232 0.0120641 0.0223241 0.0140732 0.0141437 0.0079923 0.0079923 0.0141076 0.2758661 0.2663813 0.2748794 0.2761959 0.2984222 0.2687973 0.2858362 0.2658245 0.3010864 0.2466893 0.2425824 0.2625170 0.3004340 0.3004340 0.3010864 0.2113942 0.3017413 0.0079746 0.0079774 0.0079774 0.0059742 0.0039982 0.3485962 0.0059742 0.0099760 0.0099795 0.0221696 0.0040054 0.0160421 0.0160716 0.0160421 0.0000000 0.0000010 0.0099969 0.0161091 0.2976125 0.2976125 0.2974694 0.3004389 0.3032628 0.3007869 0.0160716 0.0140204 0.4413935 
KM222725_Human_herpesvirus_1            0.0140490 0.0120969 0.0141437 0.0141009 0.0141009 0.0120097 0.0161478 0.0140490 0.0284852 0.0140232 0.0140232 0.0120641 0.0223241 0.0140732 0.0141437 0.0079923 0.0079923 0.0141076 0.2758661 0.2663813 0.2748794 0.2761959 0.2984222 0.2687973 0.2858362 0.2658245 0.3010864 0.2466893 0.2425824 0.2625170 0.3004340 0.3004340 0.3010864 0.2113942 0.3017413 0.0079746 0.0079774 0.0079774 0.0059742 0.0039982 0.3485962 0.0059742 0.0099760 0.0099795 0.0221696 0.0040054 0.0160421 0.0160716 0.0160421 0.0000010 0.0000000 0.0099969 0.0161091 0.2976125 0.2976125 0.2974694 0.3004389 0.3032628 0.3007869 0.0160716 0.0140204 0.4413935 
KM222726_Human_herpesvirus_1            0.0099942 0.0080306 0.0120936 0.0100310 0.0100310 0.0079739 0.0140948 0.0099942 0.0243152 0.0099759 0.0099759 0.0100289 0.0181901 0.0100113 0.0120936 0.0039795 0.0039795 0.0100356 0.2696015 0.2600779 0.2713908 0.2759664 0.2923268 0.2653318 0.2796970 0.2594129 0.2949756 0.2430881 0.2312601 0.2590437 0.2943385 0.2943385 0.2949756 0.2077594 0.2956153 0.0079580 0.0039721 0.0039721 0.0059628 0.0059956 0.3456838 0.0059628 0.0099566 0.0059628 0.0180647 0.0060064 0.0119826 0.0120046 0.0119826 0.0099969 0.0099969 0.0000000 0.0120325 0.2915357 0.2915357 0.2944429 0.2943430 0.2971485 0.2946821 0.0120046 0.0099739 0.4485323 
KM222727_Human_herpesvirus_1            0.0119992 0.0140930 0.0181892 0.0120434 0.0120434 0.0119586 0.0201515 0.0119992 0.0283625 0.0119772 0.0119772 0.0160893 0.0222280 0.0140130 0.0181892 0.0079575 0.0079575 0.0019795 0.2583017 0.2487767 0.2592998 0.2630994 0.2811683 0.2562963 0.2685479 0.2479268 0.2837716 0.2308161 0.2172453 0.2470898 0.2831664 0.2831664 0.2837716 0.1992284 0.2843786 0.0079693 0.0079723 0.0079723 0.0099743 0.0099922 0.3388910 0.0099743 0.0139888 0.0099743 0.0241510 0.0100290 0.0180220 0.0180551 0.0180220 0.0161091 0.0161091 0.0120325 0.0000000 0.2804167 0.2804167 0.2802850 0.2831703 0.2859228 0.2834910 0.0180551 0.0160008 0.4402108 
KR135298_Human_herpesvirus_2            0.2874890 0.2892028 0.2954474 0.2887279 0.2887279 0.2929596 0.2918627 0.2874890 0.2877258 0.2868733 0.2868733 0.2943235 0.2866234 0.2903350 0.2954474 0.2900689 0.2900689 0.2838623 0.0041915 0.0085811 0.0067084 0.0044778 0.0019736 0.0089748 0.0060901 0.0065371 0.0019690 0.0072338 0.0000024 0.0045287 0.0019654 0.0019654 0.0019690 0.0051270 0.0019725 0.2898814 0.2900689 0.2900689 0.2927613 0.2940244 0.1229133 0.2927613 0.2956801 0.2871536 0.3043878 0.2946599 0.2953141 0.2959500 0.2953141 0.2976125 0.2976125 0.2915357 0.2804167 0.0000000 0.0000010 0.0039337 0.0039337 0.0039345 0.0039405 0.2959500 0.2924285 0.4038110 
KR135300_Human_herpesvirus_2            0.2874890 0.2892028 0.2954474 0.2887279 0.2887279 0.2929596 0.2918627 0.2874890 0.2877258 0.2868733 0.2868733 0.2943235 0.2866234 0.2903350 0.2954474 0.2900689 0.2900689 0.2838623 0.0041915 0.0085811 0.0067084 0.0044778 0.0019736 0.0089748 0.0060901 0.0065371 0.0019690 0.0072338 0.0000024 0.0045287 0.0019654 0.0019654 0.0019690 0.0051270 0.0019725 0.2898814 0.2900689 0.2900689 0.2927613 0.2940244 0.1229133 0.2927613 0.2956801 0.2871536 0.3043878 0.2946599 0.2953141 0.2959500 0.2953141 0.2976125 0.2976125 0.2915357 0.2804167 0.0000010 0.0000000 0.0039337 0.0039337 0.0039345 0.0039405 0.2959500 0.2924285 0.4038110 
KR135302_Human_herpesvirus_2            0.2873526 0.2890647 0.2953054 0.2885903 0.2885903 0.2928200 0.2917231 0.2873526 0.2875891 0.2867375 0.2867375 0.2941827 0.2864867 0.2901969 0.2953054 0.2899310 0.2899310 0.2837283 0.0062923 0.0107354 0.0089523 0.0000010 0.0019729 0.0112283 0.0060878 0.0087235 0.0019682 0.0096542 0.0046446 0.0067991 0.0019647 0.0019647 0.0019682 0.0076982 0.0019718 0.2897437 0.2899310 0.2899310 0.2926219 0.2938838 0.1183541 0.2926219 0.2955390 0.2870175 0.3042414 0.2945187 0.2951734 0.2958086 0.2951734 0.2974694 0.2974694 0.2944429 0.2802850 0.0039337 0.0039337 0.0000000 0.0039323 0.0039330 0.0039390 0.2958086 0.2922895 0.4034467 
KR135309_Human_herpesvirus_2            0.2902739 0.2920068 0.2982722 0.2915260 0.2915260 0.2957587 0.2946718 0.2902739 0.2905143 0.2896516 0.2896516 0.2971365 0.2894228 0.2931286 0.2982722 0.2928606 0.2928606 0.2866307 0.0062923 0.0107354 0.0067084 0.0044759 0.0019729 0.0089748 0.0060878 0.0087235 0.0019682 0.0072338 0.0000024 0.0067991 0.0019647 0.0019647 0.0019682 0.0051270 0.0019718 0.2926706 0.2928606 0.2928606 0.2955582 0.2968346 0.1206401 0.2955582 0.2984851 0.2899353 0.3072172 0.2974768 0.2981157 0.2987582 0.2981157 0.3004389 0.3004389 0.2943430 0.2831703 0.0039337 0.0039337 0.0039323 0.0000000 0.0039330 0.0039390 0.2987582 0.2952223 0.4001749 
KR135328_Human_herpesvirus_2            0.2930571 0.2948087 0.3010948 0.2943231 0.2943231 0.2985559 0.2974791 0.2930571 0.2933006 0.2924282 0.2924282 0.2999473 0.2922209 0.2959204 0.3010948 0.2956498 0.2956498 0.2893975 0.0062936 0.0107377 0.0089543 0.0044769 0.0019732 0.0112308 0.0060890 0.0087253 0.0019686 0.0096565 0.0000024 0.0068007 0.0019650 0.0019650 0.0019686 0.0077002 0.0019722 0.2954571 0.2956498 0.2956498 0.2983531 0.2996427 0.1228856 0.2983531 0.3012880 0.2927167 0.3100435 0.3002916 0.3009151 0.3015642 0.3009151 0.3032628 0.3032628 0.2971485 0.2859228 0.0039345 0.0039345 0.0039330 0.0039330 0.0000000 0.0039398 0.3015642 0.2980133 0.3962199 
KR135330_Human_herpesvirus_2            0.2906059 0.2923419 0.2986177 0.2918609 0.2918609 0.2960984 0.2950115 0.2906059 0.2908469 0.2899822 0.2899822 0.2974793 0.2897556 0.2934646 0.2986177 0.2931961 0.2931961 0.2869568 0.0041915 0.0085811 0.0067084 0.0044846 0.0019763 0.0089748 0.0040553 0.0065371 0.0019716 0.0072338 0.0000024 0.0045287 0.0019680 0.0019680 0.0019716 0.0051270 0.0019752 0.2930055 0.2931961 0.2931961 0.2958973 0.2971768 0.1230912 0.2958973 0.2988285 0.2902666 0.3075730 0.2978205 0.2984582 0.2991022 0.2984582 0.3007869 0.3007869 0.2946821 0.2834910 0.0039405 0.0039405 0.0039390 0.0039390 0.0039398 0.0000000 0.2991022 0.2955606 0.4000069 
KT887224_Human_herpesvirus_1            0.0059514 0.0039855 0.0079872 0.0059622 0.0059622 0.0139592 0.0099922 0.0059514 0.0283692 0.0059405 0.0059405 0.0019828 0.0222181 0.0160236 0.0079872 0.0099533 0.0099533 0.0160626 0.2706270 0.2617656 0.2731309 0.2776555 0.2967509 0.2700732 0.2812555 0.2611334 0.2993986 0.2450303 0.2306801 0.2576658 0.2987535 0.2987535 0.2993986 0.2070407 0.3000465 0.0119533 0.0079540 0.0079540 0.0099514 0.0119972 0.3408817 0.0099514 0.0059554 0.0099514 0.0099218 0.0120187 0.0000010 0.0000010 0.0000010 0.0160716 0.0160716 0.0120046 0.0180551 0.2959500 0.2959500 0.2958086 0.2987582 0.3015642 0.2991022 0.0000000 0.0019757 0.4418847 
