40
HM585496_Human_herpesvirus_1            0.0000000 0.0118782 0.0079037 0.0000010 0.0019657 0.0138932 0.0019651 0.0118952 0.0019651 0.0118952 0.0079037 0.0158919 0.0158919 0.0138892 0.1341036 0.1341036 0.1562269 0.1364349 0.1364349 0.1650106 0.1387273 0.1387273 0.0158878 0.0138928 0.0118952 0.0118952 0.0138932 0.0159155 0.0118952 0.1646464 0.0159065 0.0159065 0.0158964 0.0158964 0.0138892 0.1340928 0.1340928 0.1363899 0.1387273 0.3515339 
HM585497_Human_herpesvirus_1            0.0118782 0.0000000 0.0039397 0.0118782 0.0098903 0.0098931 0.0138733 0.0079057 0.0138733 0.0039440 0.0039397 0.0118812 0.0118812 0.0098903 0.1343978 0.1343978 0.1608528 0.1367361 0.1367361 0.1701862 0.1390334 0.1390334 0.0118782 0.0098929 0.0079057 0.0079057 0.0098931 0.0118989 0.0079057 0.1698614 0.0118921 0.0118921 0.0118846 0.0118846 0.0098903 0.1343870 0.1343870 0.1366898 0.1390334 0.3390395 
HM585498_Human_herpesvirus_1            0.0079037 0.0039397 0.0000000 0.0079037 0.0059229 0.0059245 0.0098906 0.0039453 0.0098906 0.0039453 0.0000010 0.0079057 0.0079057 0.0059229 0.1297814 0.1297814 0.1562269 0.1321089 0.1321089 0.1650106 0.1343978 0.1343978 0.0079037 0.0059244 0.0039453 0.0039453 0.0059245 0.0079174 0.0039453 0.1650873 0.0079129 0.0079129 0.0079079 0.0079079 0.0059229 0.1297712 0.1297712 0.1320655 0.1343978 0.3386045 
HM585499_Human_herpesvirus_1            0.0000010 0.0118782 0.0079037 0.0000000 0.0019657 0.0138932 0.0019651 0.0118952 0.0019651 0.0118952 0.0079037 0.0158919 0.0158919 0.0138892 0.1341036 0.1341036 0.1562269 0.1364349 0.1364349 0.1650106 0.1387273 0.1387273 0.0158878 0.0138928 0.0118952 0.0118952 0.0138932 0.0159155 0.0118952 0.1646464 0.0159065 0.0159065 0.0158964 0.0158964 0.0138892 0.1340928 0.1340928 0.1363899 0.1387273 0.3515339 
HM585501_Human_herpesvirus_1            0.0019657 0.0098903 0.0059229 0.0019657 0.0000000 0.0118986 0.0039357 0.0099045 0.0039357 0.0099045 0.0059229 0.0138928 0.0138928 0.0118952 0.1318204 0.1318204 0.1562269 0.1341477 0.1341477 0.1650106 0.1364349 0.1364349 0.0138892 0.0118983 0.0099045 0.0099045 0.0118986 0.0139135 0.0099045 0.1671186 0.0139056 0.0139056 0.0138968 0.0138968 0.0118952 0.1318100 0.1318100 0.1341036 0.1364349 0.3485033 
HM585502_Human_herpesvirus_1            0.0138932 0.0098931 0.0059245 0.0138932 0.0118986 0.0000000 0.0158969 0.0019674 0.0158969 0.0059153 0.0059245 0.0059134 0.0059134 0.0039380 0.1322738 0.1322738 0.1562269 0.1346102 0.1346102 0.1650106 0.1369070 0.1369070 0.0059119 0.0039390 0.0059153 0.0059153 0.0000010 0.0098923 0.0019674 0.1626041 0.0019686 0.0019686 0.0019674 0.0019674 0.0039380 0.1322633 0.1322633 0.1345657 0.1369070 0.3359306 
HM585504_Human_herpesvirus_1            0.0019651 0.0138733 0.0098906 0.0019651 0.0039357 0.0158969 0.0000000 0.0138932 0.0000010 0.0138932 0.0098906 0.0178985 0.0178985 0.0158923 0.1317773 0.1317773 0.1562269 0.1341036 0.1341036 0.1650106 0.1363899 0.1363899 0.0178939 0.0158964 0.0138932 0.0138932 0.0158969 0.0179252 0.0138932 0.1622462 0.0179150 0.0179150 0.0179037 0.0179037 0.0158923 0.1317668 0.1317668 0.1340595 0.1363899 0.3483242 
HM585508_Human_herpesvirus_1            0.0118952 0.0079057 0.0039453 0.0118952 0.0099045 0.0019674 0.0138932 0.0000000 0.0138932 0.0039392 0.0039453 0.0039379 0.0039379 0.0019668 0.1346102 0.1346102 0.1562269 0.1369524 0.1369524 0.1650106 0.1392535 0.1392535 0.0039369 0.0019673 0.0039392 0.0039392 0.0019674 0.0079051 0.0000010 0.1650107 0.0039414 0.0039414 0.0039390 0.0039390 0.0019668 0.1345993 0.1345993 0.1369070 0.1392535 0.3391041 
HM585509_Human_herpesvirus_1            0.0019651 0.0138733 0.0098906 0.0019651 0.0039357 0.0158969 0.0000010 0.0138932 0.0000000 0.0138932 0.0098906 0.0178985 0.0178985 0.0158923 0.1317773 0.1317773 0.1562269 0.1341036 0.1341036 0.1650106 0.1363899 0.1363899 0.0178939 0.0158964 0.0138932 0.0138932 0.0158969 0.0179252 0.0138932 0.1622462 0.0179150 0.0179150 0.0179037 0.0179037 0.0158923 0.1317668 0.1317668 0.1340595 0.1363899 0.3483242 
HM585510_Human_herpesvirus_1            0.0118952 0.0039440 0.0039453 0.0118952 0.0099045 0.0059153 0.0138932 0.0039392 0.0138932 0.0000000 0.0039453 0.0078934 0.0078934 0.0059137 0.1346102 0.1346102 0.1608528 0.1369524 0.1369524 0.1650106 0.1392535 0.1392535 0.0078914 0.0059152 0.0039392 0.0039392 0.0059153 0.0079051 0.0039392 0.1673411 0.0079006 0.0079006 0.0078956 0.0078956 0.0059137 0.1345993 0.1345993 0.1369070 0.1392535 0.3425213 
HM585511_Human_herpesvirus_1            0.0079037 0.0039397 0.0000010 0.0079037 0.0059229 0.0059245 0.0098906 0.0039453 0.0098906 0.0039453 0.0000000 0.0079057 0.0079057 0.0059229 0.1297814 0.1297814 0.1562269 0.1321089 0.1321089 0.1650106 0.1343978 0.1343978 0.0079037 0.0059244 0.0039453 0.0039453 0.0059245 0.0079174 0.0039453 0.1650873 0.0079129 0.0079129 0.0079079 0.0079079 0.0059229 0.1297712 0.1297712 0.1320655 0.1343978 0.3386045 
HM585512_Human_herpesvirus_1            0.0158919 0.0118812 0.0079057 0.0158919 0.0138928 0.0059134 0.0178985 0.0039379 0.0178985 0.0078934 0.0079057 0.0000000 0.0000010 0.0059117 0.1392535 0.1392535 0.1609626 0.1416069 0.1416069 0.1701862 0.1439179 0.1439179 0.0078888 0.0059132 0.0078934 0.0078934 0.0059134 0.0118803 0.0039379 0.1697822 0.0078979 0.0078979 0.0078930 0.0078930 0.0059117 0.1392419 0.1392419 0.1415596 0.1439179 0.3453052 
HM585513_Human_herpesvirus_1            0.0158919 0.0118812 0.0079057 0.0158919 0.0138928 0.0059134 0.0178985 0.0039379 0.0178985 0.0078934 0.0079057 0.0000010 0.0000000 0.0059117 0.1392535 0.1392535 0.1609626 0.1416069 0.1416069 0.1701862 0.1439179 0.1439179 0.0078888 0.0059132 0.0078934 0.0078934 0.0059134 0.0118803 0.0039379 0.1697822 0.0078979 0.0078979 0.0078930 0.0078930 0.0059117 0.1392419 0.1392419 0.1415596 0.1439179 0.3453052 
HM585514_Human_herpesvirus_1            0.0138892 0.0098903 0.0059229 0.0138892 0.0118952 0.0039380 0.0158923 0.0019668 0.0158923 0.0059137 0.0059229 0.0059117 0.0059117 0.0000000 0.1369070 0.1369070 0.1608528 0.1392535 0.1392535 0.1700586 0.1415596 0.1415596 0.0059102 0.0039379 0.0059137 0.0059137 0.0039380 0.0098895 0.0019668 0.1673652 0.0059170 0.0059170 0.0059134 0.0059134 0.0000010 0.1368958 0.1368958 0.1392072 0.1415596 0.3421137 
HSV2_1                                  0.1341036 0.1343978 0.1297814 0.1341036 0.1318204 0.1322738 0.1317773 0.1346102 0.1317773 0.1346102 0.1297814 0.1392535 0.1392535 0.1369070 0.0000000 0.0000010 0.0000010 0.0019808 0.0019808 0.0000010 0.0039650 0.0039650 0.1392072 0.1369524 0.1346102 0.1346102 0.1322738 0.1395025 0.1346102 0.0657930 0.1347086 0.1347086 0.1346102 0.1346102 0.1369070 0.0039660 0.0039660 0.0019803 0.0039650 0.2708780 
HSV2_2                                  0.1341036 0.1343978 0.1297814 0.1341036 0.1318204 0.1322738 0.1317773 0.1346102 0.1317773 0.1346102 0.1297814 0.1392535 0.1392535 0.1369070 0.0000010 0.0000000 0.0000010 0.0019808 0.0019808 0.0000010 0.0039650 0.0039650 0.1392072 0.1369524 0.1346102 0.1346102 0.1322738 0.1395025 0.1346102 0.0657930 0.1347086 0.1347086 0.1346102 0.1346102 0.1369070 0.0039660 0.0039660 0.0019803 0.0039650 0.2708780 
HSV2_4                                  0.1562269 0.1608528 0.1562269 0.1562269 0.1562269 0.1562269 0.1562269 0.1562269 0.1562269 0.1608528 0.1562269 0.1609626 0.1609626 0.1608528 0.0000010 0.0000010 0.0000000 0.0000010 0.0000010 0.0000010 0.0000010 0.0000010 0.1562269 0.1562269 0.1608528 0.1608528 0.1562269 0.1610878 0.1562269 0.0610748 0.1612013 0.1562269 0.1562269 0.1562269 0.1608528 0.0039357 0.0039357 0.0000010 0.0039337 0.3348496 
HSV2_5                                  0.1364349 0.1367361 0.1321089 0.1364349 0.1341477 0.1346102 0.1341036 0.1369524 0.1341036 0.1369524 0.1321089 0.1416069 0.1416069 0.1392535 0.0019808 0.0019808 0.0000010 0.0000000 0.0000010 0.0042564 0.0019803 0.0019803 0.1415596 0.1392999 0.1369524 0.1369524 0.1346102 0.1418610 0.1369524 0.0636597 0.1370528 0.1370528 0.1369524 0.1369524 0.1392535 0.0019808 0.0019808 0.0039650 0.0019803 0.2738374 
HSV2_9                                  0.1364349 0.1367361 0.1321089 0.1364349 0.1341477 0.1346102 0.1341036 0.1369524 0.1341036 0.1369524 0.1321089 0.1416069 0.1416069 0.1392535 0.0019808 0.0019808 0.0000010 0.0000010 0.0000000 0.0042564 0.0019803 0.0019803 0.1415596 0.1392999 0.1369524 0.1369524 0.1346102 0.1418610 0.1369524 0.0636597 0.1370528 0.1370528 0.1369524 0.1369524 0.1392535 0.0019808 0.0019808 0.0039650 0.0019803 0.2738374 
HSV2_11                                 0.1650106 0.1701862 0.1650106 0.1650106 0.1650106 0.1650106 0.1650106 0.1650106 0.1650106 0.1650106 0.1650106 0.1701862 0.1701862 0.1700586 0.0000010 0.0000010 0.0000010 0.0042564 0.0042564 0.0000000 0.0085285 0.0085285 0.1700586 0.1650106 0.1700586 0.1700586 0.1650106 0.1758259 0.1650106 0.0798730 0.1704620 0.1704620 0.1650106 0.1650106 0.1700586 0.0085332 0.0085332 0.0042541 0.0085285 0.3321532 
HSV2_14                                 0.1387273 0.1390334 0.1343978 0.1387273 0.1364349 0.1369070 0.1363899 0.1392535 0.1363899 0.1392535 0.1343978 0.1439179 0.1439179 0.1415596 0.0039650 0.0039650 0.0000010 0.0019803 0.0019803 0.0085285 0.0000000 0.0000010 0.1438696 0.1416069 0.1392535 0.1392535 0.1369070 0.1441768 0.1392535 0.0657710 0.1393557 0.1393557 0.1392535 0.1392535 0.1415596 0.0039649 0.0039649 0.0019796 0.0039639 0.2738844 
HSV2_17                                 0.1387273 0.1390334 0.1343978 0.1387273 0.1364349 0.1369070 0.1363899 0.1392535 0.1363899 0.1392535 0.1343978 0.1439179 0.1439179 0.1415596 0.0039650 0.0039650 0.0000010 0.0019803 0.0019803 0.0085285 0.0000010 0.0000000 0.1438696 0.1416069 0.1392535 0.1392535 0.1369070 0.1441768 0.1392535 0.0657710 0.1393557 0.1393557 0.1392535 0.1392535 0.1415596 0.0039649 0.0039649 0.0019796 0.0039639 0.2738844 
JN400093_Human_herpesvirus_1            0.0158878 0.0118782 0.0079037 0.0158878 0.0138892 0.0059119 0.0178939 0.0039369 0.0178939 0.0078914 0.0079037 0.0078888 0.0078888 0.0059102 0.1392072 0.1392072 0.1562269 0.1415596 0.1415596 0.1700586 0.1438696 0.1438696 0.0000000 0.0059117 0.0078914 0.0078914 0.0059119 0.0118772 0.0039369 0.1697228 0.0078959 0.0078959 0.0078910 0.0078910 0.0059102 0.1391956 0.1391956 0.1415123 0.1438696 0.3451286 
JN420337_Human_herpesvirus_1            0.0138928 0.0098929 0.0059244 0.0138928 0.0118983 0.0039390 0.0158964 0.0019673 0.0158964 0.0059152 0.0059244 0.0059132 0.0059132 0.0039379 0.1369524 0.1369524 0.1562269 0.1392999 0.1392999 0.1650106 0.1416069 0.1416069 0.0059117 0.0000000 0.0059152 0.0059152 0.0039390 0.0098920 0.0019673 0.1674235 0.0059185 0.0059185 0.0059149 0.0059149 0.0039379 0.1369412 0.1369412 0.1392535 0.1416069 0.3394789 
JN420338_Human_herpesvirus_1            0.0118952 0.0079057 0.0039453 0.0118952 0.0099045 0.0059153 0.0138932 0.0039392 0.0138932 0.0039392 0.0039453 0.0078934 0.0078934 0.0059137 0.1346102 0.1346102 0.1608528 0.1369524 0.1369524 0.1700586 0.1392535 0.1392535 0.0078914 0.0059152 0.0000000 0.0000010 0.0059153 0.0079051 0.0039392 0.1673411 0.0079006 0.0079006 0.0078956 0.0078956 0.0059137 0.1345993 0.1345993 0.1369070 0.1345584 0.3454781 
JN420339_Human_herpesvirus_1            0.0118952 0.0079057 0.0039453 0.0118952 0.0099045 0.0059153 0.0138932 0.0039392 0.0138932 0.0039392 0.0039453 0.0078934 0.0078934 0.0059137 0.1346102 0.1346102 0.1608528 0.1369524 0.1369524 0.1700586 0.1392535 0.1392535 0.0078914 0.0059152 0.0000010 0.0000000 0.0059153 0.0079051 0.0039392 0.1673411 0.0079006 0.0079006 0.0078956 0.0078956 0.0059137 0.1345993 0.1345993 0.1369070 0.1345584 0.3454781 
JN420340_Human_herpesvirus_1            0.0138932 0.0098931 0.0059245 0.0138932 0.0118986 0.0000010 0.0158969 0.0019674 0.0158969 0.0059153 0.0059245 0.0059134 0.0059134 0.0039380 0.1322738 0.1322738 0.1562269 0.1346102 0.1346102 0.1650106 0.1369070 0.1369070 0.0059119 0.0039390 0.0059153 0.0059153 0.0000000 0.0098923 0.0019674 0.1626041 0.0019686 0.0019686 0.0019674 0.0019674 0.0039380 0.1322633 0.1322633 0.1345657 0.1369070 0.3359306 
JN420341_Human_herpesvirus_1            0.0159155 0.0118989 0.0079174 0.0159155 0.0139135 0.0098923 0.0179252 0.0079051 0.0179252 0.0079051 0.0079174 0.0118803 0.0118803 0.0098895 0.1395025 0.1395025 0.1610878 0.1418610 0.1418610 0.1758259 0.1441768 0.1441768 0.0118772 0.0098920 0.0079051 0.0079051 0.0098923 0.0000000 0.0079051 0.1671964 0.0118911 0.0078944 0.0118836 0.0118836 0.0098895 0.1394909 0.1394909 0.1418135 0.1441768 0.3526113 
JN420342_Human_herpesvirus_1            0.0118952 0.0079057 0.0039453 0.0118952 0.0099045 0.0019674 0.0138932 0.0000010 0.0138932 0.0039392 0.0039453 0.0039379 0.0039379 0.0019668 0.1346102 0.1346102 0.1562269 0.1369524 0.1369524 0.1650106 0.1392535 0.1392535 0.0039369 0.0019673 0.0039392 0.0039392 0.0019674 0.0079051 0.0000000 0.1650107 0.0039414 0.0039414 0.0039390 0.0039390 0.0019668 0.1345993 0.1345993 0.1369070 0.1392535 0.3391041 
JQ360576_Chimpanzee_alpha-1_herpesvirus 0.1646464 0.1698614 0.1650873 0.1646464 0.1671186 0.1626041 0.1622462 0.1650107 0.1622462 0.1673411 0.1650873 0.1697822 0.1697822 0.1673652 0.0657930 0.0657930 0.0610748 0.0636597 0.0636597 0.0798730 0.0657710 0.0657710 0.1697228 0.1674235 0.1673411 0.1673411 0.1626041 0.1671964 0.1650107 0.0000000 0.1651348 0.1599478 0.1650107 0.1650107 0.1673652 0.0657898 0.0657898 0.0679078 0.0657710 0.3313935 
KJ847330_Human_herpesvirus_1            0.0159065 0.0118921 0.0079129 0.0159065 0.0139056 0.0019686 0.0179150 0.0039414 0.0179150 0.0079006 0.0079129 0.0078979 0.0078979 0.0059170 0.1347086 0.1347086 0.1612013 0.1370528 0.1370528 0.1704620 0.1393557 0.1393557 0.0078959 0.0059185 0.0079006 0.0079006 0.0019686 0.0118911 0.0039414 0.1651348 0.0000000 0.0039439 0.0039414 0.0039414 0.0059170 0.1346976 0.1346976 0.1370073 0.1393557 0.3394404 
KM222720_Human_herpesvirus_1            0.0159065 0.0118921 0.0079129 0.0159065 0.0139056 0.0019686 0.0179150 0.0039414 0.0179150 0.0079006 0.0079129 0.0078979 0.0078979 0.0059170 0.1347086 0.1347086 0.1562269 0.1370528 0.1370528 0.1704620 0.1393557 0.1393557 0.0078959 0.0059185 0.0079006 0.0079006 0.0019686 0.0078944 0.0039414 0.1599478 0.0039439 0.0000000 0.0039414 0.0039414 0.0059170 0.1346976 0.1346976 0.1370073 0.1393557 0.3394404 
KM222721_Human_herpesvirus_1            0.0158964 0.0118846 0.0079079 0.0158964 0.0138968 0.0019674 0.0179037 0.0039390 0.0179037 0.0078956 0.0079079 0.0078930 0.0078930 0.0059134 0.1346102 0.1346102 0.1562269 0.1369524 0.1369524 0.1650106 0.1392535 0.1392535 0.0078910 0.0059149 0.0078956 0.0078956 0.0019674 0.0118836 0.0039390 0.1650107 0.0039414 0.0039414 0.0000000 0.0000010 0.0059134 0.1345993 0.1345993 0.1369070 0.1392535 0.3391041 
KM222722_Human_herpesvirus_1            0.0158964 0.0118846 0.0079079 0.0158964 0.0138968 0.0019674 0.0179037 0.0039390 0.0179037 0.0078956 0.0079079 0.0078930 0.0078930 0.0059134 0.1346102 0.1346102 0.1562269 0.1369524 0.1369524 0.1650106 0.1392535 0.1392535 0.0078910 0.0059149 0.0078956 0.0078956 0.0019674 0.0118836 0.0039390 0.1650107 0.0039414 0.0039414 0.0000010 0.0000000 0.0059134 0.1345993 0.1345993 0.1369070 0.1392535 0.3391041 
KM222727_Human_herpesvirus_1            0.0138892 0.0098903 0.0059229 0.0138892 0.0118952 0.0039380 0.0158923 0.0019668 0.0158923 0.0059137 0.0059229 0.0059117 0.0059117 0.0000010 0.1369070 0.1369070 0.1608528 0.1392535 0.1392535 0.1700586 0.1415596 0.1415596 0.0059102 0.0039379 0.0059137 0.0059137 0.0039380 0.0098895 0.0019668 0.1673652 0.0059170 0.0059170 0.0059134 0.0059134 0.0000000 0.1368958 0.1368958 0.1392072 0.1415596 0.3421137 
KR135312_Human_herpesvirus_2            0.1340928 0.1343870 0.1297712 0.1340928 0.1318100 0.1322633 0.1317668 0.1345993 0.1317668 0.1345993 0.1297712 0.1392419 0.1392419 0.1368958 0.0039660 0.0039660 0.0039357 0.0019808 0.0019808 0.0085332 0.0039649 0.0039649 0.1391956 0.1369412 0.1345993 0.1345993 0.1322633 0.1394909 0.1345993 0.0657898 0.1346976 0.1346976 0.1345993 0.1345993 0.1368958 0.0000000 0.0000010 0.0059541 0.0039649 0.2741251 
KR135313_Human_herpesvirus_2            0.1340928 0.1343870 0.1297712 0.1340928 0.1318100 0.1322633 0.1317668 0.1345993 0.1317668 0.1345993 0.1297712 0.1392419 0.1392419 0.1368958 0.0039660 0.0039660 0.0039357 0.0019808 0.0019808 0.0085332 0.0039649 0.0039649 0.1391956 0.1369412 0.1345993 0.1345993 0.1322633 0.1394909 0.1345993 0.0657898 0.1346976 0.1346976 0.1345993 0.1345993 0.1368958 0.0000010 0.0000000 0.0059541 0.0039649 0.2741251 
KR135318_Human_herpesvirus_2            0.1363899 0.1366898 0.1320655 0.1363899 0.1341036 0.1345657 0.1340595 0.1369070 0.1340595 0.1369070 0.1320655 0.1415596 0.1415596 0.1392072 0.0019803 0.0019803 0.0000010 0.0039650 0.0039650 0.0042541 0.0019796 0.0019796 0.1415123 0.1392535 0.1369070 0.1369070 0.1345657 0.1418135 0.1369070 0.0679078 0.1370073 0.1370073 0.1369070 0.1369070 0.1392072 0.0059541 0.0059541 0.0000000 0.0059526 0.2709243 
KR135331_Human_herpesvirus_2            0.1387273 0.1390334 0.1343978 0.1387273 0.1364349 0.1369070 0.1363899 0.1392535 0.1363899 0.1392535 0.1343978 0.1439179 0.1439179 0.1415596 0.0039650 0.0039650 0.0039337 0.0019803 0.0019803 0.0085285 0.0039639 0.0039639 0.1438696 0.1416069 0.1345584 0.1345584 0.1369070 0.1441768 0.1392535 0.0657710 0.1393557 0.1393557 0.1392535 0.1392535 0.1415596 0.0039649 0.0039649 0.0059526 0.0000000 0.2766792 
NC_006560_Cercopithecine_herpesvirus_2  0.3515339 0.3390395 0.3386045 0.3515339 0.3485033 0.3359306 0.3483242 0.3391041 0.3483242 0.3425213 0.3386045 0.3453052 0.3453052 0.3421137 0.2708780 0.2708780 0.3348496 0.2738374 0.2738374 0.3321532 0.2738844 0.2738844 0.3451286 0.3394789 0.3454781 0.3454781 0.3359306 0.3526113 0.3391041 0.3313935 0.3394404 0.3394404 0.3391041 0.3391041 0.3421137 0.2741251 0.2741251 0.2709243 0.2766792 0.0000000 
