101
HM585496_Human_herpesvirus_1            0.0000000 0.0067429 0.0118708 0.0014787 0.0014787 0.0136185 0.0129296 0.0008033 0.0068843 0.0008033 0.0005343 0.0122621 0.0179995 0.0125256 0.0116952 0.0122333 0.0124869 0.0137945 0.0124869 0.6202840 0.6262468 0.6245199 0.5963888 0.6255498 0.6278098 0.6212176 0.6257008 0.6224340 0.6233312 0.6255717 0.6219920 0.6255498 0.6305519 0.6227422 0.6260833 0.0090265 0.0091022 0.0085524 0.0099062 0.0107718 0.0118361 0.0147013 0.9108602 0.0104436 0.0104372 0.0109864 0.9226626 0.0123138 0.0116712 0.0122561 0.0123210 0.0121451 0.0141587 0.0113192 0.0131246 0.0148259 0.9279301 0.9220734 0.9216306 0.9217805 0.9212106 0.9226343 0.9169317 0.9208906 0.9159480 0.9195511 0.9194287 0.9193203 0.9168873 0.9172018 0.9189947 0.9183142 0.9166779 0.9221017 0.9152315 0.9169288 0.9161487 0.9171035 0.9233660 0.9202601 0.9169972 0.9174995 0.9178556 0.9183142 0.9200570 0.9200759 0.9164027 0.9168477 0.9162638 0.9155911 0.9165972 0.9162275 0.9227904 0.9161564 0.9210180 0.9222086 0.0119821 0.0119821 0.9170797 0.0121770 1.9564901 
HM585497_Human_herpesvirus_1            0.0067429 0.0000000 0.0096364 0.0063005 0.0063005 0.0101247 0.0097981 0.0070399 0.0105411 0.0070399 0.0067422 0.0093989 0.0166593 0.0107904 0.0098024 0.0100245 0.0102818 0.0109289 0.0102818 0.6170057 0.6229551 0.6212320 0.5959400 0.6222646 0.6245156 0.6179397 0.6224145 0.6191557 0.6200458 0.6275617 0.6187066 0.6222646 0.6272536 0.6194600 0.6227933 0.0075209 0.0099049 0.0095294 0.0091921 0.0100202 0.0125607 0.0134540 0.9098941 0.0106323 0.0101494 0.0082733 0.9212347 0.0095044 0.0111205 0.0094278 0.0095103 0.0093436 0.0131709 0.0104154 0.0121807 0.0122314 0.9263389 0.9206463 0.9202035 0.9200864 0.9197840 0.9210896 0.9152640 0.9194636 0.9145229 0.9181255 0.9180008 0.9178919 0.9154612 0.9157711 0.9175695 0.9168887 0.9152520 0.9206745 0.9138064 0.9155032 0.9147234 0.9156784 0.9219375 0.9188346 0.9155708 0.9160745 0.9164299 0.9168887 0.9186309 0.9186489 0.9149766 0.9154217 0.9148382 0.9141626 0.9151718 0.9150306 0.9213640 0.9147305 0.9195916 0.9207813 0.0091871 0.0091871 0.9156533 0.0097026 1.9450678 
HM585498_Human_herpesvirus_1            0.0118708 0.0096364 0.0000000 0.0126644 0.0126644 0.0096558 0.0065901 0.0121918 0.0162964 0.0121918 0.0118697 0.0121166 0.0185084 0.0115605 0.0001333 0.0136788 0.0139294 0.0146124 0.0139294 0.6241311 0.6300886 0.6283634 0.6000271 0.6293865 0.6316490 0.6250611 0.6295382 0.6262735 0.6271760 0.6397307 0.6258415 0.6293865 0.6343862 0.6265853 0.6299238 0.0107154 0.0130799 0.0131314 0.0136372 0.0161373 0.0163316 0.0179556 0.9131509 0.0159559 0.0154349 0.0121951 0.9285566 0.0124849 0.0158035 0.0124283 0.0124922 0.0123157 0.0169783 0.0137458 0.0149203 0.0159828 0.9337776 0.9279638 0.9275211 0.9283358 0.9270985 0.9284637 0.9236920 0.9274541 0.9224988 0.9261074 0.9248884 0.9257632 0.9234437 0.9236537 0.9255487 0.9248684 0.9232331 0.9288997 0.9206813 0.9234826 0.9227005 0.9236553 0.9299386 0.9268163 0.9235544 0.9240508 0.9244106 0.9248684 0.9266155 0.9268713 0.9229580 0.9234033 0.9228170 0.9204732 0.9231500 0.9227813 0.9297941 0.9227108 0.9275790 0.9281000 0.0121523 0.0121523 0.9236372 0.0136568 1.9559196 
HM585499_Human_herpesvirus_1            0.0014787 0.0063005 0.0126644 0.0000000 0.0000010 0.0136161 0.0124651 0.0014795 0.0076235 0.0014795 0.0012078 0.0121103 0.0185207 0.0126914 0.0124861 0.0123992 0.0126526 0.0139636 0.0126526 0.6202840 0.6262468 0.6245199 0.5941656 0.6255498 0.6278098 0.6212176 0.6257008 0.6224340 0.6233312 0.6255717 0.6219920 0.6255498 0.6305519 0.6227422 0.6260833 0.0091832 0.0092603 0.0087076 0.0100668 0.0104624 0.0123135 0.0148731 0.9101840 0.0106043 0.0105978 0.0111474 0.9226852 0.0121648 0.0118347 0.0121061 0.0121720 0.0119965 0.0141569 0.0117917 0.0132919 0.0149980 0.9279538 0.9220958 0.9216530 0.9218033 0.9212329 0.9226570 0.9169534 0.9209129 0.9159696 0.9195732 0.9194508 0.9193424 0.9169091 0.9172237 0.9190167 0.9183361 0.9166996 0.9221242 0.9152530 0.9169506 0.9161703 0.9171253 0.9233887 0.9202823 0.9170189 0.9175212 0.9178775 0.9183361 0.9200792 0.9200981 0.9164243 0.9168695 0.9162854 0.9156127 0.9166189 0.9162491 0.9228129 0.9161780 0.9210403 0.9222310 0.0118337 0.0118337 0.9171014 0.0120279 1.9535681 
HM585500_Human_herpesvirus_1            0.0014787 0.0063005 0.0126644 0.0000010 0.0000000 0.0136161 0.0124651 0.0014795 0.0076235 0.0014795 0.0012078 0.0121103 0.0185207 0.0126914 0.0124861 0.0123992 0.0126526 0.0139636 0.0126526 0.6202840 0.6262468 0.6245199 0.5941656 0.6255498 0.6278098 0.6212176 0.6257008 0.6224340 0.6233312 0.6255717 0.6219920 0.6255498 0.6305519 0.6227422 0.6260833 0.0091832 0.0092603 0.0087076 0.0100668 0.0104624 0.0123135 0.0148731 0.9101840 0.0106043 0.0105978 0.0111474 0.9226852 0.0121648 0.0118347 0.0121061 0.0121720 0.0119965 0.0141569 0.0117917 0.0132919 0.0149980 0.9279538 0.9220958 0.9216530 0.9218033 0.9212329 0.9226570 0.9169534 0.9209129 0.9159696 0.9195732 0.9194508 0.9193424 0.9169091 0.9172237 0.9190167 0.9183361 0.9166996 0.9221242 0.9152530 0.9169506 0.9161703 0.9171253 0.9233887 0.9202823 0.9170189 0.9175212 0.9178775 0.9183361 0.9200792 0.9200981 0.9164243 0.9168695 0.9162854 0.9156127 0.9166189 0.9162491 0.9228129 0.9161780 0.9210403 0.9222310 0.0118337 0.0118337 0.9171014 0.0120279 1.9535681 
HM585501_Human_herpesvirus_1            0.0136185 0.0101247 0.0096558 0.0136161 0.0136161 0.0000000 0.0083982 0.0139467 0.0164219 0.0139467 0.0136172 0.0078627 0.0188284 0.0078747 0.0094880 0.0087951 0.0089030 0.0098422 0.0089030 0.6215851 0.6275434 0.6258179 0.6088876 0.6268450 0.6291048 0.6225170 0.6269962 0.6237316 0.6246302 0.6398336 0.6232932 0.6268450 0.6318440 0.6240408 0.6273795 0.0092080 0.0127878 0.0134783 0.0128505 0.0126031 0.0150302 0.0132637 0.9100403 0.0124030 0.0122381 0.0079794 0.9232695 0.0081395 0.0141882 0.0075862 0.0081447 0.0079825 0.0151040 0.0125036 0.0107532 0.0111244 0.9285493 0.9226796 0.9222366 0.9225320 0.9218162 0.9233813 0.9179781 0.9214962 0.9165501 0.9201554 0.9189312 0.9198004 0.9174904 0.9176819 0.9195985 0.9189177 0.9170431 0.9229393 0.9147370 0.9175316 0.9162974 0.9172528 0.9239736 0.9208647 0.9176003 0.9181023 0.9184590 0.9189177 0.9206617 0.9209118 0.9170054 0.9174507 0.9168662 0.9150952 0.9171998 0.9170594 0.9238391 0.9167589 0.9216234 0.9228150 0.0078291 0.0078291 0.9176829 0.0089337 1.9453967 
HM585502_Human_herpesvirus_1            0.0129296 0.0097981 0.0065901 0.0124651 0.0124651 0.0083982 0.0000000 0.0132540 0.0164102 0.0132540 0.0129283 0.0111022 0.0183498 0.0104250 0.0064338 0.0121734 0.0124260 0.0130917 0.0124260 0.6284218 0.6343933 0.6326642 0.6089447 0.6336831 0.6359560 0.6293508 0.6338362 0.6305629 0.6314742 0.6472557 0.6301406 0.6336831 0.6386970 0.6308797 0.6342264 0.0099156 0.0112849 0.0122855 0.0121206 0.0141090 0.0157660 0.0167076 0.9132227 0.0140828 0.0135768 0.0113572 0.9311520 0.0110121 0.0142946 0.0109458 0.0110187 0.0108476 0.0151853 0.0125776 0.0134136 0.0144292 0.9364213 0.9305566 0.9301132 0.9309654 0.9296887 0.9310774 0.9265208 0.9284972 0.9250773 0.9286941 0.9274751 0.9283539 0.9260260 0.9262445 0.9281335 0.9274522 0.9258146 0.9314953 0.9232546 0.9260639 0.9248265 0.9257829 0.9325381 0.9294041 0.9261373 0.9266322 0.9269940 0.9274522 0.9292039 0.9294626 0.9255391 0.9272656 0.9266768 0.9230523 0.9270103 0.9253615 0.9323889 0.9265712 0.9301699 0.9306935 0.0106882 0.0106882 0.9262204 0.0118421 1.9504411 
HM585503_Human_herpesvirus_1            0.0008033 0.0070399 0.0121918 0.0014795 0.0014795 0.0139467 0.0132540 0.0000000 0.0071816 0.0000010 0.0005346 0.0125907 0.0183506 0.0128500 0.0120150 0.0122407 0.0124945 0.0138029 0.0124945 0.6202840 0.6262468 0.6245199 0.5941656 0.6255498 0.6278098 0.6212176 0.6257008 0.6224340 0.6233312 0.6255717 0.6219920 0.6255498 0.6305519 0.6227422 0.6260833 0.0093344 0.0094129 0.0088578 0.0102212 0.0110885 0.0121565 0.0150362 0.9115669 0.0107585 0.0107520 0.0113016 0.9233672 0.0126361 0.0119908 0.0125806 0.0126435 0.0124665 0.0145049 0.0116363 0.0134507 0.0148350 0.9286482 0.9227773 0.9223344 0.9224947 0.9219139 0.9233440 0.9176334 0.9215940 0.9166482 0.9202532 0.9201318 0.9200236 0.9175884 0.9179053 0.9196964 0.9190156 0.9173788 0.9228057 0.9159313 0.9176296 0.9168490 0.9178042 0.9240713 0.9209624 0.9176984 0.9182002 0.9185569 0.9190156 0.9207595 0.9207790 0.9171034 0.9175487 0.9169643 0.9162927 0.9172978 0.9169280 0.9234943 0.9168569 0.9217211 0.9229127 0.0123027 0.0123027 0.9177809 0.0124992 1.9558029 
HM585504_Human_herpesvirus_1            0.0068843 0.0105411 0.0162964 0.0076235 0.0076235 0.0164219 0.0164102 0.0071816 0.0000000 0.0071816 0.0068836 0.0139298 0.0127821 0.0146764 0.0161056 0.0140364 0.0142871 0.0156282 0.0142871 0.6273761 0.6333520 0.6316216 0.6158210 0.6326429 0.6349163 0.6283065 0.6327958 0.6295203 0.6304307 0.6514391 0.6290951 0.6326429 0.6376599 0.6298363 0.6331854 0.0126446 0.0137519 0.0134657 0.0149762 0.0138906 0.0095624 0.0169497 0.9097204 0.0132045 0.0131968 0.0143908 0.9238990 0.0141083 0.0094022 0.0137399 0.0137956 0.0136145 0.0181079 0.0144430 0.0149401 0.0170215 0.9291874 0.9233089 0.9228661 0.9229268 0.9224455 0.9237729 0.9181659 0.9221257 0.9171800 0.9207847 0.9206642 0.9205561 0.9181205 0.9184391 0.9202278 0.9195472 0.9179108 0.9233373 0.9164633 0.9181615 0.9173809 0.9183359 0.9246032 0.9214938 0.9182305 0.9189615 0.9190887 0.9195472 0.9212910 0.9213109 0.9176356 0.9180807 0.9174963 0.9168259 0.9178297 0.9174601 0.9240255 0.9173891 0.9222527 0.9234443 0.0134476 0.0134476 0.9183131 0.0139935 1.9552293 
HM585505_Human_herpesvirus_1            0.0008033 0.0070399 0.0121918 0.0014795 0.0014795 0.0139467 0.0132540 0.0000010 0.0071816 0.0000000 0.0005346 0.0125907 0.0183506 0.0128500 0.0120150 0.0122407 0.0124945 0.0138029 0.0124945 0.6202840 0.6262468 0.6245199 0.5941656 0.6255498 0.6278098 0.6212176 0.6257008 0.6224340 0.6233312 0.6255717 0.6219920 0.6255498 0.6305519 0.6227422 0.6260833 0.0093344 0.0094129 0.0088578 0.0102212 0.0110885 0.0121565 0.0150362 0.9115669 0.0107585 0.0107520 0.0113016 0.9233672 0.0126361 0.0119908 0.0125806 0.0126435 0.0124665 0.0145049 0.0116363 0.0134507 0.0148350 0.9286482 0.9227773 0.9223344 0.9224947 0.9219139 0.9233440 0.9176334 0.9215940 0.9166482 0.9202532 0.9201318 0.9200236 0.9175884 0.9179053 0.9196964 0.9190156 0.9173788 0.9228057 0.9159313 0.9176296 0.9168490 0.9178042 0.9240713 0.9209624 0.9176984 0.9182002 0.9185569 0.9190156 0.9207595 0.9207790 0.9171034 0.9175487 0.9169643 0.9162927 0.9172978 0.9169280 0.9234943 0.9168569 0.9217211 0.9229127 0.0123027 0.0123027 0.9177809 0.0124992 1.9558029 
HM585506_Human_herpesvirus_1            0.0005343 0.0067422 0.0118697 0.0012078 0.0012078 0.0136172 0.0129283 0.0005346 0.0068836 0.0005346 0.0000000 0.0122609 0.0179977 0.0125244 0.0116940 0.0122321 0.0124857 0.0137931 0.0124857 0.6202840 0.6262468 0.6245199 0.5941656 0.6255498 0.6278098 0.6212176 0.6257008 0.6224340 0.6233312 0.6255717 0.6219920 0.6255498 0.6305519 0.6227422 0.6260833 0.0090256 0.0091012 0.0085515 0.0099052 0.0107707 0.0118349 0.0146998 0.9107296 0.0104426 0.0104362 0.0109853 0.9225318 0.0123126 0.0116700 0.0122548 0.0123198 0.0121439 0.0141573 0.0113180 0.0131233 0.0148244 0.9277965 0.9219427 0.9215000 0.9216480 0.9210801 0.9225025 0.9168017 0.9207601 0.9158184 0.9194210 0.9192983 0.9191899 0.9167575 0.9170715 0.9188647 0.9181842 0.9165481 0.9219710 0.9151020 0.9167990 0.9160190 0.9169737 0.9232350 0.9201298 0.9168673 0.9173696 0.9177257 0.9181842 0.9199267 0.9199456 0.9162729 0.9167179 0.9161341 0.9154612 0.9164675 0.9160978 0.9226597 0.9160266 0.9208875 0.9220778 0.0119809 0.0119809 0.9169498 0.0121758 1.9540544 
HM585508_Human_herpesvirus_1            0.0122621 0.0093989 0.0121166 0.0121103 0.0121103 0.0078627 0.0111022 0.0125907 0.0139298 0.0125907 0.0122609 0.0000000 0.0190399 0.0073347 0.0119367 0.0069206 0.0070362 0.0073573 0.0070362 0.5972192 0.6033985 0.6033985 0.5647847 0.6029702 0.6068272 0.5999822 0.6046552 0.5997318 0.6021612 0.6020288 0.6007482 0.6029702 0.6081558 0.6000283 0.6032380 0.0073505 0.0113946 0.0115897 0.0111318 0.0114941 0.0127812 0.0115327 0.9047100 0.0111554 0.0108169 0.0070559 0.9191984 0.0039220 0.0119285 0.0042502 0.0042181 0.0042112 0.0129600 0.0104747 0.0096645 0.0079836 0.9261443 0.9188918 0.9184413 0.9188938 0.9180154 0.9206591 0.9145626 0.9165749 0.9131159 0.9167797 0.9172284 0.9164125 0.9140692 0.9142531 0.9162145 0.9155220 0.9138566 0.9191547 0.9123871 0.9134044 0.9127300 0.9137015 0.9206545 0.9175011 0.9141806 0.9146942 0.9150550 0.9155220 0.9172934 0.9175445 0.9135765 0.9140293 0.9134361 0.9127460 0.9137756 0.9125553 0.9212426 0.9133263 0.9175605 0.9190288 0.0040675 0.0040675 0.9142643 0.0060196 1.9093904 
HM585509_Human_herpesvirus_1            0.0179995 0.0166593 0.0185084 0.0185207 0.0185207 0.0188284 0.0183498 0.0183506 0.0127821 0.0183506 0.0179977 0.0190399 0.0000000 0.0199732 0.0183098 0.0196094 0.0198507 0.0202239 0.0198507 0.6207241 0.6266970 0.6249672 0.6085383 0.6259982 0.6282626 0.6216590 0.6261495 0.6228771 0.6237766 0.6476859 0.6224355 0.6259982 0.6310090 0.6231863 0.6265331 0.0182911 0.0202125 0.0187281 0.0194232 0.0192605 0.0163369 0.0216606 0.9109733 0.0177821 0.0179413 0.0199072 0.9272717 0.0193110 0.0149702 0.0187854 0.0189788 0.0187804 0.0234669 0.0194914 0.0195191 0.0217142 0.9326198 0.9266790 0.9262358 0.9263457 0.9258132 0.9271695 0.9215300 0.9254941 0.9205374 0.9241481 0.9229263 0.9239258 0.9214816 0.9218114 0.9235895 0.9229085 0.9212712 0.9267077 0.9189912 0.9215213 0.9207390 0.9216948 0.9279785 0.9248578 0.9215922 0.9220909 0.9224500 0.9229085 0.9246561 0.9246784 0.9209958 0.9227203 0.9221335 0.9190878 0.9224670 0.9203770 0.9273948 0.9220271 0.9256198 0.9268151 0.0185998 0.0185998 0.9216750 0.0184631 1.9507890 
HM585510_Human_herpesvirus_1            0.0125256 0.0107904 0.0115605 0.0126914 0.0126914 0.0078747 0.0104250 0.0128500 0.0146764 0.0128500 0.0125244 0.0073347 0.0199732 0.0000000 0.0113858 0.0082788 0.0083879 0.0091712 0.0083879 0.6265493 0.6325273 0.6307963 0.6115337 0.6318192 0.6340924 0.6274807 0.6319720 0.6286956 0.6296049 0.6483029 0.6282681 0.6318192 0.6368374 0.6290108 0.6323610 0.0086939 0.0110254 0.0126472 0.0123443 0.0113919 0.0137171 0.0117443 0.9166203 0.0120356 0.0113869 0.0079470 0.9272257 0.0076277 0.0133679 0.0075395 0.0076326 0.0074730 0.0145922 0.0117040 0.0093486 0.0100974 0.9327224 0.9266321 0.9261883 0.9269834 0.9257652 0.9274025 0.9215818 0.9261212 0.9211555 0.9247724 0.9246579 0.9245509 0.9221017 0.9224340 0.9242127 0.9235306 0.9218909 0.9275699 0.9204368 0.9221413 0.9209035 0.9218608 0.9286103 0.9254832 0.9222126 0.9227115 0.9230715 0.9235306 0.9239995 0.9242534 0.9216150 0.9220614 0.9214740 0.9208098 0.9218080 0.9216692 0.9280248 0.9213673 0.9262469 0.9267684 0.0073220 0.0073220 0.9222956 0.0084431 1.9450447 
HM585511_Human_herpesvirus_1            0.0116952 0.0098024 0.0001333 0.0124861 0.0124861 0.0094880 0.0064338 0.0120150 0.0161056 0.0120150 0.0116940 0.0119367 0.0183098 0.0113858 0.0000000 0.0134966 0.0137472 0.0144276 0.0137472 0.6241311 0.6300886 0.6283634 0.6000271 0.6293865 0.6316490 0.6250611 0.6295382 0.6262735 0.6271760 0.6397307 0.6258415 0.6293865 0.6343862 0.6265853 0.6299238 0.0105443 0.0128989 0.0129532 0.0134537 0.0159469 0.0161403 0.0177580 0.9128889 0.0157663 0.0152472 0.0120183 0.9289665 0.0123074 0.0156143 0.0122497 0.0123146 0.0121390 0.0167765 0.0135643 0.0147346 0.0157930 0.9343367 0.9283735 0.9279309 0.9288929 0.9275082 0.9288765 0.9241019 0.9278639 0.9229083 0.9265169 0.9252983 0.9261734 0.9238534 0.9240648 0.9259581 0.9252779 0.9236429 0.9293095 0.9210907 0.9238922 0.9231101 0.9240647 0.9303486 0.9272257 0.9239642 0.9244603 0.9248202 0.9252779 0.9270250 0.9272812 0.9233678 0.9238130 0.9232266 0.9208836 0.9235596 0.9231910 0.9302034 0.9231205 0.9279885 0.9285098 0.0119761 0.0119761 0.9240471 0.0134750 1.9553867 
HM585512_Human_herpesvirus_1            0.0122333 0.0100245 0.0136788 0.0123992 0.0123992 0.0087951 0.0121734 0.0122407 0.0140364 0.0122407 0.0122321 0.0069206 0.0196094 0.0082788 0.0134966 0.0000000 0.0000010 0.0026054 0.0000010 0.6246283 0.6305996 0.6288705 0.6086430 0.6298951 0.6321635 0.6255600 0.6300474 0.6267750 0.6276803 0.6395460 0.6263432 0.6298951 0.6349068 0.6270880 0.6304343 0.0081430 0.0105858 0.0112588 0.0101391 0.0107952 0.0121296 0.0108142 0.9102644 0.0109637 0.0104776 0.0071005 0.9207726 0.0055933 0.0122615 0.0049118 0.0050203 0.0048691 0.0136063 0.0106364 0.0086089 0.0037441 0.9260294 0.9201823 0.9197379 0.9197531 0.9193172 0.9206236 0.9150221 0.9174514 0.9140381 0.9176531 0.9175272 0.9174177 0.9149793 0.9152887 0.9170953 0.9164121 0.9147694 0.9202106 0.9133191 0.9150217 0.9137839 0.9147425 0.9214776 0.9183647 0.9150893 0.9155951 0.9159516 0.9164121 0.9181602 0.9181778 0.9144931 0.9149397 0.9143543 0.9136753 0.9146891 0.9143177 0.9209028 0.9142461 0.9191241 0.9203177 0.0047235 0.0047235 0.9151719 0.0057804 1.9511649 
HM585513_Human_herpesvirus_1            0.0124869 0.0102818 0.0139294 0.0126526 0.0126526 0.0089030 0.0124260 0.0124945 0.0142871 0.0124945 0.0124857 0.0070362 0.0198507 0.0083879 0.0137472 0.0000010 0.0000000 0.0027321 0.0000010 0.6246283 0.6305996 0.6288705 0.6086430 0.6298951 0.6321635 0.6255600 0.6300474 0.6267750 0.6276803 0.6395460 0.6263432 0.6298951 0.6349068 0.6270880 0.6304343 0.0082526 0.0108443 0.0115138 0.0102433 0.0108962 0.0123844 0.0109152 0.9129367 0.0110641 0.0105796 0.0072136 0.9228941 0.0057107 0.0125155 0.0050323 0.0051396 0.0049887 0.0138700 0.0108925 0.0088678 0.0038677 0.9281625 0.9223050 0.9218625 0.9219085 0.9214426 0.9227608 0.9171660 0.9195838 0.9161825 0.9197838 0.9196618 0.9195535 0.9171215 0.9174366 0.9192276 0.9185475 0.9169121 0.9223333 0.9154663 0.9171628 0.9159299 0.9168844 0.9235973 0.9204924 0.9172313 0.9177331 0.9180892 0.9185475 0.9202895 0.9203086 0.9166370 0.9170818 0.9164981 0.9158262 0.9168314 0.9164619 0.9230216 0.9163908 0.9212501 0.9224402 0.0048435 0.0048435 0.9173137 0.0058980 1.9506998 
HM585514_Human_herpesvirus_1            0.0137945 0.0109289 0.0146124 0.0139636 0.0139636 0.0098422 0.0130917 0.0138029 0.0156282 0.0138029 0.0137931 0.0073573 0.0202239 0.0091712 0.0144276 0.0026054 0.0027321 0.0000000 0.0027321 0.6243207 0.6302851 0.6285579 0.6057884 0.6295819 0.6318472 0.6252516 0.6297338 0.6264653 0.6273691 0.6361720 0.6260333 0.6295819 0.6345874 0.6267777 0.6301200 0.0094817 0.0118177 0.0124871 0.0112105 0.0121756 0.0136926 0.0112576 0.9163290 0.0120329 0.0115406 0.0078276 0.9256996 0.0063067 0.0131866 0.0056263 0.0057305 0.0055773 0.0149284 0.0118581 0.0091955 0.0014861 0.9314735 0.9251076 0.9246642 0.9252006 0.9242423 0.9260323 0.9204007 0.9221364 0.9194098 0.9230204 0.9229033 0.9227959 0.9203533 0.9206795 0.9224621 0.9217808 0.9201430 0.9251362 0.9186922 0.9203935 0.9191577 0.9201138 0.9268488 0.9224508 0.9204637 0.9209636 0.9213221 0.9217808 0.9235281 0.9235496 0.9198675 0.9203132 0.9197273 0.9190605 0.9200609 0.9196913 0.9262669 0.9196204 0.9244916 0.9252435 0.0054304 0.0054304 0.9205465 0.0067942 1.9543950 
HM585515_Human_herpesvirus_1            0.0124869 0.0102818 0.0139294 0.0126526 0.0126526 0.0089030 0.0124260 0.0124945 0.0142871 0.0124945 0.0124857 0.0070362 0.0198507 0.0083879 0.0137472 0.0000010 0.0000010 0.0027321 0.0000000 0.6246283 0.6305996 0.6288705 0.6086430 0.6298951 0.6321635 0.6255600 0.6300474 0.6267750 0.6276803 0.6395460 0.6263432 0.6298951 0.6349068 0.6270880 0.6304343 0.0082526 0.0108443 0.0115138 0.0102433 0.0108962 0.0123844 0.0109152 0.9129367 0.0110641 0.0105796 0.0072136 0.9228941 0.0057107 0.0125155 0.0050323 0.0051396 0.0049887 0.0138700 0.0108925 0.0088678 0.0038677 0.9281625 0.9223050 0.9218625 0.9219085 0.9214426 0.9227608 0.9171660 0.9195838 0.9161825 0.9197838 0.9196618 0.9195535 0.9171215 0.9174366 0.9192276 0.9185475 0.9169121 0.9223333 0.9154663 0.9171628 0.9159299 0.9168844 0.9235973 0.9204924 0.9172313 0.9177331 0.9180892 0.9185475 0.9202895 0.9203086 0.9166370 0.9170818 0.9164981 0.9158262 0.9168314 0.9164619 0.9230216 0.9163908 0.9212501 0.9224402 0.0048435 0.0048435 0.9173137 0.0058980 1.9506998 
HSV2_1                                  0.6202840 0.6170057 0.6241311 0.6202840 0.6202840 0.6215851 0.6284218 0.6202840 0.6273761 0.6202840 0.6202840 0.5972192 0.6207241 0.6265493 0.6241311 0.6246283 0.6246283 0.6243207 0.6246283 0.0000000 0.0025141 0.0020892 0.0092776 0.0082823 0.0029443 0.0016595 0.0025017 0.0092251 0.0016603 0.0014117 0.0016639 0.0082823 0.0102136 0.0097121 0.0020892 0.6208324 0.6301652 0.6288945 0.6278034 0.6205177 0.6306126 0.6233661 0.1288235 0.6176411 0.6176411 0.6244279 0.0097482 0.6260906 0.6343895 0.6317554 0.6311236 0.6343176 0.6282690 0.6275771 0.6290281 0.6250015 0.0087934 0.0087934 0.0087934 0.0087426 0.0087934 0.0087934 0.0087425 0.0082823 0.0082823 0.0092030 0.0068906 0.0102328 0.0082823 0.0082823 0.0082823 0.0078246 0.0087428 0.0082823 0.0087934 0.0082817 0.0092036 0.0092036 0.0087408 0.0087401 0.0097446 0.0092008 0.0082823 0.0078246 0.0092206 0.0092206 0.0078105 0.0092477 0.0092477 0.0078105 0.0092477 0.0087823 0.0096864 0.0092224 0.0092695 0.0087934 0.6312232 0.6312232 0.0101799 0.6281771 1.3388817 
HSV2_2                                  0.6262468 0.6229551 0.6300886 0.6262468 0.6262468 0.6275434 0.6343933 0.6262468 0.6333520 0.6262468 0.6262468 0.6033985 0.6266970 0.6325273 0.6300886 0.6305996 0.6305996 0.6302851 0.6305996 0.0025141 0.0000000 0.0004093 0.0092663 0.0082762 0.0020906 0.0016581 0.0016578 0.0092182 0.0008252 0.0028707 0.0016628 0.0082762 0.0102060 0.0097048 0.0004093 0.6267788 0.6361430 0.6348710 0.6337838 0.6264596 0.6366307 0.6293348 0.1286524 0.6235806 0.6235806 0.6303938 0.0097409 0.6320588 0.6404387 0.6377533 0.6371271 0.6403305 0.6342468 0.6335464 0.6350416 0.6309720 0.0087869 0.0087869 0.0087869 0.0087362 0.0087869 0.0087869 0.0087360 0.0082762 0.0082762 0.0091962 0.0068856 0.0102252 0.0082762 0.0082762 0.0082762 0.0078189 0.0087363 0.0082762 0.0087869 0.0091962 0.0091968 0.0091968 0.0087343 0.0087337 0.0097373 0.0091940 0.0082762 0.0078189 0.0092138 0.0092138 0.0078048 0.0092409 0.0092409 0.0078048 0.0092409 0.0092154 0.0096792 0.0092156 0.0101996 0.0087869 0.6372155 0.6372155 0.0101723 0.6341641 1.3475439 
HSV2_3                                  0.6245199 0.6212320 0.6283634 0.6245199 0.6245199 0.6258179 0.6326642 0.6245199 0.6316216 0.6245199 0.6245199 0.6033985 0.6249672 0.6307963 0.6283634 0.6288705 0.6288705 0.6285579 0.6288705 0.0020892 0.0004093 0.0000000 0.0085685 0.0078189 0.0016679 0.0012405 0.0012399 0.0087549 0.0004112 0.0021432 0.0012436 0.0078189 0.0097354 0.0092379 0.0008207 0.6250567 0.6344121 0.6331405 0.6320521 0.6247388 0.6348882 0.6276063 0.1275520 0.6218604 0.6218604 0.6286662 0.0092725 0.6303306 0.6386873 0.6360167 0.6353889 0.6385897 0.6325159 0.6318179 0.6333004 0.6292431 0.0083246 0.0083246 0.0083246 0.0082764 0.0083246 0.0083246 0.0082762 0.0078189 0.0078189 0.0087340 0.0064374 0.0097536 0.0078189 0.0078189 0.0078189 0.0073640 0.0082765 0.0078189 0.0083246 0.0087340 0.0087346 0.0087346 0.0082746 0.0082740 0.0092691 0.0087320 0.0078189 0.0073640 0.0087507 0.0087507 0.0073508 0.0087765 0.0087765 0.0073508 0.0087765 0.0087522 0.0092136 0.0087524 0.0097291 0.0083246 0.6354805 0.6354805 0.0097029 0.6324305 1.3469037 
HSV2_4                                  0.5963888 0.5959400 0.6000271 0.5941656 0.5941656 0.6088876 0.6089447 0.5941656 0.6158210 0.5941656 0.5941656 0.5647847 0.6085383 0.6115337 0.6000271 0.6086430 0.6086430 0.6057884 0.6086430 0.0092776 0.0092663 0.0085685 0.0000000 0.0006198 0.0093484 0.0078829 0.0085685 0.0006198 0.0085685 0.0032063 0.0079140 0.0006198 0.0025402 0.0012479 0.0092663 0.6042421 0.6067684 0.6048628 0.6031950 0.6002956 0.6231737 0.6089821 0.1106224 0.6003808 0.6003808 0.6140227 0.0012559 0.6132616 0.6155551 0.6184979 0.6159447 0.6206945 0.6107646 0.6107646 0.6170573 0.6052288 0.0012559 0.0012559 0.0012559 0.0018800 0.0012559 0.0012559 0.0012442 0.0006198 0.0006198 0.0006198 0.0025233 0.0025466 0.0006198 0.0006198 0.0006198 0.0006198 0.0006198 0.0006198 0.0006198 0.0012443 0.0012439 0.0012439 0.0012439 0.0012437 0.0025402 0.0018740 0.0006198 0.0006198 0.0018796 0.0018796 0.0006198 0.0012442 0.0012442 0.0006198 0.0012442 0.0012479 0.0018800 0.0018801 0.0012443 0.0012559 0.6184979 0.6184979 0.0012479 0.6139440 1.5156308 
HSV2_5                                  0.6255498 0.6222646 0.6293865 0.6255498 0.6255498 0.6268450 0.6336831 0.6255498 0.6326429 0.6255498 0.6255498 0.6029702 0.6259982 0.6318192 0.6293865 0.6298951 0.6298951 0.6295819 0.6298951 0.0082823 0.0082762 0.0078189 0.0006198 0.0000000 0.0087431 0.0068822 0.0082350 0.0008222 0.0073355 0.0021329 0.0064527 0.0000010 0.0016629 0.0012391 0.0078189 0.6260830 0.6354295 0.6341596 0.6330735 0.6257647 0.6359116 0.6286325 0.1243975 0.6228903 0.6228903 0.6296902 0.0012443 0.6313525 0.6397103 0.6370350 0.6364091 0.6396066 0.6335361 0.6328377 0.6343254 0.6302671 0.0004117 0.0004117 0.0004117 0.0012387 0.0004117 0.0004117 0.0004092 0.0000010 0.0000010 0.0008204 0.0020752 0.0016656 0.0000010 0.0000010 0.0000010 0.0004091 0.0004092 0.0000010 0.0004117 0.0008204 0.0008205 0.0008205 0.0004091 0.0004091 0.0012439 0.0008203 0.0000010 0.0004091 0.0008218 0.0008218 0.0004099 0.0008244 0.0008244 0.0004099 0.0008244 0.0008220 0.0012362 0.0008220 0.0016613 0.0004117 0.6364987 0.6364987 0.0016565 0.6334525 1.3655494 
HSV2_6                                  0.6278098 0.6245156 0.6316490 0.6278098 0.6278098 0.6291048 0.6359560 0.6278098 0.6349163 0.6278098 0.6278098 0.6068272 0.6282626 0.6340924 0.6316490 0.6321635 0.6321635 0.6318472 0.6321635 0.0029443 0.0020906 0.0016679 0.0093484 0.0087431 0.0000000 0.0020811 0.0012415 0.0096916 0.0008263 0.0028769 0.0020865 0.0087431 0.0106870 0.0101820 0.0025150 0.6283374 0.6377068 0.6364350 0.6353491 0.6280170 0.6382049 0.6308984 0.1253912 0.6251383 0.6251383 0.6319563 0.0102195 0.6336215 0.6420199 0.6393220 0.6386975 0.6419023 0.6358113 0.6351088 0.6366151 0.6325356 0.0092590 0.0092590 0.0092590 0.0092057 0.0092590 0.0092590 0.0092056 0.0087431 0.0087431 0.0096683 0.0073425 0.0107071 0.0087431 0.0087431 0.0087431 0.0082831 0.0092059 0.0087431 0.0092590 0.0096683 0.0096690 0.0096690 0.0092038 0.0092031 0.0102158 0.0096660 0.0087431 0.0082831 0.0096869 0.0096869 0.0082680 0.0097153 0.0097153 0.0082680 0.0097153 0.0096886 0.0101550 0.0096888 0.0106805 0.0092590 0.6387828 0.6387828 0.0106520 0.6357310 1.3555513 
HSV2_7                                  0.6212176 0.6179397 0.6250611 0.6212176 0.6212176 0.6225170 0.6293508 0.6212176 0.6283065 0.6212176 0.6212176 0.5999822 0.6216590 0.6274807 0.6250611 0.6255600 0.6255600 0.6252516 0.6255600 0.0016595 0.0016581 0.0012405 0.0078829 0.0068822 0.0020811 0.0000000 0.0016499 0.0078023 0.0008213 0.0007015 0.0008221 0.0068822 0.0087635 0.0082754 0.0012405 0.6217630 0.6310939 0.6298239 0.6287342 0.6214479 0.6315472 0.6242983 0.1244255 0.6185730 0.6185730 0.6253589 0.0083069 0.6270208 0.6353261 0.6326860 0.6320555 0.6352487 0.6291991 0.6285064 0.6299631 0.6259329 0.0073757 0.0073757 0.0073757 0.0073329 0.0073757 0.0073757 0.0073327 0.0068822 0.0068822 0.0077839 0.0055248 0.0087797 0.0068822 0.0068822 0.0068822 0.0064341 0.0073330 0.0068822 0.0073757 0.0077839 0.0077845 0.0077845 0.0073313 0.0073308 0.0083039 0.0077821 0.0068822 0.0064341 0.0077986 0.0077986 0.0064227 0.0078207 0.0078207 0.0064227 0.0078207 0.0077999 0.0082537 0.0078001 0.0087576 0.0073757 0.6321534 0.6321534 0.0087338 0.6291087 1.3431204 
HSV2_8                                  0.6257008 0.6224145 0.6295382 0.6257008 0.6257008 0.6269962 0.6338362 0.6257008 0.6327958 0.6257008 0.6257008 0.6046552 0.6261495 0.6319720 0.6295382 0.6300474 0.6300474 0.6297338 0.6300474 0.0025017 0.0016578 0.0012399 0.0085685 0.0082350 0.0012415 0.0016499 0.0000000 0.0091723 0.0000027 0.0014106 0.0016546 0.0082350 0.0101550 0.0096564 0.0020774 0.6262337 0.6355831 0.6343129 0.6332267 0.6259152 0.6360664 0.6287844 0.1286095 0.6230401 0.6230401 0.6298422 0.0096922 0.6315050 0.6398667 0.6371896 0.6365636 0.6397621 0.6336893 0.6329906 0.6344798 0.6304194 0.0087429 0.0087429 0.0087429 0.0086927 0.0087429 0.0087429 0.0086926 0.0082350 0.0082350 0.0091504 0.0068514 0.0101740 0.0082350 0.0082350 0.0082350 0.0077800 0.0086929 0.0082350 0.0087429 0.0091504 0.0091511 0.0091511 0.0086909 0.0086902 0.0096886 0.0091483 0.0082350 0.0077800 0.0091679 0.0091679 0.0077660 0.0091947 0.0091947 0.0077660 0.0091947 0.0091695 0.0096310 0.0091697 0.0101486 0.0087429 0.6366529 0.6366529 0.0101216 0.6336059 1.3489021 
HSV2_9                                  0.6224340 0.6191557 0.6262735 0.6224340 0.6224340 0.6237316 0.6305629 0.6224340 0.6295203 0.6224340 0.6224340 0.5997318 0.6228771 0.6286956 0.6262735 0.6267750 0.6267750 0.6264653 0.6267750 0.0092251 0.0092182 0.0087549 0.0006198 0.0008222 0.0096916 0.0078023 0.0091723 0.0000000 0.0082619 0.0021329 0.0073697 0.0008222 0.0025131 0.0004101 0.0087549 0.6229757 0.6323061 0.6310368 0.6299486 0.6226598 0.6327672 0.6255137 0.1244184 0.6197866 0.6197866 0.6265729 0.0020896 0.6282340 0.6365497 0.6339011 0.6332722 0.6364650 0.6304127 0.6297187 0.6311834 0.6271474 0.0012443 0.0012443 0.0012443 0.0020802 0.0012443 0.0012443 0.0012368 0.0008222 0.0008222 0.0016533 0.0029274 0.0025173 0.0008222 0.0008222 0.0008222 0.0012364 0.0012368 0.0008222 0.0012443 0.0016533 0.0016534 0.0016534 0.0012365 0.0012364 0.0020889 0.0016529 0.0008222 0.0012364 0.0016561 0.0016561 0.0012391 0.0016612 0.0016612 0.0012391 0.0016612 0.0016564 0.0020759 0.0016564 0.0008248 0.0012443 0.6333677 0.6333677 0.0008224 0.6303242 1.3655494 
HSV2_10                                 0.6233312 0.6200458 0.6271760 0.6233312 0.6233312 0.6246302 0.6314742 0.6233312 0.6304307 0.6233312 0.6233312 0.6021612 0.6237766 0.6296049 0.6271760 0.6276803 0.6276803 0.6273691 0.6276803 0.0016603 0.0008252 0.0004112 0.0085685 0.0073355 0.0008263 0.0008213 0.0000027 0.0082619 0.0000000 0.0014106 0.0008229 0.0073355 0.0092313 0.0087395 0.0012409 0.6238713 0.6332210 0.6319495 0.6308603 0.6235543 0.6336890 0.6264166 0.1266231 0.6206762 0.6206762 0.6274771 0.0087724 0.6291411 0.6374822 0.6348216 0.6341926 0.6373917 0.6313247 0.6306283 0.6321020 0.6280531 0.0078341 0.0078341 0.0078341 0.0077888 0.0078341 0.0078341 0.0077886 0.0073355 0.0073355 0.0082423 0.0059685 0.0092484 0.0073355 0.0073355 0.0073355 0.0068848 0.0077889 0.0073355 0.0078341 0.0082423 0.0082429 0.0082429 0.0077871 0.0077865 0.0087692 0.0082404 0.0073355 0.0068848 0.0082579 0.0082579 0.0068725 0.0082823 0.0082823 0.0068725 0.0082823 0.0082593 0.0087166 0.0082595 0.0092252 0.0078341 0.6342865 0.6342865 0.0092003 0.6312374 1.3442903 
HSV2_11                                 0.6255717 0.6275617 0.6397307 0.6255717 0.6255717 0.6398336 0.6472557 0.6255717 0.6514391 0.6255717 0.6255717 0.6020288 0.6476859 0.6483029 0.6397307 0.6395460 0.6395460 0.6361720 0.6395460 0.0014117 0.0028707 0.0021432 0.0032063 0.0021329 0.0028769 0.0007015 0.0014106 0.0021329 0.0014106 0.0000000 0.0000021 0.0021329 0.0035999 0.0021329 0.0021432 0.6369849 0.6424859 0.6403493 0.6384943 0.6329357 0.6622843 0.6425009 0.1280568 0.6330749 0.6330749 0.6509221 0.0021329 0.6499592 0.6602219 0.6509416 0.6498945 0.6553968 0.6489193 0.6479849 0.6478996 0.6364384 0.0021329 0.0021329 0.0021329 0.0028555 0.0021329 0.0021329 0.0028568 0.0021329 0.0021329 0.0021329 0.0028558 0.0036107 0.0021329 0.0021329 0.0021329 0.0021329 0.0021329 0.0021329 0.0021329 0.0028570 0.0028558 0.0028558 0.0028558 0.0028555 0.0035999 0.0028558 0.0021329 0.0021329 0.0035984 0.0035984 0.0021329 0.0028568 0.0028568 0.0021329 0.0028568 0.0028665 0.0028665 0.0035999 0.0036179 0.0021329 0.6509416 0.6509416 0.0021329 0.6482846 1.6080148 
HSV2_12                                 0.6219920 0.6187066 0.6258415 0.6219920 0.6219920 0.6232932 0.6301406 0.6219920 0.6290951 0.6219920 0.6219920 0.6007482 0.6224355 0.6282681 0.6258415 0.6263432 0.6263432 0.6260333 0.6263432 0.0016639 0.0016628 0.0012436 0.0079140 0.0064527 0.0020865 0.0008221 0.0016546 0.0073697 0.0008229 0.0000021 0.0000000 0.0064527 0.0083274 0.0078416 0.0012436 0.6225363 0.6318875 0.6306152 0.6295241 0.6222200 0.6323470 0.6250789 0.1256376 0.6193398 0.6193398 0.6261410 0.0078716 0.6278061 0.6361368 0.6334852 0.6328543 0.6360543 0.6299895 0.6292944 0.6307596 0.6267166 0.0069428 0.0069428 0.0069428 0.0069023 0.0069428 0.0069428 0.0069021 0.0064527 0.0064527 0.0073523 0.0051000 0.0083427 0.0064527 0.0064527 0.0064527 0.0060056 0.0069024 0.0064527 0.0069428 0.0073523 0.0073529 0.0073529 0.0069008 0.0069003 0.0078688 0.0073506 0.0064527 0.0060056 0.0073662 0.0073662 0.0059950 0.0073881 0.0073881 0.0059950 0.0073881 0.0073674 0.0078212 0.0073676 0.0083216 0.0069428 0.6329508 0.6329508 0.0082989 0.6299001 1.3464984 
HSV2_13                                 0.6255498 0.6222646 0.6293865 0.6255498 0.6255498 0.6268450 0.6336831 0.6255498 0.6326429 0.6255498 0.6255498 0.6029702 0.6259982 0.6318192 0.6293865 0.6298951 0.6298951 0.6295819 0.6298951 0.0082823 0.0082762 0.0078189 0.0006198 0.0000010 0.0087431 0.0068822 0.0082350 0.0008222 0.0073355 0.0021329 0.0064527 0.0000000 0.0016629 0.0012391 0.0078189 0.6260830 0.6354295 0.6341596 0.6330735 0.6257647 0.6359116 0.6286325 0.1243975 0.6228903 0.6228903 0.6296902 0.0012443 0.6313525 0.6397103 0.6370350 0.6364091 0.6396066 0.6335361 0.6328377 0.6343254 0.6302671 0.0004117 0.0004117 0.0004117 0.0012387 0.0004117 0.0004117 0.0004092 0.0000010 0.0000010 0.0008204 0.0020752 0.0016656 0.0000010 0.0000010 0.0000010 0.0004091 0.0004092 0.0000010 0.0004117 0.0008204 0.0008205 0.0008205 0.0004091 0.0004091 0.0012439 0.0008203 0.0000010 0.0004091 0.0008218 0.0008218 0.0004099 0.0008244 0.0008244 0.0004099 0.0008244 0.0008220 0.0012362 0.0008220 0.0016613 0.0004117 0.6364987 0.6364987 0.0016565 0.6334525 1.3655494 
HSV2_14                                 0.6305519 0.6272536 0.6343862 0.6305519 0.6305519 0.6318440 0.6386970 0.6305519 0.6376599 0.6305519 0.6305519 0.6081558 0.6310090 0.6368374 0.6343862 0.6349068 0.6349068 0.6345874 0.6349068 0.0102136 0.0102060 0.0097354 0.0025402 0.0016629 0.0106870 0.0087635 0.0101550 0.0025131 0.0092313 0.0035999 0.0083274 0.0016629 0.0000000 0.0029459 0.0097354 0.6310716 0.6404496 0.6391779 0.6380945 0.6275515 0.6409659 0.6336412 0.1275574 0.6246738 0.6246738 0.6346971 0.0020760 0.6363623 0.6447928 0.6420730 0.6414514 0.6446586 0.6385552 0.6378492 0.6393750 0.6352782 0.0012362 0.0012362 0.0012362 0.0029449 0.0012362 0.0012362 0.0020843 0.0016629 0.0016629 0.0025075 0.0038057 0.0016582 0.0016629 0.0016629 0.0016629 0.0020838 0.0020844 0.0016629 0.0020970 0.0025075 0.0025077 0.0025077 0.0020839 0.0020838 0.0012338 0.0025070 0.0016629 0.0020838 0.0016593 0.0016593 0.0020883 0.0025197 0.0025197 0.0020883 0.0025197 0.0025123 0.0029386 0.0016596 0.0033851 0.0012362 0.6415315 0.6415315 0.0033755 0.6384792 1.3732964 
HSV2_15                                 0.6227422 0.6194600 0.6265853 0.6227422 0.6227422 0.6240408 0.6308797 0.6227422 0.6298363 0.6227422 0.6227422 0.6000283 0.6231863 0.6290108 0.6265853 0.6270880 0.6270880 0.6267777 0.6270880 0.0097121 0.0097048 0.0092379 0.0012479 0.0012391 0.0101820 0.0082754 0.0096564 0.0004101 0.0087395 0.0021329 0.0078416 0.0012391 0.0029459 0.0000000 0.0092379 0.6232836 0.6326249 0.6313543 0.6302653 0.6229672 0.6330886 0.6258253 0.1255238 0.6200910 0.6200910 0.6268854 0.0025194 0.6285483 0.6368766 0.6342226 0.6335934 0.6367898 0.6307296 0.6300345 0.6315030 0.6274607 0.0016669 0.0016669 0.0016669 0.0016567 0.0016669 0.0016669 0.0016568 0.0012391 0.0012391 0.0020763 0.0033616 0.0029509 0.0012391 0.0012391 0.0012391 0.0016564 0.0016569 0.0012391 0.0016669 0.0020763 0.0020765 0.0020765 0.0016565 0.0016564 0.0025185 0.0020759 0.0012391 0.0016564 0.0020800 0.0020800 0.0016600 0.0020864 0.0020864 0.0016600 0.0020864 0.0020803 0.0025029 0.0020804 0.0012430 0.0016669 0.6336884 0.6336884 0.0004094 0.6306415 1.3673315 
HSV2_16                                 0.6260833 0.6227933 0.6299238 0.6260833 0.6260833 0.6273795 0.6342264 0.6260833 0.6331854 0.6260833 0.6260833 0.6032380 0.6265331 0.6323610 0.6299238 0.6304343 0.6304343 0.6301200 0.6304343 0.0020892 0.0004093 0.0008207 0.0092663 0.0078189 0.0025150 0.0012405 0.0020774 0.0087549 0.0012409 0.0021432 0.0012436 0.0078189 0.0097354 0.0092379 0.0000000 0.6266156 0.6359753 0.6347039 0.6336170 0.6262966 0.6364617 0.6291700 0.1286689 0.6234188 0.6234188 0.6302286 0.0092725 0.6318930 0.6402674 0.6375845 0.6369584 0.6401603 0.6340799 0.6333799 0.6348733 0.6308065 0.0083246 0.0083246 0.0083246 0.0082764 0.0083246 0.0083246 0.0082762 0.0078189 0.0078189 0.0087340 0.0064374 0.0097536 0.0078189 0.0078189 0.0078189 0.0073640 0.0082765 0.0078189 0.0083246 0.0087340 0.0087346 0.0087346 0.0082746 0.0082740 0.0092691 0.0087320 0.0078189 0.0073640 0.0087507 0.0087507 0.0073508 0.0087765 0.0087765 0.0073508 0.0087765 0.0087522 0.0092136 0.0087524 0.0097291 0.0083246 0.6370470 0.6370470 0.0097029 0.6339969 1.3469037 
JN400093_Human_herpesvirus_1            0.0090265 0.0075209 0.0107154 0.0091832 0.0091832 0.0092080 0.0099156 0.0093344 0.0126446 0.0093344 0.0090256 0.0073505 0.0182911 0.0086939 0.0105443 0.0081430 0.0082526 0.0094817 0.0082526 0.6208324 0.6267788 0.6250567 0.6042421 0.6260830 0.6283374 0.6217630 0.6262337 0.6229757 0.6238713 0.6369849 0.6225363 0.6260830 0.6310716 0.6232836 0.6266156 0.0000000 0.0081678 0.0087153 0.0077500 0.0087516 0.0116957 0.0119209 0.9128007 0.0095341 0.0090597 0.0070352 0.9231293 0.0080860 0.0109097 0.0073991 0.0077942 0.0076339 0.0106569 0.0078031 0.0110327 0.0104430 0.9286834 0.9225401 0.9220976 0.9221471 0.9216776 0.9232741 0.9179814 0.9219386 0.9164172 0.9205986 0.9198970 0.9197888 0.9179361 0.9176722 0.9194624 0.9187823 0.9171470 0.9227995 0.9157011 0.9179772 0.9171971 0.9181515 0.9244142 0.9207272 0.9174662 0.9179678 0.9183240 0.9187823 0.9205244 0.9207742 0.9168719 0.9173167 0.9167330 0.9166421 0.9170662 0.9166967 0.9232565 0.9166257 0.9220655 0.9226753 0.0074822 0.0074822 0.9181286 0.0082952 1.9498289 
JN420337_Human_herpesvirus_1            0.0091022 0.0099049 0.0130799 0.0092603 0.0092603 0.0127878 0.0112849 0.0094129 0.0137519 0.0094129 0.0091012 0.0113946 0.0202125 0.0110254 0.0128989 0.0105858 0.0108443 0.0118177 0.0108443 0.6301652 0.6361430 0.6344121 0.6067684 0.6354295 0.6377068 0.6310939 0.6355831 0.6323061 0.6332210 0.6424859 0.6318875 0.6354295 0.6404496 0.6326249 0.6359753 0.0081678 0.0000000 0.0056287 0.0070246 0.0100474 0.0112795 0.0128234 0.9133308 0.0098592 0.0100515 0.0098823 0.9257716 0.0112979 0.0117940 0.0109157 0.0109923 0.0108193 0.0120575 0.0093725 0.0103343 0.0131477 0.9305559 0.9251750 0.9247282 0.9248169 0.9243030 0.9256578 0.9194125 0.9239808 0.9189872 0.9226257 0.9225070 0.9223986 0.9199376 0.9202650 0.9220631 0.9213765 0.9193474 0.9254378 0.9188487 0.9199783 0.9187329 0.9202816 0.9256622 0.9233411 0.9200489 0.9205530 0.9209141 0.9213765 0.9221709 0.9233920 0.9194481 0.9198973 0.9193069 0.9186341 0.9196432 0.9192706 0.9258973 0.9191991 0.9241082 0.9253120 0.0106582 0.0106582 0.9201323 0.0092899 1.9604179 
JN420338_Human_herpesvirus_1            0.0085524 0.0095294 0.0131314 0.0087076 0.0087076 0.0134783 0.0122855 0.0088578 0.0134657 0.0088578 0.0085515 0.0115897 0.0187281 0.0126472 0.0129532 0.0112588 0.0115138 0.0124871 0.0115138 0.6288945 0.6348710 0.6331405 0.6048628 0.6341596 0.6364350 0.6298239 0.6343129 0.6310368 0.6319495 0.6403493 0.6306152 0.6341596 0.6391779 0.6313543 0.6347039 0.0087153 0.0056287 0.0000000 0.0048990 0.0113172 0.0127626 0.0129674 0.9181920 0.0079050 0.0088484 0.0107147 0.9288816 0.0119659 0.0126132 0.0112796 0.0113505 0.0111780 0.0125738 0.0097229 0.0105524 0.0138172 0.9336776 0.9282878 0.9278446 0.9279780 0.9274213 0.9287909 0.9225699 0.9271026 0.9221426 0.9257548 0.9256420 0.9255354 0.9230882 0.9234231 0.9251956 0.9245146 0.9228775 0.9283167 0.9214248 0.9231272 0.9223445 0.9233003 0.9295893 0.9264645 0.9231990 0.9236963 0.9240562 0.9245146 0.9262633 0.9262868 0.9226020 0.9230478 0.9224610 0.9217997 0.9227944 0.9224252 0.9290030 0.9223546 0.9272277 0.9284243 0.0110175 0.0110175 0.9232819 0.0087228 1.9565372 
