101
HM585496_Human_herpesvirus_1            0.0000000 0.0027441 0.0057557 0.0005380 0.0005380 0.0065160 0.0054769 0.0004029 0.0056442 0.0004029 0.0081816 0.0077615 0.0068075 0.0057369 0.0068150 0.0069625 0.0074021 0.0068150 0.2542729 0.2599552 0.2611153 0.2194310 0.2532374 0.2422985 0.2657572 0.2440894 0.2436910 0.2645250 0.2224720 0.2414557 0.2214925 0.2463450 0.2637791 0.2429413 0.2572383 0.2376739 0.0070899 0.0066814 0.0076888 0.0065020 0.0069653 0.0059154 0.0066776 0.2989201 0.0088830 0.0084409 0.0081411 0.2706447 0.0077137 0.0065180 0.0076834 0.0079808 0.0076834 0.0063635 0.0059306 0.0057725 0.0078492 0.2705076 0.2699968 0.2710174 0.2695666 0.2696278 0.2710171 0.2693940 0.2715887 0.2695942 0.2719083 0.2685914 0.2699069 0.2715874 0.2690248 0.2706260 0.2709318 0.2690295 0.2710080 0.2700573 0.2719103 0.2707066 0.2707066 0.2718242 0.2702854 0.2689337 0.2688859 0.2706713 0.2709318 0.2704032 0.2704032 0.2699060 0.2696828 0.2707744 0.2700261 0.2708163 0.2699121 0.2714635 0.2704437 0.2712168 0.2713393 0.0073807 0.2723789 0.0068129 0.5589435 
HM585497_Human_herpesvirus_1            0.0027441 0.0000000 0.0045795 0.0024640 0.0024640 0.0054605 0.0040120 0.0023237 0.0062489 0.0023237 0.0075427 0.0080774 0.0052789 0.0045358 0.0056051 0.0057498 0.0067853 0.0056051 0.2554682 0.2611593 0.2619219 0.2222573 0.2544335 0.2432346 0.2668973 0.2446393 0.2448763 0.2657521 0.2226788 0.2420202 0.2230629 0.2475996 0.2649004 0.2437946 0.2583517 0.2387844 0.0064766 0.0057683 0.0070690 0.0071090 0.0054625 0.0059100 0.0066715 0.2996856 0.0079402 0.0075179 0.0072139 0.2717658 0.0070923 0.0068291 0.0070640 0.0073585 0.0070640 0.0057419 0.0053265 0.0051711 0.0072271 0.2716717 0.2711168 0.2721394 0.2706854 0.2707468 0.2721390 0.2705131 0.2727115 0.2707133 0.2730316 0.2697085 0.2710264 0.2727100 0.2701428 0.2717471 0.2720533 0.2701475 0.2721299 0.2711777 0.2730349 0.2718280 0.2718280 0.2729485 0.2714058 0.2700517 0.2700045 0.2717928 0.2720533 0.2714491 0.2714491 0.2710263 0.2708024 0.2718965 0.2711462 0.2717779 0.2710316 0.2725870 0.2715651 0.2722647 0.2724618 0.0067647 0.2735036 0.0056111 0.5607564 
HM585498_Human_herpesvirus_1            0.0057557 0.0045795 0.0000000 0.0054623 0.0054623 0.0067907 0.0041468 0.0053145 0.0078986 0.0053145 0.0070909 0.0098029 0.0051334 0.0001367 0.0054621 0.0056066 0.0063468 0.0054614 0.2594507 0.2648013 0.2653464 0.2216623 0.2582903 0.2462864 0.2707952 0.2479223 0.2480011 0.2687526 0.2246185 0.2450156 0.2243927 0.2501088 0.2671929 0.2481254 0.2608618 0.2416362 0.0060403 0.0066762 0.0066296 0.0077061 0.0056079 0.0063484 0.0068164 0.3038455 0.0074896 0.0070761 0.0067739 0.2746677 0.0066517 0.0072809 0.0066250 0.0069180 0.0066250 0.0077094 0.0072422 0.0067973 0.0067865 0.2743390 0.2737779 0.2748042 0.2735829 0.2734060 0.2748038 0.2734117 0.2756165 0.2736116 0.2759375 0.2726033 0.2739254 0.2756146 0.2730389 0.2746492 0.2749561 0.2730437 0.2747946 0.2740786 0.2759444 0.2747308 0.2747308 0.2758571 0.2743065 0.2729478 0.2729025 0.2746957 0.2749561 0.2744265 0.2744265 0.2739273 0.2734629 0.2748008 0.2740466 0.2746804 0.2739304 0.2754939 0.2744682 0.2752473 0.2751275 0.0063274 0.2761735 0.0063466 0.5603640 
HM585499_Human_herpesvirus_1            0.0005380 0.0024640 0.0054623 0.0000000 0.0000010 0.0062185 0.0051841 0.0001340 0.0053505 0.0001340 0.0078711 0.0074516 0.0065027 0.0054372 0.0065163 0.0066631 0.0071021 0.0065163 0.2539370 0.2596191 0.2607742 0.2194310 0.2529008 0.2419914 0.2654296 0.2434134 0.2433167 0.2641842 0.2225531 0.2407583 0.2207547 0.2463527 0.2637884 0.2422111 0.2572467 0.2373003 0.0067908 0.0063825 0.0073871 0.0062051 0.0066658 0.0056208 0.0063789 0.2985905 0.0085731 0.0081372 0.0078375 0.2706548 0.0074113 0.0062138 0.0073820 0.0076783 0.0073820 0.0060601 0.0056353 0.0054784 0.0075466 0.2705178 0.2700069 0.2710276 0.2695766 0.2696378 0.2710272 0.2694039 0.2715990 0.2696042 0.2719186 0.2686012 0.2699169 0.2715977 0.2690347 0.2706361 0.2709419 0.2690394 0.2710182 0.2700673 0.2719206 0.2707168 0.2707168 0.2718345 0.2702955 0.2689436 0.2688958 0.2706814 0.2709419 0.2704133 0.2704133 0.2699160 0.2696928 0.2707845 0.2700361 0.2708265 0.2699221 0.2714738 0.2704538 0.2712270 0.2713495 0.0070806 0.2723893 0.0065141 0.5602773 
HM585500_Human_herpesvirus_1            0.0005380 0.0024640 0.0054623 0.0000010 0.0000000 0.0062185 0.0051841 0.0001340 0.0053505 0.0001340 0.0078711 0.0074516 0.0065027 0.0054372 0.0065163 0.0066631 0.0071021 0.0065163 0.2539370 0.2596191 0.2607742 0.2194310 0.2529008 0.2419914 0.2654296 0.2434134 0.2433167 0.2641842 0.2225531 0.2407583 0.2207547 0.2463527 0.2637884 0.2422111 0.2572467 0.2373003 0.0067908 0.0063825 0.0073871 0.0062051 0.0066658 0.0056208 0.0063789 0.2985905 0.0085731 0.0081372 0.0078375 0.2706548 0.0074113 0.0062138 0.0073820 0.0076783 0.0073820 0.0060601 0.0056353 0.0054784 0.0075466 0.2705178 0.2700069 0.2710276 0.2695766 0.2696378 0.2710272 0.2694039 0.2715990 0.2696042 0.2719186 0.2686012 0.2699169 0.2715977 0.2690347 0.2706361 0.2709419 0.2690394 0.2710182 0.2700673 0.2719206 0.2707168 0.2707168 0.2718345 0.2702955 0.2689436 0.2688958 0.2706814 0.2709419 0.2704133 0.2704133 0.2699160 0.2696928 0.2707845 0.2700361 0.2708265 0.2699221 0.2714738 0.2704538 0.2712270 0.2713495 0.0070806 0.2723893 0.0065141 0.5602773 
HM585501_Human_herpesvirus_1            0.0065160 0.0054605 0.0067907 0.0062185 0.0062185 0.0000000 0.0053244 0.0060686 0.0071309 0.0060686 0.0064630 0.0085186 0.0057077 0.0067943 0.0048641 0.0050072 0.0058854 0.0048641 0.2527004 0.2576945 0.2576528 0.2148009 0.2508183 0.2401205 0.2641670 0.2413365 0.2411038 0.2615342 0.2149145 0.2386166 0.2190802 0.2427252 0.2609581 0.2411151 0.2550332 0.2350501 0.0054373 0.0062062 0.0060202 0.0078346 0.0047228 0.0054520 0.0073949 0.2955359 0.0068618 0.0064618 0.0058734 0.2676959 0.0060407 0.0075699 0.0060160 0.0063062 0.0060160 0.0067868 0.0063442 0.0064772 0.0063215 0.2673560 0.2668115 0.2678272 0.2666235 0.2664447 0.2678268 0.2664499 0.2686357 0.2666503 0.2689540 0.2656521 0.2669619 0.2691247 0.2660837 0.2676769 0.2679817 0.2660883 0.2678179 0.2671101 0.2689524 0.2677568 0.2677568 0.2688673 0.2673382 0.2659926 0.2659431 0.2677214 0.2679817 0.2674543 0.2674543 0.2669590 0.2664982 0.2678229 0.2670795 0.2677071 0.2669672 0.2685086 0.2674940 0.2679489 0.2681478 0.0057218 0.2691821 0.0072194 0.5582312 
HM585502_Human_herpesvirus_1            0.0054769 0.0040120 0.0041468 0.0051841 0.0051841 0.0053244 0.0000000 0.0050367 0.0076145 0.0050367 0.0067793 0.0095091 0.0048323 0.0040941 0.0045918 0.0047348 0.0057547 0.0045913 0.2574703 0.2631579 0.2632035 0.2196805 0.2561925 0.2441314 0.2688397 0.2455189 0.2463220 0.2670789 0.2200791 0.2425438 0.2231200 0.2476338 0.2652618 0.2456032 0.2589591 0.2392311 0.0054519 0.0068101 0.0060360 0.0075561 0.0047358 0.0057562 0.0069626 0.3007979 0.0065821 0.0061868 0.0061793 0.2727271 0.0060566 0.0069770 0.0060318 0.0063226 0.0060318 0.0063430 0.0060574 0.0063443 0.0061909 0.2723955 0.2718395 0.2728621 0.2716467 0.2714694 0.2728617 0.2714750 0.2736726 0.2716748 0.2739926 0.2706702 0.2719877 0.2736710 0.2711043 0.2727085 0.2730146 0.2711090 0.2728526 0.2721394 0.2739971 0.2727896 0.2727896 0.2739105 0.2723672 0.2710133 0.2709668 0.2727544 0.2730146 0.2724860 0.2724860 0.2719883 0.2715253 0.2728584 0.2721078 0.2727394 0.2719928 0.2735489 0.2725271 0.2733025 0.2731843 0.0057370 0.2742262 0.0063478 0.5620930 
HM585503_Human_herpesvirus_1            0.0004029 0.0023237 0.0053145 0.0001340 0.0001340 0.0060686 0.0050367 0.0000000 0.0052024 0.0000010 0.0077142 0.0072950 0.0063490 0.0052863 0.0063655 0.0065121 0.0069502 0.0063655 0.2538975 0.2595782 0.2607324 0.2194310 0.2528615 0.2419531 0.2653884 0.2433754 0.2433167 0.2641416 0.2224720 0.2407197 0.2207547 0.2459494 0.2634137 0.2421728 0.2568771 0.2373003 0.0066398 0.0062317 0.0072348 0.0060554 0.0065147 0.0054724 0.0062282 0.2985413 0.0084157 0.0079831 0.0076841 0.2702800 0.0072585 0.0060604 0.0072297 0.0075253 0.0072297 0.0059072 0.0054866 0.0053303 0.0073937 0.2701425 0.2696324 0.2706525 0.2692025 0.2692636 0.2706521 0.2690298 0.2712236 0.2692301 0.2715430 0.2682277 0.2695426 0.2712223 0.2686609 0.2702612 0.2705669 0.2686656 0.2706431 0.2696927 0.2715445 0.2703418 0.2703418 0.2714586 0.2699208 0.2685699 0.2685218 0.2703064 0.2705669 0.2700384 0.2700384 0.2695415 0.2693184 0.2704094 0.2696616 0.2704512 0.2695478 0.2710981 0.2700789 0.2708514 0.2709742 0.0069291 0.2720132 0.0063635 0.5596214 
HM585504_Human_herpesvirus_1            0.0056442 0.0062489 0.0078986 0.0053505 0.0053505 0.0071309 0.0076145 0.0052024 0.0000000 0.0052024 0.0094583 0.0050172 0.0077425 0.0079266 0.0080304 0.0081802 0.0086379 0.0080304 0.2535168 0.2592139 0.2599893 0.2198267 0.2526699 0.2408965 0.2660225 0.2427864 0.2429961 0.2637336 0.2199457 0.2400730 0.2205713 0.2461719 0.2645182 0.2423285 0.2582170 0.2380697 0.0083183 0.0075934 0.0089284 0.0059084 0.0078838 0.0074199 0.0059342 0.2989370 0.0098527 0.0093897 0.0090733 0.2715854 0.0089561 0.0057610 0.0089221 0.0092246 0.0089221 0.0075900 0.0071242 0.0071292 0.0090928 0.2712102 0.2706979 0.2717196 0.2712379 0.2703284 0.2717192 0.2703338 0.2725302 0.2705339 0.2728500 0.2695301 0.2708467 0.2730242 0.2699639 0.2715667 0.2718727 0.2699686 0.2717102 0.2709978 0.2728532 0.2716476 0.2716476 0.2727668 0.2712257 0.2698729 0.2695062 0.2716123 0.2718727 0.2720773 0.2720773 0.2705268 0.2703837 0.2717158 0.2709664 0.2717580 0.2708519 0.2724057 0.2713848 0.2721591 0.2720417 0.0086133 0.2730826 0.0083248 0.5582902 
HM585505_Human_herpesvirus_1            0.0004029 0.0023237 0.0053145 0.0001340 0.0001340 0.0060686 0.0050367 0.0000010 0.0052024 0.0000000 0.0077142 0.0072950 0.0063490 0.0052863 0.0063655 0.0065121 0.0069502 0.0063655 0.2538975 0.2595782 0.2607324 0.2194310 0.2528615 0.2419531 0.2653884 0.2433754 0.2433167 0.2641416 0.2224720 0.2407197 0.2207547 0.2459494 0.2634137 0.2421728 0.2568771 0.2373003 0.0066398 0.0062317 0.0072348 0.0060554 0.0065147 0.0054724 0.0062282 0.2985413 0.0084157 0.0079831 0.0076841 0.2702800 0.0072585 0.0060604 0.0072297 0.0075253 0.0072297 0.0059072 0.0054866 0.0053303 0.0073937 0.2701425 0.2696324 0.2706525 0.2692025 0.2692636 0.2706521 0.2690298 0.2712236 0.2692301 0.2715430 0.2682277 0.2695426 0.2712223 0.2686609 0.2702612 0.2705669 0.2686656 0.2706431 0.2696927 0.2715445 0.2703418 0.2703418 0.2714586 0.2699208 0.2685699 0.2685218 0.2703064 0.2705669 0.2700384 0.2700384 0.2695415 0.2693184 0.2704094 0.2696616 0.2704512 0.2695478 0.2710981 0.2700789 0.2708514 0.2709742 0.0069291 0.2720132 0.0063635 0.5596214 
HM585508_Human_herpesvirus_1            0.0081816 0.0075427 0.0070909 0.0078711 0.0078711 0.0064630 0.0067793 0.0077142 0.0094583 0.0077142 0.0000000 0.0107539 0.0061486 0.0069407 0.0038051 0.0039493 0.0028014 0.0038046 0.2625896 0.2674703 0.2678496 0.2236807 0.2604756 0.2474632 0.2734672 0.2496538 0.2507071 0.2708585 0.2264220 0.2470491 0.2266089 0.2521305 0.2687953 0.2504263 0.2628801 0.2424456 0.0029351 0.0072442 0.0019439 0.0083103 0.0055731 0.0049816 0.0078598 0.3053349 0.0032212 0.0029359 0.0029405 0.2760373 0.0038098 0.0081803 0.0022238 0.0025060 0.0022238 0.0078360 0.0073747 0.0076850 0.0033754 0.2757069 0.2754769 0.2761777 0.2749305 0.2750962 0.2761801 0.2747535 0.2766790 0.2749573 0.2770099 0.2739263 0.2752780 0.2771885 0.2743716 0.2760185 0.2760068 0.2743765 0.2761678 0.2754354 0.2768771 0.2757714 0.2757714 0.2769260 0.2756708 0.2739515 0.2742332 0.2760663 0.2760068 0.2754630 0.2754630 0.2752809 0.2748062 0.2761744 0.2754024 0.2760505 0.2752859 0.2768833 0.2758342 0.2766344 0.2765111 0.0019408 0.2775781 0.0070853 0.5679041 
HM585509_Human_herpesvirus_1            0.0077615 0.0080774 0.0098029 0.0074516 0.0074516 0.0085186 0.0095091 0.0072950 0.0050172 0.0072950 0.0107539 0.0000000 0.0094546 0.0096470 0.0093252 0.0094807 0.0099602 0.0093252 0.2587290 0.2650792 0.2661493 0.2246158 0.2583789 0.2456044 0.2718384 0.2476976 0.2486460 0.2691112 0.2244540 0.2450720 0.2243986 0.2514863 0.2699572 0.2482152 0.2636840 0.2421928 0.0096227 0.0096584 0.0104227 0.0075892 0.0099426 0.0093144 0.0078974 0.3064174 0.0112226 0.0109049 0.0109047 0.2771382 0.0102861 0.0079072 0.0102811 0.0105957 0.0102811 0.0093090 0.0088352 0.0088222 0.0105950 0.2764410 0.2765776 0.2772794 0.2767841 0.2761961 0.2772818 0.2758530 0.2777807 0.2760568 0.2781120 0.2750243 0.2763778 0.2782916 0.2754703 0.2771195 0.2771077 0.2754751 0.2772695 0.2765359 0.2779799 0.2768723 0.2768723 0.2780292 0.2767712 0.2750498 0.2750044 0.2771676 0.2771077 0.2773192 0.2773192 0.2760530 0.2759062 0.2772763 0.2765027 0.2773208 0.2763856 0.2779861 0.2769355 0.2777373 0.2776132 0.0100930 0.2786818 0.0102445 0.5634351 
HM585510_Human_herpesvirus_1            0.0068075 0.0052789 0.0051334 0.0065027 0.0065027 0.0057077 0.0048323 0.0063490 0.0077425 0.0063490 0.0061486 0.0094546 0.0000000 0.0049868 0.0042286 0.0043732 0.0054068 0.0042286 0.2625402 0.2677807 0.2681319 0.2246239 0.2611814 0.2481872 0.2737667 0.2514333 0.2506648 0.2715176 0.2262590 0.2485191 0.2266323 0.2532408 0.2697740 0.2508029 0.2638523 0.2434944 0.0050995 0.0057388 0.0058430 0.0070711 0.0049606 0.0054259 0.0066266 0.3074370 0.0065898 0.0062921 0.0059876 0.2773895 0.0057095 0.0066388 0.0058389 0.0061340 0.0058389 0.0055640 0.0051180 0.0066144 0.0060001 0.2770615 0.2768290 0.2775308 0.2762811 0.2764476 0.2775332 0.2761046 0.2780319 0.2763082 0.2783632 0.2752759 0.2766291 0.2785429 0.2757217 0.2773708 0.2773589 0.2757266 0.2775208 0.2767873 0.2782313 0.2764460 0.2764460 0.2782806 0.2770226 0.2753013 0.2755842 0.2774190 0.2773589 0.2768151 0.2768151 0.2766330 0.2761578 0.2775277 0.2767541 0.2774030 0.2766369 0.2782375 0.2771870 0.2779888 0.2778645 0.0055398 0.2789331 0.0054310 0.5670967 
HM585511_Human_herpesvirus_1            0.0057369 0.0045358 0.0001367 0.0054372 0.0054372 0.0067943 0.0040941 0.0052863 0.0079266 0.0052863 0.0069407 0.0096470 0.0049868 0.0000000 0.0052848 0.0054320 0.0061876 0.0052841 0.2640112 0.2692671 0.2700801 0.2275191 0.2625995 0.2497349 0.2752298 0.2520796 0.2526527 0.2730346 0.2293191 0.2495456 0.2278825 0.2546472 0.2715627 0.2526022 0.2652651 0.2450975 0.0058741 0.0065271 0.0066297 0.0077297 0.0054384 0.0063424 0.0068206 0.3088570 0.0073879 0.0070859 0.0067760 0.2791934 0.0064955 0.0071364 0.0066250 0.0069244 0.0066250 0.0075660 0.0071049 0.0068010 0.0067900 0.2788679 0.2786315 0.2793363 0.2780800 0.2782481 0.2793388 0.2779039 0.2798385 0.2781076 0.2801710 0.2770710 0.2784297 0.2798361 0.2775187 0.2791748 0.2791628 0.2775236 0.2793263 0.2785894 0.2800400 0.2789270 0.2789270 0.2800900 0.2788250 0.2770969 0.2773821 0.2792236 0.2791628 0.2786175 0.2786175 0.2784348 0.2779580 0.2793335 0.2785558 0.2792073 0.2784374 0.2800463 0.2789912 0.2797972 0.2796713 0.0063209 0.2807446 0.0063406 0.5645593 
HM585512_Human_herpesvirus_1            0.0068150 0.0056051 0.0054621 0.0065163 0.0065163 0.0048641 0.0045918 0.0063655 0.0080304 0.0063655 0.0038051 0.0093252 0.0042286 0.0052848 0.0000000 0.0001338 0.0031639 0.0000010 0.2560497 0.2617317 0.2610658 0.2189270 0.2545523 0.2430147 0.2674458 0.2445297 0.2444483 0.2656306 0.2183525 0.2411694 0.2221986 0.2459044 0.2635448 0.2446058 0.2575952 0.2377140 0.0024547 0.0054626 0.0032983 0.0070734 0.0042831 0.0044349 0.0066377 0.2994444 0.0043563 0.0040055 0.0034374 0.2706445 0.0027398 0.0067879 0.0035766 0.0038581 0.0035766 0.0057205 0.0056002 0.0061720 0.0035856 0.2703096 0.2697585 0.2707780 0.2695677 0.2693899 0.2707776 0.2693953 0.2715875 0.2695953 0.2719067 0.2685936 0.2699076 0.2720799 0.2690265 0.2706258 0.2709313 0.2690312 0.2707686 0.2700578 0.2719087 0.2707064 0.2707064 0.2718227 0.2702856 0.2689355 0.2688878 0.2706711 0.2709313 0.2704033 0.2704033 0.2699067 0.2694447 0.2707741 0.2700266 0.2706564 0.2699128 0.2714624 0.2704438 0.2712160 0.2710995 0.0032931 0.2721380 0.0053070 0.5592021 
HM585513_Human_herpesvirus_1            0.0069625 0.0057498 0.0056066 0.0066631 0.0066631 0.0050072 0.0047348 0.0065121 0.0081802 0.0065121 0.0039493 0.0094807 0.0043732 0.0054320 0.0001338 0.0000000 0.0033042 0.0001338 0.2563834 0.2620662 0.2614045 0.2189270 0.2548867 0.2430147 0.2677722 0.2448727 0.2447821 0.2659699 0.2183525 0.2415230 0.2225363 0.2462568 0.2638680 0.2446058 0.2579155 0.2380476 0.0025932 0.0056072 0.0034385 0.0072206 0.0044249 0.0045772 0.0067844 0.2997755 0.0045005 0.0041470 0.0035778 0.2709662 0.0028791 0.0069381 0.0037172 0.0039991 0.0037172 0.0058684 0.0057448 0.0063174 0.0037265 0.2706318 0.2700800 0.2710999 0.2698889 0.2697112 0.2710995 0.2697166 0.2719094 0.2699166 0.2722287 0.2689145 0.2702290 0.2724022 0.2693476 0.2709475 0.2712530 0.2693523 0.2710905 0.2703794 0.2722311 0.2710281 0.2710281 0.2721450 0.2706072 0.2692567 0.2692091 0.2709929 0.2712530 0.2707250 0.2707250 0.2702283 0.2697662 0.2710960 0.2703481 0.2709781 0.2702341 0.2717846 0.2707656 0.2715382 0.2714215 0.0034331 0.2724603 0.0054510 0.5596712 
HM585514_Human_herpesvirus_1            0.0074021 0.0067853 0.0063468 0.0071021 0.0071021 0.0058854 0.0057547 0.0069502 0.0086379 0.0069502 0.0028014 0.0099602 0.0054068 0.0061876 0.0031639 0.0033042 0.0000000 0.0031635 0.2567274 0.2620786 0.2625289 0.2163381 0.2552168 0.2429561 0.2677655 0.2448637 0.2451789 0.2663409 0.2210040 0.2418673 0.2229145 0.2474272 0.2642706 0.2449658 0.2583114 0.2384676 0.0023196 0.0067894 0.0023217 0.0075297 0.0051634 0.0045865 0.0070918 0.3002073 0.0034911 0.0032992 0.0033052 0.2713707 0.0031685 0.0072556 0.0025973 0.0028754 0.0025973 0.0069181 0.0067697 0.0069241 0.0009426 0.2710368 0.2704839 0.2715047 0.2702923 0.2701146 0.2715043 0.2701201 0.2723148 0.2703201 0.2726343 0.2693171 0.2706327 0.2728082 0.2697505 0.2713520 0.2716578 0.2697552 0.2714952 0.2707835 0.2726372 0.2714328 0.2714328 0.2725510 0.2710113 0.2696595 0.2696122 0.2713975 0.2716578 0.2711294 0.2711294 0.2706323 0.2701698 0.2715009 0.2707521 0.2713827 0.2706378 0.2721901 0.2711702 0.2719437 0.2718266 0.0023180 0.2728665 0.0063417 0.5610203 
HM585515_Human_herpesvirus_1            0.0068150 0.0056051 0.0054614 0.0065163 0.0065163 0.0048641 0.0045913 0.0063655 0.0080304 0.0063655 0.0038046 0.0093252 0.0042286 0.0052841 0.0000010 0.0001338 0.0031635 0.0000000 0.2563782 0.2620614 0.2613996 0.2189270 0.2548814 0.2430147 0.2677679 0.2445297 0.2447759 0.2659654 0.2183525 0.2411694 0.2225281 0.2462503 0.2638634 0.2449474 0.2579105 0.2380408 0.0024544 0.0054619 0.0032979 0.0070725 0.0042826 0.0044344 0.0066369 0.2997739 0.0043557 0.0040050 0.0034370 0.2709623 0.0027394 0.0067879 0.0035762 0.0038576 0.0035762 0.0057198 0.0055994 0.0061712 0.0035852 0.2706279 0.2700760 0.2710960 0.2698849 0.2697072 0.2710956 0.2697126 0.2719056 0.2699126 0.2722249 0.2689105 0.2702250 0.2723984 0.2693436 0.2709436 0.2712491 0.2693483 0.2710865 0.2703754 0.2722273 0.2710242 0.2710242 0.2721412 0.2706032 0.2692526 0.2692051 0.2709890 0.2712491 0.2707211 0.2707211 0.2702243 0.2697622 0.2710921 0.2703442 0.2709742 0.2702302 0.2717807 0.2707617 0.2715343 0.2714176 0.0032927 0.2724565 0.0053063 0.5597038 
HSV2_1                                  0.2542729 0.2554682 0.2594507 0.2539370 0.2539370 0.2527004 0.2574703 0.2538975 0.2535168 0.2538975 0.2625896 0.2587290 0.2625402 0.2640112 0.2560497 0.2563834 0.2567274 0.2563782 0.0000000 0.0016043 0.0020716 0.0053256 0.0019181 0.0018435 0.0012918 0.0022742 0.0074366 0.0037514 0.0007521 0.0017165 0.0090001 0.0123583 0.0124176 0.0024532 0.0120189 0.0117505 0.2560204 0.2528686 0.2567191 0.2566031 0.2578847 0.2549398 0.2568779 0.0641196 0.2622314 0.2571754 0.2570928 0.0117134 0.2576594 0.2613168 0.2563316 0.2570113 0.2563316 0.2602063 0.2557716 0.2564024 0.2577338 0.0124129 0.0124129 0.0124127 0.0120517 0.0124215 0.0124129 0.0118804 0.0128523 0.0137203 0.0130197 0.0128701 0.0126754 0.0128883 0.0115439 0.0121862 0.0125157 0.0115442 0.0122464 0.0117049 0.0125646 0.0120699 0.0120699 0.0124009 0.0116823 0.0133825 0.0133789 0.0123614 0.0125157 0.0125427 0.0125427 0.0120383 0.0118782 0.0120540 0.0118776 0.0122281 0.0115067 0.0127262 0.0118817 0.0118855 0.0125800 0.2562506 0.0131052 0.2568325 0.4961477 
HSV2_2                                  0.2599552 0.2611593 0.2648013 0.2596191 0.2596191 0.2576945 0.2631579 0.2595782 0.2592139 0.2595782 0.2674703 0.2650792 0.2677807 0.2692671 0.2617317 0.2620662 0.2620786 0.2620614 0.0016043 0.0000000 0.0016049 0.0068983 0.0011696 0.0013754 0.0009989 0.0015038 0.0072586 0.0028198 0.0003745 0.0012418 0.0091247 0.0121671 0.0118698 0.0015370 0.0119770 0.0118598 0.2609995 0.2592803 0.2617002 0.2626686 0.2625382 0.2602667 0.2604709 0.0645811 0.2670998 0.2625120 0.2627609 0.0120031 0.2629931 0.2654880 0.2613116 0.2619927 0.2613116 0.2651015 0.2607723 0.2620850 0.2630874 0.0130376 0.0128698 0.0127028 0.0123414 0.0128786 0.0130376 0.0116664 0.0122994 0.0136635 0.0127984 0.0126501 0.0122902 0.0123346 0.0118345 0.0119706 0.0126297 0.0118348 0.0125366 0.0114920 0.0128545 0.0118537 0.0118537 0.0120170 0.0114697 0.0136634 0.0133235 0.0121437 0.0126297 0.0123240 0.0123240 0.0118234 0.0116642 0.0120032 0.0116636 0.0121766 0.0116241 0.0125064 0.0116676 0.0121752 0.0132052 0.2612288 0.0130511 0.2625191 0.5035598 
HSV2_3                                  0.2611153 0.2619219 0.2653464 0.2607742 0.2607742 0.2576528 0.2632035 0.2607324 0.2599893 0.2607324 0.2678496 0.2661493 0.2681319 0.2700801 0.2610658 0.2614045 0.2625289 0.2613996 0.0020716 0.0016049 0.0000000 0.0069229 0.0019046 0.0015307 0.0011631 0.0021228 0.0074285 0.0029993 0.0003748 0.0012449 0.0098247 0.0122887 0.0123528 0.0017069 0.0121558 0.0124163 0.2614343 0.2593406 0.2621450 0.2631566 0.2632699 0.2610641 0.2622518 0.0662173 0.2678645 0.2629684 0.2624843 0.0123282 0.2630987 0.2672340 0.2617509 0.2624415 0.2617509 0.2661296 0.2615287 0.2625202 0.2635520 0.0128696 0.0128696 0.0128694 0.0121667 0.0128784 0.0128696 0.0121661 0.0129749 0.0140227 0.0131439 0.0131628 0.0127962 0.0131814 0.0121609 0.0123024 0.0126350 0.0121612 0.0127011 0.0119836 0.0131925 0.0123532 0.0123532 0.0125194 0.0119606 0.0136811 0.0136774 0.0124793 0.0126350 0.0126626 0.0126626 0.0123207 0.0121591 0.0125050 0.0121584 0.0126816 0.0116162 0.0130169 0.0121626 0.0121665 0.0130388 0.2616667 0.0134006 0.2629633 0.5025602 
HSV2_4                                  0.2194310 0.2222573 0.2216623 0.2194310 0.2194310 0.2148009 0.2196805 0.2194310 0.2198267 0.2194310 0.2236807 0.2246158 0.2246239 0.2275191 0.2189270 0.2189270 0.2163381 0.2189270 0.0053256 0.0068983 0.0069229 0.0000000 0.0076919 0.0064911 0.0061077 0.0081084 0.0041383 0.0037321 0.0022282 0.0061121 0.0029591 0.0022280 0.0033134 0.0080995 0.0018352 0.0025825 0.2171792 0.2162072 0.2171937 0.2210459 0.2229987 0.2161496 0.2218924 0.0581312 0.2228766 0.2171776 0.2180830 0.0022090 0.2187508 0.2272355 0.2154739 0.2162966 0.2154739 0.2236295 0.2187478 0.2268880 0.2187823 0.0010861 0.0018195 0.0021879 0.0014632 0.0014522 0.0010861 0.0018164 0.0033284 0.0037126 0.0022046 0.0029574 0.0037122 0.0029253 0.0018340 0.0025824 0.0018367 0.0022051 0.0018129 0.0018164 0.0018173 0.0021840 0.0021840 0.0025539 0.0018337 0.0022083 0.0033340 0.0033340 0.0018367 0.0029301 0.0029301 0.0025782 0.0021876 0.0025581 0.0021840 0.0025581 0.0018337 0.0025529 0.0018164 0.0018161 0.0010861 0.2154739 0.0025593 0.2256245 0.4078314 
HSV2_5                                  0.2532374 0.2544335 0.2582903 0.2529008 0.2529008 0.2508183 0.2561925 0.2528615 0.2526699 0.2528615 0.2604756 0.2583789 0.2611814 0.2625995 0.2545523 0.2548867 0.2552168 0.2548814 0.0019181 0.0011696 0.0019046 0.0076919 0.0000000 0.0016873 0.0013056 0.0018104 0.0072872 0.0031744 0.0007517 0.0015578 0.0091213 0.0121194 0.0121389 0.0018564 0.0122850 0.0125796 0.2548314 0.2523681 0.2555317 0.2561228 0.2570042 0.2544667 0.2565781 0.0639437 0.2607774 0.2562960 0.2559507 0.0126252 0.2561515 0.2607893 0.2548207 0.2555018 0.2548207 0.2591987 0.2550034 0.2565171 0.2562252 0.0135057 0.0133358 0.0131666 0.0128001 0.0133448 0.0135057 0.0122872 0.0130939 0.0141394 0.0136009 0.0132814 0.0127476 0.0131229 0.0124580 0.0124229 0.0130915 0.0124583 0.0129984 0.0121050 0.0134895 0.0124738 0.0124738 0.0126397 0.0124164 0.0141392 0.0137949 0.0125995 0.0130915 0.0127824 0.0127824 0.0124395 0.0122801 0.0126253 0.0122794 0.0128015 0.0120714 0.0131360 0.0122836 0.0126232 0.0136754 0.2547400 0.0136894 0.2566998 0.4958940 
HSV2_6                                  0.2422985 0.2432346 0.2462864 0.2419914 0.2419914 0.2401205 0.2441314 0.2419531 0.2408965 0.2419531 0.2474632 0.2456044 0.2481872 0.2497349 0.2430147 0.2430147 0.2429561 0.2430147 0.0018435 0.0013754 0.0015307 0.0064911 0.0016873 0.0000000 0.0010668 0.0020113 0.0048826 0.0028071 0.0003749 0.0012651 0.0075811 0.0096640 0.0096307 0.0019039 0.0096147 0.0101081 0.2433094 0.2406265 0.2436455 0.2446311 0.2451505 0.2424876 0.2447981 0.0614737 0.2478395 0.2440251 0.2436803 0.0103127 0.2443427 0.2485180 0.2426109 0.2433188 0.2426109 0.2464416 0.2430853 0.2447008 0.2443804 0.0108671 0.0106926 0.0108669 0.0099738 0.0107007 0.0108671 0.0099832 0.0110059 0.0113696 0.0111800 0.0106642 0.0104756 0.0105017 0.0101364 0.0099583 0.0104818 0.0101367 0.0106937 0.0099835 0.0112321 0.0099837 0.0099837 0.0103475 0.0097796 0.0108459 0.0110164 0.0101387 0.0104818 0.0106822 0.0106822 0.0099538 0.0101631 0.0101625 0.0101625 0.0103419 0.0096086 0.0110456 0.0099843 0.0101698 0.0110413 0.2425317 0.0108693 0.2448278 0.4705870 
HSV2_7                                  0.2657572 0.2668973 0.2707952 0.2654296 0.2654296 0.2641670 0.2688397 0.2653884 0.2660225 0.2653884 0.2734672 0.2718384 0.2737667 0.2752298 0.2674458 0.2677722 0.2677655 0.2677679 0.0012918 0.0009989 0.0011631 0.0061077 0.0013056 0.0010668 0.0000000 0.0016590 0.0064345 0.0030869 0.0000025 0.0007739 0.0084074 0.0114360 0.0119474 0.0016772 0.0117227 0.0116616 0.2670696 0.2654054 0.2677547 0.2694299 0.2696087 0.2663932 0.2679193 0.0670791 0.2730494 0.2682086 0.2688339 0.0115846 0.2690157 0.2729768 0.2673747 0.2680398 0.2673747 0.2718658 0.2675415 0.2681517 0.2687501 0.0124389 0.0124187 0.0122579 0.0117499 0.0124269 0.0124187 0.0114262 0.0123594 0.0133544 0.0126808 0.0125374 0.0121899 0.0123934 0.0114214 0.0117201 0.0121964 0.0114217 0.0120977 0.0114173 0.0125734 0.0117679 0.0117679 0.0119253 0.0115544 0.0131915 0.0130263 0.0118881 0.0121964 0.0120620 0.0120620 0.0115763 0.0114241 0.0117521 0.0114235 0.0119194 0.0112267 0.0122377 0.0114273 0.0117576 0.0125798 0.2672918 0.0129250 0.2689700 0.5141356 
HSV2_8                                  0.2440894 0.2446393 0.2479223 0.2434134 0.2434134 0.2413365 0.2455189 0.2433754 0.2427864 0.2433754 0.2496538 0.2476976 0.2514333 0.2520796 0.2445297 0.2448727 0.2448637 0.2445297 0.0022742 0.0015038 0.0021228 0.0081084 0.0018104 0.0020113 0.0016590 0.0000000 0.0081429 0.0033953 0.0015158 0.0018744 0.0103170 0.0130630 0.0128571 0.0021964 0.0130052 0.0132604 0.2448196 0.2421817 0.2451508 0.2460860 0.2466351 0.2436686 0.2462520 0.0617517 0.2499218 0.2455253 0.2452443 0.0133672 0.2458376 0.2506179 0.2441311 0.2448288 0.2441311 0.2485985 0.2446025 0.2461935 0.2458756 0.0141144 0.0139361 0.0137588 0.0135511 0.0139459 0.0141144 0.0132197 0.0140737 0.0149966 0.0146080 0.0140937 0.0138853 0.0139268 0.0131864 0.0133669 0.0140711 0.0131868 0.0137600 0.0130324 0.0144927 0.0132085 0.0132085 0.0135972 0.0133597 0.0149964 0.0146342 0.0135534 0.0140711 0.0137462 0.0137462 0.0129980 0.0132172 0.0134047 0.0132165 0.0135903 0.0129958 0.0141195 0.0132211 0.0135789 0.0142923 0.2440524 0.0143073 0.2466613 0.4721917 
HSV2_9                                  0.2436910 0.2448763 0.2480011 0.2433167 0.2433167 0.2411038 0.2463220 0.2433167 0.2429961 0.2433167 0.2507071 0.2486460 0.2506648 0.2526527 0.2444483 0.2447821 0.2451789 0.2447759 0.0074366 0.0072586 0.0074285 0.0041383 0.0072872 0.0048826 0.0064345 0.0081429 0.0000000 0.0087991 0.0003770 0.0072093 0.0050615 0.0036381 0.0040311 0.0081596 0.0038787 0.0043271 0.2440756 0.2418989 0.2447721 0.2456918 0.2462755 0.2443940 0.2464598 0.0704410 0.2507873 0.2455735 0.2455062 0.0041761 0.2457148 0.2510165 0.2443855 0.2450646 0.2443855 0.2489930 0.2444695 0.2458320 0.2461851 0.0048064 0.0048064 0.0048064 0.0041787 0.0048102 0.0048064 0.0040369 0.0049426 0.0057289 0.0050968 0.0047962 0.0047846 0.0051153 0.0040233 0.0043290 0.0046339 0.0040234 0.0046526 0.0038789 0.0051241 0.0040316 0.0040316 0.0043502 0.0038687 0.0054184 0.0054163 0.0044857 0.0046339 0.0046474 0.0046474 0.0041701 0.0040344 0.0041912 0.0040342 0.0043476 0.0037129 0.0048084 0.0040358 0.0040373 0.0049608 0.2443088 0.0049666 0.2455766 0.4890893 
HSV2_10                                 0.2645250 0.2657521 0.2687526 0.2641842 0.2641842 0.2615342 0.2670789 0.2641416 0.2637336 0.2641416 0.2708585 0.2691112 0.2715176 0.2730346 0.2656306 0.2659699 0.2663409 0.2659654 0.0037514 0.0028198 0.0029993 0.0037321 0.0031744 0.0028071 0.0030869 0.0033953 0.0087991 0.0000000 0.0007535 0.0022020 0.0062820 0.0083925 0.0095725 0.0029806 0.0085692 0.0079632 0.2655796 0.2626904 0.2659549 0.2661437 0.2667653 0.2644982 0.2652816 0.0655705 0.2718591 0.2667809 0.2663381 0.0085561 0.2669084 0.2694132 0.2655602 0.2662515 0.2655602 0.2694387 0.2652799 0.2666398 0.2673649 0.0095516 0.0093894 0.0092279 0.0082420 0.0093963 0.0095516 0.0085878 0.0088833 0.0098729 0.0093666 0.0092183 0.0088759 0.0085899 0.0083970 0.0088840 0.0088810 0.0083973 0.0090671 0.0085773 0.0094110 0.0084165 0.0084165 0.0086003 0.0087187 0.0098727 0.0095449 0.0087299 0.0088810 0.0085816 0.0085816 0.0082324 0.0082622 0.0084288 0.0082618 0.0085956 0.0083906 0.0090765 0.0085854 0.0092395 0.0097137 0.2654746 0.0097313 0.2678475 0.5037723 
HSV2_11                                 0.2224720 0.2226788 0.2246185 0.2225531 0.2225531 0.2149145 0.2200791 0.2224720 0.2199457 0.2224720 0.2264220 0.2244540 0.2262590 0.2293191 0.2183525 0.2183525 0.2210040 0.2183525 0.0007521 0.0003745 0.0003748 0.0022282 0.0007517 0.0003749 0.0000025 0.0015158 0.0003770 0.0007535 0.0000000 0.0000024 0.0031715 0.0047446 0.0038648 0.0011304 0.0038570 0.0030815 0.2209115 0.2155269 0.2201533 0.2190642 0.2200044 0.2189844 0.2199878 0.0545207 0.2256552 0.2201029 0.2217632 0.0050664 0.2207657 0.2257162 0.2185097 0.2202108 0.2185097 0.2216952 0.2181127 0.2258515 0.2235888 0.0046662 0.0046662 0.0046662 0.0046666 0.0050768 0.0046662 0.0042507 0.0050450 0.0054672 0.0046468 0.0038555 0.0050546 0.0050455 0.0042591 0.0042570 0.0046633 0.0042591 0.0046673 0.0034620 0.0067144 0.0042505 0.0042505 0.0042505 0.0042505 0.0050651 0.0050597 0.0054672 0.0046633 0.0038555 0.0038555 0.0042523 0.0038555 0.0038555 0.0042505 0.0038555 0.0034615 0.0050647 0.0034620 0.0042564 0.0046662 0.2183424 0.0038636 0.2235852 0.4263753 
HSV2_12                                 0.2414557 0.2420202 0.2450156 0.2407583 0.2407583 0.2386166 0.2425438 0.2407197 0.2400730 0.2407197 0.2470491 0.2450720 0.2485191 0.2495456 0.2411694 0.2415230 0.2418673 0.2411694 0.0017165 0.0012418 0.0012449 0.0061121 0.0015578 0.0012651 0.0007739 0.0018744 0.0072093 0.0022020 0.0000024 0.0000000 0.0090196 0.0112451 0.0118504 0.0019025 0.0107324 0.0111663 0.2418230 0.2387414 0.2421643 0.2427761 0.2436927 0.2406381 0.2429438 0.0610198 0.2472336 0.2425498 0.2422593 0.0116385 0.2424411 0.2477255 0.2411133 0.2418324 0.2411133 0.2448994 0.2412424 0.2432388 0.2429107 0.0120332 0.0120332 0.0120330 0.0112878 0.0120423 0.0120332 0.0116668 0.0123558 0.0121861 0.0125364 0.0114600 0.0118069 0.0118449 0.0114554 0.0116390 0.0116351 0.0114557 0.0120342 0.0112981 0.0125959 0.0114769 0.0114769 0.0116881 0.0112742 0.0118269 0.0116441 0.0116476 0.0116351 0.0118416 0.0118416 0.0112654 0.0114849 0.0116742 0.0114842 0.0118611 0.0110857 0.0123991 0.0114885 0.0116722 0.0122134 0.2410333 0.0125892 0.2433644 0.4700509 
HSV2_13                                 0.2214925 0.2230629 0.2243927 0.2207547 0.2207547 0.2190802 0.2231200 0.2207547 0.2205713 0.2207547 0.2266089 0.2243986 0.2266323 0.2278825 0.2221986 0.2225363 0.2229145 0.2225281 0.0090001 0.0091247 0.0098247 0.0029591 0.0091213 0.0075811 0.0084074 0.0103170 0.0050615 0.0062820 0.0031715 0.0090196 0.0000000 0.0034386 0.0034236 0.0098738 0.0035675 0.0034784 0.2224390 0.2208632 0.2224689 0.2240502 0.2239144 0.2217111 0.2244813 0.0619862 0.2267846 0.2228735 0.2228458 0.0024620 0.2238275 0.2279385 0.2217560 0.2224415 0.2217560 0.2266786 0.2232386 0.2251579 0.2238721 0.0032589 0.0031009 0.0029432 0.0032487 0.0029432 0.0032589 0.0037380 0.0043634 0.0050176 0.0048440 0.0043707 0.0038811 0.0038974 0.0024601 0.0037268 0.0040432 0.0024602 0.0029437 0.0032588 0.0039009 0.0034173 0.0034173 0.0035830 0.0035656 0.0050175 0.0046928 0.0035712 0.0040432 0.0038962 0.0038962 0.0032469 0.0034192 0.0037406 0.0032612 0.0039030 0.0035613 0.0042219 0.0031043 0.0040593 0.0034173 0.2216871 0.0040652 0.2242856 0.4445475 
HSV2_14                                 0.2463450 0.2475996 0.2501088 0.2463527 0.2463527 0.2427252 0.2476338 0.2459494 0.2461719 0.2459494 0.2521305 0.2514863 0.2532408 0.2546472 0.2459044 0.2462568 0.2474272 0.2462503 0.0123583 0.0121671 0.0122887 0.0022280 0.0121194 0.0096640 0.0114360 0.0130630 0.0036381 0.0083925 0.0047446 0.0112451 0.0034386 0.0000000 0.0029852 0.0126861 0.0012364 0.0017280 0.2462122 0.2450556 0.2465983 0.2490572 0.2481876 0.2461987 0.2498730 0.0701652 0.2522995 0.2474455 0.2470217 0.0020198 0.2472761 0.2543570 0.2461899 0.2469071 0.2461899 0.2522158 0.2477680 0.2492081 0.2484906 0.0025026 0.0026643 0.0025025 0.0013941 0.0026666 0.0025026 0.0012345 0.0026421 0.0020092 0.0028001 0.0012307 0.0021671 0.0015464 0.0018626 0.0015411 0.0021685 0.0018627 0.0023442 0.0017045 0.0028145 0.0013977 0.0013977 0.0018630 0.0013846 0.0016969 0.0016972 0.0015412 0.0021685 0.0017056 0.0017056 0.0013918 0.0012363 0.0010804 0.0015492 0.0012358 0.0010763 0.0020224 0.0012341 0.0021778 0.0026614 0.2461082 0.0026614 0.2489396 0.4919696 
HSV2_15                                 0.2637791 0.2649004 0.2671929 0.2637884 0.2637884 0.2609581 0.2652618 0.2634137 0.2645182 0.2634137 0.2687953 0.2699572 0.2697740 0.2715627 0.2635448 0.2638680 0.2642706 0.2638634 0.0124176 0.0118698 0.0123528 0.0033134 0.0121389 0.0096307 0.0119474 0.0128571 0.0040311 0.0095725 0.0038648 0.0118504 0.0034236 0.0029852 0.0000000 0.0128416 0.0032450 0.0032970 0.2634944 0.2630215 0.2638515 0.2667734 0.2656230 0.2632004 0.2652734 0.0746064 0.2694799 0.2646400 0.2652753 0.0025078 0.2651347 0.2702842 0.2634756 0.2641340 0.2634756 0.2690848 0.2648044 0.2655067 0.2652462 0.0027855 0.0027839 0.0024988 0.0030771 0.0027861 0.0027813 0.0026457 0.0038045 0.0043843 0.0042377 0.0036592 0.0036574 0.0033566 0.0023662 0.0032253 0.0035158 0.0023663 0.0023580 0.0023646 0.0036543 0.0026380 0.0026380 0.0027914 0.0029384 0.0043842 0.0040935 0.0030849 0.0035158 0.0032170 0.0032170 0.0029312 0.0023661 0.0026464 0.0026490 0.0027898 0.0032265 0.0030789 0.0020813 0.0033649 0.0029229 0.2633948 0.0010976 0.2656551 0.5218047 
HSV2_16                                 0.2429413 0.2437946 0.2481254 0.2422111 0.2422111 0.2411151 0.2456032 0.2421728 0.2423285 0.2421728 0.2504263 0.2482152 0.2508029 0.2526022 0.2446058 0.2446058 0.2449658 0.2449474 0.0024532 0.0015370 0.0017069 0.0080995 0.0018564 0.0019039 0.0016772 0.0021964 0.0081596 0.0029806 0.0011304 0.0019025 0.0098738 0.0126861 0.0128416 0.0000000 0.0120850 0.0126176 0.2445795 0.2412597 0.2449605 0.2455614 0.2465119 0.2434567 0.2463620 0.0639951 0.2504938 0.2454306 0.2449973 0.0129853 0.2458630 0.2507388 0.2445572 0.2452655 0.2445572 0.2486675 0.2443249 0.2453831 0.2459475 0.0135589 0.0135589 0.0135587 0.0129923 0.0135686 0.0135589 0.0128364 0.0136855 0.0138887 0.0138645 0.0129856 0.0136867 0.0137285 0.0128039 0.0131630 0.0135160 0.0128043 0.0135598 0.0126476 0.0141196 0.0128253 0.0128253 0.0133955 0.0126237 0.0135300 0.0133476 0.0133513 0.0135160 0.0135459 0.0135459 0.0127894 0.0128339 0.0130229 0.0128332 0.0132099 0.0124351 0.0137435 0.0128378 0.0128421 0.0137380 0.2444771 0.0139327 0.2458260 0.4859723 
HSV2_17                                 0.2572383 0.2583517 0.2608618 0.2572467 0.2572467 0.2550332 0.2589591 0.2568771 0.2582170 0.2568771 0.2628801 0.2636840 0.2638523 0.2652651 0.2575952 0.2579155 0.2583114 0.2579105 0.0120189 0.0119770 0.0121558 0.0018352 0.0122850 0.0096147 0.0117227 0.0130052 0.0038787 0.0085692 0.0038570 0.0107324 0.0035675 0.0012364 0.0032450 0.0120850 0.0000000 0.0013224 0.2575476 0.2564875 0.2579005 0.2608136 0.2597541 0.2575578 0.2596301 0.0723590 0.2635944 0.2586787 0.2589534 0.0019389 0.2591394 0.2646882 0.2578925 0.2585451 0.2578925 0.2632844 0.2589538 0.2595582 0.2592777 0.0025139 0.0025101 0.0025101 0.0019401 0.0025120 0.0025101 0.0020786 0.0029168 0.0017926 0.0030583 0.0010977 0.0024916 0.0026441 0.0017982 0.0023533 0.0023525 0.0017983 0.0023688 0.0017976 0.0027904 0.0020843 0.0020843 0.0022236 0.0017927 0.0015141 0.0015137 0.0022145 0.0023525 0.0022186 0.0022186 0.0019377 0.0017988 0.0020798 0.0017987 0.0022223 0.0017910 0.0025040 0.0017994 0.0022222 0.0026517 0.2574504 0.0032267 0.2596824 0.5133100 
HSV2_18                                 0.2376739 0.2387844 0.2416362 0.2373003 0.2373003 0.2350501 0.2392311 0.2373003 0.2380697 0.2373003 0.2424456 0.2421928 0.2434944 0.2450975 0.2377140 0.2380476 0.2384676 0.2380408 0.0117505 0.0118598 0.0124163 0.0025825 0.0125796 0.0101081 0.0116616 0.0132604 0.0043271 0.0079632 0.0030815 0.0111663 0.0034784 0.0017280 0.0032970 0.0126176 0.0013224 0.0000000 0.2380223 0.2365697 0.2380550 0.2403596 0.2394994 0.2372980 0.2407585 0.0693517 0.2426497 0.2385020 0.2384215 0.0016196 0.2389984 0.2445249 0.2376691 0.2383474 0.2376691 0.2425106 0.2391418 0.2397841 0.2394103 0.0023756 0.0022250 0.0020747 0.0014699 0.0020747 0.0023756 0.0016262 0.0023680 0.0026714 0.0028196 0.0017699 0.0025160 0.0020762 0.0014698 0.0020682 0.0023674 0.0014699 0.0019246 0.0017739 0.0019277 0.0013260 0.0013260 0.0020790 0.0020669 0.0026714 0.0023695 0.0022200 0.0023674 0.0008815 0.0008815 0.0011738 0.0013270 0.0014779 0.0016257 0.0016284 0.0014697 0.0020772 0.0016263 0.0022263 0.0025263 0.2375949 0.0026827 0.2395230 0.4791822 
JN400093_Human_herpesvirus_1            0.0070899 0.0064766 0.0060403 0.0067908 0.0067908 0.0054373 0.0054519 0.0066398 0.0083183 0.0066398 0.0029351 0.0096227 0.0050995 0.0058741 0.0024547 0.0025932 0.0023196 0.0024544 0.2560204 0.2609995 0.2614343 0.2171792 0.2548314 0.2433094 0.2670696 0.2448196 0.2440756 0.2655796 0.2209115 0.2418230 0.2224390 0.2462122 0.2634944 0.2445795 0.2575476 0.2380223 0.0000000 0.0063312 0.0021769 0.0073445 0.0048494 0.0044200 0.0069107 0.3004305 0.0034835 0.0031503 0.0034361 0.2705915 0.0024584 0.0070679 0.0027289 0.0030068 0.0027289 0.0066009 0.0064615 0.0067444 0.0027358 0.2702567 0.2697059 0.2707249 0.2695152 0.2693374 0.2707245 0.2693428 0.2715341 0.2695428 0.2718531 0.2685415 0.2698549 0.2720262 0.2689743 0.2705728 0.2708782 0.2689789 0.2707155 0.2700051 0.2718550 0.2706534 0.2706534 0.2717691 0.2702328 0.2688833 0.2688356 0.2706181 0.2708782 0.2703504 0.2703504 0.2698540 0.2693922 0.2707210 0.2699739 0.2706034 0.2698601 0.2714090 0.2703909 0.2711627 0.2710463 0.0024498 0.2720843 0.0061637 0.5602191 
JN420337_Human_herpesvirus_1            0.0066814 0.0057683 0.0066762 0.0063825 0.0063825 0.0062062 0.0068101 0.0062317 0.0075934 0.0062317 0.0072442 0.0096584 0.0057388 0.0065271 0.0054626 0.0056072 0.0067894 0.0054619 0.2528686 0.2592803 0.2593406 0.2162072 0.2523681 0.2406265 0.2654054 0.2421817 0.2418989 0.2626904 0.2155269 0.2387414 0.2208632 0.2450556 0.2630215 0.2412597 0.2564875 0.2365697 0.0063312 0.0000000 0.0069222 0.0057663 0.0055990 0.0045914 0.0056342 0.2982830 0.0077894 0.0073697 0.0064819 0.2698985 0.0069478 0.0056186 0.0069200 0.0072143 0.0069200 0.0045465 0.0040205 0.0047445 0.0072318 0.2698015 0.2692503 0.2702713 0.2688202 0.2688813 0.2702709 0.2686471 0.2708430 0.2688477 0.2711627 0.2678444 0.2691605 0.2713357 0.2682781 0.2698797 0.2701858 0.2682828 0.2702619 0.2693106 0.2711638 0.2699603 0.2699603 0.2710778 0.2695391 0.2681869 0.2681385 0.2699249 0.2701858 0.2696566 0.2696566 0.2691591 0.2689360 0.2700278 0.2692795 0.2699103 0.2691658 0.2707171 0.2696970 0.2704701 0.2705933 0.0066209 0.2716332 0.0051701 0.5586987 
