101
HM585496_Human_herpesvirus_1            0.0000000 0.0005391 0.0047560 0.0008102 0.0008102 0.0050360 0.0081994 0.0006741 0.0092619 0.0006741 0.0009464 0.0057656 0.0093668 0.0076480 0.0062377 0.0084781 0.0084781 0.0063525 0.0084781 0.3120493 0.3165755 0.3211685 0.3192645 0.3025732 0.3087311 0.3459757 0.3141057 0.3143512 0.3137544 0.2839341 0.3032385 0.3132039 0.3214977 0.3416272 0.3154822 0.3315228 0.3094852 0.0075603 0.0060017 0.0078520 0.0063518 0.0060763 0.0069638 0.0075562 0.4094889 0.0068313 0.0071503 0.0081761 0.4070060 0.0068125 0.0081954 0.0066521 0.0066509 0.0069468 0.0053252 0.0056159 0.0073961 0.0070958 0.4075178 0.4065819 0.4065819 0.4056580 0.4075178 0.4141729 0.4056546 0.4080860 0.4045930 0.4061133 0.4086881 0.4074833 0.4059864 0.4063069 0.4085896 0.4088148 0.4097803 0.4081236 0.4085539 0.4071490 0.4075472 0.4077029 0.4095171 0.4064413 0.4080738 0.4086689 0.4085896 0.4094100 0.4094100 0.4082290 0.4050821 0.4067098 0.4055735 0.4067098 0.4089800 0.4081074 0.4056771 0.4086701 0.0066509 0.0065033 0.4056901 0.0078918 0.9171449 
HM585497_Human_herpesvirus_1            0.0005391 0.0000000 0.0044622 0.0005385 0.0005385 0.0047413 0.0078872 0.0004033 0.0089438 0.0004033 0.0006740 0.0054673 0.0090496 0.0070286 0.0059356 0.0081668 0.0081653 0.0060513 0.0081653 0.3108684 0.3153432 0.3199592 0.3191741 0.3014393 0.3074675 0.3448004 0.3128998 0.3130918 0.3125971 0.2838305 0.3019943 0.3119980 0.3202228 0.3404465 0.3142362 0.3302983 0.3082706 0.0072533 0.0056978 0.0075440 0.0060506 0.0057756 0.0063557 0.0072486 0.4073099 0.0065275 0.0068430 0.0078662 0.4052339 0.0065084 0.0078834 0.0063492 0.0063481 0.0066426 0.0050291 0.0053184 0.0070896 0.0067908 0.4057483 0.4048139 0.4048139 0.4038897 0.4057483 0.4123796 0.4038867 0.4063105 0.4028284 0.4043473 0.4069086 0.4057086 0.4042186 0.4045366 0.4068152 0.4070414 0.4080006 0.4063499 0.4067797 0.4053790 0.4057746 0.4059304 0.4077395 0.4046697 0.4063003 0.4068932 0.4068152 0.4076347 0.4076347 0.4064538 0.4033153 0.4049394 0.4038057 0.4049394 0.4072027 0.4063329 0.4039102 0.4068956 0.0063481 0.0062012 0.4039242 0.0075812 0.9144621 
HM585498_Human_herpesvirus_1            0.0047560 0.0044622 0.0000000 0.0047514 0.0047514 0.0050539 0.0059023 0.0046045 0.0102027 0.0046045 0.0048972 0.0043070 0.0106307 0.0043424 0.0013566 0.0084687 0.0084671 0.0054831 0.0084671 0.3147832 0.3187144 0.3240225 0.3230239 0.3061822 0.3116980 0.3467402 0.3169282 0.3175333 0.3159458 0.2861222 0.3061691 0.3170670 0.3240150 0.3434775 0.3183977 0.3344795 0.3134170 0.0075514 0.0052606 0.0081507 0.0069541 0.0052063 0.0078832 0.0066527 0.4076381 0.0058986 0.0062083 0.0081588 0.4091623 0.0060715 0.0072656 0.0063481 0.0063470 0.0066415 0.0059253 0.0062191 0.0077172 0.0062187 0.4096701 0.4087339 0.4087339 0.4078121 0.4096701 0.4163427 0.4087849 0.4102446 0.4057694 0.4082638 0.4108504 0.4096420 0.4081393 0.4084623 0.4107460 0.4109696 0.4119412 0.4102799 0.4102401 0.4094156 0.4097034 0.4098586 0.4116759 0.4085980 0.4102301 0.4108267 0.4107460 0.4115661 0.4115661 0.4103872 0.4072352 0.4088647 0.4077269 0.4088647 0.4111394 0.4102648 0.4078292 0.4103564 0.0063470 0.0062001 0.4078411 0.0060458 0.9223174 
HM585499_Human_herpesvirus_1            0.0008102 0.0005385 0.0047514 0.0000000 0.0000010 0.0050312 0.0081920 0.0001332 0.0092538 0.0001332 0.0004035 0.0057602 0.0093586 0.0076411 0.0062319 0.0084705 0.0084705 0.0063466 0.0084705 0.3114719 0.3159388 0.3205761 0.3193664 0.3020199 0.3081137 0.3453635 0.3135158 0.3137010 0.3131883 0.2841373 0.3026313 0.3126141 0.3208731 0.3410129 0.3148725 0.3308875 0.3088917 0.0075544 0.0059960 0.0078459 0.0063459 0.0060706 0.0069574 0.0075494 0.4088539 0.0068250 0.0071438 0.0081688 0.4063638 0.0068063 0.0081881 0.0066459 0.0066447 0.0069405 0.0053201 0.0056106 0.0073894 0.0070893 0.4068765 0.4059412 0.4059412 0.4050173 0.4068765 0.4135224 0.4050140 0.4074424 0.4039536 0.4054733 0.4080430 0.4068401 0.4053458 0.4056654 0.4079464 0.4081720 0.4091351 0.4074807 0.4079108 0.4065075 0.4069048 0.4070605 0.4088727 0.4057993 0.4074310 0.4080252 0.4079464 0.4087664 0.4087664 0.4075856 0.4044419 0.4060682 0.4049329 0.4060682 0.4083358 0.4074642 0.4050368 0.4080269 0.0066447 0.0064973 0.4050502 0.0078847 0.9154423 
HM585500_Human_herpesvirus_1            0.0008102 0.0005385 0.0047514 0.0000010 0.0000000 0.0050312 0.0081920 0.0001332 0.0092538 0.0001332 0.0004035 0.0057602 0.0093586 0.0076411 0.0062319 0.0084705 0.0084705 0.0063466 0.0084705 0.3114719 0.3159388 0.3205761 0.3193664 0.3020199 0.3081137 0.3453635 0.3135158 0.3137010 0.3131883 0.2841373 0.3026313 0.3126141 0.3208731 0.3410129 0.3148725 0.3308875 0.3088917 0.0075544 0.0059960 0.0078459 0.0063459 0.0060706 0.0069574 0.0075494 0.4088539 0.0068250 0.0071438 0.0081688 0.4063638 0.0068063 0.0081881 0.0066459 0.0066447 0.0069405 0.0053201 0.0056106 0.0073894 0.0070893 0.4068765 0.4059412 0.4059412 0.4050173 0.4068765 0.4135224 0.4050140 0.4074424 0.4039536 0.4054733 0.4080430 0.4068401 0.4053458 0.4056654 0.4079464 0.4081720 0.4091351 0.4074807 0.4079108 0.4065075 0.4069048 0.4070605 0.4088727 0.4057993 0.4074310 0.4080252 0.4079464 0.4087664 0.4087664 0.4075856 0.4044419 0.4060682 0.4049329 0.4060682 0.4083358 0.4074642 0.4050368 0.4080269 0.0066447 0.0064973 0.4050502 0.0078847 0.9154423 
HM585501_Human_herpesvirus_1            0.0050360 0.0047413 0.0050539 0.0050312 0.0050312 0.0000000 0.0057815 0.0048838 0.0111882 0.0048838 0.0051773 0.0033078 0.0111931 0.0058261 0.0036027 0.0069520 0.0069508 0.0035899 0.0069508 0.3129170 0.3168025 0.3220325 0.3201675 0.3034211 0.3090675 0.3461146 0.3155866 0.3157198 0.3140524 0.2793283 0.3036600 0.3141081 0.3220894 0.3423255 0.3164188 0.3322739 0.3110092 0.0065099 0.0039331 0.0060541 0.0048817 0.0037441 0.0048847 0.0054733 0.4065288 0.0059309 0.0062423 0.0069533 0.4074781 0.0041685 0.0063748 0.0041613 0.0041605 0.0044462 0.0033075 0.0035898 0.0050251 0.0043028 0.4079878 0.4070540 0.4070540 0.4061329 0.4079878 0.4146304 0.4061294 0.4085559 0.4040977 0.4065863 0.4091574 0.4079547 0.4064602 0.4067805 0.4090578 0.4092822 0.4102467 0.4085930 0.4090223 0.4077324 0.4080180 0.4081732 0.4099837 0.4069149 0.4085433 0.4091372 0.4090578 0.4098762 0.4098762 0.4086985 0.4055581 0.4071823 0.4060484 0.4071823 0.4094480 0.4085770 0.4061514 0.4091382 0.0041605 0.0040181 0.4061642 0.0060789 0.9204121 
HM585502_Human_herpesvirus_1            0.0081994 0.0078872 0.0059023 0.0081920 0.0081920 0.0057815 0.0000000 0.0080356 0.0113505 0.0080356 0.0083462 0.0060531 0.0116879 0.0049177 0.0050229 0.0070946 0.0070933 0.0054800 0.0070933 0.3136447 0.3175215 0.3227795 0.3209415 0.3041635 0.3110761 0.3447143 0.3163310 0.3153984 0.3147651 0.2833757 0.3056353 0.3143538 0.3228773 0.3404734 0.3177794 0.3313886 0.3112546 0.0066521 0.0055583 0.0073957 0.0062097 0.0063917 0.0071286 0.0075497 0.4062240 0.0045872 0.0048880 0.0070966 0.4063249 0.0063571 0.0073271 0.0059036 0.0059025 0.0061951 0.0051966 0.0054877 0.0057818 0.0062152 0.4068368 0.4059032 0.4059032 0.4049809 0.4068368 0.4134702 0.4049777 0.4074016 0.4039193 0.4054362 0.4080010 0.4068003 0.4053089 0.4056278 0.4079047 0.4081299 0.4090911 0.4074398 0.4078692 0.4065804 0.4068649 0.4070204 0.4088292 0.4057615 0.4073902 0.4079833 0.4079047 0.4087232 0.4087232 0.4075445 0.4044066 0.4060299 0.4048967 0.4060299 0.4082933 0.4074233 0.4050005 0.4079850 0.0059025 0.0057566 0.4050138 0.0050244 0.9167051 
HM585503_Human_herpesvirus_1            0.0006741 0.0004033 0.0046045 0.0001332 0.0001332 0.0048838 0.0080356 0.0000000 0.0090933 0.0000010 0.0002687 0.0056109 0.0091986 0.0074855 0.0060807 0.0083138 0.0083138 0.0061959 0.0083138 0.3108158 0.3153544 0.3199008 0.3180665 0.3013932 0.3074130 0.3448019 0.3128450 0.3131040 0.3125447 0.2828390 0.3019434 0.3119437 0.3201610 0.3404494 0.3141789 0.3303045 0.3082178 0.0073993 0.0058440 0.0076902 0.0061952 0.0059202 0.0068047 0.0073953 0.4082688 0.0066723 0.0069899 0.0080127 0.4057723 0.0066540 0.0080317 0.0064944 0.0064932 0.0067882 0.0051720 0.0054618 0.0072359 0.0069366 0.4062858 0.4053511 0.4053511 0.4044272 0.4062858 0.4129229 0.4044240 0.4068496 0.4033650 0.4048840 0.4074488 0.4062476 0.4047559 0.4050746 0.4073539 0.4075798 0.4085406 0.4068885 0.4073184 0.4059167 0.4063130 0.4064687 0.4082790 0.4052080 0.4068388 0.4074323 0.4073539 0.4081735 0.4081735 0.4069928 0.4038525 0.4054773 0.4043430 0.4054773 0.4077422 0.4068717 0.4044473 0.4074344 0.0064932 0.0063461 0.4044609 0.0077291 0.9142841 
HM585504_Human_herpesvirus_1            0.0092619 0.0089438 0.0102027 0.0092538 0.0092538 0.0111882 0.0113505 0.0090933 0.0000000 0.0090933 0.0094115 0.0109757 0.0056224 0.0115961 0.0115005 0.0106818 0.0106818 0.0110095 0.0106818 0.3183372 0.3228362 0.3274148 0.3247531 0.3097880 0.3146571 0.3510750 0.3193812 0.3220531 0.3204630 0.2882764 0.3076226 0.3212308 0.3286706 0.3479281 0.3219765 0.3372472 0.3161230 0.0103634 0.0106888 0.0109936 0.0106775 0.0119996 0.0120009 0.0113159 0.4123266 0.0102085 0.0105525 0.0113181 0.4143385 0.0121229 0.0118363 0.0109823 0.0109803 0.0112966 0.0105402 0.0108557 0.0124719 0.0118118 0.4148398 0.4138969 0.4138969 0.4129744 0.4148398 0.4215971 0.4133769 0.4154330 0.4122987 0.4138277 0.4160519 0.4148271 0.4137084 0.4136316 0.4159324 0.4161535 0.4171461 0.4154632 0.4158960 0.4148825 0.4148825 0.4150375 0.4168738 0.4141805 0.4154129 0.4160170 0.4159324 0.4167569 0.4167569 0.4154307 0.4123917 0.4140355 0.4128873 0.4140355 0.4163354 0.4154507 0.4129871 0.4160133 0.0109803 0.0108225 0.4129962 0.0102726 0.9139670 
HM585505_Human_herpesvirus_1            0.0006741 0.0004033 0.0046045 0.0001332 0.0001332 0.0048838 0.0080356 0.0000010 0.0090933 0.0000000 0.0002687 0.0056109 0.0091986 0.0074855 0.0060807 0.0083138 0.0083138 0.0061959 0.0083138 0.3108158 0.3153544 0.3199008 0.3180665 0.3013932 0.3074130 0.3448019 0.3128450 0.3131040 0.3125447 0.2828390 0.3019434 0.3119437 0.3201610 0.3404494 0.3141789 0.3303045 0.3082178 0.0073993 0.0058440 0.0076902 0.0061952 0.0059202 0.0068047 0.0073953 0.4082688 0.0066723 0.0069899 0.0080127 0.4057723 0.0066540 0.0080317 0.0064944 0.0064932 0.0067882 0.0051720 0.0054618 0.0072359 0.0069366 0.4062858 0.4053511 0.4053511 0.4044272 0.4062858 0.4129229 0.4044240 0.4068496 0.4033650 0.4048840 0.4074488 0.4062476 0.4047559 0.4050746 0.4073539 0.4075798 0.4085406 0.4068885 0.4073184 0.4059167 0.4063130 0.4064687 0.4082790 0.4052080 0.4068388 0.4074323 0.4073539 0.4081735 0.4081735 0.4069928 0.4038525 0.4054773 0.4043430 0.4054773 0.4077422 0.4068717 0.4044473 0.4074344 0.0064932 0.0063461 0.4044609 0.0077291 0.9142841 
HM585506_Human_herpesvirus_1            0.0009464 0.0006740 0.0048972 0.0004035 0.0004035 0.0051773 0.0083462 0.0002687 0.0094115 0.0002687 0.0000000 0.0059079 0.0093555 0.0077945 0.0063815 0.0086249 0.0086249 0.0064957 0.0086249 0.3109599 0.3154312 0.3200479 0.3180191 0.3015322 0.3075675 0.3448690 0.3129921 0.3131830 0.3126859 0.2830218 0.3020959 0.3120919 0.3203161 0.3405177 0.3143308 0.3303776 0.3083663 0.0077065 0.0061465 0.0079985 0.0064950 0.0062195 0.0071083 0.0077014 0.4070365 0.0069758 0.0072957 0.0083225 0.4058278 0.0069567 0.0083422 0.0067957 0.0067945 0.0070909 0.0054669 0.0057580 0.0075409 0.0072401 0.4063411 0.4054066 0.4054066 0.4044829 0.4063411 0.4129773 0.4044798 0.4069050 0.4034208 0.4049395 0.4075042 0.4063031 0.4048115 0.4051302 0.4074091 0.4076349 0.4085958 0.4069438 0.4073736 0.4059721 0.4063684 0.4065241 0.4083341 0.4052637 0.4068942 0.4074875 0.4074091 0.4082285 0.4082285 0.4070482 0.4039083 0.4055328 0.4043988 0.4055328 0.4077975 0.4069271 0.4045029 0.4074896 0.0067945 0.0066467 0.4045166 0.0080351 0.9161580 
HM585508_Human_herpesvirus_1            0.0057656 0.0054673 0.0043070 0.0057602 0.0057602 0.0033078 0.0060531 0.0056109 0.0109757 0.0056109 0.0059079 0.0000000 0.0113106 0.0053653 0.0034488 0.0066268 0.0066256 0.0034478 0.0066256 0.3117460 0.3157199 0.3208522 0.3160855 0.3023124 0.3084438 0.3444092 0.3137600 0.3146092 0.3129081 0.2788485 0.3030324 0.3134864 0.3202447 0.3406333 0.3151950 0.3309639 0.3098047 0.0055957 0.0042242 0.0047228 0.0053061 0.0036006 0.0056129 0.0033005 0.4067054 0.0060492 0.0063601 0.0061841 0.4063758 0.0033006 0.0061975 0.0025961 0.0025957 0.0028742 0.0043031 0.0045893 0.0057534 0.0043012 0.4068878 0.4059539 0.4059539 0.4050313 0.4068878 0.4135238 0.4060020 0.4074529 0.4029971 0.4054867 0.4080526 0.4068514 0.4053594 0.4056785 0.4079561 0.4081813 0.4091431 0.4074911 0.4079206 0.4066313 0.4069160 0.4070715 0.4088811 0.4058122 0.4074415 0.4080348 0.4079561 0.4087749 0.4087749 0.4075958 0.4044569 0.4060807 0.4049471 0.4060807 0.4083449 0.4074746 0.4050509 0.4080365 0.0025957 0.0024568 0.4050642 0.0061969 0.9198989 
HM585509_Human_herpesvirus_1            0.0093668 0.0090496 0.0106307 0.0093586 0.0093586 0.0111931 0.0116879 0.0091986 0.0056224 0.0091986 0.0093555 0.0113106 0.0000000 0.0120274 0.0118380 0.0116527 0.0116527 0.0110148 0.0116527 0.3141402 0.3185731 0.3235380 0.3183962 0.3065453 0.3120342 0.3487036 0.3156681 0.3169607 0.3162779 0.2839785 0.3052560 0.3159104 0.3237974 0.3436350 0.3187955 0.3333816 0.3115595 0.0113310 0.0113504 0.0116477 0.0113292 0.0123386 0.0120040 0.0119721 0.4115782 0.0111873 0.0115372 0.0122957 0.4114214 0.0127847 0.0124977 0.0113174 0.0113153 0.0116324 0.0105465 0.0108613 0.0124739 0.0118152 0.4119266 0.4109870 0.4109870 0.4100644 0.4119266 0.4186396 0.4100601 0.4119425 0.4089901 0.4099497 0.4131214 0.4119052 0.4103914 0.4107180 0.4130103 0.4132329 0.4142142 0.4125427 0.4129742 0.4115594 0.4119640 0.4121192 0.4139457 0.4102897 0.4119262 0.4130927 0.4130103 0.4138327 0.4138327 0.4125058 0.4094847 0.4111213 0.4099784 0.4111213 0.4134081 0.4125286 0.4100796 0.4130910 0.0113153 0.0111571 0.4100903 0.0108660 0.9100792 
HM585510_Human_herpesvirus_1            0.0076480 0.0070286 0.0043424 0.0076411 0.0076411 0.0058261 0.0049177 0.0074855 0.0115961 0.0074855 0.0077945 0.0053653 0.0120274 0.0000000 0.0040521 0.0083781 0.0083765 0.0059702 0.0083765 0.3122075 0.3161677 0.3213064 0.3174670 0.3032274 0.3089449 0.3434333 0.3142955 0.3149959 0.3133576 0.2797673 0.3034641 0.3144316 0.3212249 0.3400839 0.3156757 0.3314470 0.3107661 0.0076232 0.0066653 0.0089931 0.0083818 0.0065962 0.0080853 0.0074683 0.4039609 0.0057998 0.0061104 0.0086757 0.4053122 0.0067079 0.0089227 0.0077585 0.0077571 0.0080587 0.0073291 0.0076300 0.0088485 0.0067150 0.4058254 0.4048929 0.4048929 0.4039707 0.4058254 0.4124433 0.4049400 0.4063865 0.4019410 0.4044272 0.4069836 0.4057859 0.4042989 0.4046163 0.4068901 0.4071158 0.4080732 0.4064258 0.4068547 0.4055684 0.4058517 0.4060072 0.4078126 0.4047491 0.4063763 0.4069680 0.4068901 0.4077079 0.4077079 0.4065295 0.4033975 0.4050182 0.4038869 0.4050182 0.4072769 0.4064089 0.4039911 0.4069704 0.0077571 0.0076067 0.4040050 0.0062491 0.9162741 
HM585511_Human_herpesvirus_1            0.0062377 0.0059356 0.0013566 0.0062319 0.0062319 0.0036027 0.0050229 0.0060807 0.0115005 0.0060807 0.0063815 0.0034488 0.0118380 0.0040521 0.0000000 0.0075523 0.0075509 0.0046059 0.0075509 0.3133027 0.3173208 0.3225114 0.3193337 0.3037337 0.3094784 0.3454370 0.3154174 0.3161812 0.3144966 0.2822673 0.3040551 0.3150767 0.3219209 0.3417342 0.3168362 0.3325899 0.3114082 0.0066482 0.0040808 0.0072413 0.0060588 0.0043318 0.0066685 0.0057619 0.4059387 0.0050192 0.0053228 0.0072471 0.4074371 0.0053323 0.0063649 0.0054623 0.0054614 0.0057521 0.0050425 0.0053326 0.0068094 0.0053323 0.4079480 0.4070122 0.4070122 0.4060890 0.4079480 0.4146049 0.4070615 0.4085173 0.4040494 0.4065435 0.4091200 0.4079148 0.4064171 0.4067380 0.4090203 0.4092452 0.4102117 0.4085544 0.4085148 0.4076920 0.4079782 0.4081337 0.4099481 0.4068727 0.4085047 0.4090999 0.4090203 0.4098404 0.4098404 0.4086602 0.4055130 0.4071407 0.4060043 0.4071407 0.4094113 0.4085385 0.4061077 0.4086310 0.0054614 0.0053164 0.4061204 0.0051650 0.9200429 
HM585512_Human_herpesvirus_1            0.0084781 0.0081668 0.0084687 0.0084705 0.0084705 0.0069520 0.0070946 0.0083138 0.0106818 0.0083138 0.0086249 0.0066268 0.0116527 0.0083781 0.0075523 0.0000000 0.0000010 0.0066404 0.0000010 0.3125306 0.3164527 0.3211706 0.3191149 0.3033144 0.3110203 0.3452065 0.3151998 0.3134893 0.3131473 0.2820724 0.3052448 0.3129900 0.3220585 0.3407576 0.3169483 0.3301150 0.3104255 0.0041518 0.0069023 0.0047276 0.0061921 0.0083288 0.0089286 0.0060363 0.4099277 0.0057626 0.0060730 0.0070823 0.4075689 0.0079860 0.0081650 0.0060359 0.0060348 0.0063273 0.0069506 0.0072479 0.0084616 0.0073858 0.4080798 0.4071435 0.4071435 0.4062199 0.4080798 0.4147414 0.4062164 0.4086498 0.4051538 0.4068235 0.4092530 0.4080470 0.4065481 0.4068694 0.4091530 0.4093778 0.4103452 0.4086868 0.4091173 0.4078238 0.4081102 0.4082658 0.4100814 0.4070042 0.4086370 0.4092326 0.4091530 0.4099735 0.4099735 0.4087928 0.4056436 0.4072723 0.4061352 0.4072723 0.4095443 0.4086709 0.4062385 0.4092335 0.0060348 0.0058889 0.4062512 0.0059095 0.9242740 
HM585513_Human_herpesvirus_1            0.0084781 0.0081653 0.0084671 0.0084705 0.0084705 0.0069508 0.0070933 0.0083138 0.0106818 0.0083138 0.0086249 0.0066256 0.0116527 0.0083765 0.0075509 0.0000010 0.0000000 0.0066392 0.0000010 0.3130255 0.3169413 0.3216774 0.3200904 0.3037903 0.3115513 0.3456704 0.3157058 0.3139889 0.3136315 0.2830649 0.3057670 0.3134958 0.3225941 0.3412245 0.3174721 0.3305994 0.3109358 0.0041511 0.0069011 0.0047268 0.0061910 0.0083273 0.0089269 0.0060352 0.4098159 0.0057626 0.0060719 0.0070823 0.4080495 0.0079845 0.0081635 0.0060348 0.0060337 0.0063261 0.0069494 0.0072466 0.0084601 0.0073844 0.4085598 0.4076230 0.4076230 0.4066996 0.4085598 0.4152277 0.4066960 0.4091314 0.4056324 0.4073023 0.4097357 0.4085283 0.4070276 0.4073495 0.4096342 0.4098588 0.4108279 0.4091679 0.4095985 0.4083041 0.4085911 0.4087466 0.4105635 0.4074847 0.4091181 0.4097142 0.4096342 0.4104550 0.4104550 0.4092743 0.4061229 0.4077525 0.4066147 0.4077525 0.4100264 0.4091522 0.4067177 0.4097148 0.0060337 0.0058879 0.4067302 0.0059084 0.9242740 
HM585514_Human_herpesvirus_1            0.0063525 0.0060513 0.0054831 0.0063466 0.0063466 0.0035899 0.0054800 0.0061959 0.0110095 0.0061959 0.0064957 0.0034478 0.0110148 0.0059702 0.0046059 0.0066404 0.0066392 0.0000000 0.0066392 0.3124710 0.3164365 0.3215965 0.3171467 0.3034963 0.3086751 0.3453605 0.3145693 0.3153425 0.3136182 0.2788452 0.3037948 0.3142278 0.3210290 0.3410525 0.3159608 0.3318783 0.3105508 0.0064931 0.0037862 0.0066466 0.0053121 0.0035929 0.0053112 0.0057614 0.4084523 0.0054759 0.0057836 0.0064909 0.4067266 0.0047362 0.0068150 0.0045937 0.0045929 0.0048803 0.0034426 0.0037249 0.0051599 0.0016276 0.4072391 0.4063030 0.4063030 0.4053787 0.4072391 0.4138934 0.4063516 0.4078066 0.4033392 0.4058345 0.4084083 0.4072037 0.4057073 0.4060276 0.4083106 0.4085360 0.4095010 0.4078445 0.4082750 0.4069824 0.4072680 0.4074238 0.4092380 0.4061618 0.4077947 0.4083897 0.4083106 0.4091312 0.4091312 0.4079497 0.4048027 0.4064306 0.4052942 0.4064306 0.4087007 0.4078282 0.4053979 0.4083911 0.0045929 0.0044496 0.4054111 0.0059217 0.9206215 
HM585515_Human_herpesvirus_1            0.0084781 0.0081653 0.0084671 0.0084705 0.0084705 0.0069508 0.0070933 0.0083138 0.0106818 0.0083138 0.0086249 0.0066256 0.0116527 0.0083765 0.0075509 0.0000010 0.0000010 0.0066392 0.0000000 0.3130255 0.3169413 0.3216774 0.3200904 0.3037903 0.3115513 0.3456704 0.3157058 0.3139889 0.3136315 0.2830649 0.3057670 0.3134958 0.3225941 0.3412245 0.3174721 0.3305994 0.3109358 0.0041511 0.0069011 0.0047268 0.0061910 0.0083273 0.0089269 0.0060352 0.4098159 0.0057626 0.0060719 0.0070823 0.4080495 0.0079845 0.0081635 0.0060348 0.0060337 0.0063261 0.0069494 0.0072466 0.0084601 0.0073844 0.4085598 0.4076230 0.4076230 0.4066996 0.4085598 0.4152277 0.4066960 0.4091314 0.4056324 0.4073023 0.4097357 0.4085283 0.4070276 0.4073495 0.4096342 0.4098588 0.4108279 0.4091679 0.4095985 0.4083041 0.4085911 0.4087466 0.4105635 0.4074847 0.4091181 0.4097142 0.4096342 0.4104550 0.4104550 0.4092743 0.4061229 0.4077525 0.4066147 0.4077525 0.4100264 0.4091522 0.4067177 0.4097148 0.0060337 0.0058879 0.4067302 0.0059084 0.9242740 
HSV2_1                                  0.3120493 0.3108684 0.3147832 0.3114719 0.3114719 0.3129170 0.3136447 0.3108158 0.3183372 0.3108158 0.3109599 0.3117460 0.3141402 0.3122075 0.3133027 0.3125306 0.3130255 0.3124710 0.3130255 0.0000000 0.0009921 0.0015098 0.0050022 0.0067074 0.0010554 0.0013114 0.0008365 0.0038184 0.0008160 0.0003428 0.0010472 0.0062667 0.0064128 0.0064819 0.0012014 0.0071805 0.0074384 0.3143653 0.3125413 0.3148597 0.3159699 0.3150522 0.3163413 0.3142789 0.0608030 0.3111281 0.3110426 0.3126672 0.0065002 0.3149077 0.3129520 0.3145264 0.3144281 0.3154417 0.3106243 0.3111295 0.3154125 0.3151583 0.0068644 0.0065002 0.0065002 0.0069852 0.0068644 0.0066175 0.0062678 0.0065524 0.0060687 0.0059909 0.0071872 0.0068101 0.0062660 0.0062251 0.0062585 0.0071651 0.0073663 0.0068020 0.0064383 0.0066262 0.0068109 0.0066871 0.0073456 0.0061887 0.0067355 0.0073450 0.0062585 0.0069797 0.0069797 0.0072633 0.0067928 0.0068033 0.0062486 0.0068033 0.0074353 0.0070016 0.0066200 0.0068147 0.3144281 0.3139215 0.0068458 0.3121876 0.6925640 
HSV2_2                                  0.3165755 0.3153432 0.3187144 0.3159388 0.3159388 0.3168025 0.3175215 0.3153544 0.3228362 0.3153544 0.3154312 0.3157199 0.3185731 0.3161677 0.3173208 0.3164527 0.3169413 0.3164365 0.3169413 0.0009921 0.0000000 0.0011736 0.0056962 0.0071662 0.0012345 0.0016174 0.0006684 0.0037921 0.0008131 0.0003428 0.0010479 0.0064241 0.0070044 0.0068522 0.0012039 0.0074979 0.0074265 0.3185701 0.3164455 0.3185601 0.3203213 0.3189167 0.3196349 0.3176502 0.0639525 0.3154366 0.3153519 0.3170582 0.0068678 0.3192693 0.3162251 0.3188977 0.3187997 0.3197984 0.3145465 0.3155419 0.3193343 0.3190207 0.0072259 0.0068678 0.0068678 0.0072228 0.0072259 0.0068612 0.0065155 0.0067944 0.0059645 0.0062407 0.0074241 0.0070515 0.0066951 0.0064729 0.0065069 0.0075813 0.0075999 0.0072225 0.0070427 0.0068698 0.0070522 0.0072313 0.0075786 0.0064377 0.0069760 0.0075779 0.0065069 0.0073983 0.0073983 0.0074997 0.0070337 0.0070436 0.0064968 0.0070436 0.0076689 0.0072404 0.0068636 0.0070560 0.3187997 0.3183005 0.0072070 0.3155974 0.6838466 
HSV2_3                                  0.3211685 0.3199592 0.3240225 0.3205761 0.3205761 0.3220325 0.3227795 0.3199008 0.3274148 0.3199008 0.3200479 0.3208522 0.3235380 0.3213064 0.3225114 0.3211706 0.3216774 0.3215965 0.3216774 0.0015098 0.0011736 0.0000000 0.0063927 0.0072442 0.0014120 0.0018315 0.0010208 0.0040720 0.0008320 0.0003428 0.0015782 0.0067265 0.0066033 0.0068722 0.0010315 0.0072830 0.0076890 0.3230175 0.3216814 0.3235273 0.3251729 0.3242357 0.3255627 0.3234647 0.0631049 0.3205609 0.3204728 0.3217863 0.0068913 0.3240751 0.3223988 0.3236955 0.3235929 0.3246263 0.3197013 0.3202163 0.3245943 0.3243428 0.0072600 0.0068913 0.0068913 0.0072577 0.0072600 0.0068845 0.0065292 0.0068168 0.0059624 0.0062457 0.0074635 0.0070802 0.0065283 0.0064849 0.0065195 0.0074403 0.0076452 0.0070717 0.0067027 0.0068935 0.0070810 0.0070809 0.0076236 0.0064486 0.0070028 0.0076229 0.0065195 0.0072520 0.0072520 0.0075425 0.0070621 0.0072580 0.0065089 0.0072580 0.0077168 0.0072749 0.0070715 0.0070850 0.3235929 0.3230763 0.0072413 0.3208025 0.6916611 
HSV2_4                                  0.3192645 0.3191741 0.3230239 0.3193664 0.3193664 0.3201675 0.3209415 0.3180665 0.3247531 0.3180665 0.3180191 0.3160855 0.3183962 0.3174670 0.3193337 0.3191149 0.3200904 0.3171467 0.3200904 0.0050022 0.0056962 0.0063927 0.0000000 0.0016147 0.0050036 0.0056928 0.0056944 0.0019424 0.0050039 0.0020498 0.0050061 0.0012909 0.0016150 0.0012843 0.0053476 0.0022663 0.0022760 0.3222273 0.3182123 0.3202853 0.3231583 0.3246046 0.3223661 0.3185456 0.0576931 0.3161350 0.3159660 0.3189298 0.0016147 0.3230768 0.3197393 0.3195343 0.3203349 0.3203349 0.3192002 0.3201963 0.3259659 0.3214383 0.0019418 0.0016147 0.0016147 0.0019423 0.0019418 0.0012844 0.0016156 0.0012862 0.0019430 0.0019352 0.0012850 0.0012856 0.0012924 0.0022819 0.0009612 0.0019417 0.0022648 0.0009577 0.0012889 0.0016119 0.0016112 0.0009587 0.0019374 0.0012880 0.0012859 0.0016111 0.0009612 0.0026041 0.0026041 0.0016184 0.0016093 0.0012800 0.0009602 0.0012800 0.0012894 0.0009602 0.0012814 0.0016147 0.3193385 0.3193385 0.0016090 0.3192524 0.6343875 
HSV2_5                                  0.3025732 0.3014393 0.3061822 0.3020199 0.3020199 0.3034211 0.3041635 0.3013932 0.3097880 0.3013932 0.3015322 0.3023124 0.3065453 0.3032274 0.3037337 0.3033144 0.3037903 0.3034963 0.3037903 0.0067074 0.0071662 0.0072442 0.0016147 0.0000000 0.0071746 0.0060733 0.0067968 0.0016813 0.0060775 0.0031800 0.0055366 0.0005022 0.0017671 0.0007952 0.0070334 0.0016316 0.0013590 0.3045972 0.3025052 0.3045776 0.3058456 0.3054891 0.3055597 0.3040279 0.0609107 0.3017963 0.3017144 0.3031078 0.0006344 0.3053580 0.3028807 0.3049972 0.3049048 0.3058828 0.3011399 0.3016270 0.3064408 0.3060830 0.0009536 0.0006344 0.0006344 0.0011137 0.0009536 0.0026014 0.0016070 0.0014572 0.0017713 0.0022830 0.0016070 0.0012805 0.0009568 0.0021011 0.0007967 0.0012745 0.0011161 0.0014408 0.0007939 0.0012787 0.0011162 0.0012798 0.0017635 0.0014591 0.0016208 0.0017633 0.0007967 0.0014363 0.0014363 0.0012961 0.0012776 0.0009573 0.0007954 0.0009573 0.0012981 0.0011203 0.0009577 0.0007954 0.3049048 0.3044159 0.0011155 0.3019992 0.6565918 
HSV2_6                                  0.3087311 0.3074675 0.3116980 0.3081137 0.3081137 0.3090675 0.3110761 0.3074130 0.3146571 0.3074130 0.3075675 0.3084438 0.3120342 0.3089449 0.3094784 0.3110203 0.3115513 0.3086751 0.3115513 0.0010554 0.0012345 0.0014120 0.0050036 0.0071746 0.0000000 0.0014125 0.0010565 0.0038602 0.0003502 0.0003429 0.0012473 0.0065922 0.0063545 0.0067548 0.0010599 0.0073640 0.0076143 0.3118430 0.3092502 0.3118271 0.3135639 0.3119833 0.3133213 0.3106171 0.0583167 0.3087257 0.3086340 0.3100265 0.0067741 0.3118278 0.3103282 0.3120168 0.3119121 0.3129994 0.3078360 0.3083778 0.3129687 0.3115525 0.0071663 0.0067741 0.0067741 0.0071692 0.0071663 0.0067676 0.0065892 0.0068945 0.0063725 0.0060930 0.0075860 0.0071768 0.0065881 0.0065409 0.0065786 0.0073630 0.0077798 0.0071676 0.0067740 0.0069775 0.0071776 0.0069756 0.0077565 0.0065013 0.0070932 0.0077558 0.0065786 0.0073600 0.0073600 0.0074695 0.0071551 0.0071691 0.0065674 0.0071691 0.0076543 0.0073846 0.0069705 0.0069845 0.3119121 0.3113686 0.0071467 0.3089616 0.6681941 
HSV2_7                                  0.3459757 0.3448004 0.3467402 0.3453635 0.3453635 0.3461146 0.3447143 0.3448019 0.3510750 0.3448019 0.3448690 0.3444092 0.3487036 0.3434333 0.3454370 0.3452065 0.3456704 0.3453605 0.3456704 0.0013114 0.0016174 0.0018315 0.0056928 0.0060733 0.0014125 0.0000000 0.0011624 0.0035819 0.0011220 0.0006869 0.0008710 0.0063728 0.0069930 0.0059093 0.0015509 0.0065843 0.0070207 0.3476634 0.3440479 0.3486069 0.3493211 0.3481697 0.3507341 0.3488924 0.0662881 0.3437330 0.3436519 0.3465024 0.0064815 0.3474620 0.3461765 0.3478698 0.3477713 0.3487060 0.3434178 0.3443502 0.3489337 0.3477960 0.0064808 0.0061615 0.0061615 0.0068008 0.0064808 0.0083387 0.0069905 0.0057833 0.0069824 0.0059373 0.0076429 0.0066461 0.0064946 0.0064579 0.0068108 0.0069607 0.0068142 0.0064783 0.0064776 0.0064910 0.0063247 0.0064851 0.0072825 0.0057875 0.0059438 0.0072813 0.0068108 0.0067966 0.0067966 0.0072091 0.0064712 0.0066402 0.0058308 0.0066402 0.0070352 0.0071390 0.0066385 0.0063284 0.3477713 0.3473041 0.0064660 0.3435103 0.7299974 
HSV2_8                                  0.3141057 0.3128998 0.3169282 0.3135158 0.3135158 0.3155866 0.3163310 0.3128450 0.3193812 0.3128450 0.3129921 0.3137600 0.3156681 0.3142955 0.3154174 0.3151998 0.3157058 0.3145693 0.3157058 0.0008365 0.0006684 0.0010208 0.0056944 0.0067968 0.0010565 0.0011624 0.0000000 0.0036612 0.0004962 0.0006872 0.0008728 0.0064929 0.0062277 0.0067074 0.0006860 0.0072735 0.0073389 0.3170030 0.3152123 0.3169916 0.3187116 0.3172046 0.3185175 0.3158266 0.0599080 0.3141011 0.3140134 0.3152651 0.0067260 0.3176228 0.3149863 0.3171665 0.3170655 0.3181000 0.3132478 0.3137635 0.3181395 0.3173126 0.0070947 0.0067260 0.0067260 0.0070915 0.0070947 0.0067193 0.0063619 0.0064683 0.0061595 0.0059005 0.0073000 0.0069148 0.0063648 0.0063200 0.0063542 0.0072752 0.0074796 0.0069065 0.0065375 0.0067280 0.0069156 0.0069154 0.0074585 0.0061028 0.0066547 0.0074578 0.0063542 0.0070869 0.0070869 0.0071894 0.0068972 0.0070918 0.0063441 0.0070918 0.0075508 0.0071093 0.0069063 0.0069194 0.3170655 0.3165484 0.0070754 0.3143335 0.6876180 
HSV2_9                                  0.3143512 0.3130918 0.3175333 0.3137010 0.3137010 0.3157198 0.3153984 0.3131040 0.3220531 0.3131040 0.3131830 0.3146092 0.3169607 0.3149959 0.3161812 0.3134893 0.3139889 0.3153425 0.3139889 0.0038184 0.0037921 0.0040720 0.0019424 0.0016813 0.0038602 0.0035819 0.0036612 0.0000000 0.0032495 0.0024534 0.0034421 0.0013613 0.0028537 0.0016583 0.0037658 0.0021711 0.0020705 0.3162241 0.3142907 0.3162123 0.3182594 0.3178822 0.3181243 0.3163463 0.0616581 0.3130175 0.3129309 0.3149233 0.0014911 0.3182449 0.3147028 0.3168033 0.3167036 0.3177259 0.3123527 0.3133717 0.3174534 0.3179889 0.0018273 0.0014911 0.0014911 0.0018268 0.0018273 0.0016605 0.0016658 0.0020212 0.0021746 0.0025399 0.0021740 0.0018318 0.0016636 0.0023490 0.0013260 0.0021634 0.0021687 0.0019985 0.0016583 0.0018303 0.0016605 0.0018319 0.0023351 0.0020228 0.0021928 0.0023349 0.0013260 0.0019934 0.0019934 0.0020286 0.0018272 0.0018301 0.0013238 0.0018301 0.0023711 0.0020035 0.0016614 0.0016616 0.3167036 0.3161925 0.0019939 0.3131791 0.6879456 
HSV2_10                                 0.3137544 0.3125971 0.3159458 0.3131883 0.3131883 0.3140524 0.3147651 0.3125447 0.3204630 0.3125447 0.3126859 0.3129081 0.3162779 0.3133576 0.3144966 0.3131473 0.3136315 0.3136182 0.3136315 0.0008160 0.0008131 0.0008320 0.0050039 0.0060775 0.0003502 0.0011220 0.0004962 0.0032495 0.0000000 0.0003428 0.0008720 0.0058475 0.0062233 0.0059376 0.0005127 0.0064945 0.0066824 0.3154725 0.3136885 0.3154606 0.3175396 0.3161448 0.3174076 0.3148911 0.0603571 0.3126257 0.3125417 0.3143038 0.0059471 0.3160020 0.3134747 0.3156299 0.3155334 0.3165252 0.3118094 0.3127983 0.3164965 0.3162485 0.0062996 0.0059471 0.0059471 0.0062977 0.0062996 0.0059412 0.0056001 0.0057068 0.0054087 0.0051660 0.0064911 0.0061270 0.0057756 0.0055627 0.0055921 0.0066495 0.0066660 0.0062969 0.0061191 0.0059488 0.0061276 0.0061275 0.0066468 0.0053562 0.0058837 0.0066462 0.0055921 0.0064699 0.0064699 0.0065616 0.0061120 0.0062979 0.0055833 0.0062979 0.0067295 0.0063122 0.0061194 0.0061312 0.3155334 0.3150376 0.0062835 0.3128464 0.6939071 
HSV2_11                                 0.2839341 0.2838305 0.2861222 0.2841373 0.2841373 0.2793283 0.2833757 0.2828390 0.2882764 0.2828390 0.2830218 0.2788485 0.2839785 0.2797673 0.2822673 0.2820724 0.2830649 0.2788452 0.2830649 0.0003428 0.0003428 0.0003428 0.0020498 0.0031800 0.0003429 0.0006869 0.0006872 0.0024534 0.0003428 0.0000000 0.0000029 0.0028207 0.0028140 0.0024520 0.0003429 0.0035343 0.0039171 0.2867612 0.2811182 0.2811454 0.2851135 0.2834774 0.2825509 0.2805851 0.0536526 0.2789449 0.2787780 0.2818528 0.0031799 0.2860430 0.2809367 0.2832221 0.2820088 0.2830390 0.2788357 0.2788357 0.2885510 0.2811689 0.0035418 0.0031799 0.0031799 0.0035427 0.0035418 0.0024520 0.0028166 0.0028137 0.0024549 0.0031676 0.0031763 0.0028089 0.0028198 0.0024425 0.0024520 0.0031798 0.0039048 0.0028090 0.0028198 0.0035472 0.0035472 0.0028124 0.0035335 0.0028128 0.0028128 0.0028128 0.0024520 0.0042763 0.0042763 0.0036307 0.0028093 0.0031684 0.0024520 0.0031684 0.0032497 0.0024520 0.0028089 0.0028198 0.2830390 0.2820088 0.0031683 0.2811912 0.5783027 
HSV2_12                                 0.3032385 0.3019943 0.3061691 0.3026313 0.3026313 0.3036600 0.3056353 0.3019434 0.3076226 0.3019434 0.3020959 0.3030324 0.3052560 0.3034641 0.3040551 0.3052448 0.3057670 0.3037948 0.3057670 0.0010472 0.0010479 0.0015782 0.0050061 0.0055366 0.0012473 0.0008710 0.0008728 0.0034421 0.0008720 0.0000029 0.0000000 0.0051611 0.0051738 0.0053261 0.0012279 0.0057176 0.0059393 0.3060597 0.3038182 0.3060395 0.3080781 0.3065203 0.3078345 0.3048621 0.0569815 0.3033061 0.3032161 0.3045963 0.0053417 0.3063749 0.3048867 0.3065536 0.3064517 0.3075256 0.3024342 0.3029693 0.3080661 0.3060968 0.0057216 0.0053417 0.0053417 0.0055300 0.0057216 0.0053359 0.0053543 0.0052758 0.0053470 0.0052716 0.0059300 0.0055357 0.0053553 0.0051285 0.0049589 0.0057174 0.0061172 0.0055288 0.0051481 0.0057323 0.0055363 0.0055362 0.0060986 0.0052813 0.0054670 0.0060980 0.0049589 0.0057147 0.0057147 0.0058054 0.0055208 0.0055299 0.0049504 0.0055299 0.0059870 0.0057342 0.0053382 0.0053489 0.3064517 0.3059150 0.0057047 0.3032149 0.6323075 
HSV2_13                                 0.3132039 0.3119980 0.3170670 0.3126141 0.3126141 0.3141081 0.3143538 0.3119437 0.3212308 0.3119437 0.3120919 0.3134864 0.3159104 0.3144316 0.3150767 0.3129900 0.3134958 0.3142278 0.3134958 0.0062667 0.0064241 0.0067265 0.0012909 0.0005022 0.0065922 0.0063728 0.0064929 0.0013613 0.0058475 0.0028207 0.0051611 0.0000000 0.0010524 0.0006649 0.0064367 0.0011692 0.0010247 0.3148447 0.3132286 0.3148318 0.3167289 0.3168652 0.3171088 0.3153113 0.0623269 0.3118734 0.3117859 0.3133564 0.0003310 0.3167152 0.3130066 0.3152551 0.3151545 0.3161891 0.3112703 0.3117858 0.3168822 0.3169735 0.0006636 0.0003310 0.0003310 0.0008308 0.0006636 0.0008332 0.0010036 0.0013549 0.0011726 0.0020439 0.0013423 0.0010027 0.0003317 0.0018571 0.0004990 0.0006636 0.0010003 0.0010016 0.0003310 0.0008328 0.0008326 0.0008333 0.0015069 0.0011841 0.0015264 0.0015067 0.0004990 0.0009983 0.0009983 0.0010160 0.0010004 0.0010018 0.0004982 0.0010018 0.0013598 0.0010041 0.0008327 0.0006650 0.3151545 0.3146374 0.0008321 0.3121027 0.6850605 
HSV2_14                                 0.3214977 0.3202228 0.3240150 0.3208731 0.3208731 0.3220894 0.3228773 0.3201610 0.3286706 0.3201610 0.3203161 0.3202447 0.3237974 0.3212249 0.3219209 0.3220585 0.3225941 0.3210290 0.3225941 0.0064128 0.0070044 0.0066033 0.0016150 0.0017671 0.0063545 0.0069930 0.0062277 0.0028537 0.0062233 0.0028140 0.0051738 0.0010524 0.0000000 0.0022887 0.0062543 0.0021091 0.0021338 0.3234246 0.3217191 0.3234171 0.3254029 0.3238110 0.3258145 0.3221706 0.0632163 0.3202849 0.3201919 0.3218297 0.0021141 0.3242443 0.3221487 0.3238440 0.3237356 0.3248259 0.3196303 0.3201735 0.3255432 0.3233790 0.0024714 0.0021141 0.0021141 0.0024706 0.0024714 0.0021116 0.0022961 0.0012218 0.0013991 0.0022842 0.0015783 0.0022945 0.0019380 0.0024746 0.0017562 0.0022915 0.0028379 0.0022918 0.0021126 0.0024764 0.0024764 0.0022947 0.0017527 0.0010456 0.0013980 0.0017526 0.0017562 0.0026515 0.0026515 0.0023290 0.0022889 0.0024707 0.0017532 0.0024707 0.0021432 0.0021185 0.0022917 0.0022964 0.3237356 0.3231907 0.0026469 0.3205396 0.6916791 
HSV2_15                                 0.3416272 0.3404465 0.3434775 0.3410129 0.3410129 0.3423255 0.3404734 0.3404494 0.3479281 0.3404494 0.3405177 0.3406333 0.3436350 0.3400839 0.3417342 0.3407576 0.3412245 0.3410525 0.3412245 0.0064819 0.0068522 0.0068722 0.0012843 0.0007952 0.0067548 0.0059093 0.0067074 0.0016583 0.0059376 0.0024520 0.0053261 0.0006649 0.0022887 0.0000000 0.0067641 0.0015552 0.0016951 0.3430322 0.3384898 0.3439812 0.3446021 0.3434080 0.3455106 0.3449503 0.0676341 0.3388062 0.3387247 0.3418038 0.0008805 0.3437079 0.3416038 0.3436463 0.3435480 0.3444899 0.3386338 0.3395728 0.3443380 0.3435037 0.0010283 0.0007329 0.0007329 0.0014748 0.0010283 0.0025431 0.0017777 0.0014902 0.0017786 0.0027075 0.0017776 0.0013270 0.0013297 0.0022340 0.0010289 0.0017732 0.0013284 0.0013258 0.0011768 0.0011804 0.0010302 0.0010289 0.0019220 0.0014919 0.0016413 0.0019217 0.0010289 0.0013262 0.0013262 0.0018002 0.0011756 0.0010292 0.0007323 0.0010292 0.0013441 0.0014779 0.0011775 0.0013280 0.3435480 0.3430772 0.0002914 0.3390462 0.7114687 
HSV2_16                                 0.3154822 0.3142362 0.3183977 0.3148725 0.3148725 0.3164188 0.3177794 0.3141789 0.3219765 0.3141789 0.3143308 0.3151950 0.3187955 0.3156757 0.3168362 0.3169483 0.3174721 0.3159608 0.3174721 0.0012014 0.0012039 0.0010315 0.0053476 0.0070334 0.0010599 0.0015509 0.0006860 0.0037658 0.0005127 0.0003429 0.0012279 0.0064367 0.0062543 0.0067641 0.0000000 0.0071585 0.0074156 0.3185476 0.3166275 0.3190719 0.3196465 0.3186845 0.3206387 0.3178636 0.0613818 0.3154776 0.3153869 0.3167495 0.0067832 0.3191148 0.3170553 0.3187170 0.3186123 0.3196810 0.3145948 0.3151274 0.3196492 0.3187960 0.0071654 0.0067832 0.0067832 0.0069707 0.0071654 0.0067762 0.0064070 0.0067051 0.0061971 0.0061144 0.0073772 0.0069789 0.0064080 0.0063622 0.0063980 0.0073523 0.0075645 0.0069703 0.0065878 0.0067854 0.0069797 0.0069795 0.0075423 0.0063244 0.0068989 0.0075416 0.0063980 0.0071572 0.0071572 0.0072639 0.0069604 0.0069706 0.0063874 0.0069706 0.0076383 0.0071806 0.0067788 0.0069838 0.3186123 0.3180781 0.0071451 0.3162540 0.6797812 
HSV2_17                                 0.3315228 0.3302983 0.3344795 0.3308875 0.3308875 0.3322739 0.3313886 0.3303045 0.3372472 0.3303045 0.3303776 0.3309639 0.3333816 0.3314470 0.3325899 0.3301150 0.3305994 0.3318783 0.3305994 0.0071805 0.0074979 0.0072830 0.0022663 0.0016316 0.0073640 0.0065843 0.0072735 0.0021711 0.0064945 0.0035343 0.0057176 0.0011692 0.0021091 0.0015552 0.0071585 0.0000000 0.0018694 0.3324864 0.3305326 0.3329773 0.3346298 0.3343990 0.3356947 0.3350223 0.0644036 0.3290698 0.3289853 0.3318649 0.0013989 0.3342319 0.3313711 0.3331485 0.3330486 0.3340311 0.3290428 0.3300233 0.3349251 0.3345000 0.0017136 0.0013989 0.0013989 0.0018707 0.0017136 0.0013972 0.0018763 0.0015703 0.0020352 0.0026975 0.0015584 0.0015570 0.0017183 0.0023576 0.0010852 0.0021870 0.0020323 0.0017128 0.0015553 0.0018764 0.0017167 0.0015569 0.0013955 0.0015726 0.0017299 0.0017095 0.0010852 0.0020288 0.0020288 0.0017385 0.0015534 0.0017128 0.0010834 0.0017128 0.0017351 0.0018749 0.0017139 0.0015580 0.3330486 0.3325575 0.0018685 0.3298630 0.7126689 
HSV2_18                                 0.3094852 0.3082706 0.3134170 0.3088917 0.3088917 0.3110092 0.3112546 0.3082178 0.3161230 0.3082178 0.3083663 0.3098047 0.3115595 0.3107661 0.3114082 0.3104255 0.3109358 0.3105508 0.3109358 0.0074384 0.0074265 0.0076890 0.0022760 0.0013590 0.0076143 0.0070207 0.0073389 0.0020705 0.0066824 0.0039171 0.0059393 0.0010247 0.0021338 0.0016951 0.0074156 0.0018694 0.0000000 0.3117411 0.3101101 0.3117257 0.3130661 0.3132092 0.3145487 0.3116434 0.0609646 0.3087424 0.3086543 0.3103143 0.0011804 0.3136358 0.3105363 0.3121587 0.3120580 0.3131027 0.3081414 0.3086620 0.3138069 0.3133188 0.0015216 0.0011804 0.0011804 0.0013505 0.0015216 0.0015256 0.0020490 0.0018923 0.0022242 0.0027733 0.0020491 0.0017001 0.0011837 0.0025765 0.0011841 0.0016917 0.0018679 0.0016982 0.0010102 0.0016976 0.0015246 0.0017002 0.0022139 0.0018948 0.0020668 0.0022137 0.0011841 0.0016926 0.0016926 0.0015480 0.0016961 0.0016985 0.0011821 0.0016985 0.0022490 0.0018751 0.0016993 0.0013529 0.3120580 0.3115359 0.0020394 0.3089693 0.6670505 
JN400093_Human_herpesvirus_1            0.0075603 0.0072533 0.0075514 0.0075544 0.0075544 0.0065099 0.0066521 0.0073993 0.0103634 0.0073993 0.0077065 0.0055957 0.0113310 0.0076232 0.0066482 0.0041518 0.0041511 0.0064931 0.0041511 0.3143653 0.3185701 0.3230175 0.3222273 0.3045972 0.3118430 0.3476634 0.3170030 0.3162241 0.3154725 0.2867612 0.3060597 0.3148447 0.3234246 0.3430322 0.3185476 0.3324864 0.3117411 0.0000000 0.0062927 0.0038595 0.0053090 0.0074125 0.0083073 0.0045810 0.4104915 0.0054692 0.0057765 0.0056091 0.4095558 0.0073870 0.0075512 0.0054484 0.0054474 0.0057374 0.0063490 0.0066436 0.0069484 0.0072371 0.4100644 0.4091253 0.4091253 0.4082012 0.4100644 0.4167598 0.4081973 0.4106417 0.4071297 0.4088017 0.4112500 0.4100373 0.4085291 0.4088535 0.4111441 0.4113681 0.4123437 0.4106767 0.4111082 0.4098094 0.4100984 0.4102539 0.4110948 0.4089899 0.4106267 0.4112253 0.4111441 0.4119665 0.4119665 0.4107845 0.4076225 0.4092570 0.4081157 0.4092570 0.4115392 0.4106617 0.4082180 0.4112249 0.0054474 0.0053027 0.4082298 0.0056145 0.9278173 
