102
HM585496_Human_herpesvirus_1            0.0000000 0.0035556 0.0006697 0.0005352 0.0005353 0.0062761 0.0094346 0.0004001 0.0068844 0.0004001 0.0006695 0.0081333 0.0068091 0.0064300 0.0086572 0.0095617 0.0097062 0.0080635 0.0093999 0.2720849 0.2810244 0.2778178 0.1534744 0.2860980 0.2620385 0.2910357 0.2566746 0.2803463 0.2799927 0.1806563 0.2548681 0.2681360 0.2584070 0.3009481 0.2589301 0.2943937 0.2748119 0.0070234 0.0065778 0.0071694 0.0074685 0.0076190 0.0075988 0.0082083 0.2978717 0.0080688 0.0074720 0.0070150 0.3017229 0.0077610 0.0080517 0.0082049 0.0080556 0.0082027 0.0071622 0.0070169 0.0085080 0.0091029 0.3021224 0.3020495 0.3013426 0.3023540 0.3017229 0.3022518 0.3033368 0.3023873 0.3033089 0.3029893 0.3016777 0.3023533 0.3041317 0.3029192 0.3030756 0.3044042 0.3014259 0.3040837 0.3033658 0.3018800 0.3018256 0.3041729 0.3011634 0.3034462 0.3030949 0.3047587 0.3030756 0.3017768 0.3017768 0.3040445 0.3041012 0.3046904 0.3020829 0.3055255 0.3037603 0.3029147 0.3044642 0.3024184 0.3024060 0.0082078 0.0080556 0.3030907 0.0074665 0.8490769 
HM585497_Human_herpesvirus_1            0.0035556 0.0000000 0.0036957 0.0038364 0.0038370 0.0045561 0.0073383 0.0036957 0.0068882 0.0036957 0.0039766 0.0060710 0.0065127 0.0041336 0.0065845 0.0074717 0.0076143 0.0060095 0.0073158 0.2714951 0.2804422 0.2771982 0.1526300 0.2855041 0.2614348 0.2904780 0.2565154 0.2797510 0.2793937 0.1799470 0.2537558 0.2675185 0.2577658 0.3004328 0.2578573 0.2938139 0.2741505 0.0049961 0.0045590 0.0051346 0.0057191 0.0055717 0.0047021 0.0061478 0.2979885 0.0057179 0.0051389 0.0052781 0.3011600 0.0057152 0.0059961 0.0061492 0.0060035 0.0061475 0.0051298 0.0049877 0.0055747 0.0070257 0.3015589 0.3014862 0.3007801 0.3017900 0.3011600 0.3016882 0.3027720 0.3018232 0.3027447 0.3024250 0.3011150 0.3017898 0.3035657 0.3023551 0.3025115 0.3038380 0.3008632 0.3035176 0.3028005 0.3013166 0.3012624 0.3036074 0.3006008 0.3028810 0.3025300 0.3041914 0.3025115 0.3012137 0.3012137 0.3034790 0.3035356 0.3041239 0.3015196 0.3049580 0.3031945 0.3023502 0.3038977 0.3018548 0.3018424 0.0061513 0.0060035 0.3025264 0.0051378 0.8470579 
HM585498_Human_herpesvirus_1            0.0006697 0.0036957 0.0000000 0.0006701 0.0006702 0.0064216 0.0089762 0.0005355 0.0069483 0.0005355 0.0008047 0.0082830 0.0066560 0.0065760 0.0082043 0.0094138 0.0095582 0.0079177 0.0092524 0.2731527 0.2820662 0.2789313 0.1544708 0.2871541 0.2631463 0.2920213 0.2577660 0.2814124 0.2810661 0.1814394 0.2555983 0.2692598 0.2595896 0.3019332 0.2596290 0.2954139 0.2758599 0.0068792 0.0067241 0.0073169 0.0076166 0.0077674 0.0074539 0.0080633 0.2981677 0.0082182 0.0076201 0.0071620 0.3027022 0.0079096 0.0082008 0.0083543 0.0082047 0.0083521 0.0070180 0.0068728 0.0086580 0.0089557 0.3031023 0.3030289 0.3023216 0.3033343 0.3027022 0.3032317 0.3043174 0.3033678 0.3042886 0.3039695 0.3026566 0.3033327 0.3051136 0.3038991 0.3040553 0.3053860 0.3024052 0.3050657 0.3043471 0.3028599 0.3028054 0.3051537 0.3021428 0.3044274 0.3040760 0.3057419 0.3040553 0.3027563 0.3027563 0.3050253 0.3050822 0.3056722 0.3030625 0.3065083 0.3047423 0.3038953 0.3054464 0.3033982 0.3033856 0.0083572 0.0082047 0.3040707 0.0076146 0.8512164 
HM585499_Human_herpesvirus_1            0.0005352 0.0038364 0.0006701 0.0000000 0.0000010 0.0065673 0.0097382 0.0004004 0.0070958 0.0004004 0.0006699 0.0084326 0.0071042 0.0067221 0.0089575 0.0098653 0.0100101 0.0083618 0.0097027 0.2728941 0.2821957 0.2790675 0.1555009 0.2872888 0.2628723 0.2921501 0.2574930 0.2811587 0.2808105 0.1822574 0.2552975 0.2689854 0.2592949 0.3020681 0.2593428 0.2955494 0.2755950 0.0073178 0.0068706 0.0074645 0.0077647 0.0079157 0.0078949 0.0085080 0.2989683 0.0083674 0.0077683 0.0073091 0.3028367 0.0080581 0.0083497 0.0085035 0.0083536 0.0085013 0.0074569 0.0073111 0.0088078 0.0094045 0.3032371 0.3031636 0.3024558 0.3034693 0.3028367 0.3033666 0.3044531 0.3035029 0.3044241 0.3041049 0.3027910 0.3034677 0.3052500 0.3040344 0.3041907 0.3055226 0.3025396 0.3052020 0.3044829 0.3029946 0.3029400 0.3052899 0.3022769 0.3045633 0.3042116 0.3058789 0.3041907 0.3028909 0.3028909 0.3051615 0.3052184 0.3058089 0.3031973 0.3066457 0.3048784 0.3040307 0.3055830 0.3035332 0.3035206 0.0085064 0.0083536 0.3042061 0.0077627 0.8487694 
HM585500_Human_herpesvirus_1            0.0005353 0.0038370 0.0006702 0.0000010 0.0000000 0.0065684 0.0097398 0.0004004 0.0070970 0.0004004 0.0006700 0.0084340 0.0071054 0.0067233 0.0089590 0.0098670 0.0100118 0.0083632 0.0097043 0.2729671 0.2822693 0.2791454 0.1555009 0.2873647 0.2629455 0.2922220 0.2575638 0.2812337 0.2808859 0.1823674 0.2553745 0.2690612 0.2593720 0.3021422 0.2594177 0.2956247 0.2756710 0.0073190 0.0068717 0.0074657 0.0077660 0.0079171 0.0078962 0.0085094 0.2990403 0.0083688 0.0077696 0.0073103 0.3029106 0.0080595 0.0083511 0.0085049 0.0083550 0.0085027 0.0074581 0.0073123 0.0088093 0.0094061 0.3033111 0.3032376 0.3025296 0.3035434 0.3029106 0.3034406 0.3045275 0.3035770 0.3044984 0.3041791 0.3028648 0.3035417 0.3053246 0.3041086 0.3042650 0.3055973 0.3026134 0.3052767 0.3045573 0.3030686 0.3030139 0.3053645 0.3023507 0.3046377 0.3042859 0.3059537 0.3042650 0.3029648 0.3029648 0.3052360 0.3052930 0.3058837 0.3032713 0.3067207 0.3049530 0.3041049 0.3056577 0.3036073 0.3035947 0.0085079 0.0083550 0.3042804 0.0077640 0.8490769 
HM585501_Human_herpesvirus_1            0.0062761 0.0045561 0.0064216 0.0065673 0.0065684 0.0000000 0.0057084 0.0064212 0.0070316 0.0064212 0.0067125 0.0050433 0.0066609 0.0023061 0.0064329 0.0070205 0.0071625 0.0055682 0.0068661 0.2721732 0.2812017 0.2775392 0.1526821 0.2854784 0.2621354 0.2915668 0.2572012 0.2799845 0.2797244 0.1791652 0.2536340 0.2677885 0.2576268 0.3018633 0.2573782 0.2953915 0.2743890 0.0057185 0.0046984 0.0047029 0.0044157 0.0057092 0.0051199 0.0048378 0.2992895 0.0052786 0.0047036 0.0054190 0.3025828 0.0046980 0.0058429 0.0051259 0.0049824 0.0051244 0.0052704 0.0051281 0.0054124 0.0065779 0.3029830 0.3029096 0.3022019 0.3032151 0.3025828 0.3031125 0.3041988 0.3036808 0.3041700 0.3038507 0.3029683 0.3032136 0.3049953 0.3037803 0.3039366 0.3052679 0.3022856 0.3049473 0.3042284 0.3031722 0.3031176 0.3050355 0.3024541 0.3043088 0.3039571 0.3056238 0.3039366 0.3026369 0.3026369 0.3049071 0.3049640 0.3055542 0.3029432 0.3063907 0.3046237 0.3042089 0.3053282 0.3032791 0.3032665 0.0051276 0.0049824 0.3039520 0.0047058 0.8475495 
HM585502_Human_herpesvirus_1            0.0094346 0.0073383 0.0089762 0.0097382 0.0097398 0.0057084 0.0000000 0.0095857 0.0093083 0.0095857 0.0098896 0.0057816 0.0088458 0.0041366 0.0025830 0.0082488 0.0083925 0.0069119 0.0080902 0.2745020 0.2841115 0.2798242 0.1546653 0.2887304 0.2644496 0.2947041 0.2597735 0.2827327 0.2829771 0.1811650 0.2568930 0.2714415 0.2600755 0.3046781 0.2605473 0.2982525 0.2772229 0.0070664 0.0063113 0.0057242 0.0060221 0.0064565 0.0064425 0.0052869 0.3016297 0.0066124 0.0060250 0.0065984 0.3057084 0.0060214 0.0074735 0.0067486 0.0066015 0.0067467 0.0060150 0.0058710 0.0071857 0.0079415 0.3061105 0.3060357 0.3053263 0.3063443 0.3057084 0.3062402 0.3073297 0.3068129 0.3072978 0.3069800 0.3060947 0.3063402 0.3081309 0.3069085 0.3070644 0.3084034 0.3054109 0.3080832 0.3073617 0.3063020 0.3062467 0.3077592 0.3055816 0.3074418 0.3070893 0.3087642 0.3070644 0.3057632 0.3057632 0.3080393 0.3080969 0.3086901 0.3060700 0.3095303 0.3076842 0.3073416 0.3084652 0.3064065 0.3063936 0.0067509 0.0066015 0.3070807 0.0060160 0.8508465 
HM585503_Human_herpesvirus_1            0.0004001 0.0036957 0.0005355 0.0004004 0.0004004 0.0064212 0.0095857 0.0000000 0.0069479 0.0000010 0.0005354 0.0082823 0.0069562 0.0065756 0.0088067 0.0097128 0.0098575 0.0082121 0.0095506 0.2725088 0.2814417 0.2782624 0.1544708 0.2865232 0.2624739 0.2917922 0.2571012 0.2811587 0.2804222 0.1814394 0.2548681 0.2685804 0.2588701 0.3017092 0.2589301 0.2951785 0.2751979 0.0071701 0.0067237 0.0073164 0.0076160 0.0077668 0.0077463 0.0083580 0.2986167 0.0082175 0.0076196 0.0071615 0.3024799 0.0079090 0.0082001 0.0083536 0.0082040 0.0083514 0.0073090 0.0071634 0.0086573 0.0092530 0.3028800 0.3028067 0.3020992 0.3031121 0.3024799 0.3030095 0.3040956 0.3031455 0.3040670 0.3037476 0.3024343 0.3031107 0.3048920 0.3036773 0.3038336 0.3051645 0.3021828 0.3048440 0.3041252 0.3026375 0.3025830 0.3049323 0.3019202 0.3042056 0.3038540 0.3055203 0.3038336 0.3025340 0.3025340 0.3048038 0.3048607 0.3054509 0.3028403 0.3062872 0.3045204 0.3036733 0.3052248 0.3031761 0.3031636 0.0083565 0.0082040 0.3038489 0.0076140 0.8481068 
HM585504_Human_herpesvirus_1            0.0068844 0.0068882 0.0069483 0.0070958 0.0070970 0.0070316 0.0093083 0.0069479 0.0000000 0.0069479 0.0072428 0.0070996 0.0040436 0.0063022 0.0091494 0.0085140 0.0086575 0.0070336 0.0083551 0.2742084 0.2834962 0.2800589 0.1545368 0.2881645 0.2632628 0.2953265 0.2582174 0.2819358 0.2825370 0.1802503 0.2556231 0.2697529 0.2587827 0.3037389 0.2588748 0.2965542 0.2758957 0.0071879 0.0076403 0.0079464 0.0064456 0.0086999 0.0080800 0.0080825 0.3034039 0.0070382 0.0064487 0.0074906 0.3056185 0.0067350 0.0085377 0.0071741 0.0070266 0.0071722 0.0076394 0.0074927 0.0089987 0.0080615 0.3060215 0.3059466 0.3052356 0.3062558 0.3056185 0.3061515 0.3072434 0.3062900 0.3072115 0.3068929 0.3055714 0.3062518 0.3080463 0.3068213 0.3069776 0.3083194 0.3053204 0.3079985 0.3072753 0.3057785 0.3057232 0.3080830 0.3050572 0.3073556 0.3070024 0.3079954 0.3069776 0.3056735 0.3056735 0.3079546 0.3080123 0.3086067 0.3059809 0.3094487 0.3076738 0.3068196 0.3083812 0.3063182 0.3063053 0.0071766 0.0070266 0.3069939 0.0082477 0.8523995 
HM585505_Human_herpesvirus_1            0.0004001 0.0036957 0.0005355 0.0004004 0.0004004 0.0064212 0.0095857 0.0000010 0.0069479 0.0000000 0.0005354 0.0082823 0.0069562 0.0065756 0.0088067 0.0097128 0.0098575 0.0082121 0.0095506 0.2725088 0.2814417 0.2782624 0.1544708 0.2865232 0.2624739 0.2917922 0.2571012 0.2811587 0.2804222 0.1814394 0.2548681 0.2685804 0.2588701 0.3017092 0.2589301 0.2951785 0.2751979 0.0071701 0.0067237 0.0073164 0.0076160 0.0077668 0.0077463 0.0083580 0.2986167 0.0082175 0.0076196 0.0071615 0.3024799 0.0079090 0.0082001 0.0083536 0.0082040 0.0083514 0.0073090 0.0071634 0.0086573 0.0092530 0.3028800 0.3028067 0.3020992 0.3031121 0.3024799 0.3030095 0.3040956 0.3031455 0.3040670 0.3037476 0.3024343 0.3031107 0.3048920 0.3036773 0.3038336 0.3051645 0.3021828 0.3048440 0.3041252 0.3026375 0.3025830 0.3049323 0.3019202 0.3042056 0.3038540 0.3055203 0.3038336 0.3025340 0.3025340 0.3048038 0.3048607 0.3054509 0.3028403 0.3062872 0.3045204 0.3036733 0.3052248 0.3031761 0.3031636 0.0083565 0.0082040 0.3038489 0.0076140 0.8481068 
HM585506_Human_herpesvirus_1            0.0006695 0.0039766 0.0008047 0.0006699 0.0006700 0.0067125 0.0098896 0.0005354 0.0072428 0.0005354 0.0000000 0.0085818 0.0072514 0.0068678 0.0091073 0.0100167 0.0101616 0.0085106 0.0098537 0.2732116 0.2821257 0.2789941 0.1554678 0.2872156 0.2632050 0.2920798 0.2578225 0.2814731 0.2811272 0.1822229 0.2561275 0.2693209 0.2596513 0.3019938 0.2601397 0.2954752 0.2759733 0.0074646 0.0070166 0.0076116 0.0079124 0.0080637 0.0080425 0.0086560 0.2988967 0.0085162 0.0079161 0.0074557 0.3027626 0.0082063 0.0084982 0.0086524 0.0085022 0.0086501 0.0076038 0.0074577 0.0089573 0.0095550 0.3031628 0.3030893 0.3023819 0.3033949 0.3027626 0.3032922 0.3043782 0.3034284 0.3043493 0.3040302 0.3027169 0.3033933 0.3051747 0.3039598 0.3041160 0.3054472 0.3024656 0.3051268 0.3044080 0.3029204 0.3028658 0.3052147 0.3022030 0.3044883 0.3041368 0.3058032 0.3041160 0.3028168 0.3028168 0.3050863 0.3051432 0.3057334 0.3031230 0.3065698 0.3048033 0.3039560 0.3055076 0.3034588 0.3034462 0.0086554 0.0085022 0.3041314 0.0079104 0.8509596 
HM585508_Human_herpesvirus_1            0.0081333 0.0060710 0.0082830 0.0084326 0.0084340 0.0050433 0.0057816 0.0082823 0.0070996 0.0082823 0.0085818 0.0000000 0.0073281 0.0034726 0.0065064 0.0047446 0.0048846 0.0030444 0.0043129 0.2742693 0.2832587 0.2801019 0.1545698 0.2879235 0.2642836 0.2946261 0.2593093 0.2820847 0.2821990 0.1823799 0.2557500 0.2699155 0.2598676 0.3041819 0.2603643 0.2977813 0.2765444 0.0040434 0.0053464 0.0050538 0.0022036 0.0057782 0.0063560 0.0049007 0.3012841 0.0036145 0.0033309 0.0050505 0.3056492 0.0022019 0.0067997 0.0026200 0.0024802 0.0026191 0.0056344 0.0054905 0.0066562 0.0040293 0.3060520 0.3059771 0.3052665 0.3062862 0.3056492 0.3061819 0.3072732 0.3067555 0.3072413 0.3069229 0.3060362 0.3062821 0.3080757 0.3068514 0.3070076 0.3083487 0.3053513 0.3080280 0.3073052 0.3062438 0.3061884 0.3077035 0.3055222 0.3073855 0.3070324 0.3087100 0.3070076 0.3057041 0.3057041 0.3079841 0.3080418 0.3086359 0.3060114 0.3094775 0.3077035 0.3072851 0.3084105 0.3063485 0.3063356 0.0026208 0.0024802 0.3070239 0.0053441 0.8500459 
HM585509_Human_herpesvirus_1            0.0068091 0.0065127 0.0066560 0.0071042 0.0071054 0.0066609 0.0088458 0.0069562 0.0040436 0.0069562 0.0072514 0.0073281 0.0000000 0.0062249 0.0083781 0.0087512 0.0088955 0.0072609 0.0085911 0.2701642 0.2791226 0.2757963 0.1524086 0.2837073 0.2596239 0.2907585 0.2543162 0.2779540 0.2780367 0.1784539 0.2513122 0.2652227 0.2558335 0.2994919 0.2551498 0.2929021 0.2714303 0.0071134 0.0069607 0.0072697 0.0066685 0.0083202 0.0074037 0.0080103 0.3001093 0.0069632 0.0063719 0.0071191 0.3014313 0.0069601 0.0075534 0.0074023 0.0072537 0.0074003 0.0069652 0.0068191 0.0083160 0.0082957 0.3018301 0.3017574 0.3010517 0.3020612 0.3014313 0.3019593 0.3030425 0.3020944 0.3030149 0.3026956 0.3013863 0.3020607 0.3038359 0.3026257 0.3027820 0.3041080 0.3011348 0.3037879 0.3030712 0.3015880 0.3015338 0.3038773 0.3008726 0.3031515 0.3028008 0.3044615 0.3027820 0.3014851 0.3014851 0.3037490 0.3038056 0.3043937 0.3017908 0.3052273 0.3034650 0.3026210 0.3041677 0.3021257 0.3021133 0.0074049 0.0072537 0.3027969 0.0078689 0.8537460 
HM585510_Human_herpesvirus_1            0.0064300 0.0041336 0.0065760 0.0067221 0.0067233 0.0023061 0.0041366 0.0065756 0.0063022 0.0065756 0.0068678 0.0034726 0.0062249 0.0000000 0.0048472 0.0054191 0.0055594 0.0039953 0.0052694 0.2720446 0.2814879 0.2778173 0.1536812 0.2861172 0.2624557 0.2918309 0.2575216 0.2802779 0.2803782 0.1820203 0.2542635 0.2684829 0.2574764 0.3021212 0.2580268 0.2956626 0.2742538 0.0044296 0.0034282 0.0034316 0.0028677 0.0041343 0.0041279 0.0032830 0.2991444 0.0034298 0.0028691 0.0044217 0.3028387 0.0031450 0.0045583 0.0035648 0.0034242 0.0035637 0.0042755 0.0041347 0.0044160 0.0049865 0.3032389 0.3031654 0.3024581 0.3034710 0.3028387 0.3033683 0.3044542 0.3039367 0.3044252 0.3041062 0.3032241 0.3034693 0.3052507 0.3040357 0.3041920 0.3055231 0.3025417 0.3052027 0.3044840 0.3034282 0.3033735 0.3052905 0.3027103 0.3045643 0.3042128 0.3058792 0.3041920 0.3028929 0.3028929 0.3051622 0.3052191 0.3058093 0.3031991 0.3066456 0.3048793 0.3044645 0.3055835 0.3035348 0.3035222 0.0035659 0.0034242 0.3042074 0.0034337 0.8489975 
HM585511_Human_herpesvirus_1            0.0086572 0.0065845 0.0082043 0.0089575 0.0089590 0.0064329 0.0025830 0.0088067 0.0091494 0.0088067 0.0091073 0.0065064 0.0083781 0.0048472 0.0000000 0.0085345 0.0086784 0.0070506 0.0083753 0.2732845 0.2825467 0.2781689 0.1546391 0.2875821 0.2636764 0.2928366 0.2590219 0.2819440 0.2813697 0.1819153 0.2560784 0.2702643 0.2593562 0.3027826 0.2597559 0.2963081 0.2764233 0.0066041 0.0061519 0.0055672 0.0064530 0.0060037 0.0059948 0.0057137 0.2998827 0.0067508 0.0061629 0.0060029 0.3038212 0.0067428 0.0073141 0.0071824 0.0070347 0.0071804 0.0052768 0.0051343 0.0074722 0.0080810 0.3042212 0.3041474 0.3034408 0.3044534 0.3038212 0.3043505 0.3054354 0.3049191 0.3054055 0.3050875 0.3042061 0.3044509 0.3062318 0.3050168 0.3051726 0.3065037 0.3035246 0.3061841 0.3054659 0.3044109 0.3043561 0.3062705 0.3036936 0.3055459 0.3051948 0.3068607 0.3051726 0.3038755 0.3038755 0.3061425 0.3061995 0.3067895 0.3041813 0.3076254 0.3057854 0.3054462 0.3065645 0.3045166 0.3045039 0.0071849 0.0070347 0.3051883 0.0058578 0.8499482 
HM585512_Human_herpesvirus_1            0.0095617 0.0074717 0.0094138 0.0098653 0.0098670 0.0070205 0.0082488 0.0097128 0.0085140 0.0097128 0.0100167 0.0047446 0.0087512 0.0054191 0.0085345 0.0000000 0.0006700 0.0032808 0.0004002 0.2763041 0.2851468 0.2818562 0.1556005 0.2907908 0.2664162 0.2965597 0.2615175 0.2841102 0.2844127 0.1842276 0.2576580 0.2718308 0.2619452 0.3064678 0.2617977 0.2998330 0.2790875 0.0045611 0.0067384 0.0070399 0.0046912 0.0077739 0.0071693 0.0065849 0.3031626 0.0046996 0.0044140 0.0071732 0.3079223 0.0044031 0.0085096 0.0048287 0.0046860 0.0048272 0.0070290 0.0068836 0.0074667 0.0042608 0.3083261 0.3082502 0.3075391 0.3085613 0.3079223 0.3084560 0.3095485 0.3090321 0.3095144 0.3091974 0.3083094 0.3085552 0.3103536 0.3091251 0.3092808 0.3106262 0.3076244 0.3103061 0.3095822 0.3085192 0.3084635 0.3103877 0.3077968 0.3096621 0.3093089 0.3109908 0.3092808 0.3079776 0.3079776 0.3102596 0.3103178 0.3109134 0.3082849 0.3117568 0.3099817 0.3095617 0.3106890 0.3086222 0.3086090 0.0048303 0.0046860 0.3092978 0.0073370 0.8533374 
HM585513_Human_herpesvirus_1            0.0097062 0.0076143 0.0095582 0.0100101 0.0100118 0.0071625 0.0083925 0.0098575 0.0086575 0.0098575 0.0101616 0.0048846 0.0088955 0.0055594 0.0086784 0.0006700 0.0000000 0.0034185 0.0005349 0.2762342 0.2858554 0.2826138 0.1566327 0.2914133 0.2671711 0.2971384 0.2622623 0.2848350 0.2850490 0.1850459 0.2584727 0.2725031 0.2626586 0.3070410 0.2625802 0.3004304 0.2798360 0.0047005 0.0068802 0.0071822 0.0048304 0.0079168 0.0073114 0.0067264 0.3038205 0.0048391 0.0045531 0.0073153 0.3084917 0.0045419 0.0086531 0.0049679 0.0048250 0.0049664 0.0071711 0.0070255 0.0076092 0.0043994 0.3088956 0.3088195 0.3081085 0.3091309 0.3084917 0.3090254 0.3101179 0.3096020 0.3100832 0.3097667 0.3088787 0.3091244 0.3109233 0.3096943 0.3098498 0.3111957 0.3081940 0.3108759 0.3101519 0.3090890 0.3090332 0.3109567 0.3083667 0.3102318 0.3098786 0.3115609 0.3098498 0.3085472 0.3085472 0.3108287 0.3108870 0.3114827 0.3088543 0.3123263 0.3105516 0.3101313 0.3112587 0.3091915 0.3091783 0.0049695 0.0048250 0.3098669 0.0074797 0.8522598 
HM585514_Human_herpesvirus_1            0.0080635 0.0060095 0.0079177 0.0083618 0.0083632 0.0055682 0.0069119 0.0082121 0.0070336 0.0082121 0.0085106 0.0030444 0.0072609 0.0039953 0.0070506 0.0032808 0.0034185 0.0000000 0.0031377 0.2742046 0.2830992 0.2801125 0.1534787 0.2877030 0.2646078 0.2941215 0.2593194 0.2820161 0.2822074 0.1817801 0.2552491 0.2697964 0.2594177 0.3036639 0.2599381 0.2972542 0.2769256 0.0031522 0.0052887 0.0055836 0.0032833 0.0063060 0.0057138 0.0051396 0.3011805 0.0032891 0.0030089 0.0057176 0.3051318 0.0027210 0.0067349 0.0031375 0.0029981 0.0031365 0.0055751 0.0054320 0.0071872 0.0012095 0.3055337 0.3054592 0.3047498 0.3057674 0.3051318 0.3056634 0.3067528 0.3062356 0.3067215 0.3064032 0.3055181 0.3057637 0.3075535 0.3063319 0.3064880 0.3078261 0.3048343 0.3075057 0.3067843 0.3057249 0.3056697 0.3075907 0.3050047 0.3068645 0.3065121 0.3081861 0.3064880 0.3051865 0.3051865 0.3074625 0.3075200 0.3081128 0.3054933 0.3089527 0.3071817 0.3067643 0.3078876 0.3058299 0.3058170 0.0031386 0.0029981 0.3065041 0.0058751 0.8502456 
HM585515_Human_herpesvirus_1            0.0093999 0.0073158 0.0092524 0.0097027 0.0097043 0.0068661 0.0080902 0.0095506 0.0083551 0.0095506 0.0098537 0.0043129 0.0085911 0.0052694 0.0083753 0.0004002 0.0005349 0.0031377 0.0000000 0.2762294 0.2850700 0.2817757 0.1565991 0.2906146 0.2663434 0.2963901 0.2614479 0.2840321 0.2842396 0.1850105 0.2575839 0.2716621 0.2617778 0.3062897 0.2617245 0.2996544 0.2790093 0.0044139 0.0065845 0.0068850 0.0045439 0.0076171 0.0070144 0.0064317 0.3030836 0.0045521 0.0042673 0.0070183 0.3077439 0.0042567 0.0083508 0.0046811 0.0045389 0.0046797 0.0065841 0.0064395 0.0073109 0.0041149 0.3081472 0.3080715 0.3073611 0.3083821 0.3077439 0.3082770 0.3093685 0.3088525 0.3093345 0.3090178 0.3081306 0.3083763 0.3101726 0.3089456 0.3091012 0.3104450 0.3074463 0.3101252 0.3094020 0.3083401 0.3082845 0.3102069 0.3076184 0.3094819 0.3091290 0.3108090 0.3091012 0.3077992 0.3077992 0.3100789 0.3101370 0.3107319 0.3081062 0.3115745 0.3098010 0.3093815 0.3105077 0.3084432 0.3084300 0.0046826 0.0045389 0.3091181 0.0071813 0.8523268 
HSV2_1                                  0.2720849 0.2714951 0.2731527 0.2728941 0.2729671 0.2721732 0.2745020 0.2725088 0.2742084 0.2725088 0.2732116 0.2742693 0.2701642 0.2720446 0.2732845 0.2763041 0.2762342 0.2742046 0.2762294 0.0000000 0.0010825 0.0011408 0.0057734 0.0076581 0.0008239 0.0029897 0.0009843 0.0057426 0.0032362 0.0000024 0.0005261 0.0077760 0.0085318 0.0088395 0.0011870 0.0079973 0.0082488 0.2737822 0.2723001 0.2733413 0.2740348 0.2740425 0.2728050 0.2739699 0.0659630 0.2749363 0.2741935 0.2735632 0.0081556 0.2738825 0.2730901 0.2749649 0.2745791 0.2749361 0.2720079 0.2723898 0.2735381 0.2772689 0.0083311 0.0081497 0.0079833 0.0085794 0.0081556 0.0088357 0.0095414 0.0083296 0.0090037 0.0077924 0.0081556 0.0081525 0.0077954 0.0085007 0.0095459 0.0079629 0.0085082 0.0081371 0.0077918 0.0083323 0.0083311 0.0095402 0.0083514 0.0086710 0.0085002 0.0079652 0.0095459 0.0079838 0.0079838 0.0084678 0.0081318 0.0084755 0.0083252 0.0083024 0.0083122 0.0077909 0.0081403 0.0084871 0.0084977 0.2744562 0.2745791 0.0088389 0.2743097 0.6844796 
HSV2_2                                  0.2810244 0.2804422 0.2820662 0.2821957 0.2822693 0.2812017 0.2841115 0.2814417 0.2834962 0.2814417 0.2821257 0.2832587 0.2791226 0.2814879 0.2825467 0.2851468 0.2858554 0.2830992 0.2850700 0.0010825 0.0000000 0.0003186 0.0063205 0.0079067 0.0008102 0.0028863 0.0001596 0.0059397 0.0031603 0.0003772 0.0008791 0.0079056 0.0086830 0.0088493 0.0003346 0.0082006 0.0086081 0.2829681 0.2812184 0.2822421 0.2830322 0.2830123 0.2817044 0.2829363 0.0687359 0.2838131 0.2830875 0.2824538 0.0083551 0.2832238 0.2819899 0.2842576 0.2838798 0.2842281 0.2809214 0.2812945 0.2825275 0.2860965 0.0085250 0.0083494 0.0085217 0.0087656 0.0083551 0.0091807 0.0096957 0.0085235 0.0091755 0.0078380 0.0083551 0.0085161 0.0080062 0.0085221 0.0097001 0.0081682 0.0086964 0.0083369 0.0080027 0.0085263 0.0085250 0.0100338 0.0085438 0.0088537 0.0086885 0.0081705 0.0097001 0.0081889 0.0081889 0.0084904 0.0081658 0.0086643 0.0085192 0.0084967 0.0085069 0.0081710 0.0083400 0.0085089 0.0086861 0.2837543 0.2838798 0.0090161 0.2831973 0.6954616 
HSV2_3                                  0.2778178 0.2771982 0.2789313 0.2790675 0.2791454 0.2775392 0.2798242 0.2782624 0.2800589 0.2782624 0.2789941 0.2801019 0.2757963 0.2778173 0.2781689 0.2818562 0.2826138 0.2801125 0.2817757 0.0011408 0.0003186 0.0000000 0.0057734 0.0078804 0.0006698 0.0029371 0.0001654 0.0059374 0.0029422 0.0000024 0.0008957 0.0077845 0.0085069 0.0089904 0.0003421 0.0082886 0.0084334 0.2792168 0.2780312 0.2787177 0.2798613 0.2797983 0.2785531 0.2793175 0.0675765 0.2791666 0.2787948 0.2792985 0.0084596 0.2800690 0.2784539 0.2804216 0.2800186 0.2803907 0.2776669 0.2780653 0.2793296 0.2833154 0.0086421 0.0084533 0.0086385 0.0089010 0.0084596 0.0091664 0.0099007 0.0086405 0.0093410 0.0079039 0.0084595 0.0086324 0.0080846 0.0086390 0.0099055 0.0082585 0.0088264 0.0084398 0.0080807 0.0086435 0.0086421 0.0102644 0.0086639 0.0089953 0.0088178 0.0082610 0.0099055 0.0082810 0.0082810 0.0086044 0.0080807 0.0087914 0.0086358 0.0086113 0.0084431 0.0082684 0.0084431 0.0086246 0.0088151 0.2798870 0.2800186 0.0091698 0.2797341 0.6862895 
HSV2_4                                  0.1534744 0.1526300 0.1544708 0.1555009 0.1555009 0.1526821 0.1546653 0.1544708 0.1545368 0.1544708 0.1554678 0.1545698 0.1524086 0.1536812 0.1546391 0.1556005 0.1566327 0.1534787 0.1565991 0.0057734 0.0063205 0.0057734 0.0000000 0.0004998 0.0057734 0.0057734 0.0057734 0.0000029 0.0046891 0.0005663 0.0057848 0.0004998 0.0005009 0.0000029 0.0057734 0.0000029 0.0004998 0.1545698 0.1545372 0.1524058 0.1535408 0.1514161 0.1536270 0.1545698 0.0363305 0.1554594 0.1554594 0.1525769 0.0004998 0.1545330 0.1526451 0.1565746 0.1565746 0.1565746 0.1535730 0.1535730 0.1526552 0.1565991 0.0004998 0.0010022 0.0004998 0.0000029 0.0004998 0.0005003 0.0005003 0.0005009 0.0000029 0.0000029 0.0010022 0.0000029 0.0004998 0.0005009 0.0005003 0.0010022 0.0004998 0.0010056 0.0010022 0.0004998 0.0004998 0.0004996 0.0005009 0.0005009 0.0005009 0.0005009 0.0005003 0.0004998 0.0004998 0.0000029 0.0000029 0.0010042 0.0000029 0.0010042 0.0004996 0.0005003 0.0010042 0.0000029 0.0004998 0.1565746 0.1565746 0.0000029 0.1535381 0.4594370 
HSV2_5                                  0.2860980 0.2855041 0.2871541 0.2872888 0.2873647 0.2854784 0.2887304 0.2865232 0.2881645 0.2865232 0.2872156 0.2879235 0.2837073 0.2861172 0.2875821 0.2907908 0.2914133 0.2877030 0.2906146 0.0076581 0.0079067 0.0078804 0.0004998 0.0000000 0.0072253 0.0101480 0.0073348 0.0021779 0.0036966 0.0019201 0.0064520 0.0003237 0.0008732 0.0013494 0.0072819 0.0007485 0.0012728 0.2880673 0.2866685 0.2873819 0.2876923 0.2872960 0.2871570 0.2867649 0.0696385 0.2884769 0.2877414 0.2871573 0.0008969 0.2878819 0.2878301 0.2889281 0.2885449 0.2888987 0.2855965 0.2859748 0.2880041 0.2903601 0.0010483 0.0010475 0.0010479 0.0012216 0.0008969 0.0013485 0.0018066 0.0010487 0.0013474 0.0005964 0.0007475 0.0010470 0.0001486 0.0011998 0.0018076 0.0002974 0.0012000 0.0007464 0.0007457 0.0010483 0.0010482 0.0019595 0.0007484 0.0010481 0.0011997 0.0008964 0.0018076 0.0007468 0.0007468 0.0011963 0.0005961 0.0007459 0.0010475 0.0008965 0.0016529 0.0011985 0.0010471 0.0011991 0.0011985 0.2884159 0.2885449 0.0011985 0.2883056 0.7034766 
HSV2_6                                  0.2620385 0.2614348 0.2631463 0.2628723 0.2629455 0.2621354 0.2644496 0.2624739 0.2632628 0.2624739 0.2632050 0.2642836 0.2596239 0.2624557 0.2636764 0.2664162 0.2671711 0.2646078 0.2663434 0.0008239 0.0008102 0.0006698 0.0057734 0.0072253 0.0000000 0.0026458 0.0006600 0.0055935 0.0024849 0.0003775 0.0005338 0.0076309 0.0083064 0.0084216 0.0006792 0.0077046 0.0076802 0.2642661 0.2632864 0.2638055 0.2640515 0.2637073 0.2629097 0.2635763 0.0647417 0.2649961 0.2642266 0.2632378 0.0077051 0.2635325 0.2631967 0.2649772 0.2645783 0.2649487 0.2616431 0.2620386 0.2636501 0.2677784 0.0078887 0.0076992 0.0078854 0.0081473 0.0077051 0.0084178 0.0091559 0.0078853 0.0085940 0.0073258 0.0077032 0.0077020 0.0073288 0.0080665 0.0089726 0.0075043 0.0080730 0.0076866 0.0073252 0.0078880 0.0078867 0.0095225 0.0078870 0.0082449 0.0080659 0.0075066 0.0089726 0.0075252 0.0075252 0.0080334 0.0075043 0.0080412 0.0078828 0.0078600 0.0080482 0.0071447 0.0076897 0.0076840 0.0080635 0.2644572 0.2645783 0.0084210 0.2647990 0.6461918 
HSV2_7                                  0.2910357 0.2904780 0.2920213 0.2921501 0.2922220 0.2915668 0.2947041 0.2917922 0.2953265 0.2917922 0.2920798 0.2946261 0.2907585 0.2918309 0.2928366 0.2965597 0.2971384 0.2941215 0.2963901 0.0029897 0.0028863 0.0029371 0.0057734 0.0101480 0.0026458 0.0000000 0.0029506 0.0081000 0.0052556 0.0019265 0.0030627 0.0099544 0.0108823 0.0105311 0.0030971 0.0101542 0.0103879 0.2935818 0.2924141 0.2925845 0.2944077 0.2933135 0.2920602 0.2932831 0.0741350 0.2945165 0.2937517 0.2927553 0.0099704 0.2941966 0.2929730 0.2951732 0.2948143 0.2951439 0.2914023 0.2917561 0.2935021 0.2969693 0.0101325 0.0099643 0.0101288 0.0103635 0.0099704 0.0107548 0.0112459 0.0102940 0.0107494 0.0094752 0.0099705 0.0101229 0.0096358 0.0102889 0.0112504 0.0097896 0.0102964 0.0099507 0.0096319 0.0101341 0.0101327 0.0117280 0.0101547 0.0106083 0.0104509 0.0099541 0.0112504 0.0099685 0.0099685 0.0100953 0.0097870 0.0102615 0.0102831 0.0101016 0.0101135 0.0097927 0.0099540 0.0102718 0.0102850 0.2946892 0.2948143 0.0107554 0.2934999 0.7393059 
HSV2_8                                  0.2566746 0.2565154 0.2577660 0.2574930 0.2575638 0.2572012 0.2597735 0.2571012 0.2582174 0.2571012 0.2578225 0.2593093 0.2543162 0.2575216 0.2590219 0.2615175 0.2622623 0.2593194 0.2614479 0.0009843 0.0001596 0.0001654 0.0057734 0.0073348 0.0006600 0.0029506 0.0000000 0.0057492 0.0024720 0.0000024 0.0007201 0.0074771 0.0081056 0.0083184 0.0001690 0.0077755 0.0078786 0.2596923 0.2583471 0.2588475 0.2590831 0.2587594 0.2583405 0.2582439 0.0624987 0.2600187 0.2592607 0.2586598 0.0077888 0.2589412 0.2586193 0.2603946 0.2600019 0.2603672 0.2570958 0.2574855 0.2590612 0.2620464 0.0079706 0.0077829 0.0079673 0.0082274 0.0077888 0.0084941 0.0092255 0.0079671 0.0086684 0.0072360 0.0077869 0.0077856 0.0074160 0.0079676 0.0090441 0.0075897 0.0081540 0.0077702 0.0074124 0.0079698 0.0079686 0.0095882 0.0079689 0.0083230 0.0081459 0.0075920 0.0090441 0.0076107 0.0076107 0.0079351 0.0075872 0.0081212 0.0079647 0.0079418 0.0079496 0.0075889 0.0077734 0.0075899 0.0081435 0.2598853 0.2600019 0.0084973 0.2598207 0.6570560 
HSV2_9                                  0.2803463 0.2797510 0.2814124 0.2811587 0.2812337 0.2799845 0.2827327 0.2811587 0.2819358 0.2811587 0.2814731 0.2820847 0.2779540 0.2802779 0.2819440 0.2841102 0.2848350 0.2820161 0.2840321 0.0057426 0.0059397 0.0059374 0.0000029 0.0021779 0.0055935 0.0081000 0.0057492 0.0000000 0.0045549 0.0023085 0.0045576 0.0024679 0.0021179 0.0027818 0.0057907 0.0021561 0.0028998 0.2819498 0.2809308 0.2815925 0.2818537 0.2822887 0.2814284 0.2813255 0.0679725 0.2827462 0.2820042 0.2818100 0.0027817 0.2816946 0.2813354 0.2827216 0.2823358 0.2826917 0.2802430 0.2806247 0.2821779 0.2850804 0.0029404 0.0029382 0.0029393 0.0028270 0.0027817 0.0029380 0.0035760 0.0024698 0.0030942 0.0019942 0.0026249 0.0026238 0.0023054 0.0027846 0.0034165 0.0024611 0.0031005 0.0023064 0.0024602 0.0029406 0.0029402 0.0038962 0.0024729 0.0027834 0.0026266 0.0021504 0.0034165 0.0026242 0.0026242 0.0026158 0.0023049 0.0026183 0.0026249 0.0027780 0.0027774 0.0023052 0.0024636 0.0024636 0.0030967 0.2822084 0.2823358 0.0027817 0.2825693 0.6974695 
HSV2_10                                 0.2799927 0.2793937 0.2810661 0.2808105 0.2808859 0.2797244 0.2829771 0.2804222 0.2825370 0.2804222 0.2811272 0.2821990 0.2780367 0.2803782 0.2813697 0.2844127 0.2850490 0.2822074 0.2842396 0.0032362 0.0031603 0.0029422 0.0046891 0.0036966 0.0024849 0.0052556 0.0024720 0.0045549 0.0000000 0.0007581 0.0026886 0.0039066 0.0037298 0.0037534 0.0023939 0.0041014 0.0036101 0.2812490 0.2801945 0.2816863 0.2819662 0.2815108 0.2806959 0.2813832 0.0671475 0.2825065 0.2817591 0.2814166 0.0032762 0.2821645 0.2809892 0.2828926 0.2825037 0.2828624 0.2798399 0.2802241 0.2814489 0.2852966 0.0034374 0.0032734 0.0034361 0.0036478 0.0032762 0.0037516 0.0040726 0.0037566 0.0040697 0.0039224 0.0034349 0.0035925 0.0039252 0.0037560 0.0040748 0.0040839 0.0032762 0.0044088 0.0039232 0.0034376 0.0034371 0.0050519 0.0036053 0.0039153 0.0039166 0.0044088 0.0040748 0.0031165 0.0031165 0.0044024 0.0040828 0.0045696 0.0034349 0.0045714 0.0045755 0.0042499 0.0042493 0.0044125 0.0035950 0.2823753 0.2825037 0.0039139 0.2822306 0.6927551 
HSV2_11                                 0.1806563 0.1799470 0.1814394 0.1822574 0.1823674 0.1791652 0.1811650 0.1814394 0.1802503 0.1814394 0.1822229 0.1823799 0.1784539 0.1820203 0.1819153 0.1842276 0.1850459 0.1817801 0.1850105 0.0000024 0.0003772 0.0000024 0.0005663 0.0019201 0.0003775 0.0019265 0.0000024 0.0023085 0.0007581 0.0000000 0.0000024 0.0019201 0.0027037 0.0023085 0.0000024 0.0023085 0.0019201 0.1811240 0.1826629 0.1801808 0.1827461 0.1811057 0.1811333 0.1819205 0.0444646 0.1834449 0.1834449 0.1811267 0.0019201 0.1818808 0.1803862 0.1834836 0.1834836 0.1842663 0.1803182 0.1803182 0.1804419 0.1842627 0.0019201 0.0019201 0.0019201 0.0023085 0.0019201 0.0023085 0.0026986 0.0027037 0.0026986 0.0023085 0.0019201 0.0023085 0.0019201 0.0027037 0.0026991 0.0023085 0.0019201 0.0030991 0.0023085 0.0019201 0.0019201 0.0026986 0.0027037 0.0027037 0.0027037 0.0027037 0.0026991 0.0019201 0.0019201 0.0023085 0.0026991 0.0027011 0.0027011 0.0027011 0.0026986 0.0027011 0.0027011 0.0023113 0.0019201 0.1834836 0.1834836 0.0027015 0.1810979 0.5059346 
HSV2_12                                 0.2548681 0.2537558 0.2555983 0.2552975 0.2553745 0.2536340 0.2568930 0.2548681 0.2556231 0.2548681 0.2561275 0.2557500 0.2513122 0.2542635 0.2560784 0.2576580 0.2584727 0.2552491 0.2575839 0.0005261 0.0008791 0.0008957 0.0057848 0.0064520 0.0005338 0.0030627 0.0007201 0.0045576 0.0026886 0.0000024 0.0000000 0.0066969 0.0068551 0.0076243 0.0008975 0.0064639 0.0068675 0.2550288 0.2547604 0.2552735 0.2559647 0.2561314 0.2547878 0.2555620 0.0648971 0.2561921 0.2557628 0.2560129 0.0070465 0.2554126 0.2542845 0.2565983 0.2561690 0.2565689 0.2539070 0.2543335 0.2555475 0.2578275 0.0072443 0.0070404 0.0072410 0.0075212 0.0070465 0.0078161 0.0082097 0.0070481 0.0080066 0.0066390 0.0070464 0.0070433 0.0066421 0.0072413 0.0082142 0.0068315 0.0070465 0.0070278 0.0066385 0.0072454 0.0072441 0.0088105 0.0072463 0.0072413 0.0072408 0.0066406 0.0082142 0.0068525 0.0068525 0.0074027 0.0068315 0.0072190 0.0072384 0.0072154 0.0072248 0.0064474 0.0070310 0.0074221 0.0074333 0.2560441 0.2561690 0.0076237 0.2563858 0.6275378 
HSV2_13                                 0.2681360 0.2675185 0.2692598 0.2689854 0.2690612 0.2677885 0.2714415 0.2685804 0.2697529 0.2685804 0.2693209 0.2699155 0.2652227 0.2684829 0.2702643 0.2718308 0.2725031 0.2697964 0.2716621 0.0077760 0.0079056 0.0077845 0.0004998 0.0003237 0.0076309 0.0099544 0.0074771 0.0024679 0.0039066 0.0019201 0.0066969 0.0000000 0.0014244 0.0014680 0.0075997 0.0011386 0.0018474 0.2699515 0.2687741 0.2698641 0.2701159 0.2697980 0.2689340 0.2692046 0.0644383 0.2702410 0.2694607 0.2693231 0.0011393 0.2703350 0.2688266 0.2706935 0.2702883 0.2706638 0.2676945 0.2680960 0.2696976 0.2730135 0.0013036 0.0013026 0.0013031 0.0014974 0.0011393 0.0014670 0.0021314 0.0016338 0.0016308 0.0008090 0.0013035 0.0016310 0.0001613 0.0014682 0.0021326 0.0003226 0.0014696 0.0011363 0.0008090 0.0013036 0.0013034 0.0021314 0.0013038 0.0016328 0.0016334 0.0012996 0.0021326 0.0009753 0.0009753 0.0011349 0.0006466 0.0008092 0.0013026 0.0009735 0.0014643 0.0014652 0.0011368 0.0009736 0.0014677 0.2701618 0.2702883 0.0014677 0.2708793 0.6677673 
HSV2_14                                 0.2584070 0.2577658 0.2595896 0.2592949 0.2593720 0.2576268 0.2600755 0.2588701 0.2587827 0.2588701 0.2596513 0.2598676 0.2558335 0.2574764 0.2593562 0.2619452 0.2626586 0.2594177 0.2617778 0.0085318 0.0086830 0.0085069 0.0005009 0.0008732 0.0083064 0.0108823 0.0081056 0.0021179 0.0037298 0.0027037 0.0068551 0.0014244 0.0000000 0.0008632 0.0083259 0.0012162 0.0010687 0.2594925 0.2586815 0.2598614 0.2600793 0.2601944 0.2588582 0.2595830 0.0596682 0.2598456 0.2594504 0.2592683 0.0008628 0.2599247 0.2587366 0.2602753 0.2598506 0.2602457 0.2579973 0.2584192 0.2596390 0.2627924 0.0010370 0.0010362 0.0010366 0.0008833 0.0008628 0.0008626 0.0015623 0.0001717 0.0010356 0.0008655 0.0006893 0.0006886 0.0012146 0.0001717 0.0013868 0.0013888 0.0012122 0.0012152 0.0015635 0.0010368 0.0010367 0.0019148 0.0003447 0.0003438 0.0001717 0.0008649 0.0013868 0.0006887 0.0006887 0.0015632 0.0010398 0.0015652 0.0006890 0.0017430 0.0019181 0.0012143 0.0013894 0.0012148 0.0010366 0.2597247 0.2598506 0.0008630 0.2604388 0.6647052 
HSV2_15                                 0.3009481 0.3004328 0.3019332 0.3020681 0.3021422 0.3018633 0.3046781 0.3017092 0.3037389 0.3017092 0.3019938 0.3041819 0.2994919 0.3021212 0.3027826 0.3064678 0.3070410 0.3036639 0.3062897 0.0088395 0.0088493 0.0089904 0.0000029 0.0013494 0.0084216 0.0105311 0.0083184 0.0027818 0.0037534 0.0023085 0.0076243 0.0014680 0.0008632 0.0000000 0.0081881 0.0015821 0.0014210 0.3031118 0.3027055 0.3032851 0.3039608 0.3035730 0.3020009 0.3035150 0.0750805 0.3040600 0.3032908 0.3027043 0.0009582 0.3037397 0.3025911 0.3047135 0.3043539 0.3046830 0.3013416 0.3016958 0.3034647 0.3065168 0.0010958 0.0010951 0.0010955 0.0009753 0.0009582 0.0008209 0.0015126 0.0012354 0.0010945 0.0012378 0.0009581 0.0010946 0.0012369 0.0009588 0.0015134 0.0013753 0.0012349 0.0013765 0.0012363 0.0008213 0.0008212 0.0013745 0.0009612 0.0012347 0.0013740 0.0019355 0.0015134 0.0009580 0.0009580 0.0010973 0.0013748 0.0015149 0.0009582 0.0016555 0.0015166 0.0016556 0.0015155 0.0012382 0.0012336 0.3042235 0.3043539 0.0005453 0.3038030 0.7556531 
HSV2_16                                 0.2589301 0.2578573 0.2596290 0.2593428 0.2594177 0.2573782 0.2605473 0.2589301 0.2588748 0.2589301 0.2601397 0.2603643 0.2551498 0.2580268 0.2597559 0.2617977 0.2625802 0.2599381 0.2617245 0.0011870 0.0003346 0.0003421 0.0057734 0.0072819 0.0006792 0.0030971 0.0001690 0.0057907 0.0023939 0.0000024 0.0008975 0.0075997 0.0083259 0.0081881 0.0000000 0.0074425 0.0076882 0.2600197 0.2590660 0.2594424 0.2601258 0.2594500 0.2585253 0.2593050 0.0643028 0.2607246 0.2599275 0.2592944 0.0076336 0.2599756 0.2584570 0.2607292 0.2603163 0.2607003 0.2572668 0.2576764 0.2592616 0.2624207 0.0078232 0.0076275 0.0078198 0.0080923 0.0076336 0.0083722 0.0091387 0.0080051 0.0085550 0.0074243 0.0078156 0.0078144 0.0072438 0.0081936 0.0089486 0.0074257 0.0080155 0.0077990 0.0072401 0.0078224 0.0078211 0.0093283 0.0080070 0.0083790 0.0081930 0.0072449 0.0089486 0.0074472 0.0074472 0.0079732 0.0076097 0.0077980 0.0078171 0.0077943 0.0079885 0.0074254 0.0076178 0.0076119 0.0078198 0.2601935 0.2603163 0.0081875 0.2605169 0.6530905 
HSV2_17                                 0.2943937 0.2938139 0.2954139 0.2955494 0.2956247 0.2953915 0.2982525 0.2951785 0.2965542 0.2951785 0.2954752 0.2977813 0.2929021 0.2956626 0.2963081 0.2998330 0.3004304 0.2972542 0.2996544 0.0079973 0.0082006 0.0082886 0.0000029 0.0007485 0.0077046 0.0101542 0.0077755 0.0021561 0.0041014 0.0023085 0.0064639 0.0011386 0.0012162 0.0015821 0.0074425 0.0000000 0.0019116 0.2966911 0.2959265 0.2964440 0.2975542 0.2964040 0.2958418 0.2966923 0.0724053 0.2976635 0.2968702 0.2962446 0.0014364 0.2973322 0.2964995 0.2983424 0.2979706 0.2983117 0.2943267 0.2946929 0.2970535 0.3002047 0.0015823 0.0015812 0.0015817 0.0014624 0.0014364 0.0015815 0.0014351 0.0014386 0.0015804 0.0008580 0.0012921 0.0012912 0.0008567 0.0014383 0.0012903 0.0010002 0.0011458 0.0008572 0.0011436 0.0015818 0.0015818 0.0024621 0.0011505 0.0014381 0.0015842 0.0008580 0.0012903 0.0012914 0.0012914 0.0012879 0.0010006 0.0011447 0.0012917 0.0012901 0.0017244 0.0012896 0.0011452 0.0010009 0.0017268 0.2978392 0.2979706 0.0014368 0.2973966 0.7274335 
HSV2_18                                 0.2748119 0.2741505 0.2758599 0.2755950 0.2756710 0.2743890 0.2772229 0.2751979 0.2758957 0.2751979 0.2759733 0.2765444 0.2714303 0.2742538 0.2764233 0.2790875 0.2798360 0.2769256 0.2790093 0.0082488 0.0086081 0.0084334 0.0004998 0.0012728 0.0076802 0.0103879 0.0078786 0.0028998 0.0036101 0.0019201 0.0068675 0.0018474 0.0010687 0.0014210 0.0076882 0.0019116 0.0000000 0.2764160 0.2754234 0.2764949 0.2763084 0.2767721 0.2758904 0.2758383 0.0676418 0.2772342 0.2764695 0.2762785 0.0009438 0.2757822 0.2757905 0.2772109 0.2768136 0.2771809 0.2746720 0.2750654 0.2767030 0.2800840 0.0011032 0.0011024 0.0011028 0.0012868 0.0009438 0.0012608 0.0022228 0.0011029 0.0017374 0.0017440 0.0009437 0.0011018 0.0015842 0.0014214 0.0022240 0.0017438 0.0012630 0.0015850 0.0012646 0.0007868 0.0007867 0.0022245 0.0011045 0.0014207 0.0012618 0.0017443 0.0022240 0.0007859 0.0007859 0.0020642 0.0019047 0.0020658 0.0011024 0.0023903 0.0022312 0.0015870 0.0019061 0.0020690 0.0012614 0.2766857 0.2768136 0.0012614 0.2770477 0.6765158 
