99
HM585496_Human_herpesvirus_1            0.0000000 0.0053197 0.0053129 0.0004028 0.0004028 0.0044362 0.0058889 0.0005374 0.0116392 0.0005374 0.0002681 0.0038732 0.0110295 0.0040132 0.0063313 0.0064857 0.0064857 0.0054549 0.0066368 0.3185069 0.3220333 0.3117124 0.3264576 0.3226654 0.2980376 0.3222857 0.3127210 0.3119586 0.3148839 0.3314296 0.2910755 0.3150190 0.3158559 0.3209657 0.2985858 0.3165475 0.3108843 0.0053173 0.0048745 0.0053123 0.0043068 0.0044523 0.0042929 0.0057362 0.3355650 0.0058896 0.0058868 0.0038791 0.3220744 0.0041649 0.0050130 0.0047289 0.0048717 0.0047289 0.0048771 0.0047307 0.0048755 0.0060400 0.3216363 0.3211991 0.3211991 0.3214077 0.3216363 0.3225896 0.3218141 0.3205359 0.3214348 0.3215585 0.3215561 0.3211959 0.3204285 0.3219607 0.3213453 0.3208580 0.3200370 0.3217965 0.3195825 0.3213799 0.3213799 0.3207573 0.3222125 0.3205927 0.3209956 0.3223558 0.3213453 0.3203735 0.3203735 0.3201617 0.3209176 0.3215325 0.3214425 0.3219348 0.3215221 0.3206166 0.3219348 0.3206800 0.3208826 0.0052993 0.7105606 
HM585497_Human_herpesvirus_1            0.0053197 0.0000000 0.0058664 0.0054674 0.0054667 0.0024553 0.0049947 0.0056108 0.0120490 0.0056108 0.0053188 0.0041379 0.0117299 0.0023164 0.0051432 0.0063104 0.0063104 0.0051381 0.0064607 0.3187055 0.3225807 0.3119644 0.3273548 0.3232632 0.2981831 0.3228289 0.3129235 0.3122143 0.3150812 0.3311734 0.2921723 0.3152226 0.3168371 0.3218226 0.2987604 0.3171431 0.3111349 0.0052877 0.0048605 0.0047176 0.0040044 0.0052978 0.0045741 0.0057130 0.3368063 0.0052896 0.0052870 0.0047124 0.3226723 0.0047147 0.0044286 0.0052800 0.0054233 0.0052800 0.0057253 0.0055772 0.0048615 0.0057185 0.3222345 0.3217968 0.3217968 0.3220053 0.3222345 0.3231880 0.3224114 0.3204115 0.3220319 0.3214342 0.3221534 0.3217932 0.3210251 0.3225583 0.3219428 0.3214550 0.3203260 0.3223936 0.3208433 0.3227000 0.3227000 0.3213540 0.3228108 0.3204682 0.3208712 0.3229536 0.3219428 0.3202491 0.3202491 0.3207581 0.3215146 0.3221296 0.3220404 0.3225322 0.3221192 0.3212137 0.3225322 0.3212773 0.3217391 0.0047060 0.7055826 
HM585498_Human_herpesvirus_1            0.0053129 0.0058664 0.0000000 0.0054604 0.0054598 0.0055579 0.0021754 0.0056037 0.0101236 0.0056037 0.0053120 0.0055640 0.0098113 0.0051313 0.0009414 0.0071887 0.0071887 0.0057132 0.0073410 0.3179512 0.3218253 0.3113025 0.3239695 0.3229912 0.2972945 0.3220788 0.3122946 0.3119637 0.3144631 0.3294251 0.2902635 0.3149581 0.3166155 0.3212955 0.2981505 0.3168875 0.3108918 0.0061542 0.0062935 0.0067393 0.0062981 0.0064480 0.0054258 0.0071673 0.3337377 0.0073248 0.0073212 0.0064406 0.3216855 0.0061532 0.0061427 0.0067264 0.0068721 0.0067264 0.0062970 0.0061478 0.0057161 0.0062983 0.3212483 0.3208125 0.3208125 0.3217366 0.3212483 0.3229159 0.3221417 0.3208665 0.3217633 0.3218868 0.3218844 0.3215251 0.3207593 0.3222881 0.3216742 0.3211879 0.3203685 0.3221241 0.3198588 0.3217089 0.3217089 0.3210873 0.3225397 0.3209231 0.3213252 0.3226824 0.3216742 0.3207043 0.3207043 0.3204930 0.3212473 0.3218607 0.3217715 0.3222622 0.3218504 0.3209472 0.3222622 0.3210105 0.3212125 0.0067229 0.7050935 
HM585499_Human_herpesvirus_1            0.0004028 0.0054674 0.0054604 0.0000000 0.0000010 0.0045813 0.0060376 0.0006728 0.0118012 0.0006728 0.0004027 0.0040172 0.0111904 0.0041575 0.0064811 0.0066360 0.0066360 0.0056027 0.0067875 0.3189200 0.3224437 0.3121183 0.3275974 0.3230709 0.2979825 0.3226930 0.3126637 0.3123705 0.3152935 0.3298744 0.2910184 0.3154417 0.3163020 0.3213704 0.2985290 0.3169501 0.3112882 0.0054649 0.0050208 0.0054598 0.0044520 0.0045980 0.0044377 0.0058845 0.3359770 0.0060384 0.0060354 0.0040233 0.3224798 0.0043098 0.0051595 0.0048748 0.0050179 0.0048748 0.0050235 0.0048768 0.0050219 0.0061892 0.3220418 0.3216041 0.3216041 0.3218127 0.3220418 0.3229955 0.3222190 0.3209401 0.3218395 0.3219633 0.3219610 0.3216007 0.3208327 0.3223659 0.3217503 0.3212625 0.3204408 0.3222013 0.3199863 0.3217850 0.3217850 0.3211616 0.3226182 0.3209970 0.3214002 0.3227612 0.3217503 0.3207775 0.3207775 0.3205656 0.3213221 0.3219372 0.3218478 0.3223398 0.3219268 0.3210211 0.3223398 0.3210846 0.3212872 0.0054464 0.7117810 
HM585500_Human_herpesvirus_1            0.0004028 0.0054667 0.0054598 0.0000010 0.0000000 0.0045807 0.0060369 0.0006727 0.0117998 0.0006727 0.0004027 0.0040167 0.0111891 0.0041570 0.0064803 0.0066352 0.0066352 0.0056020 0.0067867 0.3188629 0.3223865 0.3120630 0.3274370 0.3230144 0.2979274 0.3226363 0.3126064 0.3123143 0.3152373 0.3297037 0.2909613 0.3153837 0.3162407 0.3213142 0.2984722 0.3168947 0.3112332 0.0054643 0.0050203 0.0054592 0.0044515 0.0045975 0.0044372 0.0058838 0.3359181 0.0060376 0.0060347 0.0040228 0.3224234 0.0043093 0.0051589 0.0048743 0.0050174 0.0048743 0.0050229 0.0048762 0.0050213 0.0061884 0.3219854 0.3215479 0.3215479 0.3217564 0.3219854 0.3229389 0.3221627 0.3208840 0.3217832 0.3219070 0.3219047 0.3215444 0.3207766 0.3223095 0.3216940 0.3212063 0.3203848 0.3221450 0.3199304 0.3217287 0.3217287 0.3211054 0.3225617 0.3209409 0.3213440 0.3227048 0.3216940 0.3207214 0.3207214 0.3205096 0.3212659 0.3218809 0.3217914 0.3222834 0.3218705 0.3209650 0.3222834 0.3210285 0.3212310 0.0054458 0.7117810 
HM585501_Human_herpesvirus_1            0.0044362 0.0024553 0.0055579 0.0045813 0.0045807 0.0000000 0.0044088 0.0047229 0.0117013 0.0047229 0.0044354 0.0032769 0.0113825 0.0017565 0.0045554 0.0054226 0.0054226 0.0045508 0.0055703 0.3196575 0.3231714 0.3128528 0.3304367 0.3237889 0.2991718 0.3234148 0.3138995 0.3131154 0.3160301 0.3344514 0.2927185 0.3161428 0.3178690 0.3220897 0.2997767 0.3176718 0.3120202 0.0046983 0.0042690 0.0041277 0.0034230 0.0044166 0.0039860 0.0048283 0.3376324 0.0049778 0.0049754 0.0035614 0.3231987 0.0038438 0.0041239 0.0044019 0.0045431 0.0044019 0.0051238 0.0049778 0.0042699 0.0051250 0.3227613 0.3223235 0.3223235 0.3225318 0.3227613 0.3237144 0.3229373 0.3216590 0.3225579 0.3226818 0.3226796 0.3223196 0.3215516 0.3230844 0.3224692 0.3219815 0.3211595 0.3229194 0.3213698 0.3232263 0.3232263 0.3218801 0.3233374 0.3217159 0.3221191 0.3234797 0.3224692 0.3207756 0.3207756 0.3212845 0.3220409 0.3226556 0.3225672 0.3230581 0.3226452 0.3217404 0.3230581 0.3218041 0.3220062 0.0043995 0.7109693 
HM585502_Human_herpesvirus_1            0.0058889 0.0049947 0.0021754 0.0060376 0.0060369 0.0044088 0.0000000 0.0061817 0.0098372 0.0061817 0.0058879 0.0041309 0.0098297 0.0042701 0.0012157 0.0057215 0.0057215 0.0045599 0.0058702 0.3166785 0.3205706 0.3100346 0.3239706 0.3217541 0.2959536 0.3208343 0.3109854 0.3106778 0.3131922 0.3294263 0.2893460 0.3136471 0.3152353 0.3200560 0.2967731 0.3156430 0.3096278 0.0047076 0.0060018 0.0052817 0.0051349 0.0061554 0.0051372 0.0057040 0.3340224 0.0061459 0.0061429 0.0049898 0.3204463 0.0047070 0.0055638 0.0052716 0.0054147 0.0052716 0.0060051 0.0058566 0.0048535 0.0051352 0.3200080 0.3195724 0.3195724 0.3204975 0.3200080 0.3216772 0.3209040 0.3196276 0.3205253 0.3206488 0.3206462 0.3202863 0.3195203 0.3210501 0.3204353 0.3199489 0.3191298 0.3208867 0.3193385 0.3211906 0.3211906 0.3198490 0.3213006 0.3196841 0.3200863 0.3214446 0.3204353 0.3194656 0.3194656 0.3192541 0.3200086 0.3206229 0.3205319 0.3210246 0.3206125 0.3197075 0.3210246 0.3197707 0.3199734 0.0055554 0.7028461 
HM585503_Human_herpesvirus_1            0.0005374 0.0056108 0.0056037 0.0006728 0.0006727 0.0047229 0.0061817 0.0000000 0.0119543 0.0000010 0.0005373 0.0041581 0.0113427 0.0042986 0.0066259 0.0067811 0.0067811 0.0057461 0.0069329 0.3191927 0.3227130 0.3123895 0.3286028 0.3233367 0.2987396 0.3229601 0.3134211 0.3126456 0.3155656 0.3310129 0.2918184 0.3157225 0.3165979 0.3216366 0.2993077 0.3172168 0.3115585 0.0056083 0.0051633 0.0056031 0.0045938 0.0047401 0.0045791 0.0060281 0.3362410 0.0061824 0.0061795 0.0041645 0.3227459 0.0044514 0.0053021 0.0050171 0.0051604 0.0050171 0.0051661 0.0050191 0.0051644 0.0063335 0.3223081 0.3218703 0.3218703 0.3220788 0.3223081 0.3232616 0.3224849 0.3212061 0.3221054 0.3222292 0.3222269 0.3218667 0.3210987 0.3226318 0.3220163 0.3215286 0.3207067 0.3224671 0.3202524 0.3220511 0.3220511 0.3214274 0.3228844 0.3212630 0.3216662 0.3230272 0.3220163 0.3210434 0.3210434 0.3208316 0.3215881 0.3222031 0.3221140 0.3226057 0.3221927 0.3212872 0.3226057 0.3213508 0.3215532 0.0055894 0.7122966 
HM585504_Human_herpesvirus_1            0.0116392 0.0120490 0.0101236 0.0118012 0.0117998 0.0117013 0.0098372 0.0119543 0.0000000 0.0119543 0.0114748 0.0113867 0.0052807 0.0112415 0.0096738 0.0128384 0.0128384 0.0115507 0.0130051 0.3162579 0.3209016 0.3107894 0.3296592 0.3221695 0.2962038 0.3215384 0.3113193 0.3103214 0.3138887 0.3380004 0.2904150 0.3130687 0.3144674 0.3205934 0.2971833 0.3165559 0.3098071 0.0117214 0.0125084 0.0120394 0.0115640 0.0126849 0.0115453 0.0131370 0.3343939 0.0123500 0.0123438 0.0120258 0.3209831 0.0120303 0.0120281 0.0126427 0.0127994 0.0126427 0.0128310 0.0126655 0.0115573 0.0121868 0.3205457 0.3201105 0.3201105 0.3210342 0.3205457 0.3222125 0.3214397 0.3201651 0.3210615 0.3211849 0.3211824 0.3208231 0.3200580 0.3215857 0.3209720 0.3204862 0.3196678 0.3214222 0.3199331 0.3217263 0.3217263 0.3203860 0.3218364 0.3202216 0.3206234 0.3219797 0.3209720 0.3200032 0.3200032 0.3197921 0.3205457 0.3211589 0.3210687 0.3215601 0.3211485 0.3202453 0.3215601 0.3203085 0.3205107 0.0123399 0.7023056 
HM585505_Human_herpesvirus_1            0.0005374 0.0056108 0.0056037 0.0006728 0.0006727 0.0047229 0.0061817 0.0000010 0.0119543 0.0000000 0.0005373 0.0041581 0.0113427 0.0042986 0.0066259 0.0067811 0.0067811 0.0057461 0.0069329 0.3191927 0.3227130 0.3123895 0.3286028 0.3233367 0.2987396 0.3229601 0.3134211 0.3126456 0.3155656 0.3310129 0.2918184 0.3157225 0.3165979 0.3216366 0.2993077 0.3172168 0.3115585 0.0056083 0.0051633 0.0056031 0.0045938 0.0047401 0.0045791 0.0060281 0.3362410 0.0061824 0.0061795 0.0041645 0.3227459 0.0044514 0.0053021 0.0050171 0.0051604 0.0050171 0.0051661 0.0050191 0.0051644 0.0063335 0.3223081 0.3218703 0.3218703 0.3220788 0.3223081 0.3232616 0.3224849 0.3212061 0.3221054 0.3222292 0.3222269 0.3218667 0.3210987 0.3226318 0.3220163 0.3215286 0.3207067 0.3224671 0.3202524 0.3220511 0.3220511 0.3214274 0.3228844 0.3212630 0.3216662 0.3230272 0.3220163 0.3210434 0.3210434 0.3208316 0.3215881 0.3222031 0.3221140 0.3226057 0.3221927 0.3212872 0.3226057 0.3213508 0.3215532 0.0055894 0.7122966 
HM585506_Human_herpesvirus_1            0.0002681 0.0053188 0.0053120 0.0004027 0.0004027 0.0044354 0.0058879 0.0005373 0.0114748 0.0005373 0.0000000 0.0038725 0.0110276 0.0040125 0.0063302 0.0064845 0.0064845 0.0054540 0.0066356 0.3184254 0.3219518 0.3116333 0.3275289 0.3225848 0.2979584 0.3222048 0.3126390 0.3118783 0.3148036 0.3311845 0.2909933 0.3149361 0.3157683 0.3208854 0.2985042 0.3164683 0.3108057 0.0053164 0.0048737 0.0053114 0.0043061 0.0044516 0.0042922 0.0057353 0.3349059 0.0058886 0.0058857 0.0038784 0.3219939 0.0041641 0.0050121 0.0047281 0.0048708 0.0047281 0.0048762 0.0047299 0.0048747 0.0060390 0.3215559 0.3211188 0.3211188 0.3213274 0.3215559 0.3225089 0.3217337 0.3204559 0.3213545 0.3214782 0.3214758 0.3211157 0.3203485 0.3218803 0.3212650 0.3207778 0.3199572 0.3217161 0.3195027 0.3212996 0.3212996 0.3206773 0.3221319 0.3205126 0.3209154 0.3222753 0.3212650 0.3202935 0.3202935 0.3200818 0.3208375 0.3214522 0.3213622 0.3218544 0.3214418 0.3205365 0.3218544 0.3205999 0.3208024 0.0052983 0.7093432 
HM585508_Human_herpesvirus_1            0.0038732 0.0041379 0.0055640 0.0040172 0.0040167 0.0032769 0.0041309 0.0041581 0.0113867 0.0041581 0.0038725 0.0000000 0.0110662 0.0031397 0.0045605 0.0048464 0.0048464 0.0039827 0.0049927 0.3196440 0.3231060 0.3128290 0.3308775 0.3230591 0.2979801 0.3234072 0.3134231 0.3126470 0.3159546 0.3354424 0.2916509 0.3143010 0.3165691 0.3213574 0.2988632 0.3168785 0.3112129 0.0042697 0.0046962 0.0037023 0.0034195 0.0047032 0.0039880 0.0045475 0.3362604 0.0048374 0.0049779 0.0028619 0.3224676 0.0024477 0.0044079 0.0027206 0.0028589 0.0027206 0.0046983 0.0045532 0.0038440 0.0044093 0.3220292 0.3215913 0.3215913 0.3218001 0.3220292 0.3222038 0.3222066 0.3208707 0.3218268 0.3219508 0.3219484 0.3215879 0.3208193 0.3222971 0.3217375 0.3212495 0.3204272 0.3221889 0.3204632 0.3224952 0.3224952 0.3211484 0.3226061 0.3209276 0.3213310 0.3226927 0.3217375 0.3207641 0.3207641 0.3204960 0.3213091 0.3219246 0.3218351 0.3223275 0.3219142 0.3210079 0.3223275 0.3210715 0.3212741 0.0044017 0.7081919 
HM585509_Human_herpesvirus_1            0.0110295 0.0117299 0.0098113 0.0111904 0.0111891 0.0113825 0.0098297 0.0113427 0.0052807 0.0113427 0.0110276 0.0110662 0.0000000 0.0109255 0.0093630 0.0118780 0.0118780 0.0109219 0.0120425 0.3202963 0.3249114 0.3142494 0.3333964 0.3262880 0.2990208 0.3255769 0.3144056 0.3137290 0.3177505 0.3353670 0.2928622 0.3168539 0.3176650 0.3245891 0.2999914 0.3201700 0.3137822 0.0107736 0.0124949 0.0117055 0.0112410 0.0123569 0.0115340 0.0128014 0.3373845 0.0120078 0.0120017 0.0113834 0.3249805 0.0113891 0.0120149 0.0119974 0.0121530 0.0119974 0.0128189 0.0126535 0.0112373 0.0115531 0.3245441 0.3241052 0.3241052 0.3250314 0.3245441 0.3262164 0.3254354 0.3241562 0.3250555 0.3251797 0.3251780 0.3248182 0.3240488 0.3255835 0.3249685 0.3244797 0.3236551 0.3254169 0.3235796 0.3257271 0.3257271 0.3243767 0.3258394 0.3242135 0.3246174 0.3259794 0.3249685 0.3239925 0.3239925 0.3237807 0.3245387 0.3251531 0.3250681 0.3255563 0.3251429 0.3242393 0.3255563 0.3243033 0.3245045 0.0123265 0.7097516 
HM585510_Human_herpesvirus_1            0.0040132 0.0023164 0.0051313 0.0041575 0.0041570 0.0017565 0.0042701 0.0042986 0.0112415 0.0042986 0.0040125 0.0031397 0.0109255 0.0000000 0.0044164 0.0055697 0.0055697 0.0044120 0.0057179 0.3171238 0.3210112 0.3104049 0.3294643 0.3217127 0.2958161 0.3212715 0.3105583 0.3106320 0.3135101 0.3323895 0.2904677 0.3136014 0.3147433 0.3200139 0.2971033 0.3155991 0.3095824 0.0045591 0.0038486 0.0037078 0.0030065 0.0039949 0.0038477 0.0049736 0.3352383 0.0042710 0.0042690 0.0034237 0.3211214 0.0037057 0.0037044 0.0042634 0.0044045 0.0042634 0.0049842 0.0048384 0.0038494 0.0049855 0.3206832 0.3202469 0.3202469 0.3204556 0.3206832 0.3216357 0.3208623 0.3188654 0.3204834 0.3198867 0.3206043 0.3202443 0.3194780 0.3210084 0.3203934 0.3199068 0.3187803 0.3208449 0.3192962 0.3211489 0.3211489 0.3198068 0.3212589 0.3189218 0.3193239 0.3214030 0.3203934 0.3187037 0.3187037 0.3192117 0.3199665 0.3205810 0.3204899 0.3209829 0.3205706 0.3196653 0.3209829 0.3197285 0.3199313 0.0036987 0.7080024 
HM585511_Human_herpesvirus_1            0.0063313 0.0051432 0.0009414 0.0064811 0.0064803 0.0045554 0.0012157 0.0066259 0.0096738 0.0066259 0.0063302 0.0045605 0.0093630 0.0044164 0.0000000 0.0061620 0.0061620 0.0049923 0.0063119 0.3171837 0.3210687 0.3105377 0.3249360 0.3222452 0.2964855 0.3213283 0.3115049 0.3111881 0.3136966 0.3304509 0.2901951 0.3141674 0.3157832 0.3205480 0.2973195 0.3161369 0.3101294 0.0051415 0.0064435 0.0057191 0.0055712 0.0065986 0.0055737 0.0061433 0.3340905 0.0065884 0.0065853 0.0054250 0.3209382 0.0051408 0.0060025 0.0057082 0.0058521 0.0057082 0.0064471 0.0062974 0.0052885 0.0055715 0.3205003 0.3200646 0.3200646 0.3209894 0.3205003 0.3221690 0.3213953 0.3201193 0.3210167 0.3211402 0.3211377 0.3207781 0.3200121 0.3215416 0.3209271 0.3204407 0.3196215 0.3213779 0.3198305 0.3216823 0.3216823 0.3203405 0.3217925 0.3201759 0.3205781 0.3219359 0.3209271 0.3199573 0.3199573 0.3197459 0.3205003 0.3211143 0.3210239 0.3215159 0.3211039 0.3201996 0.3215159 0.3202629 0.3204653 0.0059935 0.7047549 
HM585512_Human_herpesvirus_1            0.0064857 0.0063104 0.0071887 0.0066360 0.0066352 0.0054226 0.0057215 0.0067811 0.0128384 0.0067811 0.0064845 0.0048464 0.0118780 0.0055697 0.0061620 0.0000000 0.0000010 0.0035608 0.0001337 0.3219964 0.3256110 0.3148765 0.3297952 0.3269510 0.3005426 0.3261237 0.3162464 0.3154774 0.3183523 0.3358359 0.2940132 0.3172839 0.3188360 0.3252477 0.3013332 0.3208163 0.3147754 0.0030065 0.0073324 0.0048451 0.0047066 0.0064636 0.0067443 0.0061393 0.3402983 0.0072158 0.0073594 0.0042723 0.3256402 0.0041323 0.0068858 0.0044094 0.0045508 0.0044094 0.0071897 0.0070382 0.0061559 0.0039860 0.3252030 0.3247625 0.3247625 0.3256912 0.3252030 0.3268801 0.3260959 0.3248129 0.3257148 0.3258395 0.3258378 0.3254772 0.3247053 0.3262446 0.3256281 0.3251377 0.3243101 0.3260771 0.3243498 0.3263891 0.3263891 0.3250339 0.3265020 0.3248706 0.3252758 0.3266417 0.3256281 0.3246487 0.3246487 0.3239727 0.3251966 0.3258127 0.3257283 0.3262171 0.3258025 0.3244324 0.3262171 0.3249611 0.3251626 0.0068755 0.7152537 
HM585513_Human_herpesvirus_1            0.0064857 0.0063104 0.0071887 0.0066360 0.0066352 0.0054226 0.0057215 0.0067811 0.0128384 0.0067811 0.0064845 0.0048464 0.0118780 0.0055697 0.0061620 0.0000010 0.0000000 0.0035608 0.0001337 0.3219964 0.3256110 0.3148765 0.3297952 0.3269510 0.3005426 0.3261237 0.3162464 0.3154774 0.3183523 0.3358359 0.2940132 0.3172839 0.3188360 0.3252477 0.3013332 0.3208163 0.3147754 0.0030065 0.0073324 0.0048451 0.0047066 0.0064636 0.0067443 0.0061393 0.3402983 0.0072158 0.0073594 0.0042723 0.3256402 0.0041323 0.0068858 0.0044094 0.0045508 0.0044094 0.0071897 0.0070382 0.0061559 0.0039860 0.3252030 0.3247625 0.3247625 0.3256912 0.3252030 0.3268801 0.3260959 0.3248129 0.3257148 0.3258395 0.3258378 0.3254772 0.3247053 0.3262446 0.3256281 0.3251377 0.3243101 0.3260771 0.3243498 0.3263891 0.3263891 0.3250339 0.3265020 0.3248706 0.3252758 0.3266417 0.3256281 0.3246487 0.3246487 0.3239727 0.3251966 0.3258127 0.3257283 0.3262171 0.3258025 0.3244324 0.3262171 0.3249611 0.3251626 0.0068755 0.7152537 
HM585514_Human_herpesvirus_1            0.0054549 0.0051381 0.0057132 0.0056027 0.0056020 0.0045508 0.0045599 0.0057461 0.0115507 0.0057461 0.0054540 0.0039827 0.0109219 0.0044120 0.0049923 0.0035608 0.0035608 0.0000000 0.0037035 0.3205231 0.3240321 0.3133511 0.3282607 0.3246395 0.2986696 0.3239198 0.3132359 0.3128189 0.3165348 0.3368682 0.2920299 0.3149033 0.3171416 0.3222198 0.2987380 0.3185149 0.3121414 0.0037070 0.0061438 0.0051290 0.0044143 0.0057187 0.0052782 0.0058455 0.3379632 0.0061710 0.0061681 0.0048382 0.3222647 0.0045564 0.0057052 0.0051192 0.0052618 0.0051192 0.0061472 0.0059984 0.0052732 0.0013482 0.3218265 0.3213890 0.3213890 0.3223159 0.3218265 0.3238463 0.3230682 0.3225065 0.3226884 0.3235307 0.3228102 0.3224499 0.3216811 0.3232155 0.3222533 0.3221115 0.3216599 0.3230503 0.3213254 0.3230110 0.3230110 0.3227276 0.3234689 0.3218456 0.3222492 0.3236112 0.3222533 0.3216256 0.3216256 0.3214095 0.3228890 0.3227862 0.3223512 0.3231891 0.3227758 0.3225885 0.3231891 0.3215875 0.3221361 0.0056966 0.7110219 
HM585515_Human_herpesvirus_1            0.0066368 0.0064607 0.0073410 0.0067875 0.0067867 0.0055703 0.0058702 0.0069329 0.0130051 0.0069329 0.0066356 0.0049927 0.0120425 0.0057179 0.0063119 0.0001337 0.0001337 0.0037035 0.0000000 0.3224698 0.3260815 0.3153403 0.3311053 0.3274172 0.3010171 0.3265913 0.3167271 0.3159488 0.3188213 0.3358359 0.2945124 0.3177671 0.3193463 0.3257128 0.3018215 0.3212785 0.3152381 0.0031481 0.0074851 0.0049914 0.0048526 0.0066144 0.0068955 0.0062886 0.3407734 0.0073685 0.0075123 0.0044171 0.3261057 0.0042768 0.0070373 0.0045543 0.0046961 0.0045543 0.0073421 0.0071902 0.0063057 0.0041299 0.3256684 0.3252274 0.3252274 0.3261567 0.3256684 0.3273467 0.3265613 0.3252774 0.3261800 0.3263047 0.3263032 0.3259423 0.3251697 0.3267103 0.3260935 0.3256026 0.3247740 0.3265424 0.3248142 0.3268553 0.3268553 0.3254984 0.3269685 0.3253352 0.3257408 0.3271078 0.3260935 0.3251129 0.3251129 0.3244362 0.3256615 0.3262779 0.3261941 0.3266827 0.3262677 0.3248967 0.3266827 0.3254261 0.3256275 0.0070268 0.7164839 
HSV2_1                                  0.3185069 0.3187055 0.3179512 0.3189200 0.3188629 0.3196575 0.3166785 0.3191927 0.3162579 0.3191927 0.3184254 0.3196440 0.3202963 0.3171238 0.3171837 0.3219964 0.3219964 0.3205231 0.3224698 0.0000000 0.0012573 0.0018464 0.0084608 0.0075906 0.0014774 0.0011163 0.0018985 0.0054559 0.0015585 0.0003982 0.0009437 0.0084004 0.0084914 0.0088147 0.0007566 0.0085464 0.0079950 0.3214653 0.3179570 0.3189131 0.3192037 0.3189641 0.3176945 0.3200900 0.0712433 0.3193749 0.3191442 0.3199242 0.0095948 0.3191709 0.3199846 0.3204951 0.3208495 0.3204951 0.3207587 0.3203118 0.3216913 0.3204061 0.0089711 0.0088104 0.0088104 0.0086570 0.0089711 0.0089730 0.0086549 0.0080412 0.0092736 0.0080361 0.0089625 0.0086583 0.0086561 0.0085006 0.0088115 0.0088139 0.0083442 0.0091317 0.0086660 0.0088161 0.0088161 0.0083423 0.0093259 0.0080365 0.0083475 0.0086553 0.0088115 0.0086527 0.0086527 0.0080522 0.0083525 0.0097521 0.0088223 0.0094408 0.0083543 0.0088205 0.0094408 0.0086648 0.0091272 0.3183656 0.6084525 
HSV2_2                                  0.3220333 0.3225807 0.3218253 0.3224437 0.3223865 0.3231714 0.3205706 0.3227130 0.3209016 0.3227130 0.3219518 0.3231060 0.3249114 0.3210112 0.3210687 0.3256110 0.3256110 0.3240321 0.3260815 0.0012573 0.0000000 0.0013984 0.0102934 0.0079826 0.0013310 0.0019369 0.0015901 0.0063631 0.0014026 0.0007982 0.0014197 0.0090370 0.0088088 0.0095040 0.0001504 0.0090844 0.0085548 0.3253773 0.3218674 0.3228236 0.3231162 0.3228748 0.3212600 0.3232215 0.0715597 0.3231719 0.3230557 0.3234405 0.0102813 0.3226938 0.3237657 0.3243543 0.3247052 0.3243543 0.3238832 0.3234392 0.3255452 0.3239195 0.0096599 0.0094995 0.0094995 0.0093466 0.0096599 0.0096608 0.0093444 0.0088842 0.0099608 0.0088798 0.0096508 0.0093480 0.0093456 0.0091895 0.0095006 0.0095031 0.0090346 0.0098200 0.0092023 0.0095054 0.0095054 0.0090325 0.0100146 0.0088791 0.0091899 0.0093437 0.0095006 0.0093420 0.0093420 0.0087434 0.0090433 0.0104381 0.0095120 0.0101281 0.0090452 0.0095101 0.0101281 0.0093548 0.0098156 0.3222786 0.6026817 
HSV2_3                                  0.3117124 0.3119644 0.3113025 0.3121183 0.3120630 0.3128528 0.3100346 0.3123895 0.3107894 0.3123895 0.3116333 0.3128290 0.3142494 0.3104049 0.3105377 0.3148765 0.3148765 0.3133511 0.3153403 0.0018464 0.0013984 0.0000000 0.0098473 0.0071553 0.0010335 0.0025326 0.0010165 0.0058971 0.0011215 0.0000024 0.0014227 0.0087294 0.0088399 0.0086798 0.0007565 0.0087292 0.0082442 0.3142764 0.3112318 0.3121618 0.3124409 0.3122107 0.3109114 0.3132750 0.0706192 0.3126083 0.3123845 0.3131067 0.0094553 0.3123633 0.3132289 0.3136761 0.3140266 0.3136761 0.3139370 0.3134984 0.3151994 0.3135799 0.0088332 0.0086730 0.0086730 0.0085198 0.0088332 0.0088422 0.0085204 0.0079078 0.0091378 0.0079028 0.0086701 0.0085237 0.0085215 0.0083663 0.0086768 0.0086790 0.0082078 0.0089961 0.0083786 0.0086785 0.0086785 0.0082084 0.0091896 0.0080620 0.0082162 0.0085208 0.0086768 0.0085182 0.0085182 0.0077674 0.0082109 0.0096168 0.0086847 0.0093062 0.0082126 0.0086871 0.0093062 0.0085276 0.0089916 0.3116248 0.5949278 
HSV2_4                                  0.3264576 0.3273548 0.3239695 0.3275974 0.3274370 0.3304367 0.3239706 0.3286028 0.3296592 0.3286028 0.3275289 0.3308775 0.3333964 0.3294643 0.3249360 0.3297952 0.3297952 0.3282607 0.3311053 0.0084608 0.0102934 0.0098473 0.0000000 0.0023018 0.0069767 0.0068105 0.0082123 0.0019108 0.0067443 0.0009945 0.0040320 0.0003793 0.0007742 0.0011419 0.0052528 0.0019453 0.0011409 0.3296515 0.3281201 0.3281490 0.3272061 0.3262189 0.3262801 0.3278876 0.0744504 0.3282806 0.3279580 0.3290391 0.0007580 0.3290112 0.3300586 0.3310410 0.3310410 0.3310410 0.3258604 0.3258604 0.3307305 0.3272108 0.0003789 0.0000027 0.0000027 0.0011398 0.0003789 0.0007589 0.0015276 0.0015271 0.0019146 0.0011411 0.0019108 0.0011419 0.0003781 0.0015264 0.0015276 0.0007581 0.0007581 0.0027053 0.0015273 0.0007580 0.0007580 0.0007581 0.0027509 0.0015278 0.0015271 0.0015266 0.0015276 0.0007580 0.0007580 0.0015331 0.0011410 0.0019147 0.0007602 0.0015279 0.0011409 0.0026964 0.0015279 0.0007580 0.0019141 0.3260441 0.6066976 
HSV2_5                                  0.3226654 0.3232632 0.3229912 0.3230709 0.3230144 0.3237889 0.3217541 0.3233367 0.3221695 0.3233367 0.3225848 0.3230591 0.3262880 0.3217127 0.3222452 0.3269510 0.3269510 0.3246395 0.3274172 0.0075906 0.0079826 0.0071553 0.0023018 0.0000000 0.0053185 0.0069860 0.0073859 0.0041782 0.0062287 0.0012002 0.0052085 0.0038098 0.0048266 0.0041579 0.0053184 0.0043239 0.0041049 0.3264093 0.3225580 0.3235039 0.3237937 0.3235547 0.3219017 0.3238389 0.0723549 0.3239623 0.3237337 0.3240555 0.0045877 0.3233182 0.3245470 0.3249574 0.3253040 0.3249574 0.3244922 0.3240535 0.3261343 0.3245288 0.0040166 0.0038722 0.0038722 0.0040148 0.0040166 0.0043039 0.0042976 0.0038725 0.0045826 0.0035876 0.0042969 0.0044415 0.0037308 0.0038716 0.0044424 0.0038738 0.0037290 0.0044471 0.0044459 0.0041585 0.0041585 0.0037282 0.0049013 0.0040148 0.0041571 0.0040136 0.0044424 0.0037294 0.0037294 0.0037367 0.0038735 0.0050187 0.0044467 0.0047321 0.0038743 0.0044463 0.0047321 0.0040188 0.0044440 0.3229652 0.6143590 
HSV2_6                                  0.2980376 0.2981831 0.2972945 0.2979825 0.2979274 0.2991718 0.2959536 0.2987396 0.2962038 0.2987396 0.2979584 0.2979801 0.2990208 0.2958161 0.2964855 0.3005426 0.3005426 0.2986696 0.3010171 0.0014774 0.0013310 0.0010335 0.0069767 0.0053185 0.0000000 0.0019293 0.0011992 0.0045655 0.0010326 0.0003985 0.0017556 0.0057668 0.0064975 0.0060990 0.0012369 0.0064152 0.0057856 0.2996193 0.2975568 0.2979798 0.2975826 0.2974708 0.2969628 0.2994098 0.0676501 0.2985111 0.2984004 0.2990231 0.0065786 0.2982877 0.2993073 0.2989311 0.2992953 0.2989311 0.3002902 0.2998410 0.3002082 0.2990920 0.0062586 0.0060958 0.0060958 0.0059384 0.0062586 0.0064184 0.0060970 0.0056245 0.0067314 0.0056208 0.0062518 0.0060973 0.0059379 0.0059387 0.0064155 0.0060985 0.0059369 0.0065836 0.0060959 0.0062581 0.0062581 0.0060931 0.0069367 0.0056245 0.0056245 0.0059393 0.0064155 0.0059354 0.0059354 0.0057906 0.0059362 0.0072199 0.0061049 0.0069004 0.0059375 0.0065814 0.0069004 0.0061025 0.0064180 0.2976325 0.5779387 
HSV2_7                                  0.3222857 0.3228289 0.3220788 0.3226930 0.3226363 0.3234148 0.3208343 0.3229601 0.3215384 0.3229601 0.3222048 0.3234072 0.3255769 0.3212715 0.3213283 0.3261237 0.3261237 0.3239198 0.3265913 0.0011163 0.0019369 0.0025326 0.0068105 0.0069860 0.0019293 0.0000000 0.0024748 0.0054092 0.0021103 0.0016121 0.0015813 0.0074037 0.0073177 0.0077217 0.0013669 0.0076107 0.0069711 0.3260468 0.3221781 0.3231277 0.3234185 0.3228291 0.3215184 0.3234647 0.0705647 0.3235878 0.3233583 0.3236821 0.0084761 0.3229413 0.3241762 0.3245886 0.3249368 0.3245886 0.3241212 0.3236806 0.3257706 0.3238079 0.0078728 0.0077180 0.0077180 0.0075694 0.0078728 0.0078770 0.0077197 0.0074224 0.0083194 0.0074178 0.0080180 0.0077198 0.0075686 0.0075700 0.0078737 0.0077210 0.0075675 0.0081810 0.0074276 0.0077229 0.0077229 0.0075658 0.0083674 0.0072693 0.0075737 0.0077200 0.0078737 0.0075657 0.0075657 0.0072827 0.0075750 0.0087822 0.0077284 0.0084805 0.0074276 0.0080290 0.0084805 0.0075773 0.0080238 0.3225867 0.6076799 
HSV2_8                                  0.3127210 0.3129235 0.3122946 0.3126637 0.3126064 0.3138995 0.3109854 0.3134211 0.3113193 0.3134211 0.3126390 0.3134231 0.3144056 0.3105583 0.3115049 0.3162464 0.3162464 0.3132359 0.3167271 0.0018985 0.0015901 0.0010165 0.0082123 0.0073859 0.0011992 0.0024748 0.0000000 0.0061960 0.0013118 0.0008004 0.0022301 0.0087589 0.0095133 0.0089674 0.0015293 0.0091238 0.0083834 0.3153374 0.3121073 0.3126758 0.3129648 0.3128927 0.3118926 0.3143369 0.0716981 0.3135919 0.3133599 0.3137099 0.0099332 0.3129418 0.3142307 0.3135738 0.3139357 0.3135738 0.3150212 0.3145672 0.3158725 0.3138355 0.0092866 0.0091199 0.0091199 0.0088014 0.0092866 0.0092933 0.0089614 0.0081669 0.0096029 0.0081616 0.0092803 0.0089651 0.0089627 0.0088014 0.0091210 0.0091265 0.0086365 0.0092957 0.0089750 0.0091259 0.0091259 0.0086372 0.0096581 0.0083253 0.0084838 0.0088024 0.0091210 0.0089591 0.0089591 0.0081800 0.0084906 0.0099398 0.0089726 0.0096175 0.0086515 0.0091352 0.0096175 0.0089692 0.0092910 0.3125730 0.5929363 
HSV2_9                                  0.3119586 0.3122143 0.3119637 0.3123705 0.3123143 0.3131154 0.3106778 0.3126456 0.3103214 0.3126456 0.3118783 0.3126470 0.3137290 0.3106320 0.3111881 0.3154774 0.3154774 0.3128189 0.3159488 0.0054559 0.0063631 0.0058971 0.0019108 0.0041782 0.0045655 0.0054092 0.0061960 0.0000000 0.0052722 0.0012024 0.0040374 0.0035202 0.0037285 0.0035803 0.0043531 0.0038957 0.0031452 0.3141144 0.3114708 0.3119706 0.3122533 0.3121077 0.3111459 0.3135440 0.0685648 0.3128683 0.3126410 0.3129286 0.0044663 0.3121750 0.3134972 0.3131508 0.3135060 0.3131508 0.3142156 0.3137705 0.3150501 0.3130515 0.0038749 0.0037255 0.0037255 0.0034325 0.0038749 0.0041723 0.0038718 0.0029958 0.0044610 0.0029939 0.0038711 0.0035801 0.0035790 0.0037248 0.0037272 0.0037271 0.0034310 0.0038784 0.0034371 0.0037280 0.0037280 0.0034302 0.0041960 0.0029963 0.0031413 0.0034325 0.0037272 0.0035776 0.0035776 0.0034384 0.0032853 0.0044675 0.0035844 0.0041721 0.0035783 0.0041720 0.0041721 0.0035831 0.0038748 0.3118699 0.5991261 
HSV2_10                                 0.3148839 0.3150812 0.3144631 0.3152935 0.3152373 0.3160301 0.3131922 0.3155656 0.3138887 0.3155656 0.3148036 0.3159546 0.3177505 0.3135101 0.3136966 0.3183523 0.3183523 0.3165348 0.3188213 0.0015585 0.0014026 0.0011215 0.0067443 0.0062287 0.0010326 0.0021103 0.0013118 0.0052722 0.0000000 0.0000025 0.0012621 0.0077263 0.0084772 0.0078960 0.0007554 0.0079384 0.0074478 0.3174686 0.3143406 0.3152835 0.3155681 0.3153334 0.3140768 0.3164575 0.0697964 0.3156810 0.3155102 0.3162901 0.0086659 0.3155415 0.3162971 0.3168608 0.3172134 0.3168608 0.3171232 0.3166804 0.3183986 0.3167679 0.0080483 0.0078898 0.0078898 0.0077377 0.0080483 0.0080515 0.0077383 0.0069781 0.0083511 0.0069746 0.0080430 0.0077413 0.0077393 0.0075845 0.0078908 0.0078953 0.0074285 0.0082097 0.0075952 0.0078949 0.0078949 0.0074291 0.0084002 0.0071307 0.0072810 0.0075853 0.0078908 0.0077362 0.0077362 0.0069879 0.0074300 0.0088241 0.0079006 0.0085157 0.0074315 0.0079013 0.0085157 0.0077449 0.0082053 0.3147411 0.6045365 
HSV2_11                                 0.3314296 0.3311734 0.3294251 0.3298744 0.3297037 0.3344514 0.3294263 0.3310129 0.3380004 0.3310129 0.3311845 0.3354424 0.3353670 0.3323895 0.3304509 0.3358359 0.3358359 0.3368682 0.3358359 0.0003982 0.0007982 0.0000024 0.0009945 0.0012002 0.0003985 0.0016121 0.0008004 0.0012024 0.0000025 0.0000000 0.0000020 0.0007992 0.0007992 0.0016103 0.0007982 0.0024265 0.0012037 0.3362919 0.3334563 0.3345194 0.3328709 0.3318249 0.3313951 0.3341491 0.0762196 0.3346636 0.3346636 0.3332384 0.0020142 0.3321806 0.3355195 0.3343400 0.3343400 0.3343400 0.3328769 0.3328769 0.3352052 0.3347163 0.0016110 0.0012029 0.0012029 0.0016085 0.0016110 0.0016100 0.0016094 0.0007994 0.0024265 0.0007992 0.0016061 0.0016094 0.0012020 0.0012017 0.0016108 0.0016100 0.0007998 0.0024288 0.0012017 0.0012027 0.0012027 0.0007992 0.0028913 0.0007994 0.0007994 0.0007992 0.0016108 0.0007992 0.0007992 0.0012021 0.0012021 0.0020176 0.0016153 0.0016103 0.0012017 0.0020131 0.0016103 0.0012027 0.0024301 0.3314234 0.5927319 
HSV2_12                                 0.2910755 0.2921723 0.2902635 0.2910184 0.2909613 0.2927185 0.2893460 0.2918184 0.2904150 0.2918184 0.2909933 0.2916509 0.2928622 0.2904677 0.2901951 0.2940132 0.2940132 0.2920299 0.2945124 0.0009437 0.0014197 0.0014227 0.0040320 0.0052085 0.0017556 0.0015813 0.0022301 0.0040374 0.0012621 0.0000020 0.0000000 0.0059757 0.0064760 0.0060470 0.0011156 0.0062164 0.0057076 0.2925576 0.2908026 0.2911786 0.2912537 0.2902305 0.2901668 0.2931671 0.0656806 0.2925874 0.2924721 0.2922851 0.0065521 0.2919780 0.2926476 0.2926633 0.2930494 0.2926633 0.2932178 0.2932178 0.2931156 0.2924748 0.0063875 0.0062126 0.0062126 0.0058751 0.0063875 0.0063891 0.0062144 0.0053712 0.0068949 0.0053674 0.0063805 0.0060453 0.0060434 0.0058758 0.0063861 0.0062156 0.0055367 0.0065661 0.0060485 0.0062173 0.0062173 0.0058719 0.0069445 0.0055392 0.0055392 0.0060454 0.0063861 0.0060408 0.0060408 0.0055483 0.0057042 0.0072480 0.0060526 0.0069052 0.0058742 0.0063936 0.0069052 0.0060498 0.0063887 0.2912806 0.5594586 
HSV2_13                                 0.3150190 0.3152226 0.3149581 0.3154417 0.3153837 0.3161428 0.3136471 0.3157225 0.3130687 0.3157225 0.3149361 0.3143010 0.3168539 0.3136014 0.3141674 0.3172839 0.3172839 0.3149033 0.3177671 0.0084004 0.0090370 0.0087294 0.0003793 0.0038098 0.0057668 0.0074037 0.0087589 0.0035202 0.0077263 0.0007992 0.0059757 0.0000000 0.0012196 0.0010054 0.0067298 0.0014489 0.0010065 0.3166200 0.3139099 0.3150342 0.3146596 0.3144225 0.3135789 0.3160347 0.0705379 0.3152317 0.3151155 0.3160135 0.0012958 0.3145750 0.3159865 0.3155721 0.3159355 0.3155721 0.3169057 0.3164491 0.3175785 0.3150255 0.0007170 0.0005723 0.0005723 0.0008600 0.0007170 0.0011507 0.0015859 0.0011504 0.0015859 0.0011497 0.0015856 0.0010051 0.0001427 0.0011502 0.0014409 0.0002859 0.0010051 0.0012977 0.0010046 0.0008605 0.0008605 0.0010049 0.0018933 0.0010057 0.0011507 0.0011503 0.0014409 0.0001426 0.0001426 0.0012976 0.0008602 0.0018804 0.0010064 0.0015883 0.0010054 0.0020269 0.0015883 0.0007173 0.0012955 0.3143224 0.6102717 
HSV2_14                                 0.3158559 0.3168371 0.3166155 0.3163020 0.3162407 0.3178690 0.3152353 0.3165979 0.3144674 0.3165979 0.3157683 0.3165691 0.3176650 0.3147433 0.3157832 0.3188360 0.3188360 0.3171416 0.3193463 0.0084914 0.0088088 0.0088399 0.0007742 0.0048266 0.0064975 0.0073177 0.0095133 0.0037285 0.0084772 0.0007992 0.0064760 0.0012196 0.0000000 0.0016756 0.0075731 0.0018305 0.0013690 0.3185709 0.3155832 0.3165776 0.3168890 0.3156284 0.3153591 0.3175057 0.0712673 0.3164009 0.3161532 0.3172886 0.0019828 0.3164743 0.3178374 0.3171418 0.3175251 0.3171418 0.3182298 0.3177475 0.3191985 0.3170118 0.0016759 0.0015206 0.0015206 0.0012146 0.0016759 0.0015217 0.0013686 0.0015219 0.0016759 0.0012147 0.0010620 0.0013680 0.0013676 0.0015216 0.0015222 0.0015214 0.0016753 0.0019882 0.0012156 0.0012154 0.0012154 0.0010616 0.0020018 0.0013687 0.0015218 0.0012154 0.0015222 0.0013670 0.0013670 0.0019882 0.0012150 0.0019875 0.0013699 0.0016786 0.0013684 0.0024528 0.0016786 0.0013693 0.0019848 0.3153156 0.6087029 
HSV2_15                                 0.3209657 0.3218226 0.3212955 0.3213704 0.3213142 0.3220897 0.3200560 0.3216366 0.3205934 0.3216366 0.3208854 0.3213574 0.3245891 0.3200139 0.3205480 0.3252477 0.3252477 0.3222198 0.3257128 0.0088147 0.0095040 0.0086798 0.0011419 0.0041579 0.0060990 0.0077217 0.0089674 0.0035803 0.0078960 0.0016103 0.0060470 0.0010054 0.0016756 0.0000000 0.0067799 0.0017814 0.0011083 0.3247052 0.3208597 0.3218016 0.3220893 0.3211331 0.3202025 0.3221384 0.0715740 0.3222574 0.3220299 0.3223538 0.0017715 0.3216169 0.3228464 0.3232568 0.3236033 0.3232568 0.3227918 0.3223540 0.3244308 0.3221070 0.0012218 0.0010844 0.0010844 0.0006760 0.0012218 0.0017720 0.0017707 0.0016334 0.0023234 0.0019077 0.0020463 0.0013581 0.0012210 0.0016330 0.0016340 0.0013583 0.0014952 0.0016360 0.0013594 0.0013587 0.0013587 0.0014949 0.0020626 0.0014962 0.0016338 0.0017707 0.0016340 0.0012205 0.0012205 0.0014984 0.0013592 0.0021879 0.0010860 0.0019113 0.0016342 0.0021880 0.0019113 0.0012225 0.0002695 0.3212641 0.6104695 
HSV2_16                                 0.2985858 0.2987604 0.2981505 0.2985290 0.2984722 0.2997767 0.2967731 0.2993077 0.2971833 0.2993077 0.2985042 0.2988632 0.2999914 0.2971033 0.2973195 0.3013332 0.3013332 0.2987380 0.3018215 0.0007566 0.0001504 0.0007565 0.0052528 0.0053184 0.0012369 0.0013669 0.0015293 0.0043531 0.0007554 0.0007982 0.0011156 0.0067298 0.0075731 0.0067799 0.0000000 0.0071053 0.0064524 0.3003846 0.2979360 0.2984123 0.2987256 0.2983460 0.2977010 0.3001355 0.0656617 0.2994115 0.2991812 0.2994847 0.0074337 0.2994724 0.3001120 0.2997589 0.3001335 0.2997589 0.3009272 0.3004649 0.3014160 0.2993698 0.0071099 0.0069402 0.0069402 0.0066130 0.0071099 0.0071116 0.0067751 0.0061219 0.0074333 0.0061177 0.0069354 0.0067780 0.0067760 0.0066109 0.0069412 0.0069433 0.0064451 0.0071157 0.0067844 0.0069451 0.0069451 0.0066068 0.0074828 0.0061219 0.0062848 0.0066117 0.0069412 0.0067731 0.0067731 0.0061262 0.0064444 0.0077747 0.0067865 0.0074438 0.0064459 0.0069431 0.0074438 0.0067838 0.0071112 0.2983904 0.5865713 
HSV2_17                                 0.3165475 0.3171431 0.3168875 0.3169501 0.3168947 0.3176718 0.3156430 0.3172168 0.3165559 0.3172168 0.3164683 0.3168785 0.3201700 0.3155991 0.3161369 0.3208163 0.3208163 0.3185149 0.3212785 0.0085464 0.0090844 0.0087292 0.0019453 0.0043239 0.0064152 0.0076107 0.0091238 0.0038957 0.0079384 0.0024265 0.0062164 0.0014489 0.0018305 0.0017814 0.0071053 0.0000000 0.0018201 0.3202722 0.3164453 0.3173759 0.3176579 0.3171474 0.3157864 0.3177172 0.0697925 0.3177689 0.3176003 0.3179293 0.0024785 0.3171942 0.3183686 0.3184883 0.3188344 0.3184883 0.3183702 0.3179351 0.3200000 0.3183990 0.0019204 0.0017805 0.0017805 0.0016425 0.0019204 0.0019215 0.0016420 0.0017804 0.0010894 0.0017795 0.0019186 0.0020584 0.0016421 0.0015036 0.0017813 0.0017812 0.0016414 0.0017834 0.0019215 0.0017817 0.0017817 0.0013652 0.0013751 0.0019189 0.0020583 0.0016418 0.0017813 0.0016415 0.0016415 0.0016447 0.0012289 0.0023392 0.0017831 0.0020606 0.0017815 0.0017829 0.0020606 0.0016442 0.0020596 0.3168420 0.6145751 
HSV2_18                                 0.3108843 0.3111349 0.3108918 0.3112882 0.3112332 0.3120202 0.3096278 0.3115585 0.3098071 0.3115585 0.3108057 0.3112129 0.3137822 0.3095824 0.3101294 0.3147754 0.3147754 0.3121414 0.3152381 0.0079950 0.0085548 0.0082442 0.0011409 0.0041049 0.0057856 0.0069711 0.0083834 0.0031452 0.0074478 0.0012037 0.0057076 0.0010065 0.0013690 0.0011083 0.0064524 0.0018201 0.0000000 0.3134365 0.3104063 0.3113306 0.3116076 0.3106558 0.3100868 0.3124401 0.0699490 0.3117188 0.3115517 0.3122719 0.0020924 0.3115318 0.3123391 0.3128396 0.3131887 0.3128396 0.3130995 0.3126631 0.3143554 0.3120188 0.0015282 0.0013864 0.0013864 0.0009684 0.0015282 0.0015290 0.0015281 0.0008292 0.0020915 0.0011081 0.0015278 0.0012479 0.0012476 0.0013871 0.0013881 0.0013871 0.0015275 0.0016717 0.0011093 0.0013874 0.0013874 0.0015272 0.0018240 0.0006912 0.0008294 0.0011086 0.0013881 0.0012471 0.0012471 0.0012505 0.0012480 0.0019531 0.0011096 0.0016711 0.0012483 0.0019532 0.0016711 0.0012490 0.0013874 0.3107963 0.6033533 
JN400093_Human_herpesvirus_1            0.0053173 0.0052877 0.0061542 0.0054649 0.0054643 0.0046983 0.0047076 0.0056083 0.0117214 0.0056083 0.0053164 0.0042697 0.0107736 0.0045591 0.0051415 0.0030065 0.0030065 0.0037070 0.0031481 0.3214653 0.3253773 0.3142764 0.3296515 0.3264093 0.2996193 0.3260468 0.3153374 0.3141144 0.3174686 0.3362919 0.2925576 0.3166200 0.3185709 0.3247052 0.3003846 0.3202722 0.3134365 0.0000000 0.0062950 0.0032816 0.0035664 0.0052847 0.0057149 0.0045529 0.3392682 0.0064396 0.0064365 0.0024467 0.3250978 0.0028678 0.0058550 0.0034210 0.0035607 0.0034210 0.0061549 0.0060060 0.0045593 0.0041338 0.3246601 0.3242198 0.3242198 0.3251489 0.3246601 0.3263377 0.3255540 0.3242708 0.3251729 0.3252975 0.3252958 0.3249349 0.3241630 0.3257026 0.3250858 0.3245954 0.3237681 0.3255354 0.3238073 0.3258468 0.3258468 0.3244920 0.3259595 0.3243283 0.3247335 0.3260998 0.3250858 0.3241066 0.3241066 0.3238940 0.3246545 0.3252709 0.3251857 0.3256753 0.3252606 0.3243542 0.3256753 0.3244185 0.3246203 0.0058462 0.7105123 
