102
HM585496_Human_herpesvirus_1            0.0000000 0.0059211 0.0044564 0.0005349 0.0005349 0.0050344 0.0087403 0.0004004 0.0070230 0.0005342 0.0005349 0.0004004 0.0087164 0.0070434 0.0076637 0.0073702 0.0072938 0.0072938 0.0076093 0.3440083 0.3449815 0.3426258 0.2936852 0.3544144 0.3312937 0.3497082 0.3369426 0.3483878 0.3451706 0.2680712 0.3361842 0.3487445 0.3437010 0.3576398 0.3213995 0.3536155 0.3475318 0.0082629 0.0087051 0.0077561 0.0082639 0.0085355 0.0080808 0.0079509 0.3924395 0.0066798 0.0063849 0.0078204 0.3755026 0.0088795 0.0093600 0.0085651 0.0085651 0.0085577 0.0075804 0.0075379 0.0088641 0.0080733 0.3750678 0.3761448 0.3750678 0.3749739 0.3761448 0.3784133 0.3757984 0.3758656 0.3757984 0.3753030 0.3738144 0.3761515 0.3741992 0.3760716 0.3743803 0.3745868 0.3754750 0.3745901 0.3745142 0.3724771 0.3730510 0.3726743 0.3753264 0.3757559 0.3752032 0.3723096 0.3743803 0.3750879 0.3750879 0.3728592 0.3738209 0.3754969 0.3735924 0.3754969 0.3753292 0.3747975 0.3755297 0.3764769 0.3763680 0.0084011 0.0084011 0.3772240 0.0068378 1.2330091 
HM585497_Human_herpesvirus_1            0.0059211 0.0000000 0.0041618 0.0059211 0.0059211 0.0071548 0.0073414 0.0057675 0.0102945 0.0057675 0.0059212 0.0057675 0.0084231 0.0099870 0.0061571 0.0067414 0.0073123 0.0073123 0.0073202 0.3413104 0.3423172 0.3416549 0.2950067 0.3517540 0.3285228 0.3478855 0.3341708 0.3473942 0.3424562 0.2680671 0.3346385 0.3459482 0.3432109 0.3557028 0.3207682 0.3522116 0.3454014 0.0082745 0.0085553 0.0076084 0.0087391 0.0083928 0.0079323 0.0081116 0.3927934 0.0068564 0.0065598 0.0082854 0.3751653 0.0082570 0.0095267 0.0082580 0.0082580 0.0082510 0.0079066 0.0078638 0.0090273 0.0077828 0.3747308 0.3758070 0.3747308 0.3746370 0.3758070 0.3780741 0.3754611 0.3755284 0.3754611 0.3749662 0.3734782 0.3758138 0.3738626 0.3757344 0.3740440 0.3742500 0.3751379 0.3742539 0.3741777 0.3721420 0.3727154 0.3723388 0.3749895 0.3754183 0.3748663 0.3719750 0.3740440 0.3747508 0.3747508 0.3725235 0.3734853 0.3751596 0.3732564 0.3751596 0.3749924 0.3744609 0.3751923 0.3761384 0.3760304 0.0080951 0.0080951 0.3768853 0.0063924 1.2395348 
HM585498_Human_herpesvirus_1            0.0044564 0.0041618 0.0000000 0.0044564 0.0044564 0.0065365 0.0059777 0.0040236 0.0088672 0.0041653 0.0044564 0.0040236 0.0084030 0.0091998 0.0055169 0.0026242 0.0066920 0.0066920 0.0070038 0.3412555 0.3422639 0.3409944 0.2932200 0.3517099 0.3284538 0.3474714 0.3341074 0.3467235 0.3424021 0.2679675 0.3345734 0.3458960 0.3419417 0.3546596 0.3197200 0.3518874 0.3447234 0.0073289 0.0080800 0.0065260 0.0073285 0.0075994 0.0071511 0.0073211 0.3935925 0.0060843 0.0057917 0.0071905 0.3743896 0.0082373 0.0077886 0.0079269 0.0079269 0.0079202 0.0069686 0.0069286 0.0076073 0.0071563 0.3739547 0.3750316 0.3739547 0.3738609 0.3750316 0.3773008 0.3746860 0.3747534 0.3746860 0.3741911 0.3727009 0.3750383 0.3730852 0.3744573 0.3732677 0.3734731 0.3743621 0.3734785 0.3734012 0.3713638 0.3719374 0.3715603 0.3742140 0.3746424 0.3740905 0.3711976 0.3732677 0.3739744 0.3739744 0.3717449 0.3727090 0.3743836 0.3724788 0.3743836 0.3742171 0.3736849 0.3744164 0.3753620 0.3752557 0.0077655 0.0077655 0.3761103 0.0062234 1.2341275 
HM585499_Human_herpesvirus_1            0.0005349 0.0059211 0.0044564 0.0000000 0.0000010 0.0050344 0.0087403 0.0004004 0.0070230 0.0005342 0.0005349 0.0004004 0.0087164 0.0070434 0.0076637 0.0073702 0.0072938 0.0072938 0.0076093 0.3440083 0.3449815 0.3432044 0.2951847 0.3544144 0.3312937 0.3497082 0.3369426 0.3489789 0.3451706 0.2694248 0.3367855 0.3487445 0.3443251 0.3576398 0.3219920 0.3536155 0.3475318 0.0082629 0.0087051 0.0077561 0.0082639 0.0085355 0.0080808 0.0079509 0.3924395 0.0066798 0.0063849 0.0078204 0.3755026 0.0088795 0.0093600 0.0085651 0.0085651 0.0085577 0.0075804 0.0075379 0.0088641 0.0080733 0.3750678 0.3761448 0.3750678 0.3749739 0.3761448 0.3784133 0.3757984 0.3758656 0.3757984 0.3753030 0.3738144 0.3761515 0.3741992 0.3760716 0.3743803 0.3745868 0.3754750 0.3745901 0.3745142 0.3724771 0.3730510 0.3726743 0.3753264 0.3757559 0.3752032 0.3723096 0.3743803 0.3750879 0.3750879 0.3728592 0.3738209 0.3754969 0.3735924 0.3754969 0.3753292 0.3747975 0.3755297 0.3764769 0.3763680 0.0084011 0.0084011 0.3772240 0.0068378 1.2340075 
HM585500_Human_herpesvirus_1            0.0005349 0.0059211 0.0044564 0.0000010 0.0000000 0.0050344 0.0087403 0.0004004 0.0070230 0.0005342 0.0005349 0.0004004 0.0087164 0.0070434 0.0076637 0.0073702 0.0072938 0.0072938 0.0076093 0.3440083 0.3449815 0.3432044 0.2951847 0.3544144 0.3312937 0.3497082 0.3369426 0.3489789 0.3451706 0.2694248 0.3367855 0.3487445 0.3443251 0.3576398 0.3219920 0.3536155 0.3475318 0.0082629 0.0087051 0.0077561 0.0082639 0.0085355 0.0080808 0.0079509 0.3924395 0.0066798 0.0063849 0.0078204 0.3755026 0.0088795 0.0093600 0.0085651 0.0085651 0.0085577 0.0075804 0.0075379 0.0088641 0.0080733 0.3750678 0.3761448 0.3750678 0.3749739 0.3761448 0.3784133 0.3757984 0.3758656 0.3757984 0.3753030 0.3738144 0.3761515 0.3741992 0.3760716 0.3743803 0.3745868 0.3754750 0.3745901 0.3745142 0.3724771 0.3730510 0.3726743 0.3753264 0.3757559 0.3752032 0.3723096 0.3743803 0.3750879 0.3750879 0.3728592 0.3738209 0.3754969 0.3735924 0.3754969 0.3753292 0.3747975 0.3755297 0.3764769 0.3763680 0.0084011 0.0084011 0.3772240 0.0068378 1.2340075 
HM585501_Human_herpesvirus_1            0.0050344 0.0071548 0.0065365 0.0050344 0.0050344 0.0000000 0.0071579 0.0045977 0.0080767 0.0047404 0.0050344 0.0045977 0.0077548 0.0076178 0.0064234 0.0070373 0.0063625 0.0063625 0.0066710 0.3402516 0.3425157 0.3399688 0.2926862 0.3517209 0.3293515 0.3468734 0.3349815 0.3455295 0.3424845 0.2655951 0.3339634 0.3459364 0.3413573 0.3535540 0.3193333 0.3512518 0.3446794 0.0074803 0.0082196 0.0071047 0.0074478 0.0072620 0.0074236 0.0073147 0.3890763 0.0057609 0.0054707 0.0074720 0.3708149 0.0075919 0.0086766 0.0072860 0.0072860 0.0072799 0.0066255 0.0065871 0.0081945 0.0071263 0.3703838 0.3714502 0.3703838 0.3702914 0.3714502 0.3737007 0.3711104 0.3711778 0.3711104 0.3706218 0.3691402 0.3714567 0.3695193 0.3713842 0.3697047 0.3699046 0.3707880 0.3699170 0.3698355 0.3678159 0.3683833 0.3680084 0.3706428 0.3710640 0.3705197 0.3676553 0.3697047 0.3704021 0.3704021 0.3681902 0.3691531 0.3708082 0.3689199 0.3708082 0.3706470 0.3701179 0.3708407 0.3717722 0.3716755 0.0071273 0.0071273 0.3725175 0.0062076 1.2315612 
HM585502_Human_herpesvirus_1            0.0087403 0.0073414 0.0059777 0.0087403 0.0087403 0.0071579 0.0000000 0.0082711 0.0094645 0.0082711 0.0087407 0.0082711 0.0076892 0.0088287 0.0075767 0.0058685 0.0076147 0.0076147 0.0076230 0.3436516 0.3447173 0.3435342 0.2918883 0.3545756 0.3311743 0.3493958 0.3369054 0.3498733 0.3448101 0.2664649 0.3371954 0.3495387 0.3471392 0.3552383 0.3242640 0.3537891 0.3485291 0.0073775 0.0084271 0.0072992 0.0079453 0.0064090 0.0070143 0.0067426 0.3919634 0.0065557 0.0062607 0.0065174 0.3749845 0.0069167 0.0075658 0.0072179 0.0072179 0.0072118 0.0059912 0.0059556 0.0079404 0.0080870 0.3745506 0.3756253 0.3745506 0.3744569 0.3756253 0.3774190 0.3752800 0.3748782 0.3752800 0.3747858 0.3732996 0.3756320 0.3736834 0.3755530 0.3738648 0.3740703 0.3749571 0.3740746 0.3739982 0.3719653 0.3725378 0.3721617 0.3748090 0.3747677 0.3742172 0.3713317 0.3738648 0.3745705 0.3745705 0.3723461 0.3733069 0.3749787 0.3730781 0.3749787 0.3748120 0.3742811 0.3750114 0.3759559 0.3758484 0.0070583 0.0070583 0.3767019 0.0060950 1.2405057 
HM585503_Human_herpesvirus_1            0.0004004 0.0057675 0.0040236 0.0004004 0.0004004 0.0045977 0.0082711 0.0000000 0.0068649 0.0000010 0.0004003 0.0000010 0.0085543 0.0068848 0.0075029 0.0069101 0.0071367 0.0071367 0.0074510 0.3434802 0.3444600 0.3426647 0.2950202 0.3538930 0.3307521 0.3492510 0.3364005 0.3484262 0.3446392 0.2693031 0.3362263 0.3481968 0.3437427 0.3571533 0.3214444 0.3531529 0.3469745 0.0081023 0.0083907 0.0074471 0.0081012 0.0082223 0.0077697 0.0077895 0.3915249 0.0063770 0.0060833 0.0076591 0.3750579 0.0087167 0.0090417 0.0084033 0.0084033 0.0083961 0.0074189 0.0073771 0.0086998 0.0079136 0.3746234 0.3756996 0.3746234 0.3745296 0.3756996 0.3779668 0.3753538 0.3754210 0.3753538 0.3748589 0.3733706 0.3757063 0.3737550 0.3756271 0.3739365 0.3741424 0.3750304 0.3741466 0.3740702 0.3720344 0.3726078 0.3722311 0.3748821 0.3753108 0.3747589 0.3718675 0.3739365 0.3746433 0.3746433 0.3724158 0.3733778 0.3750521 0.3731488 0.3750521 0.3748850 0.3743535 0.3750849 0.3760308 0.3759230 0.0082399 0.0082399 0.3767778 0.0065338 1.2344684 
HM585504_Human_herpesvirus_1            0.0070230 0.0102945 0.0088672 0.0070230 0.0070230 0.0080767 0.0094645 0.0068649 0.0000000 0.0068649 0.0070232 0.0068649 0.0120042 0.0038737 0.0108756 0.0097405 0.0109507 0.0109507 0.0109634 0.3418130 0.3434782 0.3413851 0.2946839 0.3522695 0.3296365 0.3473538 0.3358804 0.3482671 0.3435483 0.2676367 0.3361004 0.3486455 0.3430632 0.3540652 0.3215643 0.3516638 0.3468209 0.0108277 0.0104595 0.0087469 0.0068691 0.0084014 0.0082522 0.0089598 0.3886458 0.0101401 0.0098300 0.0063859 0.3713565 0.0118261 0.0085057 0.0114951 0.0114951 0.0114848 0.0075142 0.0074723 0.0081032 0.0114534 0.3709256 0.3719919 0.3709256 0.3708331 0.3719919 0.3742417 0.3716517 0.3717191 0.3716517 0.3711629 0.3696824 0.3719984 0.3700617 0.3719252 0.3702464 0.3704468 0.3713296 0.3704581 0.3703773 0.3683582 0.3689257 0.3685510 0.3711842 0.3716058 0.3710613 0.3681970 0.3702464 0.3709441 0.3709441 0.3687330 0.3696945 0.3713500 0.3694621 0.3713500 0.3711882 0.3706595 0.3713825 0.3723147 0.3722167 0.0113207 0.0113207 0.3730593 0.0090695 1.2410422 
HM585505_Human_herpesvirus_1            0.0005342 0.0057675 0.0041653 0.0005342 0.0005342 0.0047404 0.0082711 0.0000010 0.0068649 0.0000000 0.0005342 0.0000010 0.0087055 0.0068848 0.0075029 0.0069101 0.0072846 0.0072846 0.0075997 0.3439103 0.3448842 0.3431047 0.2950202 0.3543120 0.3312005 0.3496206 0.3368461 0.3488735 0.3450713 0.2693031 0.3366860 0.3486401 0.3442169 0.3575426 0.3219032 0.3535250 0.3474263 0.0082525 0.0083896 0.0074461 0.0081012 0.0082213 0.0077687 0.0077895 0.3914546 0.0063762 0.0060826 0.0076591 0.3754056 0.0088684 0.0090405 0.0085543 0.0085543 0.0085470 0.0074189 0.0073771 0.0086998 0.0080632 0.3749710 0.3760474 0.3749710 0.3748772 0.3760474 0.3783146 0.3757013 0.3757685 0.3757013 0.3752062 0.3737183 0.3760541 0.3741029 0.3759744 0.3742840 0.3744903 0.3753781 0.3744937 0.3744178 0.3723819 0.3729554 0.3725789 0.3752295 0.3756587 0.3751064 0.3722146 0.3742840 0.3749911 0.3749911 0.3727637 0.3737250 0.3753999 0.3734965 0.3753999 0.3752324 0.3747010 0.3754326 0.3763792 0.3762705 0.0083905 0.0083905 0.3771259 0.0065330 1.2344684 
HM585506_Human_herpesvirus_1            0.0005349 0.0059212 0.0044564 0.0005349 0.0005349 0.0050344 0.0087407 0.0004003 0.0070232 0.0005342 0.0000000 0.0004003 0.0087169 0.0070436 0.0076640 0.0073705 0.0072940 0.0072940 0.0076096 0.3439974 0.3449708 0.3431932 0.2966189 0.3544042 0.3312819 0.3496990 0.3369311 0.3489678 0.3451596 0.2707317 0.3367736 0.3487334 0.3443131 0.3576303 0.3219797 0.3536064 0.3475205 0.0082633 0.0087056 0.0077564 0.0082642 0.0085359 0.0080812 0.0079512 0.3924322 0.0066800 0.0063850 0.0078207 0.3754947 0.0088799 0.0093605 0.0085655 0.0085655 0.0085581 0.0075806 0.0075382 0.0088646 0.0080737 0.3750598 0.3761369 0.3750598 0.3749660 0.3761369 0.3784055 0.3757905 0.3758577 0.3757905 0.3752951 0.3738064 0.3761437 0.3741912 0.3760637 0.3743724 0.3745789 0.3754672 0.3745822 0.3745063 0.3724691 0.3730431 0.3726663 0.3753185 0.3757480 0.3751953 0.3723016 0.3743724 0.3750800 0.3750800 0.3728512 0.3738130 0.3754890 0.3735844 0.3754890 0.3753213 0.3747896 0.3755218 0.3764690 0.3763601 0.0084014 0.0084014 0.3772161 0.0068380 1.2361629 
HM585507_Human_herpesvirus_1            0.0004004 0.0057675 0.0040236 0.0004004 0.0004004 0.0045977 0.0082711 0.0000010 0.0068649 0.0000010 0.0004003 0.0000000 0.0085543 0.0068848 0.0075029 0.0069101 0.0071367 0.0071367 0.0074510 0.3434802 0.3444600 0.3426647 0.2950202 0.3538930 0.3307521 0.3492510 0.3364005 0.3484262 0.3446392 0.2693031 0.3362263 0.3481968 0.3437427 0.3571533 0.3214444 0.3531529 0.3469745 0.0081023 0.0083907 0.0074471 0.0081012 0.0082223 0.0077697 0.0077895 0.3915249 0.0063770 0.0060833 0.0076591 0.3750579 0.0087167 0.0090417 0.0084033 0.0084033 0.0083961 0.0074189 0.0073771 0.0086998 0.0079136 0.3746234 0.3756996 0.3746234 0.3745296 0.3756996 0.3779668 0.3753538 0.3754210 0.3753538 0.3748589 0.3733706 0.3757063 0.3737550 0.3756271 0.3739365 0.3741424 0.3750304 0.3741466 0.3740702 0.3720344 0.3726078 0.3722311 0.3748821 0.3753108 0.3747589 0.3718675 0.3739365 0.3746433 0.3746433 0.3724158 0.3733778 0.3750521 0.3731488 0.3750521 0.3748850 0.3743535 0.3750849 0.3760308 0.3759230 0.0082399 0.0082399 0.3767778 0.0065338 1.2344684 
HM585508_Human_herpesvirus_1            0.0087164 0.0084231 0.0084030 0.0087164 0.0087164 0.0077548 0.0076892 0.0085543 0.0120042 0.0087055 0.0087169 0.0085543 0.0000000 0.0115139 0.0062787 0.0089134 0.0054596 0.0054596 0.0053133 0.3472605 0.3483241 0.3476056 0.3000760 0.3582283 0.3344919 0.3530527 0.3401458 0.3535927 0.3484831 0.2711669 0.3411700 0.3527092 0.3504211 0.3590830 0.3268408 0.3569672 0.3519785 0.0059458 0.0085797 0.0071159 0.0090362 0.0082219 0.0083658 0.0073462 0.3947981 0.0054592 0.0051707 0.0081363 0.3787320 0.0023176 0.0093582 0.0025958 0.0025958 0.0025938 0.0069511 0.0069112 0.0094772 0.0057568 0.3782951 0.3793781 0.3782951 0.3782004 0.3793781 0.3816559 0.3790276 0.3790946 0.3790276 0.3785281 0.3770368 0.3793850 0.3774250 0.3793000 0.3776029 0.3778136 0.3787041 0.3778106 0.3777388 0.3756924 0.3762700 0.3758926 0.3785532 0.3789878 0.3784301 0.3755203 0.3776029 0.3783165 0.3783165 0.3760793 0.3770390 0.3787270 0.3768139 0.3787270 0.3785551 0.3780224 0.3787599 0.3797167 0.3795995 0.0024538 0.0024538 0.3803954 0.0056181 1.2397406 
HM585509_Human_herpesvirus_1            0.0070434 0.0099870 0.0091998 0.0070434 0.0070434 0.0076178 0.0088287 0.0068848 0.0038737 0.0068848 0.0070436 0.0068848 0.0115139 0.0000000 0.0103936 0.0094158 0.0106375 0.0106375 0.0106498 0.3410927 0.3416873 0.3403147 0.2918914 0.3509730 0.3280596 0.3460396 0.3342083 0.3454445 0.3423163 0.2677974 0.3338758 0.3456748 0.3413854 0.3533973 0.3198972 0.3515081 0.3445048 0.0105327 0.0101659 0.0085863 0.0068452 0.0068305 0.0074823 0.0070633 0.3854203 0.0095205 0.0095214 0.0051695 0.3696448 0.0113372 0.0080364 0.0110088 0.0110088 0.0109990 0.0067059 0.0066674 0.0062326 0.0111377 0.3692152 0.3702777 0.3692152 0.3691232 0.3702777 0.3725209 0.3699398 0.3700073 0.3699398 0.3694535 0.3679755 0.3702841 0.3683527 0.3702135 0.3685390 0.3687370 0.3696181 0.3683741 0.3686688 0.3666560 0.3672211 0.3668471 0.3694739 0.3698925 0.3693510 0.3664973 0.3685390 0.3692330 0.3692330 0.3670279 0.3679899 0.3696379 0.3677558 0.3696379 0.3694784 0.3689506 0.3696703 0.3705968 0.3705032 0.0108360 0.0108360 0.3713407 0.0089080 1.2418981 
HM585510_Human_herpesvirus_1            0.0076637 0.0061571 0.0055169 0.0076637 0.0076637 0.0064234 0.0075767 0.0075029 0.0108756 0.0075029 0.0076640 0.0075029 0.0062787 0.0103936 0.0000000 0.0057002 0.0062620 0.0062620 0.0064556 0.3426997 0.3438570 0.3423358 0.2925260 0.3536388 0.3294263 0.3486974 0.3351373 0.3481267 0.3438495 0.2632034 0.3359068 0.3479525 0.3455075 0.3548100 0.3224597 0.3531098 0.3460690 0.0070364 0.0086084 0.0070139 0.0082898 0.0076456 0.0074958 0.0071445 0.3917770 0.0055121 0.0052213 0.0080110 0.3740187 0.0061204 0.0084434 0.0058212 0.0058212 0.0058165 0.0077690 0.0077266 0.0081056 0.0069128 0.3735857 0.3746578 0.3735857 0.3734924 0.3746578 0.3769174 0.3743140 0.3743812 0.3743140 0.3738214 0.3723372 0.3746645 0.3727197 0.3740865 0.3729019 0.3731060 0.3739914 0.3731122 0.3730346 0.3710060 0.3715770 0.3712014 0.3738441 0.3742703 0.3737211 0.3708409 0.3729019 0.3736052 0.3736052 0.3713851 0.3723458 0.3740127 0.3721161 0.3740127 0.3738473 0.3733172 0.3740454 0.3749863 0.3748814 0.0056670 0.0056670 0.3756644 0.0059593 1.2382956 
HM585511_Human_herpesvirus_1            0.0073702 0.0067414 0.0026242 0.0073702 0.0073702 0.0070373 0.0058685 0.0069101 0.0097405 0.0069101 0.0073705 0.0069101 0.0089134 0.0094158 0.0057002 0.0000000 0.0075032 0.0075032 0.0078216 0.3388215 0.3400231 0.3385064 0.2932200 0.3498108 0.3267634 0.3463321 0.3330817 0.3436248 0.3399478 0.2679675 0.3314909 0.3439306 0.3394893 0.3518588 0.3180490 0.3502240 0.3416095 0.0077025 0.0083090 0.0065611 0.0081517 0.0079695 0.0072080 0.0078387 0.3927645 0.0067347 0.0064379 0.0077079 0.3717201 0.0087456 0.0081618 0.0084319 0.0084319 0.0084247 0.0077921 0.0077484 0.0081283 0.0079767 0.3712885 0.3723565 0.3712885 0.3711958 0.3723565 0.3746096 0.3720155 0.3720829 0.3720155 0.3715258 0.3700434 0.3723631 0.3704235 0.3717901 0.3706080 0.3708091 0.3716931 0.3708197 0.3707393 0.3687172 0.3692856 0.3689104 0.3715473 0.3719699 0.3714242 0.3685553 0.3706080 0.3713071 0.3713071 0.3690928 0.3700551 0.3717136 0.3698228 0.3717136 0.3715512 0.3710218 0.3717462 0.3726804 0.3725813 0.0082684 0.0082684 0.3734257 0.0062573 1.2361563 
HM585512_Human_herpesvirus_1            0.0072938 0.0073123 0.0066920 0.0072938 0.0072938 0.0063625 0.0076147 0.0071367 0.0109507 0.0072846 0.0072940 0.0071367 0.0054596 0.0106375 0.0062620 0.0075032 0.0000000 0.0000010 0.0035755 0.3453939 0.3465223 0.3452559 0.2943043 0.3557219 0.3329144 0.3509748 0.3385564 0.3516198 0.3459932 0.2663893 0.3389871 0.3501305 0.3452817 0.3568212 0.3252320 0.3543634 0.3490681 0.0064081 0.0080682 0.0069414 0.0077476 0.0071136 0.0072628 0.0065489 0.3932366 0.0032876 0.0030087 0.0076222 0.3752789 0.0059071 0.0085244 0.0056113 0.0056113 0.0056068 0.0061623 0.0061259 0.0083404 0.0040048 0.3748446 0.3759202 0.3748446 0.3747509 0.3759202 0.3781858 0.3755744 0.3756416 0.3755744 0.3750798 0.3735928 0.3759269 0.3739770 0.3758474 0.3741582 0.3743642 0.3752514 0.3743679 0.3742918 0.3722574 0.3728305 0.3724542 0.3751030 0.3755317 0.3749800 0.3725905 0.3741582 0.3748646 0.3748646 0.3726388 0.3735997 0.3752731 0.3733711 0.3752731 0.3751059 0.3745749 0.3753059 0.3762515 0.3761433 0.0054591 0.0054591 0.3769978 0.0048706 1.2321297 
HM585513_Human_herpesvirus_1            0.0072938 0.0073123 0.0066920 0.0072938 0.0072938 0.0063625 0.0076147 0.0071367 0.0109507 0.0072846 0.0072940 0.0071367 0.0054596 0.0106375 0.0062620 0.0075032 0.0000010 0.0000000 0.0035755 0.3453939 0.3465223 0.3452559 0.2943043 0.3557219 0.3329144 0.3509748 0.3385564 0.3516198 0.3459932 0.2663893 0.3389871 0.3501305 0.3452817 0.3568212 0.3252320 0.3543634 0.3490681 0.0064081 0.0080682 0.0069414 0.0077476 0.0071136 0.0072628 0.0065489 0.3932366 0.0032876 0.0030087 0.0076222 0.3752789 0.0059071 0.0085244 0.0056113 0.0056113 0.0056068 0.0061623 0.0061259 0.0083404 0.0040048 0.3748446 0.3759202 0.3748446 0.3747509 0.3759202 0.3781858 0.3755744 0.3756416 0.3755744 0.3750798 0.3735928 0.3759269 0.3739770 0.3758474 0.3741582 0.3743642 0.3752514 0.3743679 0.3742918 0.3722574 0.3728305 0.3724542 0.3751030 0.3755317 0.3749800 0.3725905 0.3741582 0.3748646 0.3748646 0.3726388 0.3735997 0.3752731 0.3733711 0.3752731 0.3751059 0.3745749 0.3753059 0.3762515 0.3761433 0.0054591 0.0054591 0.3769978 0.0048706 1.2321297 
HM585514_Human_herpesvirus_1            0.0076093 0.0073202 0.0070038 0.0076093 0.0076093 0.0066710 0.0076230 0.0074510 0.0109634 0.0075997 0.0076096 0.0074510 0.0053133 0.0106498 0.0064556 0.0078216 0.0035755 0.0035755 0.0000000 0.3438973 0.3456271 0.3449082 0.2944310 0.3554184 0.3307547 0.3511906 0.3363663 0.3513000 0.3456511 0.2660551 0.3373524 0.3498152 0.3455070 0.3565382 0.3243101 0.3551077 0.3486654 0.0067183 0.0080770 0.0064906 0.0077560 0.0074267 0.0072705 0.0068595 0.3953032 0.0035751 0.0032947 0.0076305 0.3768637 0.0057597 0.0085338 0.0057611 0.0057611 0.0057564 0.0061687 0.0061323 0.0083495 0.0006686 0.3764290 0.3775061 0.3764290 0.3763349 0.3775061 0.3797736 0.3771588 0.3772258 0.3771588 0.3766627 0.3751762 0.3775129 0.3755616 0.3774311 0.3757410 0.3759488 0.3768360 0.3759494 0.3758754 0.3738389 0.3744131 0.3740369 0.3766868 0.3771175 0.3765639 0.3736698 0.3757410 0.3764496 0.3764496 0.3742222 0.3751810 0.3768583 0.3749544 0.3768583 0.3766892 0.3761583 0.3768911 0.3778403 0.3777281 0.0056082 0.0056082 0.3785857 0.0051687 1.2401336 
HSV2_1                                  0.3440083 0.3413104 0.3412555 0.3440083 0.3440083 0.3402516 0.3436516 0.3434802 0.3418130 0.3439103 0.3439974 0.3434802 0.3472605 0.3410927 0.3426997 0.3388215 0.3453939 0.3453939 0.3438973 0.0000000 0.0035601 0.0042038 0.0066638 0.0089500 0.0034821 0.0006787 0.0038450 0.0083373 0.0022946 0.0018136 0.0028002 0.0090307 0.0103559 0.0070759 0.0041749 0.0090671 0.0088953 0.3475748 0.3464031 0.3426088 0.3417974 0.3423397 0.3426404 0.3439004 0.0853125 0.3416490 0.3406428 0.3419693 0.0090850 0.3460017 0.3476389 0.3460439 0.3460439 0.3459669 0.3408712 0.3405767 0.3454143 0.3461826 0.0090875 0.0090815 0.0090875 0.0094947 0.0090815 0.0102638 0.0096638 0.0094347 0.0096638 0.0096484 0.0090304 0.0092836 0.0086846 0.0084750 0.0096363 0.0088782 0.0084863 0.0094506 0.0082586 0.0084504 0.0086637 0.0086580 0.0090729 0.0092555 0.0096369 0.0086047 0.0096363 0.0092513 0.0092513 0.0082564 0.0080440 0.0094510 0.0092517 0.0094510 0.0096951 0.0084367 0.0092502 0.0082983 0.0096791 0.3453995 0.3453995 0.0090975 0.3430486 0.9707565 
HSV2_2                                  0.3449815 0.3423172 0.3422639 0.3449815 0.3449815 0.3425157 0.3447173 0.3444600 0.3434782 0.3448842 0.3449708 0.3444600 0.3483241 0.3416873 0.3438570 0.3400231 0.3465223 0.3465223 0.3456271 0.0035601 0.0000000 0.0014104 0.0056020 0.0072532 0.0008847 0.0037686 0.0005252 0.0064201 0.0020832 0.0008983 0.0014746 0.0073766 0.0085701 0.0056424 0.0007284 0.0075921 0.0076240 0.3480060 0.3458858 0.3436852 0.3425104 0.3419614 0.3433014 0.3450430 0.0857982 0.3428179 0.3418240 0.3420930 0.0073522 0.3470412 0.3492395 0.3471677 0.3471677 0.3470911 0.3419721 0.3416801 0.3454954 0.3478871 0.0073542 0.0075443 0.0073542 0.0079386 0.0075443 0.0088694 0.0079590 0.0078883 0.0079590 0.0078952 0.0075086 0.0075418 0.0071638 0.0075646 0.0081332 0.0073500 0.0067805 0.0077057 0.0067597 0.0071819 0.0073861 0.0071418 0.0073422 0.0077139 0.0080893 0.0074935 0.0081332 0.0077108 0.0077108 0.0069503 0.0071181 0.0079530 0.0077112 0.0079530 0.0081311 0.0073038 0.0077599 0.0071644 0.0079206 0.3465304 0.3465304 0.0079340 0.3431589 1.0070204 
HSV2_3                                  0.3426258 0.3416549 0.3409944 0.3432044 0.3432044 0.3399688 0.3435342 0.3426647 0.3413851 0.3431047 0.3431932 0.3426647 0.3476056 0.3403147 0.3423358 0.3385064 0.3452559 0.3452559 0.3449082 0.0042038 0.0014104 0.0000000 0.0051130 0.0079590 0.0016388 0.0043039 0.0009052 0.0074314 0.0025221 0.0000021 0.0016851 0.0080480 0.0092559 0.0060851 0.0011015 0.0078738 0.0084212 0.3472387 0.3455995 0.3428015 0.3410706 0.3411120 0.3424994 0.3443048 0.0862501 0.3408836 0.3398543 0.3412471 0.0076917 0.3463176 0.3475250 0.3463608 0.3463608 0.3462819 0.3410066 0.3407052 0.3436493 0.3472498 0.0076939 0.0076885 0.0076939 0.0085225 0.0076885 0.0095013 0.0082739 0.0084665 0.0082739 0.0082602 0.0078650 0.0078906 0.0077056 0.0082799 0.0084665 0.0079015 0.0070922 0.0080615 0.0072784 0.0076725 0.0078873 0.0076811 0.0076809 0.0082839 0.0086788 0.0080500 0.0084665 0.0080778 0.0080778 0.0070740 0.0074515 0.0084817 0.0082806 0.0084817 0.0078972 0.0078499 0.0082790 0.0074998 0.0082878 0.3457014 0.3457014 0.0085172 0.3423519 0.9571781 
HSV2_4                                  0.2936852 0.2950067 0.2932200 0.2951847 0.2951847 0.2926862 0.2918883 0.2950202 0.2946839 0.2950202 0.2966189 0.2950202 0.3000760 0.2918914 0.2925260 0.2932200 0.2943043 0.2943043 0.2944310 0.0066638 0.0056020 0.0051130 0.0000000 0.0029352 0.0067278 0.0077845 0.0040290 0.0024311 0.0056535 0.0016982 0.0061716 0.0034594 0.0049971 0.0024344 0.0045564 0.0029352 0.0029432 0.2949102 0.2957833 0.2982934 0.2943138 0.2957740 0.2945137 0.2969610 0.0742035 0.2928137 0.2914844 0.2971074 0.0034594 0.2988555 0.2983094 0.2973498 0.2973498 0.2988175 0.2917383 0.2931958 0.2948316 0.2973556 0.0034594 0.0034594 0.0034594 0.0029421 0.0034594 0.0055517 0.0050317 0.0039738 0.0044839 0.0034347 0.0039656 0.0039656 0.0039738 0.0055535 0.0044931 0.0034594 0.0034594 0.0034347 0.0034418 0.0039738 0.0039738 0.0039375 0.0034594 0.0039738 0.0039738 0.0055919 0.0044931 0.0049721 0.0049721 0.0034418 0.0034594 0.0039456 0.0045067 0.0039456 0.0050432 0.0044537 0.0034347 0.0029352 0.0039656 0.2973498 0.2973498 0.0034418 0.2956905 0.7955985 
HSV2_5                                  0.3544144 0.3517540 0.3517099 0.3544144 0.3544144 0.3517209 0.3545756 0.3538930 0.3522695 0.3543120 0.3544042 0.3538930 0.3582283 0.3509730 0.3536388 0.3498108 0.3557219 0.3557219 0.3554184 0.0089500 0.0072532 0.0079590 0.0029352 0.0000000 0.0080700 0.0093969 0.0068158 0.0008841 0.0083573 0.0018275 0.0062077 0.0017676 0.0020899 0.0021838 0.0072741 0.0018571 0.0020131 0.3578998 0.3556853 0.3535593 0.3512403 0.3512577 0.3536371 0.3548151 0.0869948 0.3525972 0.3516118 0.3514013 0.0016687 0.3569428 0.3580176 0.3580289 0.3580289 0.3579470 0.3513854 0.3510851 0.3552884 0.3576682 0.0016687 0.0014977 0.0016687 0.0014990 0.0014977 0.0026848 0.0025255 0.0018280 0.0025255 0.0018328 0.0014978 0.0018353 0.0014987 0.0025222 0.0019969 0.0016670 0.0014992 0.0020006 0.0008231 0.0018362 0.0016642 0.0008213 0.0020133 0.0016626 0.0020001 0.0021824 0.0019969 0.0020010 0.0020010 0.0016630 0.0014934 0.0014943 0.0020080 0.0014943 0.0023543 0.0019956 0.0013254 0.0014944 0.0021773 0.3573888 0.3573888 0.0014916 0.3529526 1.0176273 
HSV2_6                                  0.3312937 0.3285228 0.3284538 0.3312937 0.3312937 0.3293515 0.3311743 0.3307521 0.3296365 0.3312005 0.3312819 0.3307521 0.3344919 0.3280596 0.3294263 0.3267634 0.3329144 0.3329144 0.3307547 0.0034821 0.0008847 0.0016388 0.0067278 0.0080700 0.0000000 0.0038149 0.0010761 0.0070902 0.0017899 0.0013565 0.0014898 0.0078398 0.0091930 0.0061978 0.0011096 0.0084488 0.0081859 0.3348968 0.3333434 0.3309958 0.3293093 0.3287677 0.3301566 0.3319198 0.0843849 0.3291538 0.3281104 0.3288865 0.0082647 0.3332057 0.3359104 0.3326610 0.3326610 0.3325888 0.3287364 0.3284459 0.3319119 0.3331101 0.0082671 0.0082613 0.0082671 0.0084784 0.0082613 0.0096845 0.0088624 0.0086282 0.0088624 0.0088476 0.0082202 0.0084693 0.0078524 0.0080368 0.0086282 0.0080522 0.0076482 0.0086435 0.0074162 0.0074107 0.0076280 0.0078270 0.0082530 0.0084421 0.0088450 0.0082030 0.0086282 0.0084383 0.0084383 0.0074140 0.0075924 0.0086438 0.0084387 0.0086438 0.0088928 0.0079988 0.0084370 0.0078531 0.0088774 0.3320043 0.3320043 0.0084716 0.3300093 0.9440935 
HSV2_7                                  0.3497082 0.3478855 0.3474714 0.3497082 0.3497082 0.3468734 0.3493958 0.3492510 0.3473538 0.3496206 0.3496990 0.3492510 0.3530527 0.3460396 0.3486974 0.3463321 0.3509748 0.3509748 0.3511906 0.0006787 0.0037686 0.0043039 0.0077845 0.0093969 0.0038149 0.0000000 0.0041698 0.0083887 0.0027640 0.0027360 0.0031557 0.0098000 0.0110238 0.0078702 0.0043355 0.0093782 0.0098527 0.3532855 0.3523116 0.3489727 0.3461522 0.3467175 0.3499851 0.3489860 0.0835629 0.3477207 0.3468527 0.3464040 0.0092523 0.3519982 0.3524717 0.3515498 0.3515498 0.3514808 0.3453948 0.3451368 0.3507892 0.3531690 0.0092546 0.0094262 0.0092546 0.0097832 0.0094262 0.0106157 0.0098011 0.0097302 0.0098011 0.0097369 0.0093884 0.0094233 0.0092557 0.0084354 0.0099556 0.0094233 0.0089029 0.0097346 0.0087137 0.0090997 0.0092860 0.0090595 0.0092418 0.0095760 0.0099129 0.0090118 0.0099556 0.0095722 0.0095722 0.0088866 0.0087013 0.0096260 0.0095725 0.0096260 0.0099560 0.0090385 0.0094525 0.0089212 0.0097635 0.3509908 0.3509908 0.0097926 0.3494250 1.0470913 
HSV2_8                                  0.3369426 0.3341708 0.3341074 0.3369426 0.3369426 0.3349815 0.3369054 0.3364005 0.3358804 0.3368461 0.3369311 0.3364005 0.3401458 0.3342083 0.3351373 0.3330817 0.3385564 0.3385564 0.3363663 0.0038450 0.0005252 0.0009052 0.0040290 0.0068158 0.0010761 0.0041698 0.0000000 0.0062281 0.0023345 0.0000021 0.0012979 0.0067331 0.0079908 0.0049821 0.0001831 0.0071690 0.0070947 0.3399590 0.3396836 0.3374057 0.3357311 0.3352581 0.3366531 0.3376284 0.0843899 0.3355549 0.3345138 0.3353861 0.0069874 0.3388564 0.3415457 0.3383138 0.3383138 0.3382387 0.3351676 0.3348699 0.3384170 0.3387183 0.0069894 0.0069844 0.0069894 0.0073963 0.0069844 0.0083727 0.0075716 0.0073466 0.0075716 0.0075589 0.0069491 0.0071865 0.0065862 0.0071595 0.0073466 0.0067813 0.0063873 0.0073597 0.0061654 0.0061608 0.0063704 0.0065646 0.0069773 0.0071630 0.0075563 0.0069341 0.0073466 0.0071601 0.0071601 0.0061635 0.0063403 0.0073600 0.0071604 0.0073600 0.0075979 0.0067360 0.0071587 0.0065868 0.0075846 0.3376549 0.3376549 0.0073907 0.3364202 0.9661986 
HSV2_9                                  0.3483878 0.3473942 0.3467235 0.3489789 0.3489789 0.3455295 0.3498733 0.3484262 0.3482671 0.3488735 0.3489678 0.3484262 0.3535927 0.3454445 0.3481267 0.3436248 0.3516198 0.3516198 0.3513000 0.0083373 0.0064201 0.0074314 0.0024311 0.0008841 0.0070902 0.0083887 0.0062281 0.0000000 0.0074948 0.0013605 0.0054121 0.0012633 0.0018971 0.0019724 0.0065807 0.0016202 0.0016487 0.3526586 0.3515825 0.3492984 0.3474735 0.3468806 0.3494091 0.3501422 0.0864616 0.3476931 0.3466437 0.3470270 0.0014206 0.3522299 0.3539698 0.3533854 0.3533854 0.3533008 0.3467933 0.3464790 0.3500134 0.3531663 0.0014210 0.0014198 0.0014210 0.0012402 0.0014198 0.0030664 0.0023315 0.0021418 0.0019573 0.0021402 0.0014122 0.0023379 0.0010615 0.0015941 0.0023239 0.0012398 0.0008830 0.0019580 0.0008813 0.0014142 0.0015971 0.0012388 0.0014183 0.0019638 0.0023272 0.0028936 0.0023239 0.0010566 0.0010566 0.0014187 0.0014156 0.0015909 0.0015946 0.0015909 0.0023365 0.0021354 0.0014113 0.0008832 0.0019609 0.3527072 0.3527072 0.0015961 0.3486806 1.0096911 
HSV2_10                                 0.3451706 0.3424562 0.3424021 0.3451706 0.3451706 0.3424845 0.3448101 0.3446392 0.3435483 0.3450713 0.3451596 0.3446392 0.3484831 0.3423163 0.3438495 0.3399478 0.3459932 0.3459932 0.3456511 0.0022946 0.0020832 0.0025221 0.0056535 0.0083573 0.0017899 0.0027640 0.0023345 0.0074948 0.0000000 0.0009030 0.0018444 0.0084117 0.0094570 0.0066903 0.0022283 0.0085402 0.0082625 0.3481871 0.3465110 0.3437592 0.3425632 0.3420042 0.3432840 0.3450565 0.0852343 0.3422862 0.3412748 0.3421383 0.0084781 0.3471767 0.3494145 0.3472193 0.3472193 0.3471413 0.3420995 0.3418020 0.3455170 0.3479513 0.0084805 0.0086776 0.0084805 0.0090876 0.0086776 0.0098455 0.0091085 0.0088308 0.0091085 0.0090374 0.0084443 0.0086746 0.0082834 0.0083066 0.0090869 0.0084759 0.0078856 0.0088414 0.0078613 0.0083024 0.0085155 0.0082579 0.0084667 0.0086523 0.0088460 0.0084128 0.0090869 0.0088473 0.0088473 0.0080594 0.0078479 0.0089020 0.0088477 0.0089020 0.0092868 0.0080389 0.0089020 0.0078993 0.0090664 0.3465706 0.3465706 0.0090819 0.3442011 1.0092656 
HSV2_11                                 0.2680712 0.2680671 0.2679675 0.2694248 0.2694248 0.2655951 0.2664649 0.2693031 0.2676367 0.2693031 0.2707317 0.2693031 0.2711669 0.2677974 0.2632034 0.2679675 0.2663893 0.2663893 0.2660551 0.0018136 0.0008983 0.0000021 0.0016982 0.0018275 0.0013565 0.0027360 0.0000021 0.0013605 0.0009030 0.0000000 0.0000029 0.0013580 0.0032136 0.0013650 0.0004483 0.0022912 0.0013619 0.2676246 0.2686279 0.2696131 0.2673064 0.2686357 0.2688376 0.2711576 0.0600657 0.2646078 0.2633851 0.2726414 0.0018185 0.2712669 0.2735648 0.2686878 0.2686878 0.2700198 0.2667595 0.2662688 0.2676977 0.2687120 0.0018185 0.0022800 0.0018185 0.0018233 0.0022800 0.0032266 0.0037052 0.0027402 0.0032112 0.0027580 0.0022755 0.0018158 0.0018185 0.0032275 0.0027447 0.0013580 0.0013580 0.0027580 0.0022958 0.0022800 0.0022800 0.0027580 0.0018158 0.0022755 0.0027402 0.0022755 0.0027447 0.0037126 0.0037126 0.0022958 0.0018158 0.0022912 0.0027579 0.0022912 0.0032774 0.0032277 0.0022912 0.0018275 0.0022800 0.2686878 0.2686878 0.0022958 0.2672131 0.7707947 
HSV2_12                                 0.3361842 0.3346385 0.3345734 0.3367855 0.3367855 0.3339634 0.3371954 0.3362263 0.3361004 0.3366860 0.3367736 0.3362263 0.3411700 0.3338758 0.3359068 0.3314909 0.3389871 0.3389871 0.3373524 0.0028002 0.0014746 0.0016851 0.0061716 0.0062077 0.0014898 0.0031557 0.0012979 0.0054121 0.0018444 0.0000029 0.0000000 0.0060119 0.0070853 0.0055835 0.0015275 0.0061649 0.0062210 0.3398320 0.3387410 0.3369965 0.3352700 0.3346970 0.3361335 0.3374031 0.0850396 0.3350899 0.3340171 0.3348280 0.0063997 0.3398377 0.3419829 0.3398695 0.3398695 0.3397911 0.3344852 0.3341795 0.3379499 0.3392431 0.0064015 0.0063967 0.0064015 0.0070251 0.0063967 0.0076091 0.0069983 0.0065642 0.0069983 0.0069860 0.0063631 0.0066033 0.0061944 0.0061562 0.0067701 0.0063947 0.0057862 0.0067812 0.0057641 0.0057596 0.0059740 0.0061731 0.0063899 0.0063750 0.0067772 0.0063420 0.0067701 0.0065782 0.0065782 0.0057614 0.0059446 0.0065767 0.0067838 0.0065767 0.0070236 0.0065571 0.0067819 0.0061851 0.0070109 0.3391882 0.3391882 0.0070197 0.3359809 0.9723823 
HSV2_13                                 0.3487445 0.3459482 0.3458960 0.3487445 0.3487445 0.3459364 0.3495387 0.3481968 0.3486455 0.3486401 0.3487334 0.3481968 0.3527092 0.3456748 0.3479525 0.3439306 0.3501305 0.3501305 0.3498152 0.0090307 0.0073766 0.0080480 0.0034594 0.0017676 0.0078398 0.0098000 0.0067331 0.0012633 0.0084117 0.0013580 0.0060119 0.0000000 0.0024752 0.0021360 0.0071783 0.0024975 0.0021992 0.3524108 0.3500906 0.3478634 0.3470736 0.3459673 0.3473745 0.3486727 0.0870050 0.3468605 0.3458209 0.3461110 0.0014051 0.3514008 0.3536007 0.3519571 0.3519571 0.3518742 0.3460812 0.3457706 0.3491558 0.3521838 0.0014051 0.0015817 0.0014051 0.0019428 0.0015817 0.0032159 0.0030488 0.0022987 0.0026704 0.0030435 0.0019382 0.0019434 0.0006958 0.0023029 0.0024792 0.0008708 0.0012271 0.0028601 0.0015889 0.0017610 0.0015787 0.0015834 0.0021279 0.0021231 0.0024826 0.0030453 0.0024792 0.0021218 0.0021218 0.0019494 0.0017617 0.0023020 0.0021219 0.0023020 0.0030589 0.0028524 0.0021211 0.0015840 0.0019396 0.3512865 0.3512865 0.0023009 0.3472248 1.0055684 
HSV2_14                                 0.3437010 0.3432109 0.3419417 0.3443251 0.3443251 0.3413573 0.3471392 0.3437427 0.3430632 0.3442169 0.3443131 0.3437427 0.3504211 0.3413854 0.3455075 0.3394893 0.3452817 0.3452817 0.3455070 0.0103559 0.0085701 0.0092559 0.0049971 0.0020899 0.0091930 0.0110238 0.0079908 0.0018971 0.0094570 0.0032136 0.0070853 0.0024752 0.0000000 0.0034858 0.0083439 0.0015142 0.0028964 0.3482228 0.3470086 0.3446099 0.3418652 0.3428046 0.3443038 0.3456936 0.0909611 0.3424371 0.3413275 0.3435756 0.0018909 0.3490262 0.3497320 0.3502486 0.3502486 0.3501610 0.3431351 0.3428073 0.3448936 0.3474733 0.0018914 0.0018899 0.0018914 0.0024788 0.0018899 0.0034635 0.0020942 0.0022803 0.0011291 0.0020903 0.0013175 0.0017002 0.0020842 0.0026708 0.0026681 0.0022761 0.0016985 0.0017035 0.0018968 0.0024710 0.0024710 0.0017035 0.0013198 0.0018923 0.0022843 0.0028872 0.0026681 0.0024748 0.0024748 0.0024799 0.0016994 0.0024738 0.0018960 0.0024738 0.0028804 0.0028674 0.0022797 0.0026759 0.0024694 0.3495332 0.3495332 0.0028659 0.3445807 0.9724119 
HSV2_15                                 0.3576398 0.3557028 0.3546596 0.3576398 0.3576398 0.3535540 0.3552383 0.3571533 0.3540652 0.3575426 0.3576303 0.3571533 0.3590830 0.3533973 0.3548100 0.3518588 0.3568212 0.3568212 0.3565382 0.0070759 0.0056424 0.0060851 0.0024344 0.0021838 0.0061978 0.0078702 0.0049821 0.0019724 0.0066903 0.0013650 0.0055835 0.0021360 0.0034858 0.0000000 0.0053876 0.0029126 0.0029392 0.3593963 0.3577933 0.3548079 0.3526523 0.3531240 0.3557983 0.3559747 0.0833297 0.3539109 0.3529945 0.3528010 0.0023545 0.3578873 0.3589556 0.3588969 0.3588969 0.3588203 0.3527188 0.3524382 0.3569344 0.3586306 0.0023550 0.0021925 0.0023550 0.0025161 0.0021925 0.0036508 0.0036702 0.0028313 0.0033296 0.0031612 0.0025103 0.0028469 0.0018741 0.0034932 0.0031563 0.0020316 0.0018746 0.0029990 0.0018741 0.0026738 0.0025090 0.0018684 0.0026815 0.0026751 0.0029962 0.0035004 0.0031563 0.0023453 0.0023453 0.0020331 0.0025155 0.0028247 0.0026747 0.0028247 0.0033414 0.0028281 0.0026630 0.0017124 0.0028354 0.3583014 0.3583014 0.0025035 0.3542434 1.0144948 
HSV2_16                                 0.3213995 0.3207682 0.3197200 0.3219920 0.3219920 0.3193333 0.3242640 0.3214444 0.3215643 0.3219032 0.3219797 0.3214444 0.3268408 0.3198972 0.3224597 0.3180490 0.3252320 0.3252320 0.3243101 0.0041749 0.0007284 0.0011015 0.0045564 0.0072741 0.0011096 0.0043355 0.0001831 0.0065807 0.0022283 0.0004483 0.0015275 0.0071783 0.0083439 0.0053876 0.0000000 0.0072390 0.0075100 0.3262170 0.3256601 0.3227511 0.3226146 0.3220793 0.3234889 0.3254763 0.0837900 0.3216006 0.3205362 0.3221908 0.0070529 0.3255397 0.3273102 0.3249841 0.3249841 0.3249148 0.3219013 0.3216133 0.3246532 0.3267078 0.0070529 0.0070476 0.0070529 0.0077011 0.0070476 0.0087278 0.0076594 0.0078602 0.0076594 0.0076460 0.0072347 0.0072596 0.0070664 0.0076652 0.0078602 0.0072703 0.0064300 0.0074392 0.0066244 0.0066193 0.0068394 0.0070425 0.0070424 0.0076690 0.0080803 0.0074278 0.0078602 0.0074552 0.0074552 0.0064108 0.0068040 0.0078750 0.0076660 0.0078750 0.0076870 0.0072201 0.0076642 0.0070670 0.0076707 0.3243205 0.3243205 0.0076986 0.3230725 0.9331983 
HSV2_17                                 0.3536155 0.3522116 0.3518874 0.3536155 0.3536155 0.3512518 0.3537891 0.3531529 0.3516638 0.3535250 0.3536064 0.3531529 0.3569672 0.3515081 0.3531098 0.3502240 0.3543634 0.3543634 0.3551077 0.0090671 0.0075921 0.0078738 0.0029352 0.0018571 0.0084488 0.0093782 0.0071690 0.0016202 0.0085402 0.0022912 0.0061649 0.0024975 0.0015142 0.0029126 0.0072390 0.0000000 0.0029366 0.3567379 0.3548245 0.3523700 0.3506536 0.3512810 0.3529103 0.3540540 0.0873590 0.3515926 0.3507170 0.3509701 0.0013407 0.3559346 0.3572852 0.3564071 0.3564071 0.3563352 0.3508799 0.3506137 0.3549663 0.3571066 0.0013407 0.0014915 0.0013407 0.0024176 0.0014915 0.0031847 0.0016414 0.0021010 0.0016414 0.0011828 0.0013412 0.0014933 0.0022631 0.0030303 0.0025600 0.0024154 0.0013399 0.0011822 0.0011866 0.0025626 0.0027221 0.0014872 0.0010394 0.0019517 0.0021041 0.0027308 0.0025600 0.0019420 0.0019420 0.0017909 0.0013381 0.0023994 0.0019508 0.0023994 0.0014870 0.0020925 0.0022460 0.0022574 0.0017936 0.3558400 0.3558400 0.0025636 0.3519067 1.0257354 
HSV2_18                                 0.3475318 0.3454014 0.3447234 0.3475318 0.3475318 0.3446794 0.3485291 0.3469745 0.3468209 0.3474263 0.3475205 0.3469745 0.3519785 0.3445048 0.3460690 0.3416095 0.3490681 0.3490681 0.3486654 0.0088953 0.0076240 0.0084212 0.0029432 0.0020131 0.0081859 0.0098527 0.0070947 0.0016487 0.0082625 0.0013619 0.0062210 0.0021992 0.0028964 0.0029392 0.0075100 0.0029366 0.0000000 0.3505599 0.3499969 0.3470862 0.3460174 0.3454226 0.3468565 0.3481805 0.0892831 0.3451824 0.3441232 0.3455683 0.0021763 0.3506471 0.3520416 0.3512136 0.3512136 0.3511295 0.3452493 0.3449340 0.3480587 0.3505451 0.0021763 0.0021745 0.0021763 0.0018029 0.0021745 0.0036780 0.0035066 0.0029170 0.0031140 0.0035003 0.0025431 0.0027449 0.0021762 0.0032993 0.0031030 0.0023602 0.0019912 0.0033111 0.0021845 0.0021745 0.0019856 0.0021769 0.0025535 0.0027363 0.0031083 0.0033129 0.0031030 0.0031105 0.0031105 0.0027484 0.0019932 0.0029212 0.0027346 0.0029212 0.0035196 0.0031181 0.0027335 0.0021810 0.0027304 0.3505312 0.3505312 0.0023604 0.3467040 0.9910927 
