102
HM585496_Human_herpesvirus_1            0.0000000 0.0071141 0.0090124 0.0003996 0.0003996 0.0084431 0.0089158 0.0005332 0.0112582 0.0005332 0.0006676 0.0105143 0.0120268 0.0084669 0.0097702 0.0104119 0.0102581 0.0097749 0.0102581 0.3835907 0.3829621 0.3810650 0.3353200 0.3933673 0.3619668 0.3901063 0.3724800 0.3876910 0.3818668 0.2981701 0.3690467 0.3813679 0.3893265 0.3961495 0.3673098 0.3904820 0.3896724 0.0102200 0.0091826 0.0106774 0.0105390 0.0090220 0.0085882 0.0099147 0.3976455 0.0093141 0.0093219 0.0102308 0.3982552 0.0102268 0.0096322 0.0108200 0.0105214 0.0105126 0.0096194 0.0096194 0.0099252 0.0094733 0.3986620 0.3982864 0.3982552 0.3981248 0.3978817 0.3982552 0.3968290 0.3957384 0.3983571 0.3957384 0.3967977 0.3965030 0.3957074 0.3976174 0.3971945 0.3961720 0.3983254 0.3982487 0.3983563 0.3975358 0.3981974 0.3981974 0.3983825 0.3967633 0.3983507 0.3979483 0.3952686 0.3961720 0.3991690 0.3991690 0.3967907 0.3979629 0.3983216 0.3981248 0.3985412 0.3956478 0.3960356 0.3980990 0.3964259 0.0105127 0.0103637 0.3980110 0.0094697 0.9125118 
HM585497_Human_herpesvirus_1            0.0071141 0.0000000 0.0055171 0.0069700 0.0069700 0.0033979 0.0037000 0.0071141 0.0112368 0.0071141 0.0072663 0.0066482 0.0126163 0.0030023 0.0047968 0.0061064 0.0059610 0.0057942 0.0059610 0.3849697 0.3841829 0.3828474 0.3385569 0.3954675 0.3641919 0.3913784 0.3734469 0.3893933 0.3842181 0.3003699 0.3721774 0.3835179 0.3911995 0.3975455 0.3674619 0.3920952 0.3914235 0.0060774 0.0062250 0.0065111 0.0063755 0.0069368 0.0062250 0.0057907 0.3988394 0.0060782 0.0060836 0.0070961 0.3996536 0.0062289 0.0068028 0.0065070 0.0062218 0.0062163 0.0070840 0.0070840 0.0062259 0.0052246 0.4000613 0.3996850 0.3996536 0.3995223 0.3992793 0.3996536 0.3980110 0.3973521 0.3999759 0.3973521 0.3984133 0.3981184 0.3971004 0.3992352 0.3988110 0.3977868 0.3999444 0.3996471 0.3999751 0.3989329 0.3995954 0.3995954 0.3997161 0.3983788 0.3999696 0.3995662 0.3966606 0.3977868 0.4005698 0.4005698 0.3984063 0.3988609 0.3999404 0.3995223 0.4000960 0.3972623 0.3974294 0.3997179 0.3980407 0.0062163 0.0060741 0.3994091 0.0062215 0.9162363 
HM585498_Human_herpesvirus_1            0.0090124 0.0055171 0.0000000 0.0088658 0.0088658 0.0056599 0.0061231 0.0090125 0.0130883 0.0090125 0.0091693 0.0082565 0.0144948 0.0059747 0.0009392 0.0068387 0.0066918 0.0068075 0.0066918 0.3839476 0.3832875 0.3821563 0.3422497 0.3940907 0.3630723 0.3900347 0.3724518 0.3876149 0.3836095 0.3025670 0.3714290 0.3815889 0.3896055 0.3964842 0.3672186 0.3908105 0.3903453 0.0068064 0.0075384 0.0072446 0.0071085 0.0071079 0.0069608 0.0070947 0.3993231 0.0076764 0.0076831 0.0084247 0.3985923 0.0069601 0.0075446 0.0072400 0.0069523 0.0069462 0.0075380 0.0075380 0.0072503 0.0062308 0.3989997 0.3986236 0.3985923 0.3984616 0.3982182 0.3985923 0.3969503 0.3960721 0.3986943 0.3960721 0.3971328 0.3968378 0.3960410 0.3979538 0.3975302 0.3965064 0.3986626 0.3985858 0.3986936 0.3978720 0.3985344 0.3985344 0.3987197 0.3970983 0.3986880 0.3982850 0.3956016 0.3965064 0.3995074 0.3995074 0.3971258 0.3975798 0.3986588 0.3984616 0.3988789 0.3959815 0.3963696 0.3984360 0.3967604 0.0069462 0.0068028 0.3983478 0.0078225 0.9173765 
HM585499_Human_herpesvirus_1            0.0003996 0.0069700 0.0088658 0.0000000 0.0000010 0.0082969 0.0087687 0.0001330 0.0111071 0.0001330 0.0005338 0.0103653 0.0118747 0.0083205 0.0096223 0.0102627 0.0101092 0.0096270 0.0101092 0.3832383 0.3826131 0.3807019 0.3343169 0.3930137 0.3615914 0.3897621 0.3721116 0.3873347 0.3815193 0.2972196 0.3686538 0.3809936 0.3893256 0.3958061 0.3669357 0.3901384 0.3892999 0.0100714 0.0090354 0.0105281 0.0103897 0.0088752 0.0084418 0.0097666 0.3973040 0.0091669 0.0091747 0.0100821 0.3979118 0.0100781 0.0094843 0.0106706 0.0103723 0.0103637 0.0094717 0.0094717 0.0097770 0.0093257 0.3983184 0.3979429 0.3979118 0.3977815 0.3975383 0.3979118 0.3964859 0.3953956 0.3980136 0.3953956 0.3964546 0.3961600 0.3953646 0.3972740 0.3968513 0.3958291 0.3979818 0.3979053 0.3980128 0.3971925 0.3978541 0.3978541 0.3980390 0.3964203 0.3980072 0.3976049 0.3949260 0.3958291 0.3988252 0.3988252 0.3964477 0.3976194 0.3979781 0.3977815 0.3981974 0.3953047 0.3956927 0.3977554 0.3960829 0.0103637 0.0102150 0.3976675 0.0093222 0.9125899 
HM585500_Human_herpesvirus_1            0.0003996 0.0069700 0.0088658 0.0000010 0.0000000 0.0082969 0.0087687 0.0001330 0.0111071 0.0001330 0.0005338 0.0103653 0.0118747 0.0083205 0.0096223 0.0102627 0.0101092 0.0096270 0.0101092 0.3832383 0.3826131 0.3807019 0.3343169 0.3930137 0.3615914 0.3897621 0.3721116 0.3873347 0.3815193 0.2972196 0.3686538 0.3809936 0.3893256 0.3958061 0.3669357 0.3901384 0.3892999 0.0100714 0.0090354 0.0105281 0.0103897 0.0088752 0.0084418 0.0097666 0.3973040 0.0091669 0.0091747 0.0100821 0.3979118 0.0100781 0.0094843 0.0106706 0.0103723 0.0103637 0.0094717 0.0094717 0.0097770 0.0093257 0.3983184 0.3979429 0.3979118 0.3977815 0.3975383 0.3979118 0.3964859 0.3953956 0.3980136 0.3953956 0.3964546 0.3961600 0.3953646 0.3972740 0.3968513 0.3958291 0.3979818 0.3979053 0.3980128 0.3971925 0.3978541 0.3978541 0.3980390 0.3964203 0.3980072 0.3976049 0.3949260 0.3958291 0.3988252 0.3988252 0.3964477 0.3976194 0.3979781 0.3977815 0.3981974 0.3953047 0.3956927 0.3977554 0.3960829 0.0103637 0.0102150 0.3976675 0.0093222 0.9125899 
HM585501_Human_herpesvirus_1            0.0084431 0.0033979 0.0056599 0.0082969 0.0082969 0.0000000 0.0049671 0.0084431 0.0120164 0.0084431 0.0085988 0.0065109 0.0131007 0.0045434 0.0049381 0.0062555 0.0061098 0.0059414 0.0061098 0.3832634 0.3822325 0.3814508 0.3386979 0.3934044 0.3627431 0.3893937 0.3724618 0.3873376 0.3825578 0.3004313 0.3706550 0.3817055 0.3893001 0.3955664 0.3668557 0.3901141 0.3896469 0.0062252 0.0066643 0.0066600 0.0065243 0.0068059 0.0058029 0.0062227 0.3965351 0.0059369 0.0059422 0.0072465 0.3976746 0.0063772 0.0066698 0.0066558 0.0063700 0.0063644 0.0066592 0.0066592 0.0066607 0.0053704 0.3980818 0.3977058 0.3976746 0.3975444 0.3973008 0.3976746 0.3960332 0.3953764 0.3979970 0.3953764 0.3964365 0.3961416 0.3951248 0.3972567 0.3968336 0.3958103 0.3979652 0.3976682 0.3979962 0.3969546 0.3976169 0.3976169 0.3978020 0.3964021 0.3979906 0.3975879 0.3946858 0.3958103 0.3985889 0.3985889 0.3964295 0.3976024 0.3979615 0.3975444 0.3981810 0.3952855 0.3954533 0.3977386 0.3960644 0.0063644 0.0062219 0.3974301 0.0066558 0.9100626 
HM585502_Human_herpesvirus_1            0.0089158 0.0037000 0.0061231 0.0087687 0.0087687 0.0049671 0.0000000 0.0089158 0.0118240 0.0089158 0.0090730 0.0062466 0.0129051 0.0022969 0.0053936 0.0064292 0.0062827 0.0061129 0.0062827 0.3839040 0.3832217 0.3820766 0.3403978 0.3944571 0.3634309 0.3904251 0.3727976 0.3883158 0.3835438 0.3043720 0.3713451 0.3827596 0.3900126 0.3968166 0.3671741 0.3910866 0.3903596 0.0061118 0.0062545 0.0065475 0.0064114 0.0072761 0.0059698 0.0056791 0.3965283 0.0053891 0.0056781 0.0071302 0.3989245 0.0064101 0.0065526 0.0065434 0.0062569 0.0062514 0.0068297 0.0068297 0.0059707 0.0055390 0.3993320 0.3989558 0.3989245 0.3987936 0.3985504 0.3989245 0.3972825 0.3964040 0.3990266 0.3964040 0.3974648 0.3971699 0.3963728 0.3982860 0.3978623 0.3968384 0.3989950 0.3989180 0.3990258 0.3982041 0.3988665 0.3988665 0.3990520 0.3974303 0.3990203 0.3986172 0.3959333 0.3968384 0.3998399 0.3998399 0.3974578 0.3979120 0.3989911 0.3987936 0.3992113 0.3963137 0.3967016 0.3987684 0.3970924 0.0062514 0.0061085 0.3986800 0.0061055 0.9139956 
HM585503_Human_herpesvirus_1            0.0005332 0.0071141 0.0090125 0.0001330 0.0001330 0.0084431 0.0089158 0.0000000 0.0112582 0.0000010 0.0006676 0.0105143 0.0120268 0.0084669 0.0097703 0.0104119 0.0102581 0.0097750 0.0102581 0.3835899 0.3829613 0.3810642 0.3353200 0.3933665 0.3619659 0.3901055 0.3724791 0.3876902 0.3818660 0.2981701 0.3690458 0.3813670 0.3897175 0.3961487 0.3673090 0.3904812 0.3896715 0.0102201 0.0091826 0.0106774 0.0105390 0.0090220 0.0085882 0.0099147 0.3976447 0.0093141 0.0093219 0.0102308 0.3982544 0.0102268 0.0096323 0.0108200 0.0105214 0.0105127 0.0096194 0.0096194 0.0099252 0.0094733 0.3986612 0.3982856 0.3982544 0.3981240 0.3978809 0.3982544 0.3968282 0.3957376 0.3983563 0.3957376 0.3967969 0.3965023 0.3957066 0.3976167 0.3971937 0.3961713 0.3983246 0.3982480 0.3983555 0.3975351 0.3981967 0.3981967 0.3983817 0.3967625 0.3983500 0.3979475 0.3952678 0.3961713 0.3991682 0.3991682 0.3967900 0.3979621 0.3983209 0.3981240 0.3985404 0.3956470 0.3960348 0.3980982 0.3964251 0.0105127 0.0103637 0.3980102 0.0094697 0.9131417 
HM585504_Human_herpesvirus_1            0.0112582 0.0112368 0.0130883 0.0111071 0.0111071 0.0120164 0.0118240 0.0112582 0.0000000 0.0112582 0.0114218 0.0135516 0.0042336 0.0116618 0.0124560 0.0137615 0.0136009 0.0127872 0.0136009 0.3848511 0.3842093 0.3827161 0.3399033 0.3948094 0.3636138 0.3909472 0.3741176 0.3883331 0.3834839 0.3017290 0.3708128 0.3819666 0.3904495 0.3971838 0.3681304 0.3915058 0.3911287 0.0132485 0.0128049 0.0137237 0.0135824 0.0132517 0.0115557 0.0129305 0.3996953 0.0126210 0.0126312 0.0132593 0.3992937 0.0138840 0.0132781 0.0138689 0.0135602 0.0135495 0.0126226 0.0126226 0.0129528 0.0124742 0.3997017 0.3993251 0.3992937 0.3991625 0.3989191 0.3992937 0.3978638 0.3967702 0.3996095 0.3967702 0.3978322 0.3975370 0.3967389 0.3986546 0.3982302 0.3972052 0.3993643 0.3992872 0.3993952 0.3985725 0.3992356 0.3992356 0.3994213 0.3977977 0.3996032 0.3991996 0.3962989 0.3972052 0.4002104 0.4002104 0.3978253 0.3987803 0.3993604 0.3991625 0.3995811 0.3968941 0.3970681 0.3991376 0.3974594 0.0135495 0.0133955 0.3990490 0.0124586 0.9203033 
HM585505_Human_herpesvirus_1            0.0005332 0.0071141 0.0090125 0.0001330 0.0001330 0.0084431 0.0089158 0.0000010 0.0112582 0.0000000 0.0006676 0.0105143 0.0120268 0.0084669 0.0097703 0.0104119 0.0102581 0.0097750 0.0102581 0.3835899 0.3829613 0.3810642 0.3353200 0.3933665 0.3619659 0.3901055 0.3724791 0.3876902 0.3818660 0.2981701 0.3690458 0.3813670 0.3897175 0.3961487 0.3673090 0.3904812 0.3896715 0.0102201 0.0091826 0.0106774 0.0105390 0.0090220 0.0085882 0.0099147 0.3976447 0.0093141 0.0093219 0.0102308 0.3982544 0.0102268 0.0096323 0.0108200 0.0105214 0.0105127 0.0096194 0.0096194 0.0099252 0.0094733 0.3986612 0.3982856 0.3982544 0.3981240 0.3978809 0.3982544 0.3968282 0.3957376 0.3983563 0.3957376 0.3967969 0.3965023 0.3957066 0.3976167 0.3971937 0.3961713 0.3983246 0.3982480 0.3983555 0.3975351 0.3981967 0.3981967 0.3983817 0.3967625 0.3983500 0.3979475 0.3952678 0.3961713 0.3991682 0.3991682 0.3967900 0.3979621 0.3983209 0.3981240 0.3985404 0.3956470 0.3960348 0.3980982 0.3964251 0.0105127 0.0103637 0.3980102 0.0094697 0.9131417 
HM585506_Human_herpesvirus_1            0.0006676 0.0072663 0.0091693 0.0005338 0.0005338 0.0085988 0.0090730 0.0006676 0.0114218 0.0006676 0.0000000 0.0106750 0.0121923 0.0086229 0.0099291 0.0105727 0.0104184 0.0099339 0.0104184 0.3824397 0.3818225 0.3798795 0.3343169 0.3922102 0.3610960 0.3889807 0.3716799 0.3869158 0.3807321 0.2972196 0.3681938 0.3805541 0.3888635 0.3950252 0.3664977 0.3893585 0.3889910 0.0103801 0.0093402 0.0108386 0.0107000 0.0091790 0.0087442 0.0100739 0.3973081 0.0094717 0.0094797 0.0103910 0.3971303 0.0103869 0.0097909 0.0109815 0.0106821 0.0106733 0.0097779 0.0097779 0.0100846 0.0096314 0.3975366 0.3971613 0.3971303 0.3970004 0.3967571 0.3971303 0.3957054 0.3946160 0.3972319 0.3946160 0.3956743 0.3953797 0.3945852 0.3964928 0.3960706 0.3950491 0.3972001 0.3971238 0.3972312 0.3964115 0.3970727 0.3970727 0.3972574 0.3956400 0.3972255 0.3968236 0.3941471 0.3950491 0.3980426 0.3980426 0.3956673 0.3968380 0.3971965 0.3970004 0.3974152 0.3945248 0.3949131 0.3969736 0.3953029 0.0106733 0.0105240 0.3968860 0.0096278 0.9125903 
HM585508_Human_herpesvirus_1            0.0105143 0.0066482 0.0082565 0.0103653 0.0103653 0.0065109 0.0062466 0.0105143 0.0135516 0.0105143 0.0106750 0.0000000 0.0148030 0.0058093 0.0072211 0.0050960 0.0049528 0.0045104 0.0049528 0.3847360 0.3840688 0.3826083 0.3406154 0.3945141 0.3640200 0.3911983 0.3736768 0.3880758 0.3840407 0.3052300 0.3724075 0.3833319 0.3910039 0.3965202 0.3685226 0.3915719 0.3915975 0.0029791 0.0064997 0.0031195 0.0035381 0.0081065 0.0065058 0.0018838 0.3983558 0.0072152 0.0072215 0.0075184 0.3986259 0.0052185 0.0078067 0.0032555 0.0029803 0.0029775 0.0075109 0.0075109 0.0063640 0.0053542 0.3990328 0.3986572 0.3986259 0.3984953 0.3982523 0.3986259 0.3975717 0.3968264 0.3987278 0.3968264 0.3971680 0.3968734 0.3967952 0.3983608 0.3975650 0.3972606 0.3990692 0.3986194 0.3987271 0.3979064 0.3985680 0.3985680 0.3994728 0.3971336 0.3987215 0.3983189 0.3963559 0.3972606 0.3999134 0.3999134 0.3971611 0.3976145 0.3986924 0.3984953 0.3996323 0.3960181 0.3964057 0.3991895 0.3975144 0.0029775 0.0028403 0.3983817 0.0067810 0.9173134 
HM585509_Human_herpesvirus_1            0.0120268 0.0126163 0.0144948 0.0118747 0.0118747 0.0131007 0.0129051 0.0120268 0.0042336 0.0120268 0.0121923 0.0148030 0.0000000 0.0127404 0.0138529 0.0150152 0.0148525 0.0140301 0.0148525 0.3855260 0.3855489 0.3845027 0.3417859 0.3962294 0.3654675 0.3916034 0.3759329 0.3898239 0.3848424 0.3016625 0.3723572 0.3838758 0.3924522 0.3981833 0.3696005 0.3925083 0.3926559 0.0144970 0.0145213 0.0149784 0.0148362 0.0133852 0.0135711 0.0141746 0.3997660 0.0143317 0.0143428 0.0153094 0.4002925 0.0151404 0.0134118 0.0151243 0.0148122 0.0148007 0.0143460 0.0143460 0.0146712 0.0137133 0.4007006 0.4003240 0.4002925 0.4001609 0.3999178 0.4002925 0.3988623 0.3977683 0.4006082 0.3977683 0.3988306 0.3985355 0.3977369 0.3996535 0.3992288 0.3982036 0.4003634 0.4002860 0.4003941 0.3995712 0.4002342 0.4002342 0.4002898 0.3987960 0.4006019 0.4001981 0.3972965 0.3982036 0.4012099 0.4012099 0.3988236 0.3997795 0.4003593 0.4001609 0.4005153 0.3978925 0.3980661 0.4001368 0.3984576 0.0148007 0.0146451 0.4000479 0.0140184 0.9222124 
HM585510_Human_herpesvirus_1            0.0084669 0.0030023 0.0059747 0.0083205 0.0083205 0.0045434 0.0022969 0.0084669 0.0116618 0.0084669 0.0086229 0.0058093 0.0127404 0.0000000 0.0052472 0.0059889 0.0058434 0.0053918 0.0058434 0.3842845 0.3835757 0.3824688 0.3417794 0.3947808 0.3638344 0.3907175 0.3731709 0.3887011 0.3838967 0.3033952 0.3717685 0.3831639 0.3908613 0.3971074 0.3675762 0.3914355 0.3907008 0.0056747 0.0061017 0.0061076 0.0059718 0.0068318 0.0058178 0.0052447 0.3963246 0.0052391 0.0052438 0.0069746 0.3992151 0.0061111 0.0061080 0.0061038 0.0058189 0.0058137 0.0066752 0.0066752 0.0058187 0.0048229 0.3996226 0.3992464 0.3992151 0.3990840 0.3988409 0.3992151 0.3975731 0.3966944 0.3993172 0.3966944 0.3977552 0.3974603 0.3966632 0.3985766 0.3981528 0.3971289 0.3992856 0.3992086 0.3993164 0.3984947 0.3991570 0.3991570 0.3993426 0.3977208 0.3993109 0.3989077 0.3962236 0.3971289 0.4001307 0.4001307 0.3977483 0.3982025 0.3992817 0.3990840 0.3995021 0.3966042 0.3969919 0.3990591 0.3973828 0.0058137 0.0056716 0.3989706 0.0056688 0.9167463 
HM585511_Human_herpesvirus_1            0.0097702 0.0047968 0.0009392 0.0096223 0.0096223 0.0049381 0.0053936 0.0097703 0.0124560 0.0097703 0.0099291 0.0072211 0.0138529 0.0052472 0.0000000 0.0061029 0.0059576 0.0060742 0.0059576 0.3824820 0.3818364 0.3806455 0.3411591 0.3926173 0.3615148 0.3886026 0.3709226 0.3861330 0.3821629 0.3015493 0.3697956 0.3800334 0.3879714 0.3950534 0.3656671 0.3893804 0.3887946 0.0057891 0.0067972 0.0062211 0.0060857 0.0063706 0.0062251 0.0060738 0.3982698 0.0069346 0.0069406 0.0076741 0.3971608 0.0062246 0.0068029 0.0062172 0.0059330 0.0059277 0.0067968 0.0067968 0.0065117 0.0055034 0.3975675 0.3971919 0.3971608 0.3970308 0.3967872 0.3971608 0.3955203 0.3946437 0.3972625 0.3946437 0.3957032 0.3954083 0.3946129 0.3965226 0.3960999 0.3950772 0.3972307 0.3971543 0.3972618 0.3964412 0.3971032 0.3971032 0.3972880 0.3956688 0.3972561 0.3968538 0.3941742 0.3950772 0.3980741 0.3980741 0.3956962 0.3961492 0.3972271 0.3970308 0.3974461 0.3945524 0.3949411 0.3970040 0.3953313 0.0059277 0.0057860 0.3969162 0.0070792 0.9168433 
HM585512_Human_herpesvirus_1            0.0104119 0.0061064 0.0068387 0.0102627 0.0102627 0.0062555 0.0064292 0.0104119 0.0137615 0.0104119 0.0105727 0.0050960 0.0150152 0.0059889 0.0061029 0.0000000 0.0001330 0.0029993 0.0001330 0.3866451 0.3858939 0.3849370 0.3460817 0.3967987 0.3663156 0.3930722 0.3755893 0.3911141 0.3862719 0.3093281 0.3748516 0.3847525 0.3933197 0.3994614 0.3700281 0.3937866 0.3935974 0.0032754 0.0059618 0.0036955 0.0035606 0.0069790 0.0053928 0.0036926 0.4015961 0.0065326 0.0065384 0.0062577 0.4015710 0.0031418 0.0065391 0.0036933 0.0034154 0.0034123 0.0062470 0.0062470 0.0053936 0.0041155 0.4019796 0.4016027 0.4015710 0.4014387 0.4011959 0.4015710 0.3995788 0.3990443 0.4016736 0.3990443 0.4001075 0.3998124 0.3990126 0.4005843 0.4005063 0.3994802 0.4012947 0.4015645 0.4016728 0.4008491 0.4015124 0.4015124 0.4016335 0.4000729 0.4016673 0.4012629 0.3985717 0.3994802 0.4021419 0.4021419 0.4001006 0.4005566 0.4011363 0.4014387 0.4017947 0.3989554 0.3993423 0.4014158 0.3997342 0.0034123 0.0032737 0.4013265 0.0061000 0.9142796 
HM585513_Human_herpesvirus_1            0.0102581 0.0059610 0.0066918 0.0101092 0.0101092 0.0061098 0.0062827 0.0102581 0.0136009 0.0102581 0.0104184 0.0049528 0.0148525 0.0058434 0.0059576 0.0001330 0.0000000 0.0028599 0.0000010 0.3862586 0.3855113 0.3845386 0.3449888 0.3964094 0.3659063 0.3926938 0.3751867 0.3907227 0.3858904 0.3083033 0.3744214 0.3843423 0.3928878 0.3990830 0.3696202 0.3934088 0.3931876 0.0031355 0.0058167 0.0035547 0.0034200 0.0068319 0.0052488 0.0035520 0.4012195 0.0063866 0.0063923 0.0061119 0.4011923 0.0030019 0.0063929 0.0035526 0.0032752 0.0032722 0.0061015 0.0061015 0.0052495 0.0039740 0.4016007 0.4012239 0.4011923 0.4010602 0.4008174 0.4011923 0.3992007 0.3986666 0.4012948 0.3986666 0.3997294 0.3994343 0.3986350 0.4002058 0.4001280 0.3991022 0.4009159 0.4011857 0.4012940 0.4004706 0.4011338 0.4011338 0.4012547 0.3996948 0.4012885 0.4008843 0.3981943 0.3991022 0.4017628 0.4017628 0.3997225 0.4001782 0.4007579 0.4010602 0.4014157 0.3985775 0.3989645 0.4010370 0.3993562 0.0032722 0.0031339 0.4009478 0.0059548 0.9137227 
HM585514_Human_herpesvirus_1            0.0097749 0.0057942 0.0068075 0.0096270 0.0096270 0.0059414 0.0061129 0.0097750 0.0127872 0.0097750 0.0099339 0.0045104 0.0140301 0.0053918 0.0060742 0.0029993 0.0028599 0.0000000 0.0028599 0.3849537 0.3842839 0.3828310 0.3438617 0.3947403 0.3645612 0.3914159 0.3738722 0.3894357 0.3846027 0.3083343 0.3721601 0.3835695 0.3920767 0.3978042 0.3682891 0.3921327 0.3918405 0.0025704 0.0055081 0.0029852 0.0028510 0.0062202 0.0049435 0.0031207 0.3992301 0.0062171 0.0062226 0.0056591 0.3999120 0.0031251 0.0062232 0.0028459 0.0028461 0.0028434 0.0059332 0.0059332 0.0048037 0.0021589 0.4003197 0.3999434 0.3999120 0.3997806 0.3995377 0.3999120 0.3981364 0.3973901 0.4000143 0.3973901 0.3984514 0.3981565 0.3973587 0.3989265 0.3988492 0.3978249 0.3996357 0.3999055 0.4000134 0.3991913 0.3998538 0.3998538 0.4000396 0.3984169 0.4000079 0.3996045 0.3969188 0.3978249 0.4004810 0.4004810 0.3984445 0.3988991 0.3999787 0.3997806 0.4001996 0.3973003 0.3976877 0.3997563 0.3980788 0.0028434 0.0027062 0.3996676 0.0055041 0.9144709 
HM585515_Human_herpesvirus_1            0.0102581 0.0059610 0.0066918 0.0101092 0.0101092 0.0061098 0.0062827 0.0102581 0.0136009 0.0102581 0.0104184 0.0049528 0.0148525 0.0058434 0.0059576 0.0001330 0.0000010 0.0028599 0.0000000 0.3862586 0.3855113 0.3845386 0.3449888 0.3964094 0.3659063 0.3926938 0.3751867 0.3907227 0.3858904 0.3083033 0.3744214 0.3843423 0.3928878 0.3990830 0.3696202 0.3934088 0.3931876 0.0031355 0.0058167 0.0035547 0.0034200 0.0068319 0.0052488 0.0035520 0.4012195 0.0063866 0.0063923 0.0061119 0.4011923 0.0030019 0.0063929 0.0035526 0.0032752 0.0032722 0.0061015 0.0061015 0.0052495 0.0039740 0.4016007 0.4012239 0.4011923 0.4010602 0.4008174 0.4011923 0.3992007 0.3986666 0.4012948 0.3986666 0.3997294 0.3994343 0.3986350 0.4002058 0.4001280 0.3991022 0.4009159 0.4011857 0.4012940 0.4004706 0.4011338 0.4011338 0.4012547 0.3996948 0.4012885 0.4008843 0.3981943 0.3991022 0.4017628 0.4017628 0.3997225 0.4001782 0.4007579 0.4010602 0.4014157 0.3985775 0.3989645 0.4010370 0.3993562 0.0032722 0.0031339 0.4009478 0.0059548 0.9137227 
HSV2_1                                  0.3835907 0.3849697 0.3839476 0.3832383 0.3832383 0.3832634 0.3839040 0.3835899 0.3848511 0.3835899 0.3824397 0.3847360 0.3855260 0.3842845 0.3824820 0.3866451 0.3862586 0.3849537 0.3862586 0.0000000 0.0012773 0.0014646 0.0043422 0.0080317 0.0015380 0.0009889 0.0016532 0.0072174 0.0009935 0.0008266 0.0012860 0.0075586 0.0072919 0.0086906 0.0015294 0.0081376 0.0076668 0.3840874 0.3837159 0.3852455 0.3841171 0.3855284 0.3842586 0.3837186 0.0799470 0.3877117 0.3869478 0.3871875 0.0083877 0.3846719 0.3863642 0.3852011 0.3844969 0.3844392 0.3858401 0.3858401 0.3849416 0.3832480 0.0085408 0.0085445 0.0083877 0.0087051 0.0083877 0.0083877 0.0085648 0.0079753 0.0087436 0.0079753 0.0082818 0.0084389 0.0088552 0.0082466 0.0077730 0.0087441 0.0083997 0.0086978 0.0086990 0.0088556 0.0090210 0.0090210 0.0090195 0.0085932 0.0087463 0.0085886 0.0087020 0.0087441 0.0083923 0.0083923 0.0086907 0.0086932 0.0082283 0.0087051 0.0083879 0.0082562 0.0086983 0.0082334 0.0083988 0.3844384 0.3840874 0.0086906 0.3883995 0.8306384 
HSV2_2                                  0.3829621 0.3841829 0.3832875 0.3826131 0.3826131 0.3822325 0.3832217 0.3829613 0.3842093 0.3829613 0.3818225 0.3840688 0.3855489 0.3835757 0.3818364 0.3858939 0.3855113 0.3842839 0.3855113 0.0012773 0.0000000 0.0010232 0.0051843 0.0084965 0.0012257 0.0011205 0.0011928 0.0076329 0.0009828 0.0008253 0.0011180 0.0073879 0.0078081 0.0090780 0.0010634 0.0088405 0.0084670 0.3835542 0.3830593 0.3847011 0.3835835 0.3846327 0.3836602 0.3830614 0.0784497 0.3867299 0.3859738 0.3862757 0.0087766 0.3840047 0.3856889 0.3845291 0.3838319 0.3837749 0.3848129 0.3848129 0.3839232 0.3825949 0.0089302 0.0089328 0.0087766 0.0090929 0.0087766 0.0087766 0.0092596 0.0083674 0.0091312 0.0083674 0.0088248 0.0088280 0.0097112 0.0086366 0.0081646 0.0094485 0.0087890 0.0090854 0.0090849 0.0092416 0.0094067 0.0094067 0.0098753 0.0091350 0.0091340 0.0089769 0.0095579 0.0094485 0.0090958 0.0090958 0.0090781 0.0092336 0.0086177 0.0090929 0.0087757 0.0089523 0.0092388 0.0086229 0.0087880 0.3837741 0.3834264 0.0090780 0.3873464 0.8267144 
HSV2_3                                  0.3810650 0.3828474 0.3821563 0.3807019 0.3807019 0.3814508 0.3820766 0.3810642 0.3827161 0.3810642 0.3798795 0.3826083 0.3845027 0.3824688 0.3806455 0.3849370 0.3845386 0.3828310 0.3845386 0.0014646 0.0010232 0.0000000 0.0048071 0.0085602 0.0007733 0.0011665 0.0013726 0.0075348 0.0013147 0.0008254 0.0012943 0.0075392 0.0080283 0.0089858 0.0003090 0.0087329 0.0086339 0.3817472 0.3819848 0.3829406 0.3821684 0.3832307 0.3826100 0.3815594 0.0770096 0.3861038 0.3853162 0.3856307 0.0086719 0.3825119 0.3846484 0.3834499 0.3827238 0.3826647 0.3841071 0.3841071 0.3824554 0.3810724 0.0088317 0.0088344 0.0086719 0.0090008 0.0086719 0.0086719 0.0086998 0.0082461 0.0090415 0.0082461 0.0085634 0.0087262 0.0094849 0.0085262 0.0080365 0.0093714 0.0086848 0.0089931 0.0088359 0.0091567 0.0093282 0.0093282 0.0096552 0.0088859 0.0090444 0.0088810 0.0093257 0.0093714 0.0091666 0.0091666 0.0089855 0.0089883 0.0083487 0.0090008 0.0086722 0.0085364 0.0089936 0.0085121 0.0082083 0.3826638 0.3823018 0.0089854 0.3863818 0.8307617 
HSV2_4                                  0.3353200 0.3385569 0.3422497 0.3343169 0.3343169 0.3386979 0.3403978 0.3353200 0.3399033 0.3353200 0.3343169 0.3406154 0.3417859 0.3417794 0.3411591 0.3460817 0.3449888 0.3438617 0.3449888 0.0043422 0.0051843 0.0048071 0.0000000 0.0025565 0.0040034 0.0047321 0.0054459 0.0004207 0.0043068 0.0012217 0.0043371 0.0021252 0.0008415 0.0000020 0.0041118 0.0004195 0.0008424 0.3408377 0.3388914 0.3418467 0.3408377 0.3401892 0.3397745 0.3417025 0.0614969 0.3460734 0.3459303 0.3429441 0.0008427 0.3406502 0.3453336 0.3440760 0.3430648 0.3419122 0.3397721 0.3397721 0.3408385 0.3449616 0.0008426 0.0012683 0.0004201 0.0008415 0.0008427 0.0004201 0.0021225 0.0004195 0.0012652 0.0004195 0.0008416 0.0004195 0.0008416 0.0021252 0.0004195 0.0012651 0.0025565 0.0000020 0.0012647 0.0008451 0.0004194 0.0004194 0.0012651 0.0008427 0.0012663 0.0008415 0.0004195 0.0012651 0.0016950 0.0016950 0.0008415 0.0021189 0.0016925 0.0008415 0.0016904 0.0012670 0.0012651 0.0012649 0.0012652 0.3419122 0.3419122 0.0000020 0.3501160 0.7560884 
HSV2_5                                  0.3933673 0.3954675 0.3940907 0.3930137 0.3930137 0.3934044 0.3944571 0.3933665 0.3948094 0.3933665 0.3922102 0.3945141 0.3962294 0.3947808 0.3926173 0.3967987 0.3964094 0.3947403 0.3964094 0.0080317 0.0084965 0.0085602 0.0025565 0.0000000 0.0081757 0.0080981 0.0079679 0.0023230 0.0083514 0.0033482 0.0076846 0.0006007 0.0025542 0.0025481 0.0085030 0.0025792 0.0022625 0.3937764 0.3935609 0.3947145 0.3938073 0.3955256 0.3936611 0.3934938 0.0800453 0.3977138 0.3969449 0.3968935 0.0022606 0.3944317 0.3965156 0.3953384 0.3946317 0.3945718 0.3957622 0.3957622 0.3937702 0.3933865 0.0024039 0.0021186 0.0022606 0.0022658 0.0019751 0.0022606 0.0018389 0.0018480 0.0030014 0.0018480 0.0022791 0.0024241 0.0029862 0.0007006 0.0016912 0.0030045 0.0008413 0.0025504 0.0021208 0.0024058 0.0028429 0.0028429 0.0032791 0.0024241 0.0030023 0.0028563 0.0029865 0.0030045 0.0019762 0.0019762 0.0025481 0.0026938 0.0021193 0.0022658 0.0022640 0.0024106 0.0025505 0.0021206 0.0022673 0.3945710 0.3942186 0.0025481 0.3979827 0.8375170 
HSV2_6                                  0.3619668 0.3641919 0.3630723 0.3615914 0.3615914 0.3627431 0.3634309 0.3619659 0.3636138 0.3619659 0.3610960 0.3640200 0.3654675 0.3638344 0.3615148 0.3663156 0.3659063 0.3645612 0.3659063 0.0015380 0.0012257 0.0007733 0.0040034 0.0081757 0.0000000 0.0013796 0.0014125 0.0072110 0.0015356 0.0008253 0.0013428 0.0074366 0.0076304 0.0084679 0.0006332 0.0081998 0.0075620 0.3634941 0.3620648 0.3647221 0.3643575 0.3637374 0.3635368 0.3633089 0.0745686 0.3667279 0.3659179 0.3666516 0.0083056 0.3646260 0.3660522 0.3652579 0.3645067 0.3644493 0.3647048 0.3647048 0.3634354 0.3627402 0.0084729 0.0083094 0.0083056 0.0083169 0.0081397 0.0083056 0.0085009 0.0076918 0.0085243 0.0076918 0.0080239 0.0081940 0.0089896 0.0079865 0.0073096 0.0088692 0.0081524 0.0084755 0.0083106 0.0086465 0.0088254 0.0088254 0.0089998 0.0081945 0.0085271 0.0083564 0.0086560 0.0088692 0.0086528 0.0086528 0.0084680 0.0084707 0.0078020 0.0083169 0.0079742 0.0079966 0.0084760 0.0078072 0.0079856 0.3644484 0.3640739 0.0084679 0.3670184 0.8031118 
HSV2_7                                  0.3901063 0.3913784 0.3900347 0.3897621 0.3897621 0.3893937 0.3904251 0.3901055 0.3909472 0.3901055 0.3889807 0.3911983 0.3916034 0.3907175 0.3886026 0.3930722 0.3926938 0.3914159 0.3926938 0.0009889 0.0011205 0.0011665 0.0047321 0.0080981 0.0013796 0.0000000 0.0013406 0.0070929 0.0009758 0.0008253 0.0009553 0.0070237 0.0070505 0.0090457 0.0012150 0.0088296 0.0079016 0.3906941 0.3904908 0.3918278 0.3907239 0.3917650 0.3908025 0.3902051 0.0796575 0.3938348 0.3930877 0.3933858 0.0088924 0.3911424 0.3924508 0.3916552 0.3909675 0.3909099 0.3919416 0.3919416 0.3910601 0.3897506 0.0090431 0.0091955 0.0088924 0.0092028 0.0090420 0.0088924 0.0093674 0.0084914 0.0092415 0.0084914 0.0089411 0.0090949 0.0098101 0.0087552 0.0082919 0.0095527 0.0089048 0.0091954 0.0090479 0.0093497 0.0095116 0.0095116 0.0098206 0.0092452 0.0092442 0.0090902 0.0096598 0.0095527 0.0093592 0.0093592 0.0091881 0.0093407 0.0087364 0.0092028 0.0088927 0.0089146 0.0093458 0.0087417 0.0087537 0.3909091 0.3905663 0.0091880 0.3944417 0.8436843 
HSV2_8                                  0.3724800 0.3734469 0.3724518 0.3721116 0.3721116 0.3724618 0.3727976 0.3724791 0.3741176 0.3724791 0.3716799 0.3736768 0.3759329 0.3731709 0.3709226 0.3755893 0.3751867 0.3738722 0.3751867 0.0016532 0.0011928 0.0013726 0.0054459 0.0079679 0.0014125 0.0013406 0.0000000 0.0072295 0.0014921 0.0012417 0.0014780 0.0069521 0.0071995 0.0087151 0.0012339 0.0082860 0.0077523 0.3731279 0.3729740 0.3743353 0.3731578 0.3741964 0.3736016 0.3726125 0.0748694 0.3768367 0.3760400 0.3763584 0.0082295 0.3732327 0.3753687 0.3741582 0.3734220 0.3733639 0.3748156 0.3748156 0.3735074 0.3717210 0.0083921 0.0083947 0.0082295 0.0087304 0.0082295 0.0082295 0.0084158 0.0079595 0.0087711 0.0079595 0.0082833 0.0084493 0.0092242 0.0080805 0.0077461 0.0091075 0.0082420 0.0087227 0.0083984 0.0087227 0.0090642 0.0090642 0.0095613 0.0084454 0.0087740 0.0086074 0.0090618 0.0091075 0.0085667 0.0085667 0.0087152 0.0085559 0.0082268 0.0087304 0.0083942 0.0080904 0.0087232 0.0082322 0.0082452 0.3733631 0.3729960 0.0087151 0.3774894 0.8126590 
HSV2_9                                  0.3876910 0.3893933 0.3876149 0.3873347 0.3873347 0.3873376 0.3883158 0.3876902 0.3883331 0.3876902 0.3869158 0.3880758 0.3898239 0.3887011 0.3861330 0.3911141 0.3907227 0.3894357 0.3907227 0.0072174 0.0076329 0.0075348 0.0004207 0.0023230 0.0072110 0.0070929 0.0072295 0.0000000 0.0073184 0.0016589 0.0073468 0.0019946 0.0022354 0.0012811 0.0078551 0.0021691 0.0021090 0.3876898 0.3882130 0.3888621 0.3876904 0.3890857 0.3881843 0.3877930 0.0773799 0.3919033 0.3911301 0.3914387 0.0015688 0.3891169 0.3908322 0.3896491 0.3889372 0.3888779 0.3903003 0.3903003 0.3880065 0.3876522 0.0014253 0.0014257 0.0012817 0.0020039 0.0012817 0.0012817 0.0027350 0.0017251 0.0025986 0.0017251 0.0018706 0.0018713 0.0022947 0.0021491 0.0012812 0.0028946 0.0022940 0.0012823 0.0017128 0.0014265 0.0015724 0.0015724 0.0028800 0.0020167 0.0025994 0.0024520 0.0022949 0.0028946 0.0022946 0.0022946 0.0011370 0.0021453 0.0017107 0.0020039 0.0021458 0.0021519 0.0021467 0.0020009 0.0021489 0.3888771 0.3885221 0.0012811 0.3921751 0.8294460 
HSV2_10                                 0.3818668 0.3842181 0.3836095 0.3815193 0.3815193 0.3825578 0.3835438 0.3818660 0.3834839 0.3818660 0.3807321 0.3840407 0.3848424 0.3838967 0.3821629 0.3862719 0.3858904 0.3846027 0.3858904 0.0009935 0.0009828 0.0013147 0.0043068 0.0083514 0.0015356 0.0009758 0.0014921 0.0073184 0.0000000 0.0000029 0.0011176 0.0073791 0.0076204 0.0088748 0.0013694 0.0086369 0.0082922 0.3839388 0.3834446 0.3850825 0.3839682 0.3846665 0.3836972 0.3830367 0.0792306 0.3870412 0.3862874 0.3869367 0.0085755 0.3843244 0.3856477 0.3851945 0.3844994 0.3844424 0.3851302 0.3851302 0.3838955 0.3829190 0.0087280 0.0087305 0.0085755 0.0088894 0.0085755 0.0085755 0.0090584 0.0081685 0.0089279 0.0081685 0.0084714 0.0086268 0.0095041 0.0084362 0.0079677 0.0092427 0.0085876 0.0088821 0.0088822 0.0090382 0.0092018 0.0092018 0.0096668 0.0089315 0.0089306 0.0087747 0.0093519 0.0092427 0.0090475 0.0090475 0.0088749 0.0088733 0.0082630 0.0088894 0.0084205 0.0085973 0.0090344 0.0082680 0.0084313 0.3844416 0.3840950 0.0088748 0.3873071 0.8290107 
HSV2_11                                 0.2981701 0.3003699 0.3025670 0.2972196 0.2972196 0.3004313 0.3043720 0.2981701 0.3017290 0.2981701 0.2972196 0.3052300 0.3016625 0.3033952 0.3015493 0.3093281 0.3083033 0.3083343 0.3083033 0.0008266 0.0008253 0.0008254 0.0012217 0.0033482 0.0008253 0.0008253 0.0012417 0.0016589 0.0000029 0.0000000 0.0000029 0.0029233 0.0029321 0.0020765 0.0004117 0.0025083 0.0025025 0.3063713 0.3051311 0.3074061 0.3054156 0.3057243 0.3050281 0.3062552 0.0456095 0.3091281 0.3080526 0.3082310 0.0020761 0.3074986 0.3092109 0.3083421 0.3073825 0.3083421 0.3063140 0.3063140 0.3069865 0.3046823 0.0016579 0.0020787 0.0016579 0.0025044 0.0016579 0.0016579 0.0029274 0.0020821 0.0033540 0.0020821 0.0020821 0.0020821 0.0029326 0.0029233 0.0016579 0.0033588 0.0029233 0.0016579 0.0020761 0.0020821 0.0020761 0.0020761 0.0037864 0.0020821 0.0029306 0.0025044 0.0025083 0.0033588 0.0029243 0.0029243 0.0024977 0.0029227 0.0024976 0.0025044 0.0020761 0.0020821 0.0029279 0.0020761 0.0025048 0.3073825 0.3073825 0.0020765 0.3113747 0.7096768 
HSV2_12                                 0.3690467 0.3721774 0.3714290 0.3686538 0.3686538 0.3706550 0.3713451 0.3690458 0.3708128 0.3690458 0.3681938 0.3724075 0.3723572 0.3717685 0.3697956 0.3748516 0.3744214 0.3721601 0.3744214 0.0012860 0.0011180 0.0012943 0.0043371 0.0076846 0.0013428 0.0009553 0.0014780 0.0073468 0.0011176 0.0000029 0.0000000 0.0061952 0.0071267 0.0083033 0.0011548 0.0076725 0.0078149 0.3718978 0.3704500 0.3731875 0.3711143 0.3713014 0.3706717 0.3716305 0.0756644 0.3747991 0.3739491 0.3748451 0.0077861 0.3722304 0.3737588 0.3732817 0.3728884 0.3728264 0.3726426 0.3726426 0.3716757 0.3710078 0.0079592 0.0079619 0.0077861 0.0084926 0.0077861 0.0077861 0.0086806 0.0076692 0.0083618 0.0076692 0.0081884 0.0080146 0.0091939 0.0077993 0.0074430 0.0085417 0.0079715 0.0083112 0.0081385 0.0083111 0.0084882 0.0084882 0.0088506 0.0085394 0.0083646 0.0081873 0.0088462 0.0085417 0.0081418 0.0081418 0.0083033 0.0086527 0.0077839 0.0084926 0.0079631 0.0081552 0.0086583 0.0077893 0.0081474 0.3728255 0.3724332 0.0083033 0.3751020 0.7991693 
HSV2_13                                 0.3813679 0.3835179 0.3815889 0.3809936 0.3809936 0.3817055 0.3827596 0.3813670 0.3819666 0.3813670 0.3805541 0.3833319 0.3838758 0.3831639 0.3800334 0.3847525 0.3843423 0.3835695 0.3843423 0.0075586 0.0073879 0.0075392 0.0021252 0.0006007 0.0074366 0.0070237 0.0069521 0.0019946 0.0073791 0.0029233 0.0061952 0.0000000 0.0022991 0.0024237 0.0074753 0.0024468 0.0020538 0.3825414 0.3814433 0.3837724 0.3825728 0.3839433 0.3815674 0.3826532 0.0758357 0.3858447 0.3850334 0.3858181 0.0021161 0.3828301 0.3850004 0.3841999 0.3834513 0.3833902 0.3834691 0.3834691 0.3820974 0.3825377 0.0022694 0.0019641 0.0021161 0.0021214 0.0018106 0.0021161 0.0016653 0.0016733 0.0027530 0.0016733 0.0021349 0.0019817 0.0027380 0.0001492 0.0015081 0.0027561 0.0002985 0.0021150 0.0018134 0.0022713 0.0027389 0.0027389 0.0028947 0.0022902 0.0027539 0.0025979 0.0025841 0.0027561 0.0018117 0.0018117 0.0022705 0.0025795 0.0016605 0.0021214 0.0018129 0.0018126 0.0022727 0.0016610 0.0021230 0.3833893 0.3830162 0.0024237 0.3861313 0.8183311 
HSV2_14                                 0.3893265 0.3911995 0.3896055 0.3893256 0.3893256 0.3893001 0.3900126 0.3897175 0.3904495 0.3897175 0.3888635 0.3910039 0.3924522 0.3908613 0.3879714 0.3933197 0.3928878 0.3920767 0.3928878 0.0072919 0.0078081 0.0080283 0.0008415 0.0025542 0.0076304 0.0070505 0.0071995 0.0022354 0.0076204 0.0029321 0.0071267 0.0022991 0.0000000 0.0020630 0.0077386 0.0009414 0.0012999 0.3901501 0.3898384 0.3914442 0.3893351 0.3916531 0.3906582 0.3902622 0.0802542 0.3943293 0.3934761 0.3942754 0.0020641 0.3913274 0.3935779 0.3923108 0.3915254 0.3914595 0.3930451 0.3930451 0.3905952 0.3901745 0.0022248 0.0019047 0.0020641 0.0015833 0.0017439 0.0020641 0.0023862 0.0004678 0.0015697 0.0004678 0.0009384 0.0009388 0.0015791 0.0023914 0.0011060 0.0010962 0.0023914 0.0020651 0.0019009 0.0022268 0.0025525 0.0025525 0.0020638 0.0010967 0.0015702 0.0014113 0.0012608 0.0010962 0.0025499 0.0025499 0.0020631 0.0023865 0.0020653 0.0015833 0.0019044 0.0014231 0.0019009 0.0017441 0.0012623 0.3914586 0.3910670 0.0020630 0.3946285 0.8183329 
HSV2_15                                 0.3961495 0.3975455 0.3964842 0.3958061 0.3958061 0.3955664 0.3968166 0.3961487 0.3971838 0.3961487 0.3950252 0.3965202 0.3981833 0.3971074 0.3950534 0.3994614 0.3990830 0.3978042 0.3990830 0.0086906 0.0090780 0.0089858 0.0000020 0.0025481 0.0084679 0.0090457 0.0087151 0.0012811 0.0088748 0.0020765 0.0083033 0.0024237 0.0020630 0.0000000 0.0092299 0.0022160 0.0019367 0.3968681 0.3966572 0.3980017 0.3968984 0.3978785 0.3966362 0.3962487 0.0824773 0.4002237 0.3994770 0.4001188 0.0008133 0.3975330 0.3991850 0.3983840 0.3976976 0.3976389 0.3986760 0.3986760 0.3965173 0.3961430 0.0006774 0.0008136 0.0005415 0.0016372 0.0006773 0.0005415 0.0027512 0.0015086 0.0023405 0.0015086 0.0016468 0.0017858 0.0019136 0.0023296 0.0010866 0.0026219 0.0024683 0.0005417 0.0017736 0.0006779 0.0010884 0.0010884 0.0023301 0.0019244 0.0023412 0.0022012 0.0019138 0.0026219 0.0020532 0.0020532 0.0010865 0.0021871 0.0020491 0.0016372 0.0021874 0.0021929 0.0017733 0.0020489 0.0020521 0.3976381 0.3972959 0.0000010 0.4004844 0.8408010 
HSV2_16                                 0.3673098 0.3674619 0.3672186 0.3669357 0.3669357 0.3668557 0.3671741 0.3673090 0.3681304 0.3673090 0.3664977 0.3685226 0.3696005 0.3675762 0.3656671 0.3700281 0.3696202 0.3682891 0.3696202 0.0015294 0.0010634 0.0003090 0.0041118 0.0085030 0.0006332 0.0012150 0.0012339 0.0078551 0.0013694 0.0004117 0.0011548 0.0074753 0.0077386 0.0092299 0.0000000 0.0087922 0.0080559 0.3683362 0.3669709 0.3695609 0.3683660 0.3686143 0.3680123 0.3678148 0.0747006 0.3712925 0.3704848 0.3712101 0.0087330 0.3683820 0.3694328 0.3693832 0.3686353 0.3685773 0.3692428 0.3692428 0.3678603 0.3664476 0.0088997 0.0089026 0.0087330 0.0092469 0.0087330 0.0087330 0.0089241 0.0086238 0.0094572 0.0086238 0.0089562 0.0091269 0.0100886 0.0087469 0.0084027 0.0098033 0.0089117 0.0092381 0.0092381 0.0092381 0.0097568 0.0097568 0.0100999 0.0091227 0.0094603 0.0092890 0.0099216 0.0098033 0.0092454 0.0092454 0.0093968 0.0093998 0.0088961 0.0092469 0.0090674 0.0089227 0.0095723 0.0089020 0.0087498 0.3685765 0.3682036 0.0092299 0.3719560 0.8040870 
HSV2_17                                 0.3904820 0.3920952 0.3908105 0.3901384 0.3901384 0.3901141 0.3910866 0.3904812 0.3915058 0.3904812 0.3893585 0.3915719 0.3925083 0.3914355 0.3893804 0.3937866 0.3934088 0.3921327 0.3934088 0.0081376 0.0088405 0.0087329 0.0004195 0.0025792 0.0081998 0.0088296 0.0082860 0.0021691 0.0086369 0.0025083 0.0076725 0.0024468 0.0009414 0.0022160 0.0087922 0.0000000 0.0013526 0.3911963 0.3909297 0.3923283 0.3912260 0.3922021 0.3909613 0.3905806 0.0805620 0.3945480 0.3938020 0.3944438 0.0022141 0.3918598 0.3935132 0.3927146 0.3920280 0.3919703 0.3930016 0.3930016 0.3908489 0.3904704 0.0023543 0.0022149 0.0022141 0.0019336 0.0020742 0.0022141 0.0024950 0.0006805 0.0016425 0.0006805 0.0010924 0.0012303 0.0019291 0.0023593 0.0013779 0.0013675 0.0024998 0.0022150 0.0017925 0.0023561 0.0024996 0.0024996 0.0023543 0.0013680 0.0016430 0.0015041 0.0017902 0.0013675 0.0027794 0.0027794 0.0019337 0.0024953 0.0022151 0.0019336 0.0020754 0.0017935 0.0020714 0.0019353 0.0015139 0.3919695 0.3916272 0.0022131 0.3948096 0.8349476 
HSV2_18                                 0.3896724 0.3914235 0.3903453 0.3892999 0.3892999 0.3896469 0.3903596 0.3896715 0.3911287 0.3896715 0.3889910 0.3915975 0.3926559 0.3907008 0.3887946 0.3935974 0.3931876 0.3918405 0.3931876 0.0076668 0.0084670 0.0086339 0.0008424 0.0022625 0.0075620 0.0079016 0.0077523 0.0021090 0.0082922 0.0025025 0.0078149 0.0020538 0.0012999 0.0019367 0.0080559 0.0013526 0.0000000 0.3904159 0.3901898 0.3912343 0.3908499 0.3911044 0.3905330 0.3905221 0.0798060 0.3944233 0.3936142 0.3943404 0.0019377 0.3911688 0.3933010 0.3920932 0.3913486 0.3912862 0.3927460 0.3927460 0.3903438 0.3903769 0.0020887 0.0017872 0.0019377 0.0014894 0.0016372 0.0019377 0.0028572 0.0011970 0.0022563 0.0011970 0.0016500 0.0016506 0.0019395 0.0020935 0.0008883 0.0016500 0.0022447 0.0019386 0.0017873 0.0020904 0.0022446 0.0022446 0.0017905 0.0019535 0.0022570 0.0021042 0.0020906 0.0016500 0.0019403 0.0019403 0.0014864 0.0022401 0.0017874 0.0014894 0.0016381 0.0022462 0.0020895 0.0014878 0.0014904 0.3912853 0.3909141 0.0019367 0.3947071 0.8250251 
