15
HSV-2v_11_Cote_d_Ivoire_consensus_sequence_-_UL15_CDS14248readsassembledtoHuman_herpesvirus_2_NC_001798_sans_trl_trs              0.0000000 0.1500559 0.1209691 0.1209691 0.1209691 0.1209691 0.1546548 0.1209691 0.0529300 0.0000010 0.0000010 0.0000010 0.0000010 0.0000010 0.0000010 
Cercopithecine_herpesvirus_2_NC_006560_-_UL15_CDSCercopithecineherpesvirus2completegenome                                         0.1500559 0.0000000 0.2113281 0.2113281 0.2070875 0.2070875 0.2166636 0.2184217 0.2148321 0.1700516 0.1700516 0.1793534 0.1793534 0.1667695 0.1667695 
HSV-1_HM585507_Kenya_-_UL15_CDSHumanherpesvirus1strainE35partialgenome                                                            0.1209691 0.2113281 0.0000000 0.0000010 0.0064674 0.0064674 0.0130142 0.0130730 0.1172649 0.1177832 0.1177832 0.1264174 0.1264174 0.1085468 0.1085468 
HSV-1_HM585506_Kenya_-_UL15_CDSHumanherpesvirus1strainE25partialgenome                                                            0.1209691 0.2113281 0.0000010 0.0000000 0.0064674 0.0064674 0.0130142 0.0130730 0.1172649 0.1177832 0.1177832 0.1264174 0.1264174 0.1085468 0.1085468 
HSV-1_JN420341_USA_Seattle_Washington_-_UL15_CDSHumanherpesvirus1strainCJ970partialgenome                                         0.1209691 0.2070875 0.0064674 0.0064674 0.0000000 0.0000010 0.0064390 0.0064674 0.1080850 0.1085468 0.1085468 0.1170189 0.1170189 0.0995457 0.0995457 
HSV-1_HM585497_Kenya_-_UL15_CDSHumanherpesvirus1strainE07partialgenome                                                            0.1209691 0.2070875 0.0064674 0.0064674 0.0000010 0.0000000 0.0064390 0.0064674 0.1080850 0.1085468 0.1085468 0.1170189 0.1170189 0.0995457 0.0995457 
HSV-1_JN420337_USA_Seattle_Washington_-_UL15_CDSHumanherpesvirus1strainTFT401partialgenome                                        0.1546548 0.2166636 0.0130142 0.0130142 0.0064390 0.0064390 0.0000000 0.0130142 0.1165087 0.1170189 0.1170189 0.1255817 0.1255817 0.1078619 0.1078619 
HSV-1_HM585504_Kenya_-_UL15_CDSHumanherpesvirus1strainE22partialgenome                                                            0.1209691 0.2184217 0.0130730 0.0130730 0.0064674 0.0064674 0.0130142 0.0000000 0.1172649 0.1105942 0.1105942 0.1192387 0.1192387 0.1013991 0.1013991 
Chimpanzee_alpha-1_herpesvirus_JQ360576_-_UL15_CDSChimpanzeealpha-1herpesvirusstrain105640completegenome                          0.0529300 0.2148321 0.1172649 0.1172649 0.1080850 0.1080850 0.1165087 0.1172649 0.0000000 0.0549963 0.0549963 0.0622519 0.0622519 0.0475835 0.0475835 
HSV-2_KR135301_Uganda_Rakai__-_UL15_CDSUNVERIFIEDHumanherpesvirus2isolateHSV-2UGBID-G19073F707642007genomicsequence               0.0000010 0.1700516 0.1177832 0.1177832 0.1085468 0.1085468 0.1170189 0.1105942 0.0549963 0.0000000 0.0000010 0.0065120 0.0065120 0.0065222 0.0065222 
HSV-2v_17_Burundi_consensus_sequence_-_UL15_CDS359056readsassembledtoHuman_herpesvirus_2_NC_001798_sans_trl_trs                   0.0000010 0.1700516 0.1177832 0.1177832 0.1085468 0.1085468 0.1170189 0.1105942 0.0549963 0.0000010 0.0000000 0.0065120 0.0065120 0.0065222 0.0065222 
HSV-2_KR135322_Japan__-_UL15_CDSUNVERIFIEDHumanherpesvirus2isolateHSV-2JPBID-G32586JA1genomicsequence                             0.0000010 0.1793534 0.1264174 0.1264174 0.1170189 0.1170189 0.1255817 0.1192387 0.0622519 0.0065120 0.0065120 0.0000000 0.0000010 0.0131265 0.0131265 
HSV-2_KR135327_Japan__-_UL15_CDSUNVERIFIEDHumanherpesvirus2isolateHSV-2JPBID-G32591JA7genomicsequence                             0.0000010 0.1793534 0.1264174 0.1264174 0.1170189 0.1170189 0.1255817 0.1192387 0.0622519 0.0065120 0.0065120 0.0000010 0.0000000 0.0131265 0.0131265 
HSV-2v_16_France_Metropole_consensus_sequence_-_UL15_CDS79150readsassembledtoHuman_herpesvirus_2_NC_001798_sans_trl_trs           0.0000010 0.1667695 0.1085468 0.1085468 0.0995457 0.0995457 0.1078619 0.1013991 0.0475835 0.0065222 0.0065222 0.0131265 0.0131265 0.0000000 0.0000010 
HSV-2v_10_Democratic_Republic_Congo_consensus_sequence_-_UL15_CDS223399readsassembledtoHuman_herpesvirus_2_NC_001798_sans_trl_trs 0.0000010 0.1667695 0.1085468 0.1085468 0.0995457 0.0995457 0.1078619 0.1013991 0.0475835 0.0065222 0.0065222 0.0131265 0.0131265 0.0000010 0.0000000 
