95
Cercopithecine_herpesvirus_2_NC_006560_-_UL29_CDSCercopithecineherpesvirus2completegenome                                           0.0000000 0.3779492 0.3762151 0.3762151 0.3721886 0.3732020 0.3710617 0.3732846 0.3724564 0.3744272 0.3763234 0.3773677 0.3782501 0.3780775 0.3790112 0.3771621 0.3773714 0.3738687 0.3738687 0.3748150 0.3779846 0.3767845 0.3750547 0.3760223 0.3768021 0.3768018 0.3758329 0.3758329 0.3759063 0.3773324 0.3738818 0.3767005 0.3776709 0.3749392 0.3741984 0.3741984 0.3729891 0.3433203 0.3433203 0.3399626 0.3409899 0.3412239 0.3412408 0.3404445 0.3402229 0.3403337 0.3403337 0.3390928 0.3382064 0.3422354 0.3422354 0.3403082 0.3421899 0.3421899 0.3430831 0.3432774 0.3431001 0.3421899 0.3421899 0.3421899 0.3401975 0.3420789 0.3422375 0.3408182 0.3401043 0.3403258 0.3383721 0.3392169 0.3392169 0.3411705 0.3420612 0.3420612 0.3409939 0.3411698 0.3411698 0.3401043 0.3402630 0.3391994 0.3391994 0.3970050 0.3449790 0.3421978 0.3349022 0.3389181 0.3347909 0.3449456 0.3328621 0.3417653 0.3418203 0.3359527 0.3235473 0.3223118 0.3468300 0.3401050 0.3307007 
HSV-1_JN420337_USA_Seattle_Washington_-_UL29_CDSHumanherpesvirus1strainTFT401partialgenome                                          0.3779492 0.0000000 0.0073138 0.0073138 0.0053721 0.0053719 0.0050546 0.0060330 0.0053804 0.0044171 0.0050543 0.0044124 0.0066594 0.0073111 0.0079567 0.0073311 0.0070013 0.0056971 0.0056971 0.0060173 0.0073165 0.0060168 0.0050551 0.0053746 0.0069872 0.0066600 0.0063386 0.0063386 0.0063333 0.0073058 0.0050522 0.0063931 0.0067168 0.0060094 0.0047299 0.0047299 0.0050505 0.1598596 0.1598596 0.1591766 0.1598194 0.1610472 0.1610569 0.1605455 0.1599048 0.1604756 0.1604756 0.1592163 0.1586477 0.1593432 0.1593432 0.1590438 0.1579866 0.1579866 0.1573993 0.1586630 0.1579724 0.1568263 0.1579866 0.1579866 0.1578880 0.1585750 0.1586554 0.1586566 0.1573326 0.1584662 0.1574780 0.1579481 0.1567719 0.1579979 0.1567191 0.1567191 0.1568120 0.1579932 0.1579932 0.1573326 0.1574170 0.1567576 0.1567576 0.1713302 0.1590142 0.1603117 0.1571835 0.1592415 0.1553489 0.1569237 0.1566176 0.1591863 0.1574907 0.1576333 0.1579883 0.1478047 0.1563086 0.1573374 0.1561883 
HSV-1_NC_001806_United_Kingdom_Regional_Virus_Laboratory_Ruchill_Hospital_Glasgow_-_UL29_CDSHumanherpesvirus1strain17completegenome 0.3762151 0.0073138 0.0000000 0.0000010 0.0063281 0.0069706 0.0060057 0.0063449 0.0056918 0.0053771 0.0060170 0.0073097 0.0069818 0.0069768 0.0076204 0.0079775 0.0076463 0.0060192 0.0060192 0.0063398 0.0082888 0.0069822 0.0066591 0.0063371 0.0079573 0.0076280 0.0073055 0.0073055 0.0060134 0.0063369 0.0040907 0.0056951 0.0060155 0.0044104 0.0044129 0.0044129 0.0047330 0.1635194 0.1635194 0.1628288 0.1634785 0.1647202 0.1647301 0.1642140 0.1635664 0.1641429 0.1641429 0.1628694 0.1622950 0.1629985 0.1629985 0.1626933 0.1616260 0.1616260 0.1610323 0.1623101 0.1616117 0.1604552 0.1616260 0.1616260 0.1615253 0.1622207 0.1623031 0.1623036 0.1609648 0.1621098 0.1611161 0.1615868 0.1603983 0.1616378 0.1603441 0.1603441 0.1604395 0.1616332 0.1616332 0.1609648 0.1610511 0.1603840 0.1603840 0.1744800 0.1633188 0.1640107 0.1609050 0.1636407 0.1600458 0.1605562 0.1612173 0.1635894 0.1619697 0.1622994 0.1626465 0.1523904 0.1609207 0.1609694 0.1598828 
HSV-1_JN555585_United_Kingdom_Regional_Virus_Laboratory_Ruchill_Hospital_Glasgow_-_UL29_CDSHumanherpesvirus1strain17completegenome  0.3762151 0.0073138 0.0000010 0.0000000 0.0063281 0.0069706 0.0060057 0.0063449 0.0056918 0.0053771 0.0060170 0.0073097 0.0069818 0.0069768 0.0076204 0.0079775 0.0076463 0.0060192 0.0060192 0.0063398 0.0082888 0.0069822 0.0066591 0.0063371 0.0079573 0.0076280 0.0073055 0.0073055 0.0060134 0.0063369 0.0040907 0.0056951 0.0060155 0.0044104 0.0044129 0.0044129 0.0047330 0.1635194 0.1635194 0.1628288 0.1634785 0.1647202 0.1647301 0.1642140 0.1635664 0.1641429 0.1641429 0.1628694 0.1622950 0.1629985 0.1629985 0.1626933 0.1616260 0.1616260 0.1610323 0.1623101 0.1616117 0.1604552 0.1616260 0.1616260 0.1615253 0.1622207 0.1623031 0.1623036 0.1609648 0.1621098 0.1611161 0.1615868 0.1603983 0.1616378 0.1603441 0.1603441 0.1604395 0.1616332 0.1616332 0.1609648 0.1610511 0.1603840 0.1603840 0.1744800 0.1633188 0.1640107 0.1609050 0.1636407 0.1600458 0.1605562 0.1612173 0.1635894 0.1619697 0.1622994 0.1626465 0.1523904 0.1609207 0.1609694 0.1598828 
HSV-1_JN420342_USA_Seattle_Washington_-_UL29_CDSHumanherpesvirus1strainOD4partialgenome                                             0.3721886 0.0053721 0.0063281 0.0063281 0.0000000 0.0012481 0.0009359 0.0044181 0.0037747 0.0053652 0.0060037 0.0053653 0.0063268 0.0076198 0.0082661 0.0073145 0.0069855 0.0060067 0.0060067 0.0063267 0.0076255 0.0063261 0.0053649 0.0056843 0.0072961 0.0069689 0.0066478 0.0066478 0.0053633 0.0063292 0.0047198 0.0054150 0.0057369 0.0056842 0.0044077 0.0044077 0.0047274 0.1615420 0.1615420 0.1608556 0.1615015 0.1627355 0.1627452 0.1622318 0.1615880 0.1621613 0.1621613 0.1608957 0.1603246 0.1610236 0.1610236 0.1607216 0.1596600 0.1596600 0.1590699 0.1603398 0.1596457 0.1584951 0.1596600 0.1596600 0.1595604 0.1602512 0.1603325 0.1603334 0.1590028 0.1601414 0.1591509 0.1596212 0.1584395 0.1596715 0.1583861 0.1583861 0.1584802 0.1596669 0.1596669 0.1590028 0.1590881 0.1584253 0.1584253 0.1742630 0.1607151 0.1601456 0.1582282 0.1609796 0.1572650 0.1585941 0.1584940 0.1609153 0.1593181 0.1595367 0.1598885 0.1496764 0.1588612 0.1590075 0.1578873 
HSV-1_JN420339_USA_Seattle_Washington_-_UL29_CDSHumanherpesvirus1strainCJ360partialgenome                                           0.3732020 0.0053719 0.0069706 0.0069706 0.0012481 0.0000000 0.0009359 0.0044180 0.0037745 0.0053650 0.0060034 0.0053651 0.0063265 0.0076195 0.0082658 0.0073143 0.0069852 0.0060065 0.0060065 0.0063264 0.0076252 0.0063259 0.0053647 0.0056841 0.0072959 0.0069687 0.0066476 0.0066476 0.0053631 0.0063290 0.0047196 0.0054148 0.0057367 0.0056840 0.0044075 0.0044075 0.0047272 0.1616384 0.1616384 0.1609516 0.1615978 0.1628324 0.1628422 0.1623285 0.1616845 0.1622580 0.1622580 0.1609918 0.1604204 0.1611198 0.1611198 0.1608175 0.1597554 0.1597554 0.1591650 0.1604356 0.1597411 0.1585900 0.1597554 0.1597554 0.1596558 0.1603469 0.1604282 0.1604291 0.1590979 0.1602370 0.1592462 0.1597166 0.1585343 0.1597669 0.1584809 0.1584809 0.1585750 0.1597623 0.1597623 0.1590979 0.1591832 0.1585201 0.1585201 0.1743651 0.1608124 0.1602445 0.1583276 0.1610790 0.1573680 0.1586891 0.1585952 0.1610152 0.1594168 0.1596396 0.1599912 0.1497752 0.1589610 0.1591026 0.1579838 
HSV-1_KM222720_USA_-_UL29_CDSUNVERIFIEDHumanherpesvirus1strainMacIntyrepartialgenome                                                0.3710617 0.0050546 0.0060057 0.0060057 0.0009359 0.0009359 0.0000000 0.0041013 0.0034591 0.0050481 0.0056860 0.0050482 0.0053646 0.0066513 0.0072937 0.0063449 0.0060181 0.0050459 0.0050459 0.0053645 0.0066562 0.0053641 0.0044073 0.0047253 0.0063291 0.0060040 0.0056843 0.0056843 0.0044060 0.0053667 0.0044038 0.0044494 0.0047701 0.0047252 0.0040916 0.0040916 0.0044109 0.1614473 0.1614473 0.1607613 0.1614068 0.1626402 0.1626499 0.1621367 0.1614933 0.1620663 0.1620663 0.1608013 0.1602305 0.1609291 0.1609291 0.1606274 0.1595662 0.1595662 0.1589764 0.1602457 0.1595519 0.1584018 0.1595662 0.1595662 0.1594667 0.1601571 0.1602383 0.1602393 0.1589094 0.1600474 0.1590572 0.1595274 0.1583463 0.1595777 0.1582929 0.1582929 0.1583869 0.1595731 0.1595731 0.1589094 0.1589945 0.1583320 0.1583320 0.1741617 0.1606196 0.1600484 0.1581305 0.1608819 0.1571636 0.1585007 0.1583945 0.1608171 0.1592210 0.1594355 0.1597874 0.1495782 0.1587632 0.1589140 0.1577924 
HSV-1_HM585509_Kenya_-_UL29_CDSHumanherpesvirus1strainE03partialgenome                                                              0.3732846 0.0060330 0.0063449 0.0063449 0.0044181 0.0044180 0.0041013 0.0000000 0.0012510 0.0053832 0.0060238 0.0060297 0.0076441 0.0083009 0.0089515 0.0079950 0.0076630 0.0066758 0.0066758 0.0069979 0.0083072 0.0069974 0.0060292 0.0063508 0.0079748 0.0076448 0.0073214 0.0073214 0.0060273 0.0063506 0.0047322 0.0057082 0.0060294 0.0050586 0.0037824 0.0037824 0.0041018 0.1599232 0.1599232 0.1592399 0.1598829 0.1611112 0.1611209 0.1606094 0.1599685 0.1605394 0.1605394 0.1592796 0.1587108 0.1594066 0.1594066 0.1591070 0.1580495 0.1580495 0.1574619 0.1587261 0.1580352 0.1568887 0.1580495 0.1580495 0.1592998 0.1586381 0.1587185 0.1587197 0.1573952 0.1585292 0.1575407 0.1580109 0.1568342 0.1580608 0.1581252 0.1581252 0.1568744 0.1580561 0.1580561 0.1573952 0.1574796 0.1568200 0.1568200 0.1725956 0.1590783 0.1596763 0.1565443 0.1593070 0.1549000 0.1569862 0.1567813 0.1592346 0.1576506 0.1571888 0.1574282 0.1473613 0.1571741 0.1573999 0.1576209 
HSV-1_HM585504_Kenya_-_UL29_CDSHumanherpesvirus1strainE22partialgenome                                                              0.3724564 0.0053804 0.0056918 0.0056918 0.0037747 0.0037745 0.0034591 0.0012510 0.0000000 0.0047344 0.0053722 0.0053774 0.0063411 0.0076374 0.0082840 0.0073312 0.0070014 0.0060203 0.0060203 0.0063410 0.0076431 0.0063405 0.0053770 0.0056970 0.0073129 0.0069848 0.0066629 0.0066629 0.0053753 0.0056969 0.0040879 0.0050575 0.0053771 0.0044119 0.0031418 0.0031418 0.0034595 0.1599232 0.1599232 0.1592399 0.1598829 0.1611112 0.1611209 0.1606094 0.1599685 0.1605394 0.1605394 0.1592796 0.1587108 0.1594066 0.1594066 0.1591070 0.1580495 0.1580495 0.1574619 0.1587261 0.1580352 0.1568887 0.1580495 0.1580495 0.1592998 0.1586381 0.1587185 0.1587197 0.1573952 0.1585292 0.1575407 0.1580109 0.1568342 0.1580608 0.1581252 0.1581252 0.1568744 0.1580561 0.1580561 0.1573952 0.1574796 0.1568200 0.1568200 0.1725956 0.1590783 0.1596763 0.1565443 0.1593070 0.1547833 0.1569862 0.1567813 0.1592346 0.1576506 0.1570721 0.1574282 0.1472497 0.1571741 0.1573999 0.1576209 
HSV-1_KM222725_USA_-_UL29_CDSUNVERIFIEDHumanherpesvirus1strainFpartialgenome                                                        0.3744272 0.0044171 0.0053771 0.0053771 0.0053652 0.0053650 0.0050481 0.0053832 0.0047344 0.0000000 0.0006231 0.0044147 0.0073068 0.0079611 0.0086096 0.0076554 0.0073248 0.0057001 0.0057001 0.0060204 0.0079671 0.0066622 0.0056973 0.0060178 0.0076362 0.0073075 0.0069852 0.0069852 0.0056947 0.0066655 0.0037745 0.0066657 0.0069878 0.0053727 0.0040961 0.0040961 0.0044157 0.1594729 0.1594729 0.1587904 0.1594327 0.1606595 0.1606692 0.1601581 0.1595180 0.1600883 0.1600883 0.1588301 0.1582619 0.1589568 0.1589568 0.1586579 0.1576014 0.1576014 0.1570146 0.1582772 0.1575871 0.1564418 0.1576014 0.1576014 0.1575030 0.1581893 0.1582695 0.1582709 0.1569479 0.1580807 0.1570928 0.1575629 0.1563876 0.1576127 0.1563349 0.1563349 0.1564276 0.1576080 0.1576080 0.1569479 0.1570321 0.1563733 0.1563733 0.1709356 0.1592207 0.1598219 0.1566902 0.1594526 0.1548618 0.1565388 0.1561410 0.1586055 0.1570269 0.1571502 0.1575062 0.1473257 0.1559292 0.1569527 0.1557967 
HSV-1_KM222724_USA_-_UL29_CDSUNVERIFIEDHumanherpesvirus1strainFpartialgenome                                                        0.3763234 0.0050543 0.0060170 0.0060170 0.0060037 0.0060034 0.0056860 0.0060238 0.0053722 0.0006231 0.0000000 0.0050515 0.0079515 0.0086091 0.0092587 0.0083033 0.0079713 0.0063411 0.0063411 0.0066622 0.0086155 0.0073055 0.0063381 0.0066594 0.0082822 0.0079522 0.0076292 0.0076292 0.0063351 0.0073091 0.0044089 0.0073093 0.0076321 0.0060121 0.0047320 0.0047320 0.0050527 0.1606139 0.1606139 0.1599291 0.1605735 0.1618044 0.1618141 0.1613017 0.1606595 0.1612315 0.1612315 0.1599690 0.1593991 0.1600964 0.1600964 0.1597958 0.1587363 0.1587363 0.1581475 0.1594144 0.1587220 0.1575735 0.1587363 0.1587363 0.1586372 0.1593261 0.1594069 0.1594080 0.1580807 0.1592168 0.1582273 0.1586976 0.1575186 0.1587477 0.1574655 0.1574655 0.1575589 0.1587430 0.1587430 0.1580807 0.1581655 0.1575043 0.1575043 0.1721084 0.1603761 0.1610028 0.1578785 0.1606333 0.1560931 0.1576717 0.1573466 0.1597890 0.1582009 0.1571279 0.1587268 0.1485301 0.1571149 0.1580853 0.1569489 
HSV-1_JN420341_USA_Seattle_Washington_-_UL29_CDSHumanherpesvirus1strainCJ970partialgenome                                           0.3773677 0.0044124 0.0073097 0.0073097 0.0053653 0.0053651 0.0050482 0.0060297 0.0053774 0.0044147 0.0050515 0.0000000 0.0047223 0.0053647 0.0060035 0.0050573 0.0047337 0.0037706 0.0037706 0.0040873 0.0047309 0.0040870 0.0031366 0.0034526 0.0050448 0.0047227 0.0044050 0.0044050 0.0050464 0.0047241 0.0056888 0.0053716 0.0056914 0.0060061 0.0047273 0.0047273 0.0050477 0.1592997 0.1592997 0.1586178 0.1592596 0.1604851 0.1604948 0.1599842 0.1593446 0.1599145 0.1599145 0.1586575 0.1580898 0.1587840 0.1587840 0.1584855 0.1574299 0.1574299 0.1568436 0.1581050 0.1574157 0.1562713 0.1574299 0.1574299 0.1573317 0.1580173 0.1580974 0.1580987 0.1567771 0.1579088 0.1569216 0.1573914 0.1562172 0.1574411 0.1561646 0.1561646 0.1562571 0.1574364 0.1574364 0.1567771 0.1568612 0.1562030 0.1562030 0.1719481 0.1596222 0.1602320 0.1563047 0.1590667 0.1552673 0.1575207 0.1559356 0.1597930 0.1570094 0.1569414 0.1566671 0.1459067 0.1569334 0.1567818 0.1548501 
HSV-1_JN420340_USA_Seattle_Washington_-_UL29_CDSHumanherpesvirus1strainCJ394partialgenome                                           0.3782501 0.0066594 0.0069818 0.0069818 0.0063268 0.0063265 0.0053646 0.0076441 0.0063411 0.0073068 0.0079515 0.0047223 0.0000000 0.0050427 0.0056802 0.0050563 0.0047328 0.0034520 0.0034520 0.0037681 0.0050464 0.0037678 0.0028198 0.0031347 0.0047234 0.0044022 0.0040851 0.0040851 0.0047242 0.0044035 0.0072951 0.0050484 0.0053675 0.0056818 0.0056851 0.0056851 0.0060071 0.1621672 0.1621672 0.1614795 0.1621266 0.1633630 0.1633728 0.1628586 0.1622136 0.1627879 0.1627879 0.1615198 0.1609476 0.1616480 0.1616480 0.1613450 0.1602816 0.1602816 0.1596903 0.1609628 0.1602673 0.1591148 0.1602816 0.1602816 0.1601816 0.1608739 0.1609555 0.1609563 0.1596231 0.1607637 0.1597722 0.1602426 0.1590588 0.1602932 0.1590051 0.1590051 0.1590996 0.1602886 0.1602886 0.1596231 0.1597087 0.1590445 0.1590445 0.1749085 0.1625308 0.1632050 0.1592871 0.1620310 0.1583654 0.1603765 0.1589645 0.1627800 0.1599617 0.1600135 0.1597283 0.1489176 0.1599221 0.1596278 0.1577370 
HSV-1_JX142173_USA_-_UL29_CDSHumanherpesvirus1strainMckraepartialgenome                                                             0.3780775 0.0073111 0.0069768 0.0069768 0.0076198 0.0076195 0.0066513 0.0083009 0.0076374 0.0079611 0.0086091 0.0053647 0.0050427 0.0000000 0.0006230 0.0050619 0.0047380 0.0047253 0.0047253 0.0050434 0.0031415 0.0037719 0.0040880 0.0031381 0.0028228 0.0025056 0.0021910 0.0021910 0.0060070 0.0056826 0.0079483 0.0063348 0.0066559 0.0069710 0.0069751 0.0069751 0.0072996 0.1621729 0.1621729 0.1614853 0.1621323 0.1633686 0.1633784 0.1628642 0.1622193 0.1627935 0.1627935 0.1615256 0.1609535 0.1616538 0.1616538 0.1613508 0.1602876 0.1602876 0.1596964 0.1609686 0.1602733 0.1591209 0.1602876 0.1602876 0.1601876 0.1608798 0.1609614 0.1609622 0.1596292 0.1607696 0.1597783 0.1602486 0.1590649 0.1602991 0.1590112 0.1590112 0.1591057 0.1602945 0.1602945 0.1596292 0.1597148 0.1590506 0.1590506 0.1749123 0.1625365 0.1632108 0.1592935 0.1620369 0.1583722 0.1603825 0.1589710 0.1627858 0.1599679 0.1600200 0.1597348 0.1489258 0.1599284 0.1596338 0.1577434 
HSV-1_JQ730035_USA_-_UL29_CDSHumanherpesvirus1strainMcKraepartialgenome                                                             0.3790112 0.0079567 0.0076204 0.0076204 0.0082661 0.0082658 0.0072937 0.0089515 0.0082840 0.0086096 0.0092587 0.0060035 0.0056802 0.0006230 0.0000000 0.0057019 0.0053766 0.0053622 0.0053622 0.0056810 0.0037746 0.0044061 0.0047229 0.0037705 0.0034546 0.0031360 0.0028205 0.0028205 0.0066476 0.0063219 0.0085961 0.0069770 0.0072989 0.0076140 0.0076185 0.0076185 0.0079440 0.1633315 0.1633315 0.1626416 0.1632906 0.1645312 0.1645410 0.1640254 0.1633784 0.1639543 0.1639543 0.1626821 0.1621082 0.1628110 0.1628110 0.1625062 0.1614399 0.1614399 0.1608468 0.1621233 0.1614256 0.1602700 0.1614399 0.1614399 0.1613393 0.1620340 0.1621163 0.1621168 0.1607793 0.1619232 0.1609303 0.1614008 0.1602133 0.1614516 0.1601592 0.1601592 0.1602545 0.1614470 0.1614470 0.1607793 0.1608655 0.1601990 0.1601990 0.1761076 0.1637117 0.1638059 0.1598908 0.1626303 0.1589928 0.1615365 0.1595776 0.1633837 0.1611612 0.1606352 0.1603479 0.1495298 0.1611365 0.1607839 0.1583216 
HSV-1_KM222727_USA_-_UL29_CDSUNVERIFIEDHumanherpesvirus1strainH166synpartialgenome                                                  0.3771621 0.0073311 0.0079775 0.0079775 0.0073145 0.0073143 0.0063449 0.0079950 0.0073312 0.0076554 0.0083033 0.0050573 0.0050563 0.0050619 0.0057019 0.0000000 0.0009362 0.0041003 0.0041003 0.0044185 0.0044259 0.0031471 0.0040990 0.0025135 0.0041032 0.0037821 0.0034646 0.0034646 0.0057000 0.0060167 0.0076432 0.0060278 0.0063493 0.0066651 0.0060251 0.0060251 0.0063488 0.1617661 0.1617661 0.1610790 0.1617255 0.1629608 0.1629706 0.1624567 0.1618123 0.1623861 0.1623861 0.1611192 0.1605475 0.1612473 0.1612473 0.1609448 0.1598822 0.1598822 0.1592915 0.1605627 0.1598679 0.1587162 0.1598822 0.1598822 0.1597825 0.1604740 0.1605554 0.1605563 0.1592243 0.1603640 0.1593728 0.1598433 0.1586605 0.1598937 0.1586069 0.1586069 0.1587012 0.1598891 0.1598891 0.1592243 0.1593097 0.1586462 0.1586462 0.1744971 0.1612499 0.1625884 0.1586690 0.1607257 0.1577233 0.1591197 0.1583367 0.1630608 0.1593497 0.1593766 0.1600145 0.1491926 0.1586068 0.1592290 0.1573319 
HSV-1_HM585514_South_Korea_-_UL29_CDSHumanherpesvirus1strainR11partialgenome                                                        0.3773714 0.0070013 0.0076463 0.0076463 0.0069855 0.0069852 0.0060181 0.0076630 0.0070014 0.0073248 0.0079713 0.0047337 0.0047328 0.0047380 0.0053766 0.0009362 0.0000000 0.0037790 0.0037790 0.0040964 0.0041033 0.0028279 0.0037777 0.0021951 0.0037816 0.0034615 0.0031447 0.0031447 0.0053749 0.0056910 0.0073132 0.0057015 0.0060223 0.0063377 0.0056989 0.0056989 0.0060218 0.1605134 0.1605134 0.1598290 0.1604731 0.1617034 0.1617131 0.1612009 0.1605590 0.1611308 0.1611308 0.1598689 0.1592993 0.1599962 0.1599962 0.1596957 0.1586367 0.1586367 0.1580482 0.1593145 0.1586224 0.1574744 0.1586367 0.1586367 0.1585377 0.1592262 0.1593070 0.1593081 0.1579814 0.1591170 0.1581278 0.1585980 0.1574195 0.1586481 0.1573665 0.1573665 0.1574599 0.1586434 0.1586434 0.1579814 0.1580661 0.1574053 0.1574053 0.1732019 0.1599832 0.1612907 0.1573677 0.1594349 0.1563717 0.1578763 0.1570153 0.1617528 0.1580615 0.1580361 0.1586743 0.1478756 0.1573057 0.1579861 0.1560713 
HSV-1_HM585515_South_Korea_-_UL29_CDSHumanherpesvirus1strainR62partialgenome                                                        0.3738687 0.0056971 0.0060192 0.0060192 0.0060067 0.0060065 0.0050459 0.0066758 0.0060203 0.0057001 0.0063411 0.0037706 0.0034520 0.0047253 0.0053622 0.0041003 0.0037790 0.0000000 0.0000010 0.0003113 0.0040923 0.0028204 0.0025049 0.0021901 0.0037715 0.0034523 0.0031363 0.0031363 0.0044072 0.0040871 0.0056911 0.0047306 0.0050494 0.0047265 0.0040927 0.0040927 0.0044121 0.1592565 0.1592565 0.1585747 0.1592164 0.1604418 0.1604515 0.1599409 0.1593015 0.1598712 0.1598712 0.1586144 0.1580467 0.1587409 0.1587409 0.1584425 0.1573870 0.1573870 0.1568007 0.1580620 0.1573727 0.1562284 0.1573870 0.1573870 0.1572887 0.1579743 0.1580543 0.1580557 0.1567342 0.1578658 0.1568786 0.1573485 0.1561744 0.1573982 0.1561218 0.1561218 0.1562143 0.1573935 0.1573935 0.1567342 0.1568182 0.1561601 0.1561601 0.1719028 0.1601775 0.1607996 0.1562813 0.1590438 0.1552428 0.1574777 0.1559118 0.1603633 0.1575728 0.1569174 0.1566432 0.1458811 0.1568884 0.1567389 0.1548064 
HSV-1_HM585512_Japan_-_UL29_CDSHumanherpesvirus1strainS23partialgenome                                                              0.3738687 0.0056971 0.0060192 0.0060192 0.0060067 0.0060065 0.0050459 0.0066758 0.0060203 0.0057001 0.0063411 0.0037706 0.0034520 0.0047253 0.0053622 0.0041003 0.0037790 0.0000010 0.0000000 0.0003113 0.0040923 0.0028204 0.0025049 0.0021901 0.0037715 0.0034523 0.0031363 0.0031363 0.0044072 0.0040871 0.0056911 0.0047306 0.0050494 0.0047265 0.0040927 0.0040927 0.0044121 0.1592565 0.1592565 0.1585747 0.1592164 0.1604418 0.1604515 0.1599409 0.1593015 0.1598712 0.1598712 0.1586144 0.1580467 0.1587409 0.1587409 0.1584425 0.1573870 0.1573870 0.1568007 0.1580620 0.1573727 0.1562284 0.1573870 0.1573870 0.1572887 0.1579743 0.1580543 0.1580557 0.1567342 0.1578658 0.1568786 0.1573485 0.1561744 0.1573982 0.1561218 0.1561218 0.1562143 0.1573935 0.1573935 0.1567342 0.1568182 0.1561601 0.1561601 0.1719028 0.1601775 0.1607996 0.1562813 0.1590438 0.1552428 0.1574777 0.1559118 0.1603633 0.1575728 0.1569174 0.1566432 0.1458811 0.1568884 0.1567389 0.1548064 
HSV-1_HM585513_Japan_-_UL29_CDSHumanherpesvirus1strainS25partialgenome                                                              0.3748150 0.0060173 0.0063398 0.0063398 0.0063267 0.0063264 0.0053645 0.0069979 0.0063410 0.0060204 0.0066622 0.0040873 0.0037681 0.0050434 0.0056810 0.0044185 0.0040964 0.0003113 0.0003113 0.0000000 0.0044098 0.0031357 0.0028197 0.0025045 0.0040883 0.0037684 0.0034521 0.0034521 0.0047248 0.0044042 0.0060110 0.0050491 0.0053682 0.0050447 0.0044102 0.0044102 0.0047301 0.1598260 0.1598260 0.1591431 0.1597858 0.1610133 0.1610230 0.1605117 0.1598712 0.1604418 0.1604418 0.1591829 0.1586144 0.1593097 0.1593097 0.1590104 0.1579534 0.1579534 0.1573662 0.1586296 0.1579392 0.1567933 0.1579534 0.1579534 0.1578548 0.1585417 0.1586220 0.1586233 0.1572996 0.1584329 0.1574449 0.1579148 0.1567389 0.1579647 0.1566861 0.1566861 0.1567790 0.1579600 0.1579600 0.1572996 0.1573839 0.1567246 0.1567246 0.1724901 0.1607561 0.1613909 0.1568738 0.1596326 0.1552428 0.1580450 0.1565135 0.1609574 0.1581602 0.1575276 0.1572512 0.1464791 0.1568884 0.1573043 0.1553800 
HSV-1_HM585508_China_-_UL29_CDSHumanherpesvirus1strainCR38partialgenome                                                             0.3779846 0.0073165 0.0082888 0.0082888 0.0076255 0.0076252 0.0066562 0.0083072 0.0076431 0.0079671 0.0086155 0.0047309 0.0050464 0.0031415 0.0037746 0.0044259 0.0041033 0.0040923 0.0040923 0.0044098 0.0000000 0.0031409 0.0040910 0.0025086 0.0021930 0.0018771 0.0015633 0.0015633 0.0060114 0.0063277 0.0079543 0.0063394 0.0066608 0.0069762 0.0063366 0.0063366 0.0066603 0.1611395 0.1611395 0.1604538 0.1610990 0.1623317 0.1623415 0.1618285 0.1611853 0.1617581 0.1617581 0.1604939 0.1599232 0.1606215 0.1606215 0.1603201 0.1592594 0.1592594 0.1586698 0.1599384 0.1592451 0.1580953 0.1592594 0.1592594 0.1591600 0.1598500 0.1599310 0.1599320 0.1586028 0.1597404 0.1587503 0.1592206 0.1580400 0.1592708 0.1579867 0.1579867 0.1580805 0.1592662 0.1592662 0.1586028 0.1586879 0.1580257 0.1580257 0.1735417 0.1626725 0.1633500 0.1588354 0.1615825 0.1578960 0.1605155 0.1585057 0.1629256 0.1589032 0.1595483 0.1592647 0.1484590 0.1594696 0.1586075 0.1572996 
HSV-1_KJ847330_India_-_UL29_CDSHumanherpesvirus1isolateHSV-10116209India2011completegenome                                          0.3767845 0.0060168 0.0069822 0.0069822 0.0063261 0.0063259 0.0053641 0.0069974 0.0063405 0.0066622 0.0073055 0.0040870 0.0037678 0.0037719 0.0044061 0.0031471 0.0028279 0.0028204 0.0028204 0.0031357 0.0031409 0.0000000 0.0028195 0.0012483 0.0028223 0.0025052 0.0021906 0.0021906 0.0047245 0.0050394 0.0066517 0.0050487 0.0053678 0.0056821 0.0050464 0.0050464 0.0053673 0.1608157 0.1608157 0.1601312 0.1607753 0.1620060 0.1620157 0.1615034 0.1608614 0.1614332 0.1614332 0.1601711 0.1596014 0.1602985 0.1602985 0.1599978 0.1589386 0.1589386 0.1583501 0.1596166 0.1589244 0.1577763 0.1589386 0.1589386 0.1588395 0.1595283 0.1596091 0.1596102 0.1582832 0.1594190 0.1584300 0.1588999 0.1577213 0.1589500 0.1576682 0.1576682 0.1577617 0.1589454 0.1589454 0.1582832 0.1583680 0.1577070 0.1577070 0.1735058 0.1611597 0.1618031 0.1578831 0.1606339 0.1569074 0.1590316 0.1575387 0.1613717 0.1585714 0.1585667 0.1582868 0.1475063 0.1585147 0.1582879 0.1563789 
HSV-1_HM585501_Kenya_-_UL29_CDSHumanherpesvirus1strainE12partialgenome                                                              0.3750547 0.0050551 0.0066591 0.0066591 0.0053649 0.0053647 0.0044073 0.0060292 0.0053770 0.0056973 0.0063381 0.0031366 0.0028198 0.0040880 0.0047229 0.0040990 0.0037777 0.0025049 0.0025049 0.0028197 0.0040910 0.0028195 0.0000000 0.0021894 0.0037703 0.0034512 0.0031353 0.0031353 0.0044057 0.0034522 0.0056884 0.0047291 0.0050477 0.0053619 0.0047270 0.0047270 0.0050473 0.1597635 0.1597635 0.1590808 0.1597233 0.1609503 0.1609600 0.1604489 0.1598086 0.1603790 0.1603790 0.1591205 0.1585522 0.1592473 0.1592473 0.1589481 0.1578915 0.1578915 0.1573045 0.1585675 0.1578773 0.1567318 0.1578915 0.1578915 0.1577930 0.1584796 0.1585599 0.1585611 0.1572379 0.1583708 0.1573831 0.1578530 0.1566774 0.1579028 0.1566247 0.1566247 0.1567175 0.1578981 0.1578981 0.1572379 0.1573222 0.1566632 0.1566632 0.1724236 0.1595053 0.1601124 0.1561854 0.1589477 0.1551436 0.1579830 0.1558146 0.1596730 0.1568912 0.1568184 0.1565446 0.1457878 0.1574172 0.1572426 0.1553178 
HSV-1_JN400093_USA_Seattle_Washington_-_UL29_CDSHumanherpesvirus1strain134partialgenome                                             0.3760223 0.0053746 0.0063371 0.0063371 0.0056843 0.0056841 0.0047253 0.0063508 0.0056970 0.0060178 0.0066594 0.0034526 0.0031347 0.0031381 0.0037705 0.0025135 0.0021951 0.0021901 0.0021901 0.0025045 0.0025086 0.0012483 0.0021894 0.0000000 0.0021916 0.0018750 0.0015616 0.0015616 0.0040878 0.0044023 0.0060084 0.0044103 0.0047285 0.0050425 0.0044084 0.0044084 0.0047281 0.1603433 0.1603433 0.1596595 0.1603030 0.1615322 0.1615419 0.1610301 0.1603887 0.1609600 0.1609600 0.1596993 0.1591302 0.1598264 0.1598264 0.1595264 0.1584682 0.1584682 0.1578803 0.1591454 0.1584540 0.1573069 0.1584682 0.1584682 0.1583694 0.1590572 0.1591379 0.1591390 0.1578135 0.1589481 0.1579596 0.1584296 0.1572521 0.1584796 0.1571992 0.1571992 0.1572924 0.1584749 0.1584749 0.1578135 0.1578981 0.1572379 0.1572379 0.1730217 0.1606806 0.1613136 0.1573907 0.1601454 0.1563956 0.1585605 0.1570386 0.1608798 0.1580843 0.1580598 0.1577817 0.1470052 0.1580216 0.1578182 0.1559018 
HSV-1_JN420338_USA_Seattle_Washington_-_UL29_CDSHumanherpesvirus1strainCJ311partialgenome                                           0.3768021 0.0069872 0.0079573 0.0079573 0.0072961 0.0072959 0.0063291 0.0079748 0.0073129 0.0076362 0.0082822 0.0050448 0.0047234 0.0028228 0.0034546 0.0041032 0.0037816 0.0037715 0.0037715 0.0040883 0.0021930 0.0028223 0.0037703 0.0021916 0.0000000 0.0015618 0.0012487 0.0012487 0.0056859 0.0060017 0.0076239 0.0060128 0.0063335 0.0066485 0.0060101 0.0060101 0.0063330 0.1609986 0.1609986 0.1603133 0.1609582 0.1621902 0.1621999 0.1616872 0.1610444 0.1616169 0.1616169 0.1603533 0.1597830 0.1604809 0.1604809 0.1601797 0.1591195 0.1591195 0.1585303 0.1597982 0.1591053 0.1579561 0.1591195 0.1591195 0.1590203 0.1597098 0.1597908 0.1597918 0.1584634 0.1596003 0.1586106 0.1590808 0.1579009 0.1591310 0.1578477 0.1578477 0.1579413 0.1591263 0.1591263 0.1584634 0.1585484 0.1578866 0.1578866 0.1737011 0.1613454 0.1619933 0.1580717 0.1608229 0.1571027 0.1592128 0.1577301 0.1615626 0.1587585 0.1587614 0.1584807 0.1476903 0.1587041 0.1584681 0.1565606 
HSV-1_KF498959_USA_-_UL29_CDSHumanherpesvirus1isolateREcompletegenome                                                               0.3768018 0.0066600 0.0076280 0.0076280 0.0069689 0.0069687 0.0060040 0.0076448 0.0069848 0.0073075 0.0079522 0.0047227 0.0044022 0.0025056 0.0031360 0.0037821 0.0034615 0.0034523 0.0034523 0.0037684 0.0018771 0.0025052 0.0034512 0.0018750 0.0015618 0.0000000 0.0009352 0.0009352 0.0053623 0.0056777 0.0072958 0.0056882 0.0060082 0.0063228 0.0056856 0.0056856 0.0060077 0.1608235 0.1608235 0.1601389 0.1607831 0.1620138 0.1620235 0.1615112 0.1608692 0.1614410 0.1614410 0.1601789 0.1596091 0.1603062 0.1603062 0.1600055 0.1589464 0.1589464 0.1583577 0.1596243 0.1589321 0.1577840 0.1589464 0.1589464 0.1588472 0.1595360 0.1596169 0.1596179 0.1582909 0.1594267 0.1584377 0.1589076 0.1577290 0.1589578 0.1576758 0.1576758 0.1577693 0.1589531 0.1589531 0.1582909 0.1583757 0.1577147 0.1577147 0.1735140 0.1611676 0.1618112 0.1578911 0.1606419 0.1569157 0.1590393 0.1575469 0.1613798 0.1585794 0.1585750 0.1582951 0.1475143 0.1585228 0.1582956 0.1563867 
HSV-1_KT899744_USA_-_UL29_CDSHumanherpesvirus1isolateKOScompletegenome                                                              0.3758329 0.0063386 0.0073055 0.0073055 0.0066478 0.0066476 0.0056843 0.0073214 0.0066629 0.0069852 0.0076292 0.0044050 0.0040851 0.0021910 0.0028205 0.0034646 0.0031447 0.0031363 0.0031363 0.0034521 0.0015633 0.0021906 0.0031353 0.0015616 0.0012487 0.0009352 0.0000000 0.0000010 0.0050435 0.0053587 0.0069741 0.0053686 0.0056882 0.0060027 0.0053662 0.0053662 0.0056877 0.1602431 0.1602431 0.1595596 0.1602028 0.1614313 0.1614410 0.1609295 0.1602885 0.1608595 0.1608595 0.1595995 0.1590306 0.1597265 0.1597265 0.1594267 0.1583691 0.1583691 0.1577814 0.1590458 0.1583548 0.1572083 0.1583691 0.1583691 0.1582703 0.1589578 0.1590383 0.1590395 0.1577147 0.1588488 0.1578606 0.1583304 0.1571536 0.1583804 0.1571007 0.1571007 0.1571938 0.1583757 0.1583757 0.1577147 0.1577992 0.1571394 0.1571394 0.1729152 0.1605789 0.1612095 0.1572873 0.1600419 0.1562885 0.1584612 0.1569337 0.1607753 0.1579817 0.1579531 0.1576754 0.1469039 0.1579178 0.1577194 0.1558021 
HSV-1_KT887224_USA_-_UL29_CDSHumanherpesvirus1isolateKOS1.1completegenome                                                           0.3758329 0.0063386 0.0073055 0.0073055 0.0066478 0.0066476 0.0056843 0.0073214 0.0066629 0.0069852 0.0076292 0.0044050 0.0040851 0.0021910 0.0028205 0.0034646 0.0031447 0.0031363 0.0031363 0.0034521 0.0015633 0.0021906 0.0031353 0.0015616 0.0012487 0.0009352 0.0000010 0.0000000 0.0050435 0.0053587 0.0069741 0.0053686 0.0056882 0.0060027 0.0053662 0.0053662 0.0056877 0.1602431 0.1602431 0.1595596 0.1602028 0.1614313 0.1614410 0.1609295 0.1602885 0.1608595 0.1608595 0.1595995 0.1590306 0.1597265 0.1597265 0.1594267 0.1583691 0.1583691 0.1577814 0.1590458 0.1583548 0.1572083 0.1583691 0.1583691 0.1582703 0.1589578 0.1590383 0.1590395 0.1577147 0.1588488 0.1578606 0.1583304 0.1571536 0.1583804 0.1571007 0.1571007 0.1571938 0.1583757 0.1583757 0.1577147 0.1577992 0.1571394 0.1571394 0.1729152 0.1605789 0.1612095 0.1572873 0.1600419 0.1562885 0.1584612 0.1569337 0.1607753 0.1579817 0.1579531 0.1576754 0.1469039 0.1579178 0.1577194 0.1558021 
HSV-1_HM585510_Kenya_-_UL29_CDSHumanherpesvirus1strainE14partialgenome                                                              0.3759063 0.0063333 0.0060134 0.0060134 0.0053633 0.0053631 0.0044060 0.0060273 0.0053753 0.0056947 0.0063351 0.0050464 0.0047242 0.0060070 0.0066476 0.0057000 0.0053749 0.0044072 0.0044072 0.0047248 0.0060114 0.0047245 0.0044057 0.0040878 0.0056859 0.0053623 0.0050435 0.0050435 0.0000000 0.0047268 0.0063266 0.0034569 0.0037737 0.0040872 0.0040895 0.0040895 0.0044086 0.1613717 0.1613717 0.1606860 0.1613313 0.1625640 0.1625738 0.1620608 0.1614177 0.1619904 0.1619904 0.1607261 0.1601555 0.1608538 0.1608538 0.1605522 0.1594915 0.1594915 0.1589019 0.1601706 0.1594772 0.1583276 0.1594915 0.1594915 0.1593921 0.1600821 0.1601633 0.1601642 0.1588350 0.1599725 0.1589827 0.1594527 0.1582722 0.1595030 0.1582188 0.1582188 0.1583127 0.1594983 0.1594983 0.1588350 0.1589201 0.1582579 0.1582579 0.1740807 0.1617237 0.1623796 0.1592664 0.1620101 0.1571057 0.1595852 0.1595500 0.1619509 0.1591438 0.1606073 0.1584838 0.1495016 0.1587071 0.1588396 0.1577170 
HSV-1_HM585502_Kenya_-_UL29_CDSHumanherpesvirus1strainE13partialgenome                                                              0.3773324 0.0073058 0.0063369 0.0063369 0.0063292 0.0063290 0.0053667 0.0063506 0.0056969 0.0066655 0.0073091 0.0047241 0.0044035 0.0056826 0.0063219 0.0060167 0.0056910 0.0040871 0.0040871 0.0044042 0.0063277 0.0050394 0.0034522 0.0044023 0.0060017 0.0056777 0.0053587 0.0053587 0.0047268 0.0000000 0.0060082 0.0031415 0.0034579 0.0031388 0.0031406 0.0031406 0.0034582 0.1614295 0.1614295 0.1607435 0.1613890 0.1626222 0.1626320 0.1621188 0.1614755 0.1620484 0.1620484 0.1607836 0.1602128 0.1609114 0.1609114 0.1606097 0.1595486 0.1595486 0.1589589 0.1602280 0.1595344 0.1583843 0.1595486 0.1595486 0.1594492 0.1601395 0.1602207 0.1602216 0.1588919 0.1600298 0.1590397 0.1595098 0.1583289 0.1595601 0.1582755 0.1582755 0.1583695 0.1595555 0.1595555 0.1588919 0.1589770 0.1583146 0.1583146 0.1736264 0.1623851 0.1630559 0.1591388 0.1618827 0.1582116 0.1596425 0.1588139 0.1626303 0.1598146 0.1598604 0.1595759 0.1487717 0.1591540 0.1588965 0.1569959 
HSV-1_KM222726_USA_-_UL29_CDSUNVERIFIEDHumanherpesvirus1strainH166partialgenome                                                     0.3738818 0.0050522 0.0040907 0.0040907 0.0047198 0.0047196 0.0044038 0.0047322 0.0040879 0.0037745 0.0044089 0.0056888 0.0072951 0.0079483 0.0085961 0.0076432 0.0073132 0.0056911 0.0056911 0.0060110 0.0079543 0.0066517 0.0056884 0.0060084 0.0076239 0.0072958 0.0069741 0.0069741 0.0063266 0.0060082 0.0000000 0.0057361 0.0060584 0.0047230 0.0034531 0.0034531 0.0037709 0.1603587 0.1603587 0.1596749 0.1603184 0.1615476 0.1615573 0.1610455 0.1604042 0.1609755 0.1609755 0.1597148 0.1591457 0.1598419 0.1598419 0.1595419 0.1584838 0.1584838 0.1578958 0.1591609 0.1584695 0.1573225 0.1584838 0.1584838 0.1583849 0.1590727 0.1591534 0.1591545 0.1578291 0.1589636 0.1579752 0.1584451 0.1572678 0.1584951 0.1572148 0.1572148 0.1573080 0.1584904 0.1584904 0.1578291 0.1579137 0.1572535 0.1572535 0.1718390 0.1601179 0.1607385 0.1576147 0.1603692 0.1566278 0.1574203 0.1578699 0.1603020 0.1587102 0.1589033 0.1592561 0.1490552 0.1576295 0.1578338 0.1566937 
HSV-1_HM585511_Kenya_-_UL29_CDSHumanherpesvirus1strainE19partialgenome                                                              0.3767005 0.0063931 0.0056951 0.0056951 0.0054150 0.0054148 0.0044494 0.0057082 0.0050575 0.0066657 0.0073093 0.0053716 0.0050484 0.0063348 0.0069770 0.0060278 0.0057015 0.0047306 0.0047306 0.0050491 0.0063394 0.0050487 0.0047291 0.0044103 0.0060128 0.0056882 0.0053686 0.0053686 0.0034569 0.0031415 0.0057361 0.0000000 0.0003114 0.0025075 0.0025089 0.0025089 0.0028254 0.1620096 0.1620096 0.1613225 0.1619690 0.1632045 0.1632142 0.1627004 0.1620559 0.1626297 0.1626297 0.1613627 0.1607910 0.1614908 0.1614908 0.1611882 0.1601255 0.1601255 0.1595347 0.1608061 0.1601112 0.1589595 0.1601255 0.1601255 0.1600257 0.1607174 0.1607989 0.1607997 0.1594676 0.1606073 0.1596164 0.1600866 0.1589036 0.1601371 0.1588500 0.1588500 0.1589444 0.1601324 0.1601324 0.1594676 0.1595530 0.1588894 0.1588894 0.1747407 0.1623708 0.1630412 0.1599313 0.1626715 0.1590346 0.1602202 0.1602266 0.1626156 0.1598002 0.1612938 0.1603896 0.1501720 0.1605678 0.1594722 0.1583602 
HSV-1_HM585498_Kenya_-_UL29_CDSHumanherpesvirus1strainE08partialgenome                                                              0.3776709 0.0067168 0.0060155 0.0060155 0.0057369 0.0057367 0.0047701 0.0060294 0.0053771 0.0069878 0.0076321 0.0056914 0.0053675 0.0066559 0.0072989 0.0063493 0.0060223 0.0050494 0.0050494 0.0053682 0.0066608 0.0053678 0.0050477 0.0047285 0.0063335 0.0060082 0.0056882 0.0056882 0.0037737 0.0034579 0.0060584 0.0003114 0.0000000 0.0028228 0.0028244 0.0028244 0.0031414 0.1625930 0.1625930 0.1619047 0.1625523 0.1637899 0.1637997 0.1632851 0.1626395 0.1632142 0.1632142 0.1619450 0.1613724 0.1620735 0.1620735 0.1617699 0.1607057 0.1607057 0.1601139 0.1613875 0.1606914 0.1595381 0.1607057 0.1607057 0.1606056 0.1612985 0.1613804 0.1613811 0.1600467 0.1611882 0.1601964 0.1606667 0.1594819 0.1607174 0.1594280 0.1594280 0.1595228 0.1607127 0.1607127 0.1600467 0.1601324 0.1594676 0.1594676 0.1753425 0.1629625 0.1636461 0.1605400 0.1632763 0.1596671 0.1608012 0.1608458 0.1632233 0.1604009 0.1619219 0.1610144 0.1507875 0.1611776 0.1600513 0.1589494 
HSV-1_HM585497_Kenya_-_UL29_CDSHumanherpesvirus1strainE07partialgenome                                                              0.3749392 0.0060094 0.0044104 0.0044104 0.0056842 0.0056840 0.0047252 0.0050586 0.0044119 0.0053727 0.0060121 0.0060061 0.0056818 0.0069710 0.0076140 0.0066651 0.0063377 0.0047265 0.0047265 0.0050447 0.0069762 0.0056821 0.0053619 0.0050425 0.0066485 0.0063228 0.0060027 0.0060027 0.0040872 0.0031388 0.0047230 0.0025075 0.0028228 0.0000000 0.0012487 0.0012487 0.0015624 0.1606900 0.1606900 0.1600058 0.1606497 0.1618796 0.1618893 0.1613773 0.1607356 0.1613072 0.1613072 0.1600457 0.1594763 0.1601730 0.1601730 0.1598726 0.1588140 0.1588140 0.1582257 0.1594915 0.1587997 0.1576522 0.1588140 0.1588140 0.1587149 0.1594033 0.1594841 0.1594851 0.1581589 0.1592940 0.1583055 0.1587753 0.1575973 0.1588253 0.1575442 0.1575442 0.1576376 0.1588207 0.1588207 0.1581589 0.1582436 0.1575830 0.1575830 0.1733744 0.1604535 0.1610813 0.1579608 0.1607121 0.1569877 0.1577503 0.1582218 0.1606466 0.1590525 0.1592599 0.1596119 0.1494099 0.1579756 0.1581636 0.1570296 
HSV-1_HM585507_Kenya_-_UL29_CDSHumanherpesvirus1strainE35partialgenome                                                              0.3741984 0.0047299 0.0044129 0.0044129 0.0044077 0.0044075 0.0040916 0.0037824 0.0031418 0.0040961 0.0047320 0.0047273 0.0056851 0.0069751 0.0076185 0.0060251 0.0056989 0.0040927 0.0040927 0.0044102 0.0063366 0.0050464 0.0047270 0.0044084 0.0060101 0.0056856 0.0053662 0.0053662 0.0040895 0.0031406 0.0034531 0.0025089 0.0028244 0.0012487 0.0000000 0.0000010 0.0003116 0.1584764 0.1584764 0.1577966 0.1584365 0.1596583 0.1596680 0.1591586 0.1585210 0.1590892 0.1590892 0.1578360 0.1572699 0.1579620 0.1579620 0.1576650 0.1566122 0.1566122 0.1560276 0.1572852 0.1565979 0.1554564 0.1566122 0.1566122 0.1565144 0.1571978 0.1572774 0.1572789 0.1559612 0.1570898 0.1561044 0.1565738 0.1554030 0.1566233 0.1553507 0.1553507 0.1554426 0.1566185 0.1566185 0.1559612 0.1560448 0.1553887 0.1553887 0.1710924 0.1582118 0.1587904 0.1556556 0.1584215 0.1545931 0.1555524 0.1558771 0.1583449 0.1567693 0.1568819 0.1572381 0.1470683 0.1556698 0.1559660 0.1547943 
HSV-1_HM585506_Kenya_-_UL29_CDSHumanherpesvirus1strainE25partialgenome                                                              0.3741984 0.0047299 0.0044129 0.0044129 0.0044077 0.0044075 0.0040916 0.0037824 0.0031418 0.0040961 0.0047320 0.0047273 0.0056851 0.0069751 0.0076185 0.0060251 0.0056989 0.0040927 0.0040927 0.0044102 0.0063366 0.0050464 0.0047270 0.0044084 0.0060101 0.0056856 0.0053662 0.0053662 0.0040895 0.0031406 0.0034531 0.0025089 0.0028244 0.0012487 0.0000010 0.0000000 0.0003116 0.1584764 0.1584764 0.1577966 0.1584365 0.1596583 0.1596680 0.1591586 0.1585210 0.1590892 0.1590892 0.1578360 0.1572699 0.1579620 0.1579620 0.1576650 0.1566122 0.1566122 0.1560276 0.1572852 0.1565979 0.1554564 0.1566122 0.1566122 0.1565144 0.1571978 0.1572774 0.1572789 0.1559612 0.1570898 0.1561044 0.1565738 0.1554030 0.1566233 0.1553507 0.1553507 0.1554426 0.1566185 0.1566185 0.1559612 0.1560448 0.1553887 0.1553887 0.1710924 0.1582118 0.1587904 0.1556556 0.1584215 0.1545931 0.1555524 0.1558771 0.1583449 0.1567693 0.1568819 0.1572381 0.1470683 0.1556698 0.1559660 0.1547943 
