39
Cercopithecine_herpesvirus_2_NC_006560_-_UL29_CDSCercopithecineherpesvirus2completegenome                                           0.0000000 0.2509620 0.2509620 0.2449651 0.2449651 0.2502652 0.2553887 0.2458498 0.2458498 0.2509620 0.2451556 0.2509211 0.2465437 0.2509620 0.2502652 0.2451556 0.2502652 0.2454202 0.2403570 0.2353919 0.2353919 0.2303838 0.2401701 0.2401701 0.2352088 0.2504945 0.2504945 0.2404021 0.2352088 0.2402153 0.2402153 0.2403570 0.2216029 0.2646046 0.2506155 0.2454848 0.2454848 0.2506155 0.2506155 
HSV-1_NC_001806_United_Kingdom_Regional_Virus_Laboratory_Ruchill_Hospital_Glasgow_-_UL29_CDSHumanherpesvirus1strain17completegenome 0.2509620 0.0000000 0.0000010 0.0076784 0.0076784 0.0102885 0.0102411 0.0025276 0.0025276 0.0050785 0.0050760 0.0050760 0.0050760 0.0050785 0.0076492 0.0050760 0.0076492 0.0237347 0.0209990 0.0182976 0.0182976 0.0209990 0.0238273 0.0238273 0.0210913 0.0264825 0.0264825 0.0210096 0.0210913 0.0238393 0.0238393 0.0209990 0.0439175 0.1263128 0.1217078 0.1179802 0.1179802 0.1217078 0.1217078 
HSV-1_JN555585_United_Kingdom_Regional_Virus_Laboratory_Ruchill_Hospital_Glasgow_-_UL29_CDSHumanherpesvirus1strain17completegenome  0.2509620 0.0000010 0.0000000 0.0076784 0.0076784 0.0102885 0.0102411 0.0025276 0.0025276 0.0050785 0.0050760 0.0050760 0.0050760 0.0050785 0.0076492 0.0050760 0.0076492 0.0237347 0.0209990 0.0182976 0.0182976 0.0209990 0.0238273 0.0238273 0.0210913 0.0264825 0.0264825 0.0210096 0.0210913 0.0238393 0.0238393 0.0209990 0.0439175 0.1263128 0.1217078 0.1179802 0.1179802 0.1217078 0.1217078 
HSV-1_JN420342_USA_Seattle_Washington_-_UL29_CDSHumanherpesvirus1strainOD4partialgenome                                             0.2449651 0.0076784 0.0076784 0.0000000 0.0000010 0.0025287 0.0076784 0.0050954 0.0050954 0.0076784 0.0025372 0.0076746 0.0076746 0.0076784 0.0050979 0.0025372 0.0050979 0.0265872 0.0238163 0.0210815 0.0210815 0.0238163 0.0266915 0.0266915 0.0239216 0.0293691 0.0293691 0.0238283 0.0239216 0.0267050 0.0267050 0.0238163 0.0470534 0.1230785 0.1185060 0.1148006 0.1148006 0.1185060 0.1185060 
HSV-1_JN420339_USA_Seattle_Washington_-_UL29_CDSHumanherpesvirus1strainCJ360partialgenome                                           0.2449651 0.0076784 0.0076784 0.0000010 0.0000000 0.0025287 0.0076784 0.0050954 0.0050954 0.0076784 0.0025372 0.0076746 0.0076746 0.0076784 0.0050979 0.0025372 0.0050979 0.0265872 0.0238163 0.0210815 0.0210815 0.0238163 0.0266915 0.0266915 0.0239216 0.0293691 0.0293691 0.0238283 0.0239216 0.0267050 0.0267050 0.0238163 0.0470534 0.1230785 0.1185060 0.1148006 0.1148006 0.1185060 0.1185060 
HSV-1_HM585504_Kenya_-_UL29_CDSHumanherpesvirus1strainE22partialgenome                                                              0.2502652 0.0102885 0.0102885 0.0025287 0.0025287 0.0000000 0.0102885 0.0076807 0.0076807 0.0102885 0.0050994 0.0102834 0.0102834 0.0102885 0.0076845 0.0050994 0.0076845 0.0293948 0.0265968 0.0238367 0.0238367 0.0265968 0.0295104 0.0295104 0.0267147 0.0322025 0.0322025 0.0266102 0.0267147 0.0295253 0.0295253 0.0265968 0.0500840 0.1192140 0.1146983 0.1110326 0.1110326 0.1146983 0.1146983 
HSV-1_JN420341_USA_Seattle_Washington_-_UL29_CDSHumanherpesvirus1strainCJ970partialgenome                                           0.2553887 0.0102411 0.0102411 0.0076784 0.0076784 0.0102885 0.0000000 0.0076455 0.0076455 0.0102411 0.0050760 0.0102360 0.0102360 0.0102411 0.0025260 0.0050760 0.0025260 0.0237347 0.0209990 0.0237238 0.0237238 0.0264704 0.0238273 0.0238273 0.0265872 0.0264825 0.0264825 0.0264838 0.0265872 0.0293840 0.0293840 0.0209990 0.0498385 0.1263128 0.1217078 0.1179802 0.1179802 0.1217078 0.1217078 
HSV-1_JN420340_USA_Seattle_Washington_-_UL29_CDSHumanherpesvirus1strainCJ394partialgenome                                           0.2458498 0.0025276 0.0025276 0.0050954 0.0050954 0.0076807 0.0076455 0.0000000 0.0000010 0.0025276 0.0025264 0.0025264 0.0025264 0.0025276 0.0050760 0.0025264 0.0050760 0.0209990 0.0182884 0.0156106 0.0156106 0.0182884 0.0210807 0.0210807 0.0183687 0.0237228 0.0237228 0.0182976 0.0183687 0.0210913 0.0210913 0.0182884 0.0409765 0.1225337 0.1179802 0.1142896 0.1142896 0.1179802 0.1179802 
HSV-1_JX142173_USA_-_UL29_CDSHumanherpesvirus1strainMckraepartialgenome                                                             0.2458498 0.0025276 0.0025276 0.0050954 0.0050954 0.0076807 0.0076455 0.0000010 0.0000000 0.0025276 0.0025264 0.0025264 0.0025264 0.0025276 0.0050760 0.0025264 0.0050760 0.0209990 0.0182884 0.0156106 0.0156106 0.0182884 0.0210807 0.0210807 0.0183687 0.0237228 0.0237228 0.0182976 0.0183687 0.0210913 0.0210913 0.0182884 0.0409765 0.1225337 0.1179802 0.1142896 0.1142896 0.1179802 0.1179802 
HSV-1_HM585508_China_-_UL29_CDSHumanherpesvirus1strainCR38partialgenome                                                             0.2509620 0.0050785 0.0050785 0.0076784 0.0076784 0.0102885 0.0102411 0.0025276 0.0025276 0.0000000 0.0050760 0.0050760 0.0050760 0.0050785 0.0076492 0.0050760 0.0076492 0.0237347 0.0209990 0.0182976 0.0182976 0.0209990 0.0238273 0.0238273 0.0210913 0.0264825 0.0264825 0.0210096 0.0210913 0.0238393 0.0238393 0.0209990 0.0439175 0.1263128 0.1217078 0.1179802 0.1179802 0.1217078 0.1217078 
HSV-1_HM585501_Kenya_-_UL29_CDSHumanherpesvirus1strainE12partialgenome                                                              0.2451556 0.0050760 0.0050760 0.0025372 0.0025372 0.0050994 0.0050760 0.0025264 0.0025264 0.0050760 0.0000000 0.0050735 0.0050735 0.0050760 0.0025276 0.0000010 0.0025276 0.0237238 0.0209892 0.0182890 0.0182890 0.0209892 0.0238163 0.0238163 0.0210815 0.0264704 0.0264704 0.0209997 0.0210815 0.0238283 0.0238283 0.0209892 0.0438990 0.1188442 0.1143408 0.1106848 0.1106848 0.1143408 0.1143408 
HSV-1_KM222722_USA_-_UL29_CDSUNVERIFIEDHumanherpesvirus1strainKOSpartialgenome                                                      0.2509211 0.0050760 0.0050760 0.0076746 0.0076746 0.0102834 0.0102360 0.0025264 0.0025264 0.0050760 0.0050735 0.0000000 0.0050735 0.0050760 0.0076455 0.0050735 0.0076455 0.0237228 0.0209885 0.0182884 0.0182884 0.0209885 0.0238153 0.0238153 0.0210807 0.0264692 0.0264692 0.0209990 0.0210807 0.0238273 0.0238273 0.0209885 0.0438953 0.1262586 0.1216547 0.1179280 0.1179280 0.1216547 0.1216547 
HSV-1_HM585510_Kenya_-_UL29_CDSHumanherpesvirus1strainE14partialgenome                                                              0.2465437 0.0050760 0.0050760 0.0076746 0.0076746 0.0102834 0.0102360 0.0025264 0.0025264 0.0050760 0.0050735 0.0050735 0.0000000 0.0050760 0.0076455 0.0050735 0.0076455 0.0237228 0.0209885 0.0182884 0.0182884 0.0209885 0.0238153 0.0238153 0.0210807 0.0264692 0.0264692 0.0209990 0.0210807 0.0238273 0.0238273 0.0209885 0.0438953 0.1262586 0.1216547 0.1179280 0.1179280 0.1216547 0.1216547 
HSV-1_HM585502_Kenya_-_UL29_CDSHumanherpesvirus1strainE13partialgenome                                                              0.2509620 0.0050785 0.0050785 0.0076784 0.0076784 0.0102885 0.0102411 0.0025276 0.0025276 0.0050785 0.0050760 0.0050760 0.0050760 0.0000000 0.0076492 0.0050760 0.0076492 0.0237347 0.0209990 0.0182976 0.0182976 0.0209990 0.0238273 0.0238273 0.0210913 0.0264825 0.0264825 0.0210096 0.0210913 0.0238393 0.0238393 0.0209990 0.0439175 0.1263128 0.1217078 0.1179802 0.1179802 0.1217078 0.1217078 
HSV-1_KM222726_USA_-_UL29_CDSUNVERIFIEDHumanherpesvirus1strainH166partialgenome                                                     0.2502652 0.0076492 0.0076492 0.0050979 0.0050979 0.0076845 0.0025260 0.0050760 0.0050760 0.0076492 0.0025276 0.0076455 0.0076455 0.0076492 0.0000000 0.0025276 0.0000010 0.0264838 0.0237238 0.0209997 0.0209997 0.0237238 0.0265872 0.0265872 0.0238283 0.0292546 0.0292546 0.0237357 0.0238283 0.0266007 0.0266007 0.0237238 0.0468678 0.1225871 0.1180324 0.1143408 0.1143408 0.1180324 0.1180324 
HSV-1_JN420337_USA_Seattle_Washington_-_UL29_CDSHumanherpesvirus1strainTFT401partialgenome                                          0.2451556 0.0050760 0.0050760 0.0025372 0.0025372 0.0050994 0.0050760 0.0025264 0.0025264 0.0050760 0.0000010 0.0050735 0.0050735 0.0050760 0.0025276 0.0000000 0.0025276 0.0237238 0.0209892 0.0182890 0.0182890 0.0209892 0.0238163 0.0238163 0.0210815 0.0264704 0.0264704 0.0209997 0.0210815 0.0238283 0.0238283 0.0209892 0.0438990 0.1188442 0.1143408 0.1106848 0.1106848 0.1143408 0.1143408 
HSV-1_HM585497_Kenya_-_UL29_CDSHumanherpesvirus1strainE07partialgenome                                                              0.2502652 0.0076492 0.0076492 0.0050979 0.0050979 0.0076845 0.0025260 0.0050760 0.0050760 0.0076492 0.0025276 0.0076455 0.0076455 0.0076492 0.0000010 0.0025276 0.0000000 0.0264838 0.0237238 0.0209997 0.0209997 0.0237238 0.0265872 0.0265872 0.0238283 0.0292546 0.0292546 0.0237357 0.0238283 0.0266007 0.0266007 0.0237238 0.0468678 0.1225871 0.1180324 0.1143408 0.1143408 0.1180324 0.1180324 
HSV-2_KR135301_Uganda_Rakai__-_UL29_CDSUNVERIFIEDHumanherpesvirus2isolateHSV-2UGBID-G19073F707642007genomicsequence                 0.2454202 0.0237347 0.0237347 0.0265872 0.0265872 0.0293948 0.0237347 0.0209990 0.0209990 0.0237347 0.0237238 0.0237228 0.0237228 0.0237347 0.0264838 0.0237238 0.0264838 0.0000000 0.0025291 0.0050791 0.0050791 0.0076502 0.0051010 0.0051010 0.0076832 0.0025275 0.0025275 0.0025275 0.0076832 0.0050977 0.0050977 0.0025291 0.0293125 0.1066829 0.1028043 0.0992752 0.0992752 0.1028043 0.1028043 
HSV-2_KR135299_Uganda_Rakai__-_UL29_CDSUNVERIFIEDHumanherpesvirus2isolateHSV-2UGBID-G19071M229872007genomicsequence                 0.2403570 0.0209990 0.0209990 0.0238163 0.0238163 0.0265968 0.0209990 0.0182884 0.0182884 0.0209990 0.0209892 0.0209885 0.0209885 0.0209990 0.0237238 0.0209892 0.0237238 0.0025291 0.0000000 0.0025279 0.0025279 0.0050766 0.0025387 0.0025387 0.0050985 0.0050791 0.0050791 0.0050791 0.0050985 0.0076832 0.0076832 0.0000010 0.0265219 0.1035422 0.0992752 0.0957802 0.0957802 0.0992752 0.0992752 
HSV-2_KR135311_USA_WA__-_UL29_CDSUNVERIFIEDHumanherpesvirus2isolateHSV-2USBID-G1908310883-2001-133472005genomicsequence             0.2353919 0.0182976 0.0182976 0.0210815 0.0210815 0.0238367 0.0237238 0.0156106 0.0156106 0.0182976 0.0182890 0.0182884 0.0182884 0.0182976 0.0209997 0.0182890 0.0209997 0.0050791 0.0025279 0.0000000 0.0000010 0.0025279 0.0050985 0.0050985 0.0025387 0.0076502 0.0076502 0.0025291 0.0025387 0.0051010 0.0051010 0.0025279 0.0237692 0.1000419 0.0958254 0.0923627 0.0923627 0.0958254 0.0958254 
HSV-2_KR135309_USA_MD__-_UL29_CDSUNVERIFIEDHumanherpesvirus2isolateHSV-2USBID-G1908144-4198512007genomicsequence                    0.2353919 0.0182976 0.0182976 0.0210815 0.0210815 0.0238367 0.0237238 0.0156106 0.0156106 0.0182976 0.0182890 0.0182884 0.0182884 0.0182976 0.0209997 0.0182890 0.0209997 0.0050791 0.0025279 0.0000010 0.0000000 0.0025279 0.0050985 0.0050985 0.0025387 0.0076502 0.0076502 0.0025291 0.0025387 0.0051010 0.0051010 0.0025279 0.0237692 0.1000419 0.0958254 0.0923627 0.0923627 0.0958254 0.0958254 
HSV-2_KR135305_Uganda_Rakai__-_UL29_CDSUNVERIFIEDHumanherpesvirus2isolateHSV-2UGBID-G19077K399242007genomicsequence                 0.2303838 0.0209990 0.0209990 0.0238163 0.0238163 0.0265968 0.0264704 0.0182884 0.0182884 0.0209990 0.0209892 0.0209885 0.0209885 0.0209990 0.0237238 0.0209892 0.0237238 0.0076502 0.0050766 0.0025279 0.0025279 0.0000000 0.0076794 0.0076794 0.0050985 0.0102426 0.0102426 0.0050791 0.0050985 0.0076832 0.0076832 0.0050766 0.0265219 0.1035422 0.0992752 0.0957802 0.0957802 0.0992752 0.0992752 
HSV-2_NC_001798_United_Kingdom_-_UL29_CDSHumanherpesvirus2strainHG52completegenome                                                  0.2401701 0.0238273 0.0238273 0.0266915 0.0266915 0.0295104 0.0238273 0.0210807 0.0210807 0.0238273 0.0238163 0.0238153 0.0238153 0.0238273 0.0265872 0.0238163 0.0265872 0.0051010 0.0025387 0.0050985 0.0050985 0.0076794 0.0000000 0.0000010 0.0025282 0.0076832 0.0076832 0.0076832 0.0025282 0.0050798 0.0050798 0.0025387 0.0294275 0.1075547 0.1032180 0.0996752 0.0996752 0.1032180 0.1032180 
HSV-2_JN561323_United_Kingdom_-_UL29_CDSHumanherpesvirus2strainHG52completegenome                                                   0.2401701 0.0238273 0.0238273 0.0266915 0.0266915 0.0295104 0.0238273 0.0210807 0.0210807 0.0238273 0.0238163 0.0238153 0.0238153 0.0238273 0.0265872 0.0238163 0.0265872 0.0051010 0.0025387 0.0050985 0.0050985 0.0076794 0.0000010 0.0000000 0.0025282 0.0076832 0.0076832 0.0076832 0.0025282 0.0050798 0.0050798 0.0025387 0.0294275 0.1075547 0.1032180 0.0996752 0.0996752 0.1032180 0.1032180 
HSV-2_KR135304_Uganda_Rakai__-_UL29_CDSUNVERIFIEDHumanherpesvirus2isolateHSV-2UGBID-G19076H000662007genomicsequence                 0.2352088 0.0210913 0.0210913 0.0239216 0.0239216 0.0267147 0.0265872 0.0183687 0.0183687 0.0210913 0.0210815 0.0210807 0.0210807 0.0210913 0.0238283 0.0210815 0.0238283 0.0076832 0.0050985 0.0025387 0.0025387 0.0050985 0.0025282 0.0025282 0.0000000 0.0102869 0.0102869 0.0051010 0.0000010 0.0025294 0.0025294 0.0050985 0.0266392 0.1040082 0.0997219 0.0962120 0.0962120 0.0997219 0.0997219 
HSV-2_KR135319_Uganda_Rakai__-_UL29_CDSUNVERIFIEDHumanherpesvirus2isolateHSV-2UGBID-G19091D397652008genomicsequence                 0.2504945 0.0264825 0.0264825 0.0293691 0.0293691 0.0322025 0.0264825 0.0237228 0.0237228 0.0264825 0.0264704 0.0264692 0.0264692 0.0264825 0.0292546 0.0264704 0.0292546 0.0025275 0.0050791 0.0076502 0.0076502 0.0102426 0.0076832 0.0076832 0.0102869 0.0000000 0.0000010 0.0050758 0.0102869 0.0076782 0.0076782 0.0050791 0.0321129 0.1102277 0.1063190 0.1027567 0.1027567 0.1063190 0.1063190 
HSV-2_KR135307_Uganda_Rakai__-_UL29_CDSUNVERIFIEDHumanherpesvirus2isolateHSV-2UGBID-G19079J096222008genomicsequence                 0.2504945 0.0264825 0.0264825 0.0293691 0.0293691 0.0322025 0.0264825 0.0237228 0.0237228 0.0264825 0.0264704 0.0264692 0.0264692 0.0264825 0.0292546 0.0264704 0.0292546 0.0025275 0.0050791 0.0076502 0.0076502 0.0102426 0.0076832 0.0076832 0.0102869 0.0000010 0.0000000 0.0050758 0.0102869 0.0076782 0.0076782 0.0050791 0.0321129 0.1102277 0.1063190 0.1027567 0.1027567 0.1063190 0.1063190 
HSV-2_KR135303_Uganda_Rakai__-_UL29_CDSUNVERIFIEDHumanherpesvirus2isolateHSV-2UGBID-G44423L228612007genomicsequence                 0.2404021 0.0210096 0.0210096 0.0238283 0.0238283 0.0266102 0.0264838 0.0182976 0.0182976 0.0210096 0.0209997 0.0209990 0.0209990 0.0210096 0.0237357 0.0209997 0.0237357 0.0025275 0.0050791 0.0025291 0.0025291 0.0050791 0.0076832 0.0076832 0.0051010 0.0050758 0.0050758 0.0000000 0.0051010 0.0025383 0.0025383 0.0050791 0.0265353 0.1031697 0.0993217 0.0958254 0.0958254 0.0993217 0.0993217 
HSV-2_KR135318_Uganda_Rakai__-_UL29_CDSUNVERIFIEDHumanherpesvirus2isolateHSV-2UGBID-G19090D396502008genomicsequence                 0.2352088 0.0210913 0.0210913 0.0239216 0.0239216 0.0267147 0.0265872 0.0183687 0.0183687 0.0210913 0.0210815 0.0210807 0.0210807 0.0210913 0.0238283 0.0210815 0.0238283 0.0076832 0.0050985 0.0025387 0.0025387 0.0050985 0.0025282 0.0025282 0.0000010 0.0102869 0.0102869 0.0051010 0.0000000 0.0025294 0.0025294 0.0050985 0.0266392 0.1040082 0.0997219 0.0962120 0.0962120 0.0997219 0.0997219 
HSV-2_KR135306_Uganda_Rakai__-_UL29_CDSUNVERIFIEDHumanherpesvirus2isolateHSV-2UGBID-G19078A761912008genomicsequence                 0.2402153 0.0238393 0.0238393 0.0267050 0.0267050 0.0295253 0.0293840 0.0210913 0.0210913 0.0238393 0.0238283 0.0238273 0.0238273 0.0238393 0.0266007 0.0238283 0.0266007 0.0050977 0.0076832 0.0051010 0.0051010 0.0076832 0.0050798 0.0050798 0.0025294 0.0076782 0.0076782 0.0025383 0.0025294 0.0000000 0.0000010 0.0076832 0.0294424 0.1071598 0.1032659 0.0997219 0.0997219 0.1032659 0.1032659 
HSV-2_KR135317_Uganda_Rakai__-_UL29_CDSUNVERIFIEDHumanherpesvirus2isolateHSV-2UGBID-G19089A768322007genomicsequence                 0.2402153 0.0238393 0.0238393 0.0267050 0.0267050 0.0295253 0.0293840 0.0210913 0.0210913 0.0238393 0.0238283 0.0238273 0.0238273 0.0238393 0.0266007 0.0238283 0.0266007 0.0050977 0.0076832 0.0051010 0.0051010 0.0076832 0.0050798 0.0050798 0.0025294 0.0076782 0.0076782 0.0025383 0.0025294 0.0000010 0.0000000 0.0076832 0.0294424 0.1071598 0.1032659 0.0997219 0.0997219 0.1032659 0.1032659 
HSV-2_KR135328_Japan__-_UL29_CDSUNVERIFIEDHumanherpesvirus2isolateHSV-2JPBID-G32592JA8genomicsequence                               0.2403570 0.0209990 0.0209990 0.0238163 0.0238163 0.0265968 0.0209990 0.0182884 0.0182884 0.0209990 0.0209892 0.0209885 0.0209885 0.0209990 0.0237238 0.0209892 0.0237238 0.0025291 0.0000010 0.0025279 0.0025279 0.0050766 0.0025387 0.0025387 0.0050985 0.0050791 0.0050791 0.0050791 0.0050985 0.0076832 0.0076832 0.0000000 0.0265219 0.1035422 0.0992752 0.0957802 0.0957802 0.0992752 0.0992752 
HSV-2v_13_Congo_consensus_sequence_-_UL29_CDS111799readsassembledtoHuman_herpesvirus_2_NC_001798_sans_trl_trs                       0.2216029 0.0439175 0.0439175 0.0470534 0.0470534 0.0500840 0.0498385 0.0409765 0.0409765 0.0439175 0.0438990 0.0438953 0.0438953 0.0439175 0.0468678 0.0438990 0.0468678 0.0293125 0.0265219 0.0237692 0.0237692 0.0265219 0.0294275 0.0294275 0.0266392 0.0321129 0.0321129 0.0265353 0.0266392 0.0294424 0.0294424 0.0265219 0.0000000 0.0940201 0.0654513 0.0622962 0.0622962 0.0654513 0.0654513 
Chimpanzee_alpha-1_herpesvirus_JQ360576_-_UL29_CDSChimpanzeealpha-1herpesvirusstrain105640completegenome                            0.2646046 0.1263128 0.1263128 0.1230785 0.1230785 0.1192140 0.1263128 0.1225337 0.1225337 0.1263128 0.1188442 0.1262586 0.1262586 0.1263128 0.1225871 0.1188442 0.1225871 0.1066829 0.1035422 0.1000419 0.1000419 0.1035422 0.1075547 0.1075547 0.1040082 0.1102277 0.1102277 0.1031697 0.1040082 0.1071598 0.1071598 0.1035422 0.0940201 0.0000000 0.0357918 0.0328817 0.0328817 0.0357918 0.0357918 
HSV-2v_1_Guinea_consensus_sequence_-_UL29_CDS167962readsassembledtoHuman_herpesvirus_2_NC_001798_sans_trl_trs                       0.2506155 0.1217078 0.1217078 0.1185060 0.1185060 0.1146983 0.1217078 0.1179802 0.1179802 0.1217078 0.1143408 0.1216547 0.1216547 0.1217078 0.1180324 0.1143408 0.1180324 0.1028043 0.0992752 0.0958254 0.0958254 0.0992752 0.1032180 0.1032180 0.0997219 0.1063190 0.1063190 0.0993217 0.0997219 0.1032659 0.1032659 0.0992752 0.0654513 0.0357918 0.0000000 0.0025309 0.0025309 0.0050855 0.0050855 
HSV-2v_2_Nigeria_consensus_sequence_-_UL29_CDS185442readsassembledtoHuman_herpesvirus_2_NC_001798_sans_trl_trs                      0.2454848 0.1179802 0.1179802 0.1148006 0.1148006 0.1110326 0.1179802 0.1142896 0.1142896 0.1179802 0.1106848 0.1179280 0.1179280 0.1179802 0.1143408 0.1106848 0.1143408 0.0992752 0.0957802 0.0923627 0.0923627 0.0957802 0.0996752 0.0996752 0.0962120 0.1027567 0.1027567 0.0958254 0.0962120 0.0997219 0.0997219 0.0957802 0.0622962 0.0328817 0.0025309 0.0000000 0.0000010 0.0025309 0.0025309 
HSV-2v_3_Niger_consensus_sequence_-_UL29_CDS186942readsassembledtoHuman_herpesvirus_2_NC_001798_sans_trl_trs                        0.2454848 0.1179802 0.1179802 0.1148006 0.1148006 0.1110326 0.1179802 0.1142896 0.1142896 0.1179802 0.1106848 0.1179280 0.1179280 0.1179802 0.1143408 0.1106848 0.1143408 0.0992752 0.0957802 0.0923627 0.0923627 0.0957802 0.0996752 0.0996752 0.0962120 0.1027567 0.1027567 0.0958254 0.0962120 0.0997219 0.0997219 0.0957802 0.0622962 0.0328817 0.0025309 0.0000010 0.0000000 0.0025309 0.0025309 
HSV-2v_6_Equatorial_Guinea_consensus_sequence_-_UL29_CDS101820readsassembledtoHuman_herpesvirus_2_NC_001798_sans_trl_trs            0.2506155 0.1217078 0.1217078 0.1185060 0.1185060 0.1146983 0.1217078 0.1179802 0.1179802 0.1217078 0.1143408 0.1216547 0.1216547 0.1217078 0.1180324 0.1143408 0.1180324 0.1028043 0.0992752 0.0958254 0.0958254 0.0992752 0.1032180 0.1032180 0.0997219 0.1063190 0.1063190 0.0993217 0.0997219 0.1032659 0.1032659 0.0992752 0.0654513 0.0357918 0.0050855 0.0025309 0.0025309 0.0000000 0.0050855 
HSV-2v_8_Mali_consensus_sequence_-_UL29_CDS100842readsassembledtoHuman_herpesvirus_2_NC_001798_sans_trl_trs                         0.2506155 0.1217078 0.1217078 0.1185060 0.1185060 0.1146983 0.1217078 0.1179802 0.1179802 0.1217078 0.1143408 0.1216547 0.1216547 0.1217078 0.1180324 0.1143408 0.1180324 0.1028043 0.0992752 0.0958254 0.0958254 0.0992752 0.1032180 0.1032180 0.0997219 0.1063190 0.1063190 0.0993217 0.0997219 0.1032659 0.1032659 0.0992752 0.0654513 0.0357918 0.0050855 0.0025309 0.0025309 0.0050855 0.0000000 
