31
Cercopithecine_herpesvirus_2_NC_006560_-_UL30_CDSCercopithecineherpesvirus2completegenome                                           0.0000000 0.2726207 0.2823935 0.2651882 0.2756917 0.2756917 0.2807285 0.2839919 0.2704046 0.2704046 0.2807285 0.2807285 0.2654998 0.2807285 0.2800682 0.2654998 0.2704046 0.3042943 0.2707196 0.2701129 0.2701129 0.2552501 0.2552501 0.2651642 0.2683414 0.2665724 0.2651642 0.2582120 0.2345223 0.2633050 0.2573353 
HSV-1_HM585509_Kenya_-_UL30_CDSHumanherpesvirus1strainE03partialgenome                                                              0.2726207 0.0000000 0.0043824 0.0087469 0.0087334 0.0087334 0.0109512 0.0110702 0.0065239 0.0065239 0.0109512 0.0109512 0.0087546 0.0109512 0.0132062 0.0087546 0.0109777 0.1231177 0.0109671 0.0109746 0.0109746 0.1220712 0.1220712 0.1167868 0.1318184 0.1205052 0.1167868 0.1232696 0.1083032 0.1276582 0.1199004 
HSV-1_HM585504_Kenya_-_UL30_CDSHumanherpesvirus1strainE22partialgenome                                                              0.2823935 0.0043824 0.0000000 0.0133982 0.0133773 0.0133773 0.0156567 0.0158302 0.0111024 0.0111024 0.0156567 0.0156567 0.0134103 0.0156567 0.0179835 0.0134103 0.0156954 0.1241467 0.0156797 0.0156912 0.0156912 0.1231407 0.1231407 0.1178236 0.1329343 0.1215654 0.1178236 0.1243584 0.1093024 0.1287833 0.1210473 
HSV-1_JN420340_USA_Seattle_Washington_-_UL30_CDSHumanherpesvirus1strainCJ394partialgenome                                           0.2651882 0.0087469 0.0133982 0.0000000 0.0043330 0.0043330 0.0065199 0.0065903 0.0021574 0.0021574 0.0065199 0.0065199 0.0043356 0.0065199 0.0132058 0.0043356 0.0021574 0.1236401 0.0065294 0.0065337 0.0065337 0.1177914 0.1177914 0.1135217 0.1275390 0.1162289 0.1135217 0.1189374 0.1040074 0.1232688 0.1163623 
HSV-1_HM585511_Kenya_-_UL30_CDSHumanherpesvirus1strainE19partialgenome                                                              0.2756917 0.0087334 0.0133773 0.0043330 0.0000000 0.0000010 0.0021489 0.0021720 0.0021541 0.0021541 0.0021489 0.0021489 0.0043289 0.0021489 0.0087064 0.0043289 0.0021541 0.1265643 0.0021520 0.0021534 0.0021534 0.1172568 0.1172568 0.1129945 0.1304954 0.1156983 0.1129945 0.1183939 0.1035052 0.1227086 0.1157814 
HSV-1_HM585498_Kenya_-_UL30_CDSHumanherpesvirus1strainE08partialgenome                                                              0.2756917 0.0087334 0.0133773 0.0043330 0.0000010 0.0000000 0.0021489 0.0021720 0.0021541 0.0021541 0.0021489 0.0021489 0.0043289 0.0021489 0.0087064 0.0043289 0.0021541 0.1265643 0.0021520 0.0021534 0.0021534 0.1172568 0.1172568 0.1129945 0.1304954 0.1156983 0.1129945 0.1183939 0.1035052 0.1227086 0.1157814 
HSV-1_HM585502_Kenya_-_UL30_CDSHumanherpesvirus1strainE13partialgenome                                                              0.2807285 0.0109512 0.0156567 0.0065199 0.0021489 0.0021489 0.0000000 0.0043577 0.0043227 0.0043227 0.0043123 0.0043123 0.0065137 0.0043123 0.0109172 0.0065137 0.0043227 0.1299004 0.0043186 0.0043213 0.0043213 0.1172568 0.1172568 0.1129945 0.1338760 0.1156983 0.1129945 0.1183939 0.1035052 0.1227086 0.1157814 
HSV-1_HM585501_Kenya_-_UL30_CDSHumanherpesvirus1strainE12partialgenome                                                              0.2839919 0.0110702 0.0158302 0.0065903 0.0021720 0.0021720 0.0043577 0.0000000 0.0043683 0.0043683 0.0043577 0.0043577 0.0065840 0.0043577 0.0110355 0.0065840 0.0043683 0.1315610 0.0043641 0.0043669 0.0043669 0.1172568 0.1172568 0.1129945 0.1355920 0.1156983 0.1129945 0.1183939 0.1035052 0.1227086 0.1157814 
HSV-1_KM222725_USA_-_UL30_CDSUNVERIFIEDHumanherpesvirus1strainFpartialgenome                                                        0.2704046 0.0065239 0.0111024 0.0021574 0.0021541 0.0021541 0.0043227 0.0043683 0.0000000 0.0000010 0.0043227 0.0043227 0.0065294 0.0043227 0.0109436 0.0065294 0.0043330 0.1231024 0.0043289 0.0043317 0.0043317 0.1172568 0.1172568 0.1129945 0.1269841 0.1156983 0.1129945 0.1183939 0.1035052 0.1227086 0.1157814 
HSV-1_KM222724_USA_-_UL30_CDSUNVERIFIEDHumanherpesvirus1strainFpartialgenome                                                        0.2704046 0.0065239 0.0111024 0.0021574 0.0021541 0.0021541 0.0043227 0.0043683 0.0000010 0.0000000 0.0043227 0.0043227 0.0065294 0.0043227 0.0109436 0.0065294 0.0043330 0.1231024 0.0043289 0.0043317 0.0043317 0.1172568 0.1172568 0.1129945 0.1269841 0.1156983 0.1129945 0.1183939 0.1035052 0.1227086 0.1157814 
HSV-1_HM585497_Kenya_-_UL30_CDSHumanherpesvirus1strainE07partialgenome                                                              0.2807285 0.0109512 0.0156567 0.0065199 0.0021489 0.0021489 0.0043123 0.0043577 0.0043227 0.0043227 0.0000000 0.0000010 0.0065137 0.0043123 0.0064999 0.0065137 0.0043227 0.1299004 0.0043186 0.0043213 0.0043213 0.1206432 0.1206432 0.1164147 0.1338760 0.1190879 0.1164147 0.1218159 0.1069621 0.1261588 0.1157814 
HSV-1_HM585507_Kenya_-_UL30_CDSHumanherpesvirus1strainE35partialgenome                                                              0.2807285 0.0109512 0.0156567 0.0065199 0.0021489 0.0021489 0.0043123 0.0043577 0.0043227 0.0043227 0.0000010 0.0000000 0.0065137 0.0043123 0.0064999 0.0065137 0.0043227 0.1299004 0.0043186 0.0043213 0.0043213 0.1206432 0.1206432 0.1164147 0.1338760 0.1190879 0.1164147 0.1218159 0.1069621 0.1261588 0.1157814 
HSV-1_KM222720_USA_-_UL30_CDSUNVERIFIEDHumanherpesvirus1strainMacIntyrepartialgenome                                                0.2654998 0.0087546 0.0134103 0.0043356 0.0043289 0.0043289 0.0065137 0.0065840 0.0065294 0.0065294 0.0065137 0.0065137 0.0000000 0.0065137 0.0087274 0.0000010 0.0021554 0.1274939 0.0065232 0.0065275 0.0065275 0.1181605 0.1181605 0.1138872 0.1314527 0.1165958 0.1138872 0.1193124 0.1043584 0.1236539 0.1167641 
HSV-1_JN420342_USA_Seattle_Washington_-_UL30_CDSHumanherpesvirus1strainOD4partialgenome                                             0.2807285 0.0109512 0.0156567 0.0065199 0.0021489 0.0021489 0.0043123 0.0043577 0.0043227 0.0043227 0.0043123 0.0043123 0.0065137 0.0000000 0.0109172 0.0065137 0.0043227 0.1299004 0.0043186 0.0043213 0.0043213 0.1206432 0.1206432 0.1164147 0.1338760 0.1190879 0.1164147 0.1218159 0.1069621 0.1261588 0.1194911 
HSV-1_JN420337_USA_Seattle_Washington_-_UL30_CDSHumanherpesvirus1strainTFT401partialgenome                                          0.2800682 0.0132062 0.0179835 0.0132058 0.0087064 0.0087064 0.0109172 0.0110355 0.0109436 0.0109436 0.0064999 0.0064999 0.0087274 0.0109172 0.0000000 0.0087274 0.0109436 0.1332440 0.0109330 0.0109405 0.0109405 0.1240391 0.1240391 0.1204026 0.1372640 0.1224865 0.1204026 0.1252490 0.1104316 0.1296177 0.1200686 
HSV-1_NC_001806_United_Kingdom_Regional_Virus_Laboratory_Ruchill_Hospital_Glasgow_-_UL30_CDSHumanherpesvirus1strain17completegenome 0.2654998 0.0087546 0.0134103 0.0043356 0.0043289 0.0043289 0.0065137 0.0065840 0.0065294 0.0065294 0.0065137 0.0065137 0.0000010 0.0065137 0.0087274 0.0000000 0.0021554 0.1274939 0.0065232 0.0065275 0.0065275 0.1181605 0.1181605 0.1138872 0.1314527 0.1165958 0.1138872 0.1193124 0.1043584 0.1236539 0.1167641 
HSV-1_JN420341_USA_Seattle_Washington_-_UL30_CDSHumanherpesvirus1strainCJ970partialgenome                                           0.2704046 0.0109777 0.0156954 0.0021574 0.0021541 0.0021541 0.0043227 0.0043683 0.0043330 0.0043330 0.0043227 0.0043227 0.0021554 0.0043227 0.0109436 0.0021554 0.0000000 0.1271160 0.0043289 0.0043317 0.0043317 0.1177914 0.1177914 0.1135217 0.1310643 0.1162289 0.1135217 0.1189374 0.1040074 0.1232688 0.1163623 
Chimpanzee_alpha-1_herpesvirus_JQ360576_-_UL30_CDSChimpanzeealpha-1herpesvirusstrain105640completegenome                            0.3042943 0.1231177 0.1241467 0.1236401 0.1265643 0.1265643 0.1299004 0.1315610 0.1231024 0.1231024 0.1299004 0.1299004 0.1274939 0.1299004 0.1332440 0.1274939 0.1271160 0.0000000 0.1232546 0.1229046 0.1229046 0.0241266 0.0241266 0.0219444 0.0229520 0.0293083 0.0219444 0.0243274 0.0230388 0.0240347 0.0236404 
HSV-2_KR135311_USA_WA__-_UL30_CDSUNVERIFIEDHumanherpesvirus2isolateHSV-2USBID-G1908310883-2001-133472005genomicsequence             0.2707196 0.0109671 0.0156797 0.0065294 0.0021520 0.0021520 0.0043186 0.0043641 0.0043289 0.0043289 0.0043186 0.0043186 0.0065232 0.0043186 0.0109330 0.0065232 0.0043289 0.1232546 0.0000000 0.0043276 0.0043276 0.1138987 0.1138987 0.1096024 0.1271421 0.1123354 0.1096024 0.1149999 0.1000758 0.1192863 0.1121057 
HSV-2_KR135306_Uganda_Rakai__-_UL30_CDSUNVERIFIEDHumanherpesvirus2isolateHSV-2UGBID-G19078A761912008genomicsequence                 0.2701129 0.0109746 0.0156912 0.0065337 0.0021534 0.0021534 0.0043213 0.0043669 0.0043317 0.0043317 0.0043213 0.0043213 0.0065275 0.0043213 0.0109405 0.0065275 0.0043317 0.1229046 0.0043276 0.0000000 0.0000010 0.1135608 0.1135608 0.1092698 0.1267808 0.1120001 0.1092698 0.1146562 0.0997612 0.1189316 0.1117399 
HSV-2_KR135319_Uganda_Rakai__-_UL30_CDSUNVERIFIEDHumanherpesvirus2isolateHSV-2UGBID-G19091D397652008genomicsequence                 0.2701129 0.0109746 0.0156912 0.0065337 0.0021534 0.0021534 0.0043213 0.0043669 0.0043317 0.0043317 0.0043213 0.0043213 0.0065275 0.0043213 0.0109405 0.0065275 0.0043317 0.1229046 0.0043276 0.0000010 0.0000000 0.1135608 0.1135608 0.1092698 0.1267808 0.1120001 0.1092698 0.1146562 0.0997612 0.1189316 0.1117399 
HSV-2v_1_Guinea_consensus_sequence_-_UL30_CDS167962readsassembledtoHuman_herpesvirus_2_NC_001798_sans_trl_trs                       0.2552501 0.1220712 0.1231407 0.1177914 0.1172568 0.1172568 0.1172568 0.1172568 0.1172568 0.1172568 0.1206432 0.1206432 0.1181605 0.1206432 0.1240391 0.1181605 0.1177914 0.0241266 0.1138987 0.1135608 0.1135608 0.0000000 0.0000010 0.0000010 0.0000010 0.0045963 0.0000010 0.0000010 0.0000010 0.0000010 0.0000010 
HSV-2v_2_Nigeria_consensus_sequence_-_UL30_CDS185442readsassembledtoHuman_herpesvirus_2_NC_001798_sans_trl_trs                      0.2552501 0.1220712 0.1231407 0.1177914 0.1172568 0.1172568 0.1172568 0.1172568 0.1172568 0.1172568 0.1206432 0.1206432 0.1181605 0.1206432 0.1240391 0.1181605 0.1177914 0.0241266 0.1138987 0.1135608 0.1135608 0.0000010 0.0000000 0.0000010 0.0000010 0.0045963 0.0000010 0.0000010 0.0000010 0.0000010 0.0000010 
HSV-2v_6_Equatorial_Guinea_consensus_sequence_-_UL30_CDS101820readsassembledtoHuman_herpesvirus_2_NC_001798_sans_trl_trs            0.2651642 0.1167868 0.1178236 0.1135217 0.1129945 0.1129945 0.1129945 0.1129945 0.1129945 0.1129945 0.1164147 0.1164147 0.1138872 0.1164147 0.1204026 0.1138872 0.1135217 0.0219444 0.1096024 0.1092698 0.1092698 0.0000010 0.0000010 0.0000000 0.0000010 0.0047116 0.0000010 0.0000010 0.0000010 0.0000010 0.0000010 
HSV-2v_7_Mali_consensus_sequence_-_UL30_CDS357675readsassembledtoHuman_herpesvirus_2_NC_001798_sans_trl_trs                         0.2683414 0.1318184 0.1329343 0.1275390 0.1304954 0.1304954 0.1338760 0.1355920 0.1269841 0.1269841 0.1338760 0.1338760 0.1314527 0.1338760 0.1372640 0.1314527 0.1310643 0.0229520 0.1271421 0.1267808 0.1267808 0.0000010 0.0000010 0.0000010 0.0000000 0.0045963 0.0000010 0.0000010 0.0000010 0.0000010 0.0000010 
HSV-2v_8_Mali_consensus_sequence_-_UL30_CDS100842readsassembledtoHuman_herpesvirus_2_NC_001798_sans_trl_trs                         0.2665724 0.1205052 0.1215654 0.1162289 0.1156983 0.1156983 0.1156983 0.1156983 0.1156983 0.1156983 0.1190879 0.1190879 0.1165958 0.1190879 0.1224865 0.1165958 0.1162289 0.0293083 0.1123354 0.1120001 0.1120001 0.0045963 0.0045963 0.0047116 0.0045963 0.0000000 0.0047116 0.0046330 0.0048796 0.0045963 0.0050626 
HSV-2v_9_Cote_d_Ivoire_consensus_sequence_-_UL30_CDS135955readsassembledtoHuman_herpesvirus_2_NC_001798_sans_trl_trs                0.2651642 0.1167868 0.1178236 0.1135217 0.1129945 0.1129945 0.1129945 0.1129945 0.1129945 0.1129945 0.1164147 0.1164147 0.1138872 0.1164147 0.1204026 0.1138872 0.1135217 0.0219444 0.1096024 0.1092698 0.1092698 0.0000010 0.0000010 0.0000010 0.0000010 0.0047116 0.0000000 0.0000010 0.0000010 0.0000010 0.0000010 
HSV-2v_12_Cote_d_Ivoire_consensus_sequence_-_UL30_CDS87540readsassembledtoHuman_herpesvirus_2_NC_001798_sans_trl_trs                0.2582120 0.1232696 0.1243584 0.1189374 0.1183939 0.1183939 0.1183939 0.1183939 0.1183939 0.1183939 0.1218159 0.1218159 0.1193124 0.1218159 0.1252490 0.1193124 0.1189374 0.0243274 0.1149999 0.1146562 0.1146562 0.0000010 0.0000010 0.0000010 0.0000010 0.0046330 0.0000010 0.0000000 0.0000010 0.0000010 0.0000010 
HSV-2v_14_France_Metropole_consensus_sequence_-_UL30_CDS142688readsassembledtoHuman_herpesvirus_2_NC_001798_sans_trl_trs            0.2345223 0.1083032 0.1093024 0.1040074 0.1035052 0.1035052 0.1035052 0.1035052 0.1035052 0.1035052 0.1069621 0.1069621 0.1043584 0.1069621 0.1104316 0.1043584 0.1040074 0.0230388 0.1000758 0.0997612 0.0997612 0.0000010 0.0000010 0.0000010 0.0000010 0.0048796 0.0000010 0.0000010 0.0000000 0.0000010 0.0000010 
HSV-2v_15_France_Martinique_consensus_sequence_-_UL30_CDS351512readsassembledtoHuman_herpesvirus_2_NC_001798_sans_trl_trs           0.2633050 0.1276582 0.1287833 0.1232688 0.1227086 0.1227086 0.1227086 0.1227086 0.1227086 0.1227086 0.1261588 0.1261588 0.1236539 0.1261588 0.1296177 0.1236539 0.1232688 0.0240347 0.1192863 0.1189316 0.1189316 0.0000010 0.0000010 0.0000010 0.0000010 0.0045963 0.0000010 0.0000010 0.0000010 0.0000000 0.0000010 
HSV-2v_16_France_Metropole_consensus_sequence_-_UL30_CDS79150readsassembledtoHuman_herpesvirus_2_NC_001798_sans_trl_trs             0.2573353 0.1199004 0.1210473 0.1163623 0.1157814 0.1157814 0.1157814 0.1157814 0.1157814 0.1157814 0.1157814 0.1157814 0.1167641 0.1194911 0.1200686 0.1167641 0.1163623 0.0236404 0.1121057 0.1117399 0.1117399 0.0000010 0.0000010 0.0000010 0.0000010 0.0050626 0.0000010 0.0000010 0.0000010 0.0000010 0.0000000 
