52
HSV-1_HM585496_Kenya_-_UL39_CDSHumanherpesvirus1strainE06partialgenome                                                    0.0000000 0.5065981 0.0000010 0.0059751 0.0019763 0.0039728 0.0019763 0.0059638 0.0059638 0.0079737 0.0039650 0.0039650 0.0039650 0.0039819 0.0059638 0.0059638 0.0079870 0.0099943 0.0079737 0.0059800 0.0059800 0.0100296 0.0100270 0.0059805 0.0059805 0.0039686 0.0163722 0.0039686 0.0490332 0.0490332 0.0966712 0.1039340 0.1090798 0.1122192 0.1119396 0.1148105 0.1122192 0.1114700 0.1114700 0.1155612 0.1194754 0.1254035 0.1155612 0.1117472 0.1194754 0.1092373 0.1092373 0.1117472 0.1295720 0.1254035 0.1184697 0.1122192 
Cercopithecine_herpesvirus_2_NC_006560_-_UL39_CDSCercopithecineherpesvirus2completegenome                                 0.5065981 0.0000000 0.5065981 0.5304351 0.4978395 0.5112236 0.4978395 0.5112284 0.5112284 0.5181502 0.5039513 0.5044633 0.5044633 0.5065981 0.5105638 0.5105638 0.5032337 0.5242336 0.5173188 0.5122966 0.5122966 0.5274526 0.5226880 0.5243150 0.5243150 0.4913428 0.5272476 0.4913428 0.5594812 0.5594812 0.5573200 0.6227610 0.5922479 0.5940423 0.6006809 0.6094082 0.5940423 0.5988877 0.5988877 0.5749099 0.5684837 0.5772454 0.5749099 0.5576842 0.5684837 0.5588031 0.5588031 0.5576842 0.5945658 0.5772454 0.5802987 0.5940423 
HSV-1_HM585507_Kenya_-_UL39_CDSHumanherpesvirus1strainE35partialgenome                                                    0.0000010 0.5065981 0.0000000 0.0059751 0.0019763 0.0039728 0.0019763 0.0059638 0.0059638 0.0079737 0.0039650 0.0039650 0.0039650 0.0039819 0.0059638 0.0059638 0.0079870 0.0099943 0.0079737 0.0059800 0.0059800 0.0100296 0.0100270 0.0059805 0.0059805 0.0039686 0.0163722 0.0039686 0.0490332 0.0490332 0.0966712 0.1039340 0.1090798 0.1122192 0.1119396 0.1148105 0.1122192 0.1114700 0.1114700 0.1155612 0.1194754 0.1254035 0.1155612 0.1117472 0.1194754 0.1092373 0.1092373 0.1117472 0.1295720 0.1254035 0.1184697 0.1122192 
HSV-1_JN420337_USA_Seattle_Washington_-_UL39_CDSHumanherpesvirus1strainTFT401partialgenome                                0.0059751 0.5304351 0.0059751 0.0000000 0.0080141 0.0100663 0.0080141 0.0080071 0.0080071 0.0100365 0.0100458 0.0059886 0.0059886 0.0059751 0.0080071 0.0080071 0.0100535 0.0120771 0.0100365 0.0080289 0.0080289 0.0121204 0.0121171 0.0039629 0.0039629 0.0100550 0.0228252 0.0100550 0.0565772 0.0565772 0.1059203 0.1132490 0.1187582 0.1219987 0.1216862 0.1246239 0.1219987 0.1211675 0.1211675 0.1254779 0.1295846 0.1358270 0.1254779 0.1214771 0.1295846 0.1189374 0.1189374 0.1214771 0.1402042 0.1358270 0.1284554 0.1219987 
HSV-1_KM222720_USA_-_UL39_CDSUNVERIFIEDHumanherpesvirus1strainMacIntyrepartialgenome                                      0.0019763 0.4978395 0.0019763 0.0080141 0.0000000 0.0019726 0.0000010 0.0039484 0.0039484 0.0059387 0.0019689 0.0019689 0.0019689 0.0019763 0.0039484 0.0039484 0.0059485 0.0079396 0.0059387 0.0039586 0.0039586 0.0079673 0.0079652 0.0080215 0.0080215 0.0019706 0.0142219 0.0019706 0.0516339 0.0516339 0.0932767 0.1073384 0.1126369 0.1158269 0.1155340 0.1184423 0.1158269 0.1150444 0.1150444 0.1192336 0.1232362 0.1293085 0.1192336 0.1153346 0.1232362 0.1128029 0.1128029 0.1153346 0.1335754 0.1293085 0.1221806 0.1158269 
HSV-1_JN420342_USA_Seattle_Washington_-_UL39_CDSHumanherpesvirus1strainOD4partialgenome                                   0.0039728 0.5112236 0.0039728 0.0100663 0.0019726 0.0000000 0.0019726 0.0059504 0.0059504 0.0079555 0.0039557 0.0039557 0.0039557 0.0039728 0.0059504 0.0059504 0.0079687 0.0099713 0.0079555 0.0059662 0.0059662 0.0100065 0.0100038 0.0100753 0.0100753 0.0039595 0.0163332 0.0039595 0.0541878 0.0541878 0.0963616 0.1105737 0.1160091 0.1192405 0.1189356 0.1218732 0.1192405 0.1184277 0.1184277 0.1227021 0.1267808 0.1329773 0.1227021 0.1187299 0.1267808 0.1161830 0.1161830 0.1187299 0.1373282 0.1329773 0.1256794 0.1192405 
HSV-1_JN420340_USA_Seattle_Washington_-_UL39_CDSHumanherpesvirus1strainCJ394partialgenome                                 0.0019763 0.4978395 0.0019763 0.0080141 0.0000010 0.0019726 0.0000000 0.0039484 0.0039484 0.0059387 0.0019689 0.0019689 0.0019689 0.0019763 0.0039484 0.0039484 0.0059485 0.0079396 0.0059387 0.0039586 0.0039586 0.0079673 0.0079652 0.0080215 0.0080215 0.0019706 0.0142219 0.0019706 0.0516339 0.0516339 0.0932767 0.1073384 0.1126369 0.1158269 0.1155340 0.1184423 0.1158269 0.1150444 0.1150444 0.1192336 0.1232362 0.1293085 0.1192336 0.1153346 0.1232362 0.1128029 0.1128029 0.1153346 0.1335754 0.1293085 0.1221806 0.1158269 
HSV-1_HM585515_South_Korea_-_UL39_CDSHumanherpesvirus1strainR62partialgenome                                              0.0059638 0.5112284 0.0059638 0.0080071 0.0039484 0.0059504 0.0039484 0.0000000 0.0000010 0.0019653 0.0059387 0.0019671 0.0019671 0.0059638 0.0039449 0.0039449 0.0059431 0.0079324 0.0059330 0.0039548 0.0039548 0.0079600 0.0079580 0.0080139 0.0080139 0.0059441 0.0183861 0.0059441 0.0564511 0.0564511 0.0987567 0.1129573 0.1184423 0.1216721 0.1213614 0.1242909 0.1216721 0.1208453 0.1208453 0.1251386 0.1292292 0.1354459 0.1251386 0.1211533 0.1292292 0.1186203 0.1186203 0.1211533 0.1398051 0.1354459 0.1281070 0.1216721 
HSV-1_HM585513_Japan_-_UL39_CDSHumanherpesvirus1strainS25partialgenome                                                    0.0059638 0.5112284 0.0059638 0.0080071 0.0039484 0.0059504 0.0039484 0.0000010 0.0000000 0.0019653 0.0059387 0.0019671 0.0019671 0.0059638 0.0039449 0.0039449 0.0059431 0.0079324 0.0059330 0.0039548 0.0039548 0.0079600 0.0079580 0.0080139 0.0080139 0.0059441 0.0183861 0.0059441 0.0564511 0.0564511 0.0987567 0.1129573 0.1184423 0.1216721 0.1213614 0.1242909 0.1216721 0.1208453 0.1208453 0.1251386 0.1292292 0.1354459 0.1251386 0.1211533 0.1292292 0.1186203 0.1186203 0.1211533 0.1398051 0.1354459 0.1281070 0.1216721 
HSV-1_HM585512_Japan_-_UL39_CDSHumanherpesvirus1strainS23partialgenome                                                    0.0079737 0.5181502 0.0079737 0.0100365 0.0059387 0.0079555 0.0059387 0.0019653 0.0019653 0.0000000 0.0079396 0.0039449 0.0039449 0.0079737 0.0059330 0.0059330 0.0079456 0.0099421 0.0079324 0.0059491 0.0059491 0.0099771 0.0099744 0.0100455 0.0100455 0.0079469 0.0204848 0.0079469 0.0539819 0.0539819 0.0959080 0.1157822 0.1154068 0.1186130 0.1183120 0.1212280 0.1186130 0.1178102 0.1178102 0.1220452 0.1260861 0.1322220 0.1220452 0.1181086 0.1260861 0.1215455 0.1215455 0.1181086 0.1365282 0.1322220 0.1250000 0.1186130 
HSV-1_JN420341_USA_Seattle_Washington_-_UL39_CDSHumanherpesvirus1strainCJ970partialgenome                                 0.0039650 0.5039513 0.0039650 0.0100458 0.0019689 0.0039557 0.0019689 0.0059387 0.0059387 0.0079396 0.0000000 0.0039484 0.0039484 0.0039650 0.0019671 0.0019671 0.0079528 0.0059330 0.0039449 0.0059536 0.0059536 0.0099862 0.0099836 0.0100548 0.0100548 0.0039514 0.0162985 0.0039514 0.0540364 0.0540364 0.0960109 0.1101425 0.1155340 0.1187440 0.1184423 0.1213614 0.1187440 0.1179395 0.1179395 0.1221806 0.1262273 0.1323721 0.1221806 0.1182385 0.1262273 0.1157060 0.1157060 0.1182385 0.1366845 0.1323721 0.1251386 0.1187440 
HSV-1_KM222725_USA_-_UL39_CDSUNVERIFIEDHumanherpesvirus1strainFpartialgenome                                              0.0039650 0.5044633 0.0039650 0.0059886 0.0019689 0.0039557 0.0019689 0.0019671 0.0019671 0.0039449 0.0039484 0.0000000 0.0000010 0.0039650 0.0019671 0.0019671 0.0039506 0.0059330 0.0039449 0.0019722 0.0019722 0.0059537 0.0059522 0.0059940 0.0059940 0.0039514 0.0162985 0.0039514 0.0540364 0.0540364 0.0960109 0.1101425 0.1155340 0.1187440 0.1184423 0.1213614 0.1187440 0.1179395 0.1179395 0.1221806 0.1262273 0.1323721 0.1221806 0.1182385 0.1262273 0.1157060 0.1157060 0.1182385 0.1366845 0.1323721 0.1251386 0.1187440 
HSV-1_KM222724_USA_-_UL39_CDSUNVERIFIEDHumanherpesvirus1strainFpartialgenome                                              0.0039650 0.5044633 0.0039650 0.0059886 0.0019689 0.0039557 0.0019689 0.0019671 0.0019671 0.0039449 0.0039484 0.0000010 0.0000000 0.0039650 0.0019671 0.0019671 0.0039506 0.0059330 0.0039449 0.0019722 0.0019722 0.0059537 0.0059522 0.0059940 0.0059940 0.0039514 0.0162985 0.0039514 0.0540364 0.0540364 0.0960109 0.1101425 0.1155340 0.1187440 0.1184423 0.1213614 0.1187440 0.1179395 0.1179395 0.1221806 0.1262273 0.1323721 0.1221806 0.1182385 0.1262273 0.1157060 0.1157060 0.1182385 0.1366845 0.1323721 0.1251386 0.1187440 
HSV-1_KF498959_USA_-_UL39_CDSHumanherpesvirus1isolateREcompletegenome                                                     0.0039819 0.5065981 0.0039819 0.0059751 0.0019763 0.0039728 0.0019763 0.0059638 0.0059638 0.0079737 0.0039650 0.0039650 0.0039650 0.0000000 0.0059638 0.0059638 0.0079870 0.0099943 0.0079737 0.0059800 0.0059800 0.0100296 0.0100270 0.0059805 0.0059805 0.0039686 0.0163722 0.0039686 0.0543387 0.0543387 0.0966712 0.1109398 0.1164068 0.1196526 0.1193453 0.1222950 0.1196526 0.1188338 0.1188338 0.1231311 0.1272313 0.1334632 0.1231311 0.1191383 0.1272313 0.1165821 0.1165821 0.1191383 0.1378376 0.1334632 0.1261209 0.1196526 
HSV-1_KT899744_USA_-_UL39_CDSHumanherpesvirus1isolateKOScompletegenome                                                    0.0059638 0.5105638 0.0059638 0.0080071 0.0039484 0.0059504 0.0039484 0.0039449 0.0039449 0.0059330 0.0019671 0.0019671 0.0019671 0.0059638 0.0000000 0.0000010 0.0059431 0.0039413 0.0019653 0.0039548 0.0039548 0.0079600 0.0079580 0.0080139 0.0080139 0.0059441 0.0183861 0.0059441 0.0564511 0.0564511 0.0987567 0.1129573 0.1184423 0.1216721 0.1213614 0.1242909 0.1216721 0.1208453 0.1208453 0.1251386 0.1292292 0.1354459 0.1251386 0.1211533 0.1292292 0.1186203 0.1186203 0.1211533 0.1398051 0.1354459 0.1281070 0.1216721 
HSV-1_KM222721_USA_-_UL39_CDSUNVERIFIEDHumanherpesvirus1strainKOSpartialgenome                                            0.0059638 0.5105638 0.0059638 0.0080071 0.0039484 0.0059504 0.0039484 0.0039449 0.0039449 0.0059330 0.0019671 0.0019671 0.0019671 0.0059638 0.0000010 0.0000000 0.0059431 0.0039413 0.0019653 0.0039548 0.0039548 0.0079600 0.0079580 0.0080139 0.0080139 0.0059441 0.0183861 0.0059441 0.0564511 0.0564511 0.0987567 0.1129573 0.1184423 0.1216721 0.1213614 0.1242909 0.1216721 0.1208453 0.1208453 0.1251386 0.1292292 0.1354459 0.1251386 0.1211533 0.1292292 0.1186203 0.1186203 0.1211533 0.1398051 0.1354459 0.1281070 0.1216721 
HSV-1_KM222726_USA_-_UL39_CDSUNVERIFIEDHumanherpesvirus1strainH166partialgenome                                           0.0079870 0.5032337 0.0079870 0.0100535 0.0059485 0.0079687 0.0059485 0.0059431 0.0059431 0.0079456 0.0079528 0.0039506 0.0039506 0.0079870 0.0059431 0.0059431 0.0000000 0.0059376 0.0039477 0.0059585 0.0059585 0.0099938 0.0099912 0.0100625 0.0100625 0.0079601 0.0205207 0.0079601 0.0589997 0.0589997 0.1017573 0.1160683 0.1216721 0.1249321 0.1246099 0.1275592 0.1249321 0.1240786 0.1240786 0.1284414 0.1325924 0.1389066 0.1284414 0.1243973 0.1325924 0.1218573 0.1218573 0.1243973 0.1433308 0.1389066 0.1314292 0.1249321 
HSV-1_KM222727_USA_-_UL39_CDSUNVERIFIEDHumanherpesvirus1strainH166synpartialgenome                                        0.0099943 0.5242336 0.0099943 0.0120771 0.0079396 0.0099713 0.0079396 0.0079324 0.0079324 0.0099421 0.0059330 0.0059330 0.0059330 0.0099943 0.0039413 0.0039413 0.0059376 0.0000000 0.0019635 0.0079538 0.0079538 0.0120049 0.0120017 0.0120879 0.0120879 0.0099603 0.0225945 0.0099603 0.0613168 0.0613168 0.1042823 0.1128359 0.1242909 0.1275592 0.1272305 0.1301798 0.1275592 0.1266883 0.1266883 0.1310855 0.1352638 0.1416225 0.1310855 0.1270141 0.1352638 0.1244811 0.1244811 0.1270141 0.1460746 0.1416225 0.1340736 0.1275592 
HSV-1_HM585514_South_Korea_-_UL39_CDSHumanherpesvirus1strainR11partialgenome                                              0.0079737 0.5173188 0.0079737 0.0100365 0.0059387 0.0079555 0.0059387 0.0059330 0.0059330 0.0079324 0.0039449 0.0039449 0.0039449 0.0079737 0.0019653 0.0019653 0.0039477 0.0019635 0.0000000 0.0059491 0.0059491 0.0099771 0.0099744 0.0100455 0.0100455 0.0079469 0.0204848 0.0079469 0.0588780 0.0588780 0.1015140 0.1157822 0.1213614 0.1246099 0.1242909 0.1272305 0.1246099 0.1237618 0.1237618 0.1281070 0.1322415 0.1385295 0.1281070 0.1240786 0.1322415 0.1215455 0.1215455 0.1240786 0.1429352 0.1385295 0.1310855 0.1246099 
HSV-1_HM585511_Kenya_-_UL39_CDSHumanherpesvirus1strainE19partialgenome                                                    0.0059800 0.5122966 0.0059800 0.0080289 0.0039586 0.0059662 0.0039586 0.0039548 0.0039548 0.0059491 0.0059536 0.0019722 0.0019722 0.0059800 0.0039548 0.0039548 0.0059585 0.0079538 0.0059491 0.0000000 0.0000010 0.0039498 0.0079795 0.0080360 0.0080360 0.0059596 0.0184393 0.0059596 0.0566587 0.0566587 0.0929437 0.1069278 0.1121849 0.1153542 0.1150644 0.1179549 0.1153542 0.1145796 0.1145796 0.1187371 0.1227092 0.1287323 0.1187371 0.1148668 0.1227092 0.1123491 0.1123491 0.1148668 0.1329625 0.1287323 0.1216655 0.1153542 
HSV-1_HM585498_Kenya_-_UL39_CDSHumanherpesvirus1strainE08partialgenome                                                    0.0059800 0.5122966 0.0059800 0.0080289 0.0039586 0.0059662 0.0039586 0.0039548 0.0039548 0.0059491 0.0059536 0.0019722 0.0019722 0.0059800 0.0039548 0.0039548 0.0059585 0.0079538 0.0059491 0.0000010 0.0000000 0.0039498 0.0079795 0.0080360 0.0080360 0.0059596 0.0184393 0.0059596 0.0566587 0.0566587 0.0929437 0.1069278 0.1121849 0.1153542 0.1150644 0.1179549 0.1153542 0.1145796 0.1145796 0.1187371 0.1227092 0.1287323 0.1187371 0.1148668 0.1227092 0.1123491 0.1123491 0.1148668 0.1329625 0.1287323 0.1216655 0.1153542 
HSV-1_HM585502_Kenya_-_UL39_CDSHumanherpesvirus1strainE13partialgenome                                                    0.0100296 0.5274526 0.0100296 0.0121204 0.0079673 0.0100065 0.0079673 0.0079600 0.0079600 0.0099771 0.0099862 0.0059537 0.0059537 0.0100296 0.0079600 0.0079600 0.0099938 0.0120049 0.0099771 0.0039498 0.0039498 0.0000000 0.0120444 0.0121313 0.0121313 0.0099954 0.0226807 0.0099954 0.0616158 0.0616158 0.0985282 0.1126753 0.1181308 0.1213462 0.1210377 0.1239548 0.1213462 0.1205247 0.1205247 0.1247959 0.1288648 0.1350465 0.1247959 0.1208308 0.1288648 0.1183075 0.1183075 0.1208308 0.1393802 0.1350465 0.1277512 0.1213462 
HSV-1_HM585497_Kenya_-_UL39_CDSHumanherpesvirus1strainE07partialgenome                                                    0.0100270 0.5226880 0.0100270 0.0121171 0.0079652 0.0100038 0.0079652 0.0079580 0.0079580 0.0099744 0.0099836 0.0059522 0.0059522 0.0100270 0.0079580 0.0079580 0.0099912 0.0120017 0.0099744 0.0079795 0.0079795 0.0120444 0.0000000 0.0080204 0.0080204 0.0099927 0.0226733 0.0099927 0.0588442 0.0588442 0.0956210 0.1096888 0.1150444 0.1182385 0.1179395 0.1208453 0.1182385 0.1174409 0.1174409 0.1216566 0.1256794 0.1317868 0.1216566 0.1213368 0.1256794 0.1152147 0.1152147 0.1213368 0.1360730 0.1317868 0.1246004 0.1182385 
HSV-1_HM585509_Kenya_-_UL39_CDSHumanherpesvirus1strainE03partialgenome                                                    0.0059805 0.5243150 0.0059805 0.0039629 0.0080215 0.0100753 0.0080215 0.0080139 0.0080139 0.0100455 0.0100548 0.0059940 0.0059940 0.0059805 0.0080139 0.0080139 0.0100625 0.0120879 0.0100455 0.0080360 0.0080360 0.0121313 0.0080204 0.0000000 0.0000010 0.0100640 0.0228461 0.0100640 0.0566323 0.0566323 0.1000010 0.1073106 0.1126031 0.1157895 0.1154971 0.1184021 0.1157895 0.1150081 0.1150081 0.1191922 0.1231896 0.1292536 0.1191922 0.1152979 0.1231896 0.1127688 0.1127688 0.1152979 0.1335141 0.1292536 0.1221358 0.1157895 
HSV-1_HM585504_Kenya_-_UL39_CDSHumanherpesvirus1strainE22partialgenome                                                    0.0059805 0.5243150 0.0059805 0.0039629 0.0080215 0.0100753 0.0080215 0.0080139 0.0080139 0.0100455 0.0100548 0.0059940 0.0059940 0.0059805 0.0080139 0.0080139 0.0100625 0.0120879 0.0100455 0.0080360 0.0080360 0.0121313 0.0080204 0.0000010 0.0000000 0.0100640 0.0228461 0.0100640 0.0566323 0.0566323 0.1000010 0.1073106 0.1126031 0.1157895 0.1154971 0.1184021 0.1157895 0.1150081 0.1150081 0.1191922 0.1231896 0.1292536 0.1191922 0.1152979 0.1231896 0.1127688 0.1127688 0.1152979 0.1335141 0.1292536 0.1221358 0.1157895 
HSV-2v_9_Cote_d_Ivoire_consensus_sequence_-_UL39_CDS135955readsassembledtoHuman_herpesvirus_2_NC_001798_sans_trl_trs      0.0039686 0.4913428 0.0039686 0.0100550 0.0019706 0.0039595 0.0019706 0.0059441 0.0059441 0.0079469 0.0039514 0.0039514 0.0039514 0.0039686 0.0059441 0.0059441 0.0079601 0.0099603 0.0079469 0.0059596 0.0059596 0.0099954 0.0099927 0.0100640 0.0100640 0.0000000 0.0121565 0.0000010 0.0492440 0.0492440 0.0905545 0.1045451 0.1097514 0.1129209 0.1126369 0.1155340 0.1129209 0.1121604 0.1121604 0.1162977 0.1202563 0.1262570 0.1162977 0.1124419 0.1202563 0.1099115 0.1099115 0.1124419 0.1304762 0.1262570 0.1192336 0.1129209 
HSV-2v_13_Congo_consensus_sequence_-_UL39_CDS111799readsassembledtoHuman_herpesvirus_2_NC_001798_sans_trl_trs             0.0163722 0.5272476 0.0163722 0.0228252 0.0142219 0.0163332 0.0142219 0.0183861 0.0183861 0.0204848 0.0162985 0.0162985 0.0162985 0.0163722 0.0183861 0.0183861 0.0205207 0.0225945 0.0204848 0.0184393 0.0184393 0.0226807 0.0226733 0.0228461 0.0228461 0.0121565 0.0000000 0.0121565 0.0345407 0.0345407 0.0728986 0.1007935 0.0905579 0.0935045 0.0932842 0.0960228 0.0935045 0.0929057 0.0929057 0.0965957 0.1001566 0.1054962 0.0965957 0.0931241 0.1001566 0.0906776 0.0906776 0.0931241 0.1092811 0.1054962 0.0993692 0.0935045 
HSV-2_KR135308_USA_MD__-_UL39_CDSUNVERIFIEDHumanherpesvirus2isolateHSV-2USBID-G1908044-4198512007genomicsequence          0.0039686 0.4913428 0.0039686 0.0100550 0.0019706 0.0039595 0.0019706 0.0059441 0.0059441 0.0079469 0.0039514 0.0039514 0.0039514 0.0039686 0.0059441 0.0059441 0.0079601 0.0099603 0.0079469 0.0059596 0.0059596 0.0099954 0.0099927 0.0100640 0.0100640 0.0000010 0.0121565 0.0000000 0.0492440 0.0492440 0.0905545 0.1045451 0.1097514 0.1129209 0.1126369 0.1155340 0.1129209 0.1121604 0.1121604 0.1162977 0.1202563 0.1262570 0.1162977 0.1124419 0.1202563 0.1099115 0.1099115 0.1124419 0.1304762 0.1262570 0.1192336 0.1129209 
HSV-2v_15_France_Martinique_consensus_sequence_-_UL39_CDS351512readsassembledtoHuman_herpesvirus_2_NC_001798_sans_trl_trs 0.0490332 0.5594812 0.0490332 0.0565772 0.0516339 0.0541878 0.0516339 0.0564511 0.0564511 0.0539819 0.0540364 0.0540364 0.0540364 0.0543387 0.0564511 0.0564511 0.0589997 0.0613168 0.0588780 0.0566587 0.0566587 0.0616158 0.0588442 0.0566323 0.0566323 0.0492440 0.0345407 0.0492440 0.0000000 0.0000010 0.0366561 0.0770185 0.0509409 0.0534136 0.0485390 0.0508903 0.0534136 0.0483635 0.0483635 0.0511233 0.0538463 0.0576956 0.0511233 0.0538463 0.0538463 0.0617457 0.0617457 0.0538463 0.0605717 0.0576956 0.0534999 0.0486353 
HSV-2_NC_001798_United_Kingdom_-_UL39_CDSHumanherpesvirus2strainHG52completegenome                                        0.0490332 0.5594812 0.0490332 0.0565772 0.0516339 0.0541878 0.0516339 0.0564511 0.0564511 0.0539819 0.0540364 0.0540364 0.0540364 0.0543387 0.0564511 0.0564511 0.0589997 0.0613168 0.0588780 0.0566587 0.0566587 0.0616158 0.0588442 0.0566323 0.0566323 0.0492440 0.0345407 0.0492440 0.0000010 0.0000000 0.0366561 0.0770185 0.0509409 0.0534136 0.0485390 0.0508903 0.0534136 0.0483635 0.0483635 0.0511233 0.0538463 0.0576956 0.0511233 0.0538463 0.0538463 0.0617457 0.0617457 0.0538463 0.0605717 0.0576956 0.0534999 0.0486353 
HSV-2_KR135311_USA_WA__-_UL39_CDSUNVERIFIEDHumanherpesvirus2isolateHSV-2USBID-G1908310883-2001-133472005genomicsequence   0.0966712 0.5573200 0.0966712 0.1059203 0.0932767 0.0963616 0.0932767 0.0987567 0.0987567 0.0959080 0.0960109 0.0960109 0.0960109 0.0966712 0.0987567 0.0987567 0.1017573 0.1042823 0.1015140 0.0929437 0.0929437 0.0985282 0.0956210 0.1000010 0.1000010 0.0905545 0.0728986 0.0905545 0.0366561 0.0366561 0.0000000 0.0458077 0.0206414 0.0228089 0.0185082 0.0206219 0.0228089 0.0206396 0.0206396 0.0164244 0.0186326 0.0213766 0.0164244 0.0186326 0.0186326 0.0252758 0.0252758 0.0186326 0.0237076 0.0213766 0.0185295 0.0185407 
Chimpanzee_alpha-1_herpesvirus_JQ360576_-_UL39_CDSChimpanzeealpha-1herpesvirusstrain105640completegenome                  0.1039340 0.6227610 0.1039340 0.1132490 0.1073384 0.1105737 0.1073384 0.1129573 0.1129573 0.1157822 0.1101425 0.1101425 0.1101425 0.1109398 0.1129573 0.1129573 0.1160683 0.1128359 0.1157822 0.1069278 0.1069278 0.1126753 0.1096888 0.1073106 0.1073106 0.1045451 0.1007935 0.1045451 0.0770185 0.0770185 0.0458077 0.0000000 0.0315375 0.0337944 0.0293262 0.0315074 0.0337944 0.0315361 0.0315361 0.0316347 0.0340369 0.0372486 0.0316347 0.0340369 0.0340369 0.0365666 0.0365666 0.0340369 0.0397806 0.0372486 0.0338375 0.0293796 
HSV-2v_16_France_Metropole_consensus_sequence_-_UL39_CDS79150readsassembledtoHuman_herpesvirus_2_NC_001798_sans_trl_trs   0.1090798 0.5922479 0.1090798 0.1187582 0.1126369 0.1160091 0.1126369 0.1184423 0.1184423 0.1154068 0.1155340 0.1155340 0.1155340 0.1164068 0.1184423 0.1184423 0.1216721 0.1242909 0.1213614 0.1121849 0.1121849 0.1181308 0.1150444 0.1126031 0.1126031 0.1097514 0.0905579 0.1097514 0.0509409 0.0509409 0.0206414 0.0315375 0.0000000 0.0019775 0.0019749 0.0039605 0.0019775 0.0039636 0.0039636 0.0079995 0.0100801 0.0125085 0.0079995 0.0100801 0.0100801 0.0163976 0.0163976 0.0100801 0.0147072 0.0125085 0.0100268 0.0059725 
HSV-2v_12_Cote_d_Ivoire_consensus_sequence_-_UL39_CDS87540readsassembledtoHuman_herpesvirus_2_NC_001798_sans_trl_trs      0.1122192 0.5940423 0.1122192 0.1219987 0.1158269 0.1192405 0.1158269 0.1216721 0.1216721 0.1186130 0.1187440 0.1187440 0.1187440 0.1196526 0.1216721 0.1216721 0.1249321 0.1275592 0.1246099 0.1153542 0.1153542 0.1213462 0.1182385 0.1157895 0.1157895 0.1129209 0.0935045 0.1129209 0.0534136 0.0534136 0.0228089 0.0337944 0.0019775 0.0000000 0.0039671 0.0059669 0.0000010 0.0059716 0.0059716 0.0100437 0.0121502 0.0146514 0.0100437 0.0121502 0.0121502 0.0185311 0.0185311 0.0121502 0.0168762 0.0146514 0.0120853 0.0039677 
HSV-2v_6_Equatorial_Guinea_consensus_sequence_-_UL39_CDS101820readsassembledtoHuman_herpesvirus_2_NC_001798_sans_trl_trs  0.1119396 0.6006809 0.1119396 0.1216862 0.1155340 0.1189356 0.1155340 0.1213614 0.1213614 0.1183120 0.1184423 0.1184423 0.1184423 0.1193453 0.1213614 0.1213614 0.1246099 0.1272305 0.1242909 0.1150644 0.1150644 0.1210377 0.1179395 0.1154971 0.1154971 0.1126369 0.0932842 0.1126369 0.0485390 0.0485390 0.0185082 0.0293262 0.0019749 0.0039671 0.0000000 0.0019732 0.0039671 0.0019746 0.0019746 0.0059777 0.0080344 0.0103913 0.0059777 0.0080344 0.0080344 0.0142945 0.0142945 0.0080344 0.0125660 0.0103913 0.0079913 0.0039671 
HSV-2v_8_Mali_consensus_sequence_-_UL39_CDS100842readsassembledtoHuman_herpesvirus_2_NC_001798_sans_trl_trs               0.1148105 0.6094082 0.1148105 0.1246239 0.1184423 0.1218732 0.1184423 0.1242909 0.1242909 0.1212280 0.1213614 0.1213614 0.1213614 0.1222950 0.1242909 0.1242909 0.1275592 0.1301798 0.1272305 0.1179549 0.1179549 0.1239548 0.1208453 0.1184021 0.1184021 0.1155340 0.0960228 0.1155340 0.0508903 0.0508903 0.0206219 0.0315074 0.0039605 0.0059669 0.0019732 0.0000000 0.0059669 0.0039599 0.0039599 0.0079913 0.0100708 0.0124966 0.0079913 0.0100708 0.0100708 0.0163823 0.0163823 0.0100708 0.0146931 0.0124966 0.0100176 0.0059669 
HSV-2v_1_Guinea_consensus_sequence_-_UL39_CDS167962readsassembledtoHuman_herpesvirus_2_NC_001798_sans_trl_trs             0.1122192 0.5940423 0.1122192 0.1219987 0.1158269 0.1192405 0.1158269 0.1216721 0.1216721 0.1186130 0.1187440 0.1187440 0.1187440 0.1196526 0.1216721 0.1216721 0.1249321 0.1275592 0.1246099 0.1153542 0.1153542 0.1213462 0.1182385 0.1157895 0.1157895 0.1129209 0.0935045 0.1129209 0.0534136 0.0534136 0.0228089 0.0337944 0.0019775 0.0000010 0.0039671 0.0059669 0.0000000 0.0059716 0.0059716 0.0100437 0.0121502 0.0146514 0.0100437 0.0121502 0.0121502 0.0185311 0.0185311 0.0121502 0.0168762 0.0146514 0.0120853 0.0039677 
HSV-2v_2_Nigeria_consensus_sequence_-_UL39_CDS185442readsassembledtoHuman_herpesvirus_2_NC_001798_sans_trl_trs            0.1114700 0.5988877 0.1114700 0.1211675 0.1150444 0.1184277 0.1150444 0.1208453 0.1208453 0.1178102 0.1179395 0.1179395 0.1179395 0.1188338 0.1208453 0.1208453 0.1240786 0.1266883 0.1237618 0.1145796 0.1145796 0.1205247 0.1174409 0.1150081 0.1150081 0.1121604 0.0929057 0.1121604 0.0483635 0.0483635 0.0206396 0.0315361 0.0039636 0.0059716 0.0019746 0.0039599 0.0059716 0.0000000 0.0000010 0.0079984 0.0100788 0.0125070 0.0079984 0.0100788 0.0100788 0.0163959 0.0163959 0.0100788 0.0147055 0.0125070 0.0100255 0.0059716 
HSV-2v_3_Niger_consensus_sequence_-_UL39_CDS186942readsassembledtoHuman_herpesvirus_2_NC_001798_sans_trl_trs              0.1114700 0.5988877 0.1114700 0.1211675 0.1150444 0.1184277 0.1150444 0.1208453 0.1208453 0.1178102 0.1179395 0.1179395 0.1179395 0.1188338 0.1208453 0.1208453 0.1240786 0.1266883 0.1237618 0.1145796 0.1145796 0.1205247 0.1174409 0.1150081 0.1150081 0.1121604 0.0929057 0.1121604 0.0483635 0.0483635 0.0206396 0.0315361 0.0039636 0.0059716 0.0019746 0.0039599 0.0059716 0.0000010 0.0000000 0.0079984 0.0100788 0.0125070 0.0079984 0.0100788 0.0100788 0.0163959 0.0163959 0.0100788 0.0147055 0.0125070 0.0100255 0.0059716 
HSV-2v_14_France_Metropole_consensus_sequence_-_UL39_CDS142688readsassembledtoHuman_herpesvirus_2_NC_001798_sans_trl_trs  0.1155612 0.5749099 0.1155612 0.1254779 0.1192336 0.1227021 0.1192336 0.1251386 0.1251386 0.1220452 0.1221806 0.1221806 0.1221806 0.1231311 0.1251386 0.1251386 0.1284414 0.1310855 0.1281070 0.1187371 0.1187371 0.1247959 0.1216566 0.1191922 0.1191922 0.1162977 0.0965957 0.1162977 0.0511233 0.0511233 0.0164244 0.0316347 0.0079995 0.0100437 0.0059777 0.0079913 0.0100437 0.0079984 0.0079984 0.0000000 0.0019845 0.0041146 0.0000010 0.0019845 0.0019845 0.0080694 0.0080694 0.0019845 0.0062182 0.0041146 0.0019746 0.0059877 
HSV-2v_18_consensus_sequence_-_UL39_CDS115015readsassembledtoHuman_herpesvirus_2_NC_001798_sans_trl_trs                   0.1194754 0.5684837 0.1194754 0.1295846 0.1232362 0.1267808 0.1232362 0.1292292 0.1292292 0.1260861 0.1262273 0.1262273 0.1262273 0.1272313 0.1292292 0.1292292 0.1325924 0.1352638 0.1322415 0.1227092 0.1227092 0.1288648 0.1256794 0.1231896 0.1231896 0.1202563 0.1001566 0.1202563 0.0538463 0.0538463 0.0186326 0.0340369 0.0100801 0.0121502 0.0080344 0.0100708 0.0121502 0.0100788 0.0100788 0.0019845 0.0000000 0.0020422 0.0019845 0.0040013 0.0000010 0.0060037 0.0060037 0.0040013 0.0041154 0.0020422 0.0039805 0.0080474 
HSV-2_KR135318_Uganda_Rakai__-_UL39_CDSUNVERIFIEDHumanherpesvirus2isolateHSV-2UGBID-G19090D396502008genomicsequence       0.1254035 0.5772454 0.1254035 0.1358270 0.1293085 0.1329773 0.1293085 0.1354459 0.1354459 0.1322220 0.1323721 0.1323721 0.1323721 0.1334632 0.1354459 0.1354459 0.1389066 0.1416225 0.1385295 0.1287323 0.1287323 0.1350465 0.1317868 0.1292536 0.1292536 0.1262570 0.1054962 0.1262570 0.0576956 0.0576956 0.0213766 0.0372486 0.0125085 0.0146514 0.0103913 0.0124966 0.0146514 0.0125070 0.0125070 0.0041146 0.0020422 0.0000000 0.0041146 0.0062182 0.0020422 0.0082884 0.0082884 0.0062182 0.0019844 0.0000010 0.0061847 0.0104094 
HSV-2_KR135306_Uganda_Rakai__-_UL39_CDSUNVERIFIEDHumanherpesvirus2isolateHSV-2UGBID-G19078A761912008genomicsequence       0.1155612 0.5749099 0.1155612 0.1254779 0.1192336 0.1227021 0.1192336 0.1251386 0.1251386 0.1220452 0.1221806 0.1221806 0.1221806 0.1231311 0.1251386 0.1251386 0.1284414 0.1310855 0.1281070 0.1187371 0.1187371 0.1247959 0.1216566 0.1191922 0.1191922 0.1162977 0.0965957 0.1162977 0.0511233 0.0511233 0.0164244 0.0316347 0.0079995 0.0100437 0.0059777 0.0079913 0.0100437 0.0079984 0.0079984 0.0000010 0.0019845 0.0041146 0.0000000 0.0019845 0.0019845 0.0080694 0.0080694 0.0019845 0.0062182 0.0041146 0.0019746 0.0059877 
HSV-2_KR135300_Uganda_Rakai__-_UL39_CDSUNVERIFIEDHumanherpesvirus2isolateHSV-2UGBID-G19072D306132007genomicsequence       0.1117472 0.5576842 0.1117472 0.1214771 0.1153346 0.1187299 0.1153346 0.1211533 0.1211533 0.1181086 0.1182385 0.1182385 0.1182385 0.1191383 0.1211533 0.1211533 0.1243973 0.1270141 0.1240786 0.1148668 0.1148668 0.1208308 0.1213368 0.1152979 0.1152979 0.1124419 0.0931241 0.1124419 0.0538463 0.0538463 0.0186326 0.0340369 0.0100801 0.0121502 0.0080344 0.0100708 0.0121502 0.0100788 0.0100788 0.0019845 0.0040013 0.0062182 0.0019845 0.0000000 0.0040013 0.0101694 0.0101694 0.0000010 0.0083542 0.0062182 0.0039805 0.0080474 
HSV-2_KR135325_Japan__-_UL39_CDSUNVERIFIEDHumanherpesvirus2isolateHSV-2JPBID-G32589JA5genomicsequence                     0.1194754 0.5684837 0.1194754 0.1295846 0.1232362 0.1267808 0.1232362 0.1292292 0.1292292 0.1260861 0.1262273 0.1262273 0.1262273 0.1272313 0.1292292 0.1292292 0.1325924 0.1352638 0.1322415 0.1227092 0.1227092 0.1288648 0.1256794 0.1231896 0.1231896 0.1202563 0.1001566 0.1202563 0.0538463 0.0538463 0.0186326 0.0340369 0.0100801 0.0121502 0.0080344 0.0100708 0.0121502 0.0100788 0.0100788 0.0019845 0.0000010 0.0020422 0.0019845 0.0040013 0.0000000 0.0060037 0.0060037 0.0040013 0.0041154 0.0020422 0.0039805 0.0080474 
HSV-2_KR135313_USA_WA__-_UL39_CDSUNVERIFIEDHumanherpesvirus2isolateHSV-2USBID-G190859335-2007-142011genomicsequence       0.1092373 0.5588031 0.1092373 0.1189374 0.1128029 0.1161830 0.1128029 0.1186203 0.1186203 0.1215455 0.1157060 0.1157060 0.1157060 0.1165821 0.1186203 0.1186203 0.1218573 0.1244811 0.1215455 0.1123491 0.1123491 0.1183075 0.1152147 0.1127688 0.1127688 0.1099115 0.0906776 0.1099115 0.0617457 0.0617457 0.0252758 0.0365666 0.0163976 0.0185311 0.0142945 0.0163823 0.0185311 0.0163959 0.0163959 0.0080694 0.0060037 0.0082884 0.0080694 0.0101694 0.0060037 0.0000000 0.0000010 0.0101694 0.0104395 0.0082884 0.0101150 0.0143192 
HSV-2_KR135312_USA_WA__-_UL39_CDSUNVERIFIEDHumanherpesvirus2isolateHSV-2USBID-G190849335-2005-5762009genomicsequence      0.1092373 0.5588031 0.1092373 0.1189374 0.1128029 0.1161830 0.1128029 0.1186203 0.1186203 0.1215455 0.1157060 0.1157060 0.1157060 0.1165821 0.1186203 0.1186203 0.1218573 0.1244811 0.1215455 0.1123491 0.1123491 0.1183075 0.1152147 0.1127688 0.1127688 0.1099115 0.0906776 0.1099115 0.0617457 0.0617457 0.0252758 0.0365666 0.0163976 0.0185311 0.0142945 0.0163823 0.0185311 0.0163959 0.0163959 0.0080694 0.0060037 0.0082884 0.0080694 0.0101694 0.0060037 0.0000010 0.0000000 0.0101694 0.0104395 0.0082884 0.0101150 0.0143192 
HSV-2_KR135319_Uganda_Rakai__-_UL39_CDSUNVERIFIEDHumanherpesvirus2isolateHSV-2UGBID-G19091D397652008genomicsequence       0.1117472 0.5576842 0.1117472 0.1214771 0.1153346 0.1187299 0.1153346 0.1211533 0.1211533 0.1181086 0.1182385 0.1182385 0.1182385 0.1191383 0.1211533 0.1211533 0.1243973 0.1270141 0.1240786 0.1148668 0.1148668 0.1208308 0.1213368 0.1152979 0.1152979 0.1124419 0.0931241 0.1124419 0.0538463 0.0538463 0.0186326 0.0340369 0.0100801 0.0121502 0.0080344 0.0100708 0.0121502 0.0100788 0.0100788 0.0019845 0.0040013 0.0062182 0.0019845 0.0000010 0.0040013 0.0101694 0.0101694 0.0000000 0.0083542 0.0062182 0.0039805 0.0080474 
HSV-2_KR135317_Uganda_Rakai__-_UL39_CDSUNVERIFIEDHumanherpesvirus2isolateHSV-2UGBID-G19089A768322007genomicsequence       0.1295720 0.5945658 0.1295720 0.1402042 0.1335754 0.1373282 0.1335754 0.1398051 0.1398051 0.1365282 0.1366845 0.1366845 0.1366845 0.1378376 0.1398051 0.1398051 0.1433308 0.1460746 0.1429352 0.1329625 0.1329625 0.1393802 0.1360730 0.1335141 0.1335141 0.1304762 0.1092811 0.1304762 0.0605717 0.0605717 0.0237076 0.0397806 0.0147072 0.0168762 0.0125660 0.0146931 0.0168762 0.0147055 0.0147055 0.0062182 0.0041154 0.0019844 0.0062182 0.0083542 0.0041154 0.0104395 0.0104395 0.0083542 0.0000000 0.0019844 0.0083086 0.0125881 
HSV-2_KR135316_Uganda_Rakai__-_UL39_CDSUNVERIFIEDHumanherpesvirus2isolateHSV-2UGBID-G19088G758092007genomicsequence       0.1254035 0.5772454 0.1254035 0.1358270 0.1293085 0.1329773 0.1293085 0.1354459 0.1354459 0.1322220 0.1323721 0.1323721 0.1323721 0.1334632 0.1354459 0.1354459 0.1389066 0.1416225 0.1385295 0.1287323 0.1287323 0.1350465 0.1317868 0.1292536 0.1292536 0.1262570 0.1054962 0.1262570 0.0576956 0.0576956 0.0213766 0.0372486 0.0125085 0.0146514 0.0103913 0.0124966 0.0146514 0.0125070 0.0125070 0.0041146 0.0020422 0.0000010 0.0041146 0.0062182 0.0020422 0.0082884 0.0082884 0.0062182 0.0019844 0.0000000 0.0061847 0.0104094 
HSV-2_KR135303_Uganda_Rakai__-_UL39_CDSUNVERIFIEDHumanherpesvirus2isolateHSV-2UGBID-G44423L228612007genomicsequence       0.1184697 0.5802987 0.1184697 0.1284554 0.1221806 0.1256794 0.1221806 0.1281070 0.1281070 0.1250000 0.1251386 0.1251386 0.1251386 0.1261209 0.1281070 0.1281070 0.1314292 0.1340736 0.1310855 0.1216655 0.1216655 0.1277512 0.1246004 0.1221358 0.1221358 0.1192336 0.0993692 0.1192336 0.0534999 0.0534999 0.0185295 0.0338375 0.0100268 0.0120853 0.0079913 0.0100176 0.0120853 0.0100255 0.0100255 0.0019746 0.0039805 0.0061847 0.0019746 0.0039805 0.0039805 0.0101150 0.0101150 0.0039805 0.0083086 0.0061847 0.0000000 0.0080056 
HSV-2v_7_Mali_consensus_sequence_-_UL39_CDS357675readsassembledtoHuman_herpesvirus_2_NC_001798_sans_trl_trs               0.1122192 0.5940423 0.1122192 0.1219987 0.1158269 0.1192405 0.1158269 0.1216721 0.1216721 0.1186130 0.1187440 0.1187440 0.1187440 0.1196526 0.1216721 0.1216721 0.1249321 0.1275592 0.1246099 0.1153542 0.1153542 0.1213462 0.1182385 0.1157895 0.1157895 0.1129209 0.0935045 0.1129209 0.0486353 0.0486353 0.0185407 0.0293796 0.0059725 0.0039677 0.0039671 0.0059669 0.0039677 0.0059716 0.0059716 0.0059877 0.0080474 0.0104094 0.0059877 0.0080474 0.0080474 0.0143192 0.0143192 0.0080474 0.0125881 0.0104094 0.0080056 0.0000000 
