93
HM585496_Human_herpesvirus_1            0.0000000 0.0051875 0.0072856 0.0007839 0.0007839 0.0052332 0.0056620 0.0015723 0.0077213 0.0107122 0.0077266 0.0068729 0.0089582 0.0089582 0.0069036 0.0093720 0.3492648 0.3879820 0.3488093 0.4887300 0.3386475 0.3860801 0.3227886 0.3495369 0.3598363 0.3665624 0.3978769 0.3803935 0.3799231 0.4074580 0.3252070 0.4071677 0.3132282 0.3618538 0.0068694 0.0093337 0.0073100 0.0077242 0.0064565 0.0076998 0.0068760 0.4358398 0.0060662 0.0060646 0.0073141 0.4185439 0.0069426 0.0068586 0.0081356 0.0081356 0.0064425 0.0060335 0.0077003 0.0073168 0.3935454 0.4218992 0.4125457 0.4225363 0.4215378 0.3942225 0.4235284 0.4216277 0.4181876 0.4216277 0.4199783 0.4192000 0.4177089 0.4202024 0.4181876 0.4188387 0.4180259 0.4175250 0.4230683 0.4226785 0.4226785 0.4215175 0.4214025 0.4213486 0.4190952 0.4175250 0.4213859 0.4195648 0.4182742 0.4217778 0.4168930 0.4194547 0.4201862 0.4179098 0.4206940 0.4132239 0.4204986 0.0072963 1.1485587 
HM585497_Human_herpesvirus_1            0.0051875 0.0000000 0.0027862 0.0043795 0.0043795 0.0039988 0.0052383 0.0051904 0.0072892 0.0119569 0.0089526 0.0023853 0.0093555 0.0093555 0.0073009 0.0097694 0.3499788 0.3904106 0.3523289 0.4887300 0.3398046 0.3887661 0.3252205 0.3522342 0.3583759 0.3707899 0.3978769 0.3851258 0.3829233 0.4126270 0.3276212 0.4112441 0.3140342 0.3685430 0.0072650 0.0114932 0.0068794 0.0081214 0.0068520 0.0097574 0.0072719 0.4328555 0.0064627 0.0064610 0.0077114 0.4199198 0.0056817 0.0089051 0.0077019 0.0077019 0.0077059 0.0072930 0.0089231 0.0077143 0.3949097 0.4232778 0.4139257 0.4239154 0.4232778 0.3955891 0.4249117 0.4230063 0.4195655 0.4230063 0.4213560 0.4205754 0.4190851 0.4215807 0.4195655 0.4202158 0.4194004 0.4189005 0.4244489 0.4240578 0.4240578 0.4228955 0.4227820 0.4227277 0.4204735 0.4189005 0.4227661 0.4209410 0.4196485 0.4231567 0.4182652 0.4208341 0.4215654 0.4192836 0.4220713 0.4146055 0.4218756 0.0085185 1.1565049 
HM585498_Human_herpesvirus_1            0.0072856 0.0027862 0.0000000 0.0064631 0.0064631 0.0027593 0.0039739 0.0072898 0.0068144 0.0114410 0.0084627 0.0003909 0.0088628 0.0088628 0.0068252 0.0092734 0.3483867 0.3885877 0.3528219 0.4965526 0.3384231 0.3893524 0.3254136 0.3538078 0.3588734 0.3689448 0.4067273 0.3857055 0.3806958 0.4131909 0.3278078 0.4191434 0.3142350 0.3665349 0.0072204 0.0114323 0.0064083 0.0080727 0.0068093 0.0101499 0.0072272 0.4336881 0.0059956 0.0059940 0.0064086 0.4207714 0.0044038 0.0092964 0.0072234 0.0072234 0.0072271 0.0068180 0.0093151 0.0072349 0.3958062 0.4241271 0.4147871 0.4247643 0.4241271 0.3956457 0.4257620 0.4238561 0.4204188 0.4238561 0.4222071 0.4214259 0.4199379 0.4224319 0.4204188 0.4210679 0.4202518 0.4197531 0.4252981 0.4249067 0.4249067 0.4237449 0.4236325 0.4235779 0.4213260 0.4197531 0.4236171 0.4217917 0.4204994 0.4240063 0.4191165 0.4216868 0.4224172 0.4201347 0.4229213 0.4154671 0.4227256 0.0080330 1.1541345 
HM585499_Human_herpesvirus_1            0.0007839 0.0043795 0.0064631 0.0000000 0.0000010 0.0044191 0.0048436 0.0007843 0.0068951 0.0098700 0.0068997 0.0060521 0.0081277 0.0081277 0.0060794 0.0085401 0.3495993 0.3899833 0.3507408 0.4887300 0.3403048 0.3887661 0.3230310 0.3517777 0.3602020 0.3686490 0.3978769 0.3830031 0.3823991 0.4103197 0.3254482 0.4112441 0.3134494 0.3641267 0.0060490 0.0084678 0.0064851 0.0068975 0.0056376 0.0068753 0.0060548 0.4340263 0.0052466 0.0052452 0.0064886 0.4187671 0.0061147 0.0060391 0.0073078 0.0073078 0.0056254 0.0052181 0.0068757 0.0064911 0.3937623 0.4221242 0.4127673 0.4227616 0.4217627 0.3944400 0.4237548 0.4218525 0.4184111 0.4218525 0.4202024 0.4194234 0.4179319 0.4204266 0.4184111 0.4190623 0.4182488 0.4177478 0.4232940 0.4229039 0.4229039 0.4217422 0.4216275 0.4215735 0.4193191 0.4177478 0.4216109 0.4197885 0.4184971 0.4220027 0.4171150 0.4196788 0.4204106 0.4181325 0.4209183 0.4134461 0.4207228 0.0064725 1.1479865 
HM585500_Human_herpesvirus_1            0.0007839 0.0043795 0.0064631 0.0000010 0.0000000 0.0044191 0.0048436 0.0007843 0.0068951 0.0098700 0.0068997 0.0060521 0.0081277 0.0081277 0.0060794 0.0085401 0.3495993 0.3899833 0.3507408 0.4887300 0.3403048 0.3887661 0.3230310 0.3517777 0.3602020 0.3686490 0.3978769 0.3830031 0.3823991 0.4103197 0.3254482 0.4112441 0.3134494 0.3641267 0.0060490 0.0084678 0.0064851 0.0068975 0.0056376 0.0068753 0.0060548 0.4340263 0.0052466 0.0052452 0.0064886 0.4187671 0.0061147 0.0060391 0.0073078 0.0073078 0.0056254 0.0052181 0.0068757 0.0064911 0.3937623 0.4221242 0.4127673 0.4227616 0.4217627 0.3944400 0.4237548 0.4218525 0.4184111 0.4218525 0.4202024 0.4194234 0.4179319 0.4204266 0.4184111 0.4190623 0.4182488 0.4177478 0.4232940 0.4229039 0.4229039 0.4217422 0.4216275 0.4215735 0.4193191 0.4177478 0.4216109 0.4197885 0.4184971 0.4220027 0.4171150 0.4196788 0.4204106 0.4181325 0.4209183 0.4134461 0.4207228 0.0064725 1.1479865 
HM585501_Human_herpesvirus_1            0.0052332 0.0039988 0.0027593 0.0044191 0.0044191 0.0000000 0.0027721 0.0052361 0.0047811 0.0093443 0.0064087 0.0023620 0.0068070 0.0068070 0.0047885 0.0072134 0.3466972 0.3867632 0.3510675 0.4887300 0.3369318 0.3868981 0.3241242 0.3517691 0.3570555 0.3670489 0.3978769 0.3833183 0.3784455 0.4105537 0.3265304 0.4153410 0.3144677 0.3644649 0.0051832 0.0092583 0.0043791 0.0060189 0.0047768 0.0080723 0.0051882 0.4320435 0.0039720 0.0039710 0.0043791 0.4186477 0.0031923 0.0072317 0.0051854 0.0051854 0.0051880 0.0047835 0.0072469 0.0051935 0.3933598 0.4219982 0.4126587 0.4226344 0.4216374 0.3940363 0.4236254 0.4217271 0.4182921 0.4217271 0.4200801 0.4193028 0.4178140 0.4203039 0.4182921 0.4189422 0.4181304 0.4176303 0.4231658 0.4227765 0.4227765 0.4216171 0.4215024 0.4214485 0.4191984 0.4176303 0.4214858 0.4196672 0.4183783 0.4218770 0.4169990 0.4195574 0.4202878 0.4180144 0.4207948 0.4133361 0.4205996 0.0059874 1.1465572 
HM585502_Human_herpesvirus_1            0.0056620 0.0052383 0.0039739 0.0048436 0.0048436 0.0027721 0.0000000 0.0056652 0.0043625 0.0080702 0.0051697 0.0035719 0.0055657 0.0055657 0.0035652 0.0059683 0.3399687 0.3794156 0.3440732 0.4887300 0.3310066 0.3791883 0.3190202 0.3458624 0.3497956 0.3594580 0.3978769 0.3737433 0.3713986 0.3999243 0.3214692 0.4073535 0.3097452 0.3561912 0.0039583 0.0083710 0.0039626 0.0047810 0.0043863 0.0068136 0.0039620 0.4297195 0.0043907 0.0043895 0.0031615 0.4157478 0.0019817 0.0068405 0.0047647 0.0047647 0.0047972 0.0043925 0.0059965 0.0039660 0.3913162 0.4190839 0.4097659 0.4197174 0.4187236 0.3919881 0.4206970 0.4188133 0.4153890 0.4188133 0.4171726 0.4164022 0.4149158 0.4173946 0.4153890 0.4160389 0.4152349 0.4147339 0.4202441 0.4198586 0.4198586 0.4187051 0.4185876 0.4185347 0.4162920 0.4147339 0.4185693 0.4167640 0.4154825 0.4189624 0.4141112 0.4166477 0.4173766 0.4151206 0.4178863 0.4104380 0.4176924 0.0055972 1.1451813 
HM585504_Human_herpesvirus_1            0.0015723 0.0051904 0.0072898 0.0007843 0.0007843 0.0052361 0.0056652 0.0000000 0.0077258 0.0107185 0.0077311 0.0068769 0.0089634 0.0089634 0.0069075 0.0093774 0.3495993 0.3899833 0.3507408 0.4887300 0.3403048 0.3887661 0.3230310 0.3517777 0.3602020 0.3686490 0.3978769 0.3830031 0.3823991 0.4103197 0.3254482 0.4112441 0.3134494 0.3641267 0.0068734 0.0093393 0.0073142 0.0077286 0.0064602 0.0077043 0.0068799 0.4358677 0.0060697 0.0060680 0.0073183 0.4205903 0.0069466 0.0068625 0.0081403 0.0081403 0.0064461 0.0060369 0.0077048 0.0073211 0.3955743 0.4239561 0.4145868 0.4245952 0.4235943 0.3949846 0.4255955 0.4236842 0.4202363 0.4236842 0.4220302 0.4212469 0.4197542 0.4222556 0.4202363 0.4208876 0.4200693 0.4195689 0.4251305 0.4247380 0.4247380 0.4235728 0.4234598 0.4234051 0.4211463 0.4195689 0.4234443 0.4216137 0.4203177 0.4238349 0.4189307 0.4215081 0.4222408 0.4199519 0.4227467 0.4152687 0.4225504 0.0073005 1.1524193 
HM585508_Human_herpesvirus_1            0.0077213 0.0072892 0.0068144 0.0068951 0.0068951 0.0047811 0.0043625 0.0077258 0.0000000 0.0101429 0.0071995 0.0064054 0.0075972 0.0075972 0.0055780 0.0080040 0.3462516 0.3860569 0.3505805 0.5107647 0.3365853 0.3859494 0.3236308 0.3511993 0.3565165 0.3679829 0.4237420 0.3824200 0.3776320 0.4125456 0.3260289 0.4135712 0.3140573 0.3638041 0.0059716 0.0096624 0.0003909 0.0068110 0.0064157 0.0080446 0.0059772 0.4314465 0.0064226 0.0064209 0.0059811 0.4201212 0.0056105 0.0089006 0.0011752 0.0011752 0.0068330 0.0064240 0.0072218 0.0059834 0.3957657 0.4234654 0.4141533 0.4241004 0.4231058 0.3964435 0.4250931 0.4231952 0.4197688 0.4231952 0.4215517 0.4207740 0.4192901 0.4217755 0.4197688 0.4204162 0.4196039 0.4191062 0.4246319 0.4242423 0.4242423 0.4230847 0.4229719 0.4229177 0.4206730 0.4191062 0.4229562 0.4211382 0.4198509 0.4233449 0.4184731 0.4210322 0.4217604 0.4194875 0.4222639 0.4148305 0.4220690 0.0068136 1.1551083 
HM585509_Human_herpesvirus_1            0.0107122 0.0119569 0.0114410 0.0098700 0.0098700 0.0093443 0.0080702 0.0107185 0.0101429 0.0000000 0.0101501 0.0110190 0.0105526 0.0105526 0.0084952 0.0109674 0.3388874 0.3783658 0.3478740 0.5049277 0.3306868 0.3799265 0.3179835 0.3480600 0.3486621 0.3635651 0.4165598 0.3809984 0.3742889 0.4033351 0.3204454 0.4151749 0.3077445 0.3606692 0.0088915 0.0127936 0.0097293 0.0097588 0.0093604 0.0106474 0.0088998 0.4346137 0.0093661 0.0093636 0.0097354 0.4194544 0.0093716 0.0110601 0.0105600 0.0105600 0.0072921 0.0068798 0.0101796 0.0089094 0.3928686 0.4228185 0.4134467 0.4234573 0.4224565 0.3935448 0.4244543 0.4225464 0.4190987 0.4225464 0.4208930 0.4201115 0.4186179 0.4211179 0.4190987 0.4197506 0.4189344 0.4184332 0.4239914 0.4235999 0.4235999 0.4224356 0.4223214 0.4222671 0.4200084 0.4184332 0.4223052 0.4204777 0.4191831 0.4226970 0.4177976 0.4203694 0.4211023 0.4188176 0.4216099 0.4141273 0.4214139 0.0097730 1.1564680 
HM585510_Human_herpesvirus_1            0.0077266 0.0089526 0.0084627 0.0068997 0.0068997 0.0064087 0.0051697 0.0077311 0.0071995 0.0101501 0.0000000 0.0080494 0.0084205 0.0084205 0.0047690 0.0088292 0.3489910 0.3889927 0.3519605 0.4970579 0.3396854 0.3876314 0.3259848 0.3528017 0.3594564 0.3694880 0.4072436 0.3843256 0.3832442 0.4114959 0.3283621 0.4094587 0.3174950 0.3654407 0.0067864 0.0096590 0.0067937 0.0076330 0.0064130 0.0072226 0.0059747 0.4349677 0.0064269 0.0064251 0.0059850 0.4210852 0.0064288 0.0080725 0.0076083 0.0076083 0.0068376 0.0064283 0.0072189 0.0051725 0.3966419 0.4244445 0.4156140 0.4250824 0.4240835 0.3973236 0.4260819 0.4241732 0.4207327 0.4241732 0.4225225 0.4217401 0.4202510 0.4227476 0.4207327 0.4213822 0.4205648 0.4200659 0.4256170 0.4252250 0.4252250 0.4240618 0.4239496 0.4238949 0.4216408 0.4200659 0.4239343 0.4221064 0.4208126 0.4243237 0.4194279 0.4220022 0.4227332 0.4204474 0.4232373 0.4162962 0.4230413 0.0068182 1.1594766 
HM585511_Human_herpesvirus_1            0.0068729 0.0023853 0.0003909 0.0060521 0.0060521 0.0023620 0.0035719 0.0068769 0.0064054 0.0110190 0.0080494 0.0000000 0.0084491 0.0084491 0.0064156 0.0088588 0.3466972 0.3867632 0.3510675 0.4887300 0.3369318 0.3868981 0.3241242 0.3517691 0.3570555 0.3670489 0.3978769 0.3833183 0.3784455 0.4105537 0.3265304 0.4153410 0.3130412 0.3644649 0.0068106 0.0109946 0.0060002 0.0076596 0.0064005 0.0097318 0.0068171 0.4326396 0.0055886 0.0055871 0.0060004 0.4197284 0.0039987 0.0088809 0.0068134 0.0068134 0.0068169 0.0064087 0.0088989 0.0068242 0.3947663 0.4230794 0.4137458 0.4237156 0.4230794 0.3946046 0.4247094 0.4228085 0.4193746 0.4228085 0.4211616 0.4203828 0.4188954 0.4213857 0.4193746 0.4200237 0.4192103 0.4187113 0.4242479 0.4238578 0.4238578 0.4226979 0.4225845 0.4225303 0.4202807 0.4187113 0.4225685 0.4207476 0.4194579 0.4229585 0.4180776 0.4206404 0.4213704 0.4190938 0.4218755 0.4144240 0.4216802 0.0076214 1.1509580 
HM585512_Human_herpesvirus_1            0.0089582 0.0093555 0.0088628 0.0081277 0.0081277 0.0068070 0.0055657 0.0089634 0.0075972 0.0105526 0.0084205 0.0084491 0.0000000 0.0000010 0.0059785 0.0003909 0.3453751 0.3850464 0.3511183 0.4846195 0.3366867 0.3826287 0.3249654 0.3501341 0.3555565 0.3654110 0.3978769 0.3791899 0.3727674 0.4055896 0.3273515 0.4055087 0.3152959 0.3626990 0.0047561 0.0109510 0.0071912 0.0055848 0.0068189 0.0092737 0.0055691 0.4320884 0.0072366 0.0072347 0.0071951 0.4207487 0.0068281 0.0093084 0.0080063 0.0080063 0.0072371 0.0068275 0.0084458 0.0063846 0.3963660 0.4240992 0.4147735 0.4247354 0.4237391 0.3970457 0.4257315 0.4238285 0.4203965 0.4238285 0.4221821 0.4214022 0.4199164 0.4224065 0.4203965 0.4210447 0.4202299 0.4197319 0.4252684 0.4248776 0.4248776 0.4237176 0.4236053 0.4235508 0.4213023 0.4197319 0.4235899 0.4217673 0.4204771 0.4239786 0.4190963 0.4216626 0.4223919 0.4201130 0.4228952 0.4154525 0.4226998 0.0080438 1.1522668 
HM585513_Human_herpesvirus_1            0.0089582 0.0093555 0.0088628 0.0081277 0.0081277 0.0068070 0.0055657 0.0089634 0.0075972 0.0105526 0.0084205 0.0084491 0.0000010 0.0000000 0.0059785 0.0003909 0.3453751 0.3850464 0.3511183 0.4846195 0.3366867 0.3826287 0.3249654 0.3501341 0.3555565 0.3654110 0.3978769 0.3791899 0.3727674 0.4055896 0.3273515 0.4055087 0.3152959 0.3626990 0.0047561 0.0109510 0.0071912 0.0055848 0.0068189 0.0092737 0.0055691 0.4320884 0.0072366 0.0072347 0.0071951 0.4207487 0.0068281 0.0093084 0.0080063 0.0080063 0.0072371 0.0068275 0.0084458 0.0063846 0.3963660 0.4240992 0.4147735 0.4247354 0.4237391 0.3970457 0.4257315 0.4238285 0.4203965 0.4238285 0.4221821 0.4214022 0.4199164 0.4224065 0.4203965 0.4210447 0.4202299 0.4197319 0.4252684 0.4248776 0.4248776 0.4237176 0.4236053 0.4235508 0.4213023 0.4197319 0.4235899 0.4217673 0.4204771 0.4239786 0.4190963 0.4216626 0.4223919 0.4201130 0.4228952 0.4154525 0.4226998 0.0080438 1.1522668 
HM585514_Human_herpesvirus_1            0.0069036 0.0073009 0.0068252 0.0060794 0.0060794 0.0047885 0.0035652 0.0069075 0.0055780 0.0084952 0.0047690 0.0064156 0.0059785 0.0059785 0.0000000 0.0063826 0.3456150 0.3855175 0.3499351 0.4970579 0.3359935 0.3873854 0.3219863 0.3504525 0.3558699 0.3657924 0.4072436 0.3816985 0.3789209 0.4087009 0.3244081 0.4159428 0.3114701 0.3630982 0.0043651 0.0088130 0.0051752 0.0051924 0.0047971 0.0064161 0.0043693 0.4308782 0.0048020 0.0048007 0.0027648 0.4174609 0.0048042 0.0072611 0.0059834 0.0059834 0.0052099 0.0048038 0.0064126 0.0003919 0.3929596 0.4208136 0.4114604 0.4214502 0.4204521 0.3936364 0.4224389 0.4205420 0.4171032 0.4205420 0.4188936 0.4181173 0.4166259 0.4191172 0.4171032 0.4177547 0.4169442 0.4164425 0.4219809 0.4215922 0.4215922 0.4204325 0.4203163 0.4202628 0.4180103 0.4164425 0.4202990 0.4184815 0.4171925 0.4206920 0.4158132 0.4183688 0.4191003 0.4168286 0.4196096 0.4121372 0.4194145 0.0060122 1.1493761 
HM585515_Human_herpesvirus_1            0.0093720 0.0097694 0.0092734 0.0085401 0.0085401 0.0072134 0.0059683 0.0093774 0.0080040 0.0109674 0.0088292 0.0088588 0.0003909 0.0003909 0.0063826 0.0000000 0.3453751 0.3850464 0.3511183 0.4846195 0.3366867 0.3826287 0.3260634 0.3501341 0.3555565 0.3654110 0.3978769 0.3791899 0.3727674 0.4055896 0.3284373 0.4055087 0.3163236 0.3626990 0.0051568 0.0113823 0.0075972 0.0059887 0.0072260 0.0096851 0.0059719 0.4329062 0.0076451 0.0076430 0.0076015 0.4215708 0.0072355 0.0097210 0.0084139 0.0084139 0.0076453 0.0072349 0.0088555 0.0067895 0.3972043 0.4249226 0.4155987 0.4255591 0.4245627 0.3978850 0.4265575 0.4246521 0.4212199 0.4246521 0.4230052 0.4222240 0.4207388 0.4232299 0.4212199 0.4218675 0.4210512 0.4205539 0.4260929 0.4257014 0.4257014 0.4245407 0.4244293 0.4243746 0.4221258 0.4205539 0.4244144 0.4225896 0.4212983 0.4248022 0.4199163 0.4224868 0.4232159 0.4209339 0.4237180 0.4162785 0.4235224 0.0084531 1.1509955 
HSV2_1                                  0.3492648 0.3499788 0.3483867 0.3495993 0.3495993 0.3466972 0.3399687 0.3495993 0.3462516 0.3388874 0.3489910 0.3466972 0.3453751 0.3453751 0.3456150 0.3453751 0.0000000 0.0023584 0.0008604 0.0026722 0.0030788 0.0009797 0.0021802 0.0009039 0.0039954 0.0017059 0.0000025 0.0021327 0.0018427 0.0062286 0.0037223 0.0014557 0.0044372 0.0009090 0.3406188 0.3227079 0.3462516 0.3411086 0.3440040 0.3456550 0.3392149 0.0908424 0.3484361 0.3484361 0.3452216 0.0043953 0.3443168 0.3454986 0.3491824 0.3491824 0.3399963 0.3399963 0.3454372 0.3471392 0.0029694 0.0074285 0.0029694 0.0051381 0.0074285 0.0029694 0.0059185 0.0043953 0.0043994 0.0043953 0.0043953 0.0036544 0.0036544 0.0036547 0.0043994 0.0029170 0.0043953 0.0036544 0.0044197 0.0036547 0.0036547 0.0029170 0.0043953 0.0043922 0.0051429 0.0036544 0.0036547 0.0036582 0.0044007 0.0043953 0.0044029 0.0029170 0.0036582 0.0043996 0.0043957 0.0029694 0.0043927 0.3445943 0.9187874 
HSV2_2                                  0.3879820 0.3904106 0.3885877 0.3899833 0.3899833 0.3867632 0.3794156 0.3899833 0.3860569 0.3783658 0.3889927 0.3867632 0.3850464 0.3850464 0.3855175 0.3850464 0.0023584 0.0000000 0.0016992 0.0053766 0.0039904 0.0019664 0.0014898 0.0035777 0.0050745 0.0016433 0.0035135 0.0020940 0.0027427 0.0072849 0.0045974 0.0014555 0.0053933 0.0018270 0.3800169 0.3602617 0.3860569 0.3821815 0.3839856 0.3853978 0.3785514 0.0921246 0.3886647 0.3886647 0.3849882 0.0052078 0.3813833 0.3851925 0.3891322 0.3891322 0.3794548 0.3794548 0.3851354 0.3871263 0.0037699 0.0082996 0.0037699 0.0052078 0.0082996 0.0037699 0.0067630 0.0059666 0.0052126 0.0059666 0.0052078 0.0044533 0.0044533 0.0044537 0.0052126 0.0037024 0.0059650 0.0044533 0.0052365 0.0044537 0.0044537 0.0037024 0.0052078 0.0052041 0.0059705 0.0044533 0.0044537 0.0044581 0.0052142 0.0052078 0.0052169 0.0037024 0.0044581 0.0052129 0.0052084 0.0037699 0.0052047 0.3844000 1.0631755 
HSV2_3                                  0.3488093 0.3523289 0.3528219 0.3507408 0.3507408 0.3510675 0.3440732 0.3507408 0.3505805 0.3478740 0.3519605 0.3510675 0.3511183 0.3511183 0.3499351 0.3511183 0.0008604 0.0016992 0.0000000 0.0026722 0.0024494 0.0000021 0.0016046 0.0018830 0.0037004 0.0008383 0.0000025 0.0010150 0.0009566 0.0051780 0.0030969 0.0000026 0.0039648 0.0000025 0.3447373 0.3214536 0.3505805 0.3468170 0.3482844 0.3483883 0.3432854 0.0839473 0.3547415 0.3544637 0.3477469 0.0037992 0.3511449 0.3482239 0.3536139 0.3536139 0.3490078 0.3474366 0.3482744 0.3515138 0.0023113 0.0069400 0.0023113 0.0045701 0.0069400 0.0023113 0.0053754 0.0045712 0.0038030 0.0045712 0.0037992 0.0030318 0.0030318 0.0030321 0.0038030 0.0022690 0.0037992 0.0030318 0.0038219 0.0030321 0.0030321 0.0022690 0.0030321 0.0037964 0.0045745 0.0030318 0.0030321 0.0030352 0.0038041 0.0037992 0.0038060 0.0022690 0.0030352 0.0038032 0.0037996 0.0023113 0.0037968 0.3488745 1.0489431 
HSV2_4                                  0.4887300 0.4887300 0.4965526 0.4887300 0.4887300 0.4887300 0.4887300 0.4887300 0.5107647 0.5049277 0.4970579 0.4887300 0.4846195 0.4846195 0.4970579 0.4846195 0.0026722 0.0053766 0.0026722 0.0000000 0.0053882 0.0026722 0.0053905 0.0026722 0.0000024 0.0000021 0.0000020 0.0053882 0.0026722 0.0026770 0.0000024 0.0026722 0.0026744 0.0026836 0.4846195 0.4984264 0.5107647 0.4846195 0.4887300 0.4967741 0.4846195 0.0827044 0.5044960 0.5044960 0.4887300 0.0000024 0.4887300 0.4833444 0.5107647 0.5107647 0.4887300 0.4887300 0.4960734 0.4970579 0.0000024 0.0054966 0.0000024 0.0000024 0.0054966 0.0000024 0.0054966 0.0000024 0.0026822 0.0000024 0.0000024 0.0000024 0.0000024 0.0000024 0.0026822 0.0000024 0.0000024 0.0000024 0.0000024 0.0000024 0.0000024 0.0000024 0.0000024 0.0053766 0.0054088 0.0000024 0.0000024 0.0000024 0.0000024 0.0000024 0.0000024 0.0000024 0.0000024 0.0000024 0.0000024 0.0000024 0.0000024 0.4926529 1.2730848 
HSV2_5                                  0.3386475 0.3398046 0.3384231 0.3403048 0.3403048 0.3369318 0.3310066 0.3403048 0.3365853 0.3306868 0.3396854 0.3369318 0.3366867 0.3366867 0.3359935 0.3366867 0.0030788 0.0039904 0.0024494 0.0053882 0.0000000 0.0029570 0.0042869 0.0046781 0.0058051 0.0035097 0.0035239 0.0043901 0.0037175 0.0073079 0.0062214 0.0014556 0.0070623 0.0027964 0.3316014 0.3159381 0.3365853 0.3320265 0.3345294 0.3367305 0.3303507 0.0845759 0.3386902 0.3384623 0.3356659 0.0066496 0.3369954 0.3378542 0.3391916 0.3391916 0.3325160 0.3311696 0.3365428 0.3373467 0.0054350 0.0086951 0.0053844 0.0066496 0.0086951 0.0054350 0.0080135 0.0073306 0.0066550 0.0073306 0.0066496 0.0059722 0.0059722 0.0059729 0.0066550 0.0052982 0.0066496 0.0059722 0.0066810 0.0059729 0.0059729 0.0052982 0.0066496 0.0066454 0.0073347 0.0059722 0.0059729 0.0059781 0.0066570 0.0073357 0.0066600 0.0052982 0.0059781 0.0066553 0.0066504 0.0053844 0.0066462 0.3357610 0.9210564 
HSV2_6                                  0.3860801 0.3887661 0.3893524 0.3887661 0.3887661 0.3868981 0.3791883 0.3887661 0.3859494 0.3799265 0.3876314 0.3868981 0.3826287 0.3826287 0.3873854 0.3826287 0.0009797 0.0019664 0.0000021 0.0026722 0.0029570 0.0000000 0.0019666 0.0020597 0.0030532 0.0009956 0.0000025 0.0011153 0.0010056 0.0055486 0.0029633 0.0000026 0.0039644 0.0000021 0.3799946 0.3575508 0.3859494 0.3807553 0.3827525 0.3850666 0.3780306 0.0917222 0.3938163 0.3938163 0.3818278 0.0039631 0.3818278 0.3847919 0.3881012 0.3881012 0.3813842 0.3813842 0.3848908 0.3895488 0.0030358 0.0070462 0.0030358 0.0039631 0.0070462 0.0030358 0.0060247 0.0039631 0.0049756 0.0039631 0.0039631 0.0039631 0.0039631 0.0029633 0.0049756 0.0029633 0.0039631 0.0039631 0.0050063 0.0029633 0.0029633 0.0029633 0.0029633 0.0049647 0.0059876 0.0039631 0.0029633 0.0029633 0.0039644 0.0039631 0.0039671 0.0029633 0.0039689 0.0049760 0.0029633 0.0030358 0.0029633 0.3858805 1.0035288 
HSV2_7                                  0.3227886 0.3252205 0.3254136 0.3230310 0.3230310 0.3241242 0.3190202 0.3230310 0.3236308 0.3179835 0.3259848 0.3241242 0.3249654 0.3249654 0.3219863 0.3260634 0.0021802 0.0014898 0.0016046 0.0053905 0.0042869 0.0019666 0.0000000 0.0034736 0.0054515 0.0023541 0.0035253 0.0019495 0.0027387 0.0072922 0.0061821 0.0014557 0.0053350 0.0017227 0.3193929 0.2972517 0.3225343 0.3209221 0.3206701 0.3220893 0.3171312 0.0826606 0.3253821 0.3251911 0.3230722 0.0064086 0.3241775 0.3230794 0.3248054 0.3248054 0.3158294 0.3158294 0.3219352 0.3231629 0.0052992 0.0088346 0.0052992 0.0070031 0.0088346 0.0052992 0.0076322 0.0064086 0.0064132 0.0064086 0.0064086 0.0058154 0.0058154 0.0058159 0.0064132 0.0052248 0.0070031 0.0058154 0.0064353 0.0058159 0.0058159 0.0058154 0.0064086 0.0064050 0.0070081 0.0058154 0.0058159 0.0058204 0.0064148 0.0070089 0.0064173 0.0052248 0.0058204 0.0064134 0.0064092 0.0052992 0.0064057 0.3212093 0.9407418 
HSV2_8                                  0.3495369 0.3522342 0.3538078 0.3517777 0.3517777 0.3517691 0.3458624 0.3517777 0.3511993 0.3480600 0.3528017 0.3517691 0.3501341 0.3501341 0.3504525 0.3501341 0.0009039 0.0035777 0.0018830 0.0026722 0.0046781 0.0020597 0.0034736 0.0000000 0.0048241 0.0026647 0.0000025 0.0031438 0.0028870 0.0078528 0.0052514 0.0014576 0.0061449 0.0018658 0.3444226 0.3312292 0.3511993 0.3474351 0.3464039 0.3504778 0.3427395 0.0905970 0.3557161 0.3557161 0.3479122 0.0061429 0.3458624 0.3502847 0.3547186 0.3547186 0.3458624 0.3458624 0.3485237 0.3522851 0.0053649 0.0098115 0.0053649 0.0070387 0.0098115 0.0053649 0.0089011 0.0070399 0.0070474 0.0070399 0.0070399 0.0061429 0.0061429 0.0061439 0.0070474 0.0052514 0.0070387 0.0061429 0.0070835 0.0061439 0.0061439 0.0052514 0.0061439 0.0070340 0.0079488 0.0061429 0.0052514 0.0052514 0.0061449 0.0070399 0.0061485 0.0052514 0.0061510 0.0070480 0.0061439 0.0053649 0.0052514 0.3492211 0.9287795 
HSV2_9                                  0.3598363 0.3583759 0.3588734 0.3602020 0.3602020 0.3570555 0.3497956 0.3602020 0.3565165 0.3486621 0.3594564 0.3570555 0.3555565 0.3555565 0.3558699 0.3555565 0.0039954 0.0050745 0.0037004 0.0000024 0.0058051 0.0030532 0.0054515 0.0048241 0.0000000 0.0027217 0.0000025 0.0043737 0.0019560 0.0041373 0.0007781 0.0030871 0.0015408 0.0028897 0.3504685 0.3284143 0.3565165 0.3510052 0.3541905 0.3558701 0.3489718 0.0883746 0.3592225 0.3589325 0.3502666 0.0015405 0.3544024 0.3541925 0.3596462 0.3596462 0.3498276 0.3498276 0.3556287 0.3575002 0.0015684 0.0046936 0.0015684 0.0023159 0.0046936 0.0015684 0.0046918 0.0030945 0.0030975 0.0030945 0.0030945 0.0023143 0.0023143 0.0023145 0.0030975 0.0015394 0.0015405 0.0023143 0.0031133 0.0023145 0.0023145 0.0015394 0.0030945 0.0030922 0.0038810 0.0023143 0.0007686 0.0023169 0.0030984 0.0038814 0.0031001 0.0015394 0.0023169 0.0030977 0.0015406 0.0015684 0.0007686 0.3547695 0.9243593 
HSV2_10                                 0.3665624 0.3707899 0.3689448 0.3686490 0.3686490 0.3670489 0.3594580 0.3686490 0.3679829 0.3635651 0.3694880 0.3670489 0.3654110 0.3654110 0.3657924 0.3654110 0.0017059 0.0016433 0.0008383 0.0000021 0.0035097 0.0009956 0.0023541 0.0026647 0.0027217 0.0000000 0.0000020 0.0020132 0.0018444 0.0030927 0.0015668 0.0014632 0.0023618 0.0008785 0.3601337 0.3361887 0.3664285 0.3623806 0.3640949 0.3640690 0.3585863 0.0832067 0.3707138 0.3707138 0.3652971 0.0023553 0.3615103 0.3649548 0.3696689 0.3696689 0.3630631 0.3630631 0.3639404 0.3674829 0.0007959 0.0055818 0.0007959 0.0031480 0.0055818 0.0007959 0.0039697 0.0023553 0.0023577 0.0023553 0.0023553 0.0015667 0.0015667 0.0015668 0.0023577 0.0007813 0.0031480 0.0015667 0.0023702 0.0015668 0.0015668 0.0007813 0.0015668 0.0023535 0.0031517 0.0015667 0.0015668 0.0015684 0.0023583 0.0023553 0.0023583 0.0007813 0.0015684 0.0023578 0.0023554 0.0007959 0.0023536 0.3646413 1.0380175 
HSV2_11                                 0.3978769 0.3978769 0.4067273 0.3978769 0.3978769 0.3978769 0.3978769 0.3978769 0.4237420 0.4165598 0.4072436 0.3978769 0.3978769 0.3978769 0.4072436 0.3978769 0.0000025 0.0035135 0.0000025 0.0000020 0.0035239 0.0000025 0.0035253 0.0000025 0.0000025 0.0000020 0.0000000 0.0000025 0.0000025 0.0000025 0.0000025 0.0000025 0.0035278 0.0000025 0.3978769 0.4095141 0.4237420 0.3978769 0.3978769 0.4127089 0.3978769 0.0673575 0.4067273 0.4067273 0.3978769 0.0000025 0.3978769 0.3925680 0.4237420 0.4237420 0.3978769 0.3978769 0.4120184 0.4072436 0.0000025 0.0073058 0.0000025 0.0000025 0.0073058 0.0000025 0.0073058 0.0000025 0.0035412 0.0000025 0.0000025 0.0000025 0.0000025 0.0000025 0.0035412 0.0000025 0.0000025 0.0000025 0.0000025 0.0000025 0.0000025 0.0000025 0.0000025 0.0035239 0.0071602 0.0000025 0.0000025 0.0000025 0.0000025 0.0000025 0.0000025 0.0000025 0.0000025 0.0000025 0.0000025 0.0000025 0.0000025 0.4024130 1.1318917 
HSV2_12                                 0.3803935 0.3851258 0.3857055 0.3830031 0.3830031 0.3833183 0.3737433 0.3830031 0.3824200 0.3809984 0.3843256 0.3833183 0.3791899 0.3791899 0.3816985 0.3791899 0.0021327 0.0020940 0.0010150 0.0053882 0.0043901 0.0011153 0.0019495 0.0031438 0.0043737 0.0020132 0.0000025 0.0000000 0.0022137 0.0070410 0.0049336 0.0015014 0.0059391 0.0010010 0.3745430 0.3502985 0.3824200 0.3752750 0.3771666 0.3794697 0.3726277 0.0932327 0.3879270 0.3879270 0.3763088 0.0059370 0.3763088 0.3772900 0.3864464 0.3864464 0.3803249 0.3803249 0.3793014 0.3838046 0.0050542 0.0100792 0.0050542 0.0069472 0.0100792 0.0050542 0.0090502 0.0069485 0.0069570 0.0069485 0.0069485 0.0059370 0.0059370 0.0059380 0.0069570 0.0049336 0.0059370 0.0059370 0.0069973 0.0059380 0.0059380 0.0049336 0.0059380 0.0069420 0.0079741 0.0059370 0.0049336 0.0049336 0.0059391 0.0069485 0.0059430 0.0049336 0.0059458 0.0069575 0.0059380 0.0050542 0.0049336 0.3802424 1.0171406 
HSV2_13                                 0.3799231 0.3829233 0.3806958 0.3823991 0.3823991 0.3784455 0.3713986 0.3823991 0.3776320 0.3742889 0.3832442 0.3784455 0.3727674 0.3727674 0.3789209 0.3727674 0.0018427 0.0027427 0.0009566 0.0026722 0.0037175 0.0010056 0.0027387 0.0028870 0.0019560 0.0018444 0.0000025 0.0022137 0.0000000 0.0044022 0.0018212 0.0000026 0.0027424 0.0009680 0.3721627 0.3506730 0.3776320 0.3728523 0.3746205 0.3768244 0.3703468 0.0885346 0.3848007 0.3848007 0.3760568 0.0027402 0.3738267 0.3765817 0.3814418 0.3814418 0.3756500 0.3756500 0.3766664 0.3809149 0.0018622 0.0055629 0.0018622 0.0027402 0.0055629 0.0018622 0.0046245 0.0027402 0.0036683 0.0027402 0.0027402 0.0027402 0.0027402 0.0018212 0.0036683 0.0018212 0.0027402 0.0027402 0.0036900 0.0018212 0.0018212 0.0018212 0.0018212 0.0036608 0.0045982 0.0027402 0.0018212 0.0018212 0.0027409 0.0027402 0.0027426 0.0018212 0.0027438 0.0036685 0.0018212 0.0018622 0.0027380 0.3775460 1.0097396 
HSV2_14                                 0.4074580 0.4126270 0.4131909 0.4103197 0.4103197 0.4105537 0.3999243 0.4103197 0.4125456 0.4033351 0.4114959 0.4105537 0.4055896 0.4055896 0.4087009 0.4055896 0.0062286 0.0072849 0.0051780 0.0026770 0.0073079 0.0055486 0.0072922 0.0078528 0.0041373 0.0030927 0.0000025 0.0070410 0.0044022 0.0000000 0.0030875 0.0065809 0.0041311 0.0053702 0.4007173 0.3742879 0.4125456 0.4015574 0.4066578 0.4061305 0.3986529 0.0886093 0.4156336 0.4156336 0.4052896 0.0041297 0.4027341 0.4053482 0.4169186 0.4169186 0.4048076 0.4048076 0.4059325 0.4109895 0.0021023 0.0084246 0.0021023 0.0030875 0.0084246 0.0021023 0.0062828 0.0041297 0.0041352 0.0041297 0.0041297 0.0030871 0.0030871 0.0030875 0.0041352 0.0020515 0.0041297 0.0030871 0.0041625 0.0030875 0.0030875 0.0020515 0.0030875 0.0041257 0.0051852 0.0030871 0.0030875 0.0030918 0.0041369 0.0041297 0.0041369 0.0020515 0.0030918 0.0041355 0.0041303 0.0021023 0.0030875 0.4079692 1.1425744 
HSV2_15                                 0.3252070 0.3276212 0.3278078 0.3254482 0.3254482 0.3265304 0.3214692 0.3254482 0.3260289 0.3204454 0.3283621 0.3265304 0.3273515 0.3273515 0.3244081 0.3284373 0.0037223 0.0045974 0.0030969 0.0000024 0.0062214 0.0029633 0.0061821 0.0052514 0.0007781 0.0015668 0.0000025 0.0049336 0.0018212 0.0030875 0.0000000 0.0029295 0.0005924 0.0034748 0.3241472 0.3011815 0.3249446 0.3233472 0.3231134 0.3245026 0.3195949 0.0818361 0.3266847 0.3264951 0.3230880 0.0005627 0.3265836 0.3254800 0.3271912 0.3271912 0.3194596 0.3183053 0.3243487 0.3255723 0.0005701 0.0028488 0.0005701 0.0011287 0.0028488 0.0005701 0.0028479 0.0016951 0.0016964 0.0016951 0.0016951 0.0011281 0.0011281 0.0011281 0.0016964 0.0005624 0.0011287 0.0011281 0.0017029 0.0011281 0.0011281 0.0011281 0.0016951 0.0016942 0.0022657 0.0011281 0.0000010 0.0011290 0.0016967 0.0022658 0.0016973 0.0005624 0.0011295 0.0016964 0.0005627 0.0005701 0.0005624 0.3236384 0.9229134 
HSV2_16                                 0.4071677 0.4112441 0.4191434 0.4112441 0.4112441 0.4153410 0.4073535 0.4112441 0.4135712 0.4151749 0.4094587 0.4153410 0.4055087 0.4055087 0.4159428 0.4055087 0.0014557 0.0014555 0.0000026 0.0026722 0.0014556 0.0000026 0.0014557 0.0014576 0.0030871 0.0014632 0.0000025 0.0015014 0.0000026 0.0065809 0.0029295 0.0000000 0.0044164 0.0000026 0.4055087 0.4059243 0.4135712 0.4055087 0.4129579 0.4117009 0.4055087 0.0973327 0.4229725 0.4229725 0.4073535 0.0044142 0.4073535 0.4135712 0.4135712 0.4135712 0.4129579 0.4129579 0.4114137 0.4159428 0.0029894 0.0090356 0.0029894 0.0044142 0.0090356 0.0029894 0.0075043 0.0029295 0.0059245 0.0029295 0.0044142 0.0044142 0.0044142 0.0029295 0.0059245 0.0029295 0.0044142 0.0044142 0.0044089 0.0029295 0.0029295 0.0029295 0.0029295 0.0059053 0.0074384 0.0044142 0.0029295 0.0029295 0.0029295 0.0044142 0.0029295 0.0029295 0.0044238 0.0044142 0.0029295 0.0029894 0.0029295 0.4135796 1.1252302 
HSV2_17                                 0.3132282 0.3140342 0.3142350 0.3134494 0.3134494 0.3144677 0.3097452 0.3134494 0.3140573 0.3077445 0.3174950 0.3130412 0.3152959 0.3152959 0.3114701 0.3163236 0.0044372 0.0053933 0.0039648 0.0026744 0.0070623 0.0039644 0.0053350 0.0061449 0.0015408 0.0023618 0.0035278 0.0059391 0.0027424 0.0041311 0.0005924 0.0044164 0.0000000 0.0043671 0.3090917 0.2910160 0.3130308 0.3105093 0.3109608 0.3123414 0.3077223 0.0792029 0.3156377 0.3154643 0.3112620 0.0010775 0.3145160 0.3132742 0.3151539 0.3151539 0.3068576 0.3057684 0.3122031 0.3125679 0.0010910 0.0032692 0.0010910 0.0016194 0.0032692 0.0010910 0.0032682 0.0021623 0.0021638 0.0021623 0.0021623 0.0016186 0.0016186 0.0016187 0.0021638 0.0010769 0.0016194 0.0016186 0.0021717 0.0016187 0.0016187 0.0016186 0.0021623 0.0021611 0.0027092 0.0016186 0.0005375 0.0016199 0.0021642 0.0027093 0.0021650 0.0010769 0.0016199 0.0027080 0.0010775 0.0010910 0.0010769 0.3114950 0.9824588 
HSV2_18                                 0.3618538 0.3685430 0.3665349 0.3641267 0.3641267 0.3644649 0.3561912 0.3641267 0.3638041 0.3606692 0.3654407 0.3644649 0.3626990 0.3626990 0.3630982 0.3626990 0.0009090 0.0018270 0.0000025 0.0026836 0.0027964 0.0000021 0.0017227 0.0018658 0.0028897 0.0008785 0.0000025 0.0010010 0.0009680 0.0053702 0.0034748 0.0000026 0.0043671 0.0000000 0.3569369 0.3364775 0.3638041 0.3575540 0.3590613 0.3612287 0.3552457 0.0907637 0.3684677 0.3684677 0.3604963 0.0043523 0.3584301 0.3610220 0.3673459 0.3673459 0.3601275 0.3601275 0.3610896 0.3649464 0.0035472 0.0079645 0.0035472 0.0052356 0.0079645 0.0035472 0.0070645 0.0052363 0.0052420 0.0052363 0.0052363 0.0043523 0.0043523 0.0043528 0.0052420 0.0034727 0.0043523 0.0043523 0.0052703 0.0043528 0.0043528 0.0034727 0.0043528 0.0052319 0.0061320 0.0043523 0.0034727 0.0034727 0.0043535 0.0052363 0.0043561 0.0034727 0.0043579 0.0052424 0.0043528 0.0035472 0.0034727 0.3618445 1.0303777 
JN400093_Human_herpesvirus_1            0.0068694 0.0072650 0.0072204 0.0060490 0.0060490 0.0051832 0.0039583 0.0068734 0.0059716 0.0088915 0.0067864 0.0068106 0.0047561 0.0047561 0.0043651 0.0051568 0.3406188 0.3800169 0.3447373 0.4846195 0.3316014 0.3799946 0.3193929 0.3444226 0.3504685 0.3601337 0.3978769 0.3745430 0.3721627 0.4007173 0.3241472 0.4055087 0.3090917 0.3569369 0.0000000 0.0087946 0.0055688 0.0023724 0.0043821 0.0071975 0.0031601 0.4292814 0.0060097 0.0060080 0.0055716 0.4159326 0.0052000 0.0072255 0.0063771 0.0063771 0.0056057 0.0051995 0.0063809 0.0047675 0.3915434 0.4192639 0.4099607 0.4198964 0.4189042 0.3922145 0.4208750 0.4189937 0.4155747 0.4189937 0.4173554 0.4165860 0.4151020 0.4175772 0.4155747 0.4162235 0.4154203 0.4149203 0.4204225 0.4200374 0.4200374 0.4188856 0.4187684 0.4187156 0.4164764 0.4149203 0.4187503 0.4169473 0.4156675 0.4191426 0.4142982 0.4168316 0.4175593 0.4153062 0.4180680 0.4106320 0.4178743 0.0064075 1.1495713 
JN420337_Human_herpesvirus_1            0.0093337 0.0114932 0.0114323 0.0084678 0.0084678 0.0092583 0.0083710 0.0093393 0.0096624 0.0127936 0.0096590 0.0109946 0.0109510 0.0109510 0.0088130 0.0113823 0.3227079 0.3602617 0.3214536 0.4984264 0.3159381 0.3575508 0.2972517 0.3312292 0.3284143 0.3361887 0.4095141 0.3502985 0.3506730 0.3742879 0.3011815 0.4059243 0.2910160 0.3364775 0.0087946 0.0000000 0.0092342 0.0092325 0.0075367 0.0058045 0.0070840 0.4189564 0.0101516 0.0101487 0.0096686 0.4039907 0.0097241 0.0058288 0.0100942 0.0100942 0.0101573 0.0097233 0.0058047 0.0092435 0.3790894 0.4074126 0.3988220 0.4080626 0.4070383 0.3797654 0.4090197 0.4081790 0.4046484 0.4081790 0.4064915 0.4057146 0.4041734 0.4067162 0.4046484 0.4053255 0.4034738 0.4039907 0.4096416 0.4092536 0.4092536 0.4080728 0.4079395 0.4078880 0.4055778 0.4039907 0.4068668 0.4071431 0.4071431 0.4083313 0.4057373 0.4059361 0.4066904 0.4054619 0.4061869 0.3995031 0.4059897 0.0066785 1.0889841 
JN420338_Human_herpesvirus_1            0.0073100 0.0068794 0.0064083 0.0064851 0.0064851 0.0043791 0.0039626 0.0073142 0.0003909 0.0097293 0.0067937 0.0060002 0.0071912 0.0071912 0.0051752 0.0075972 0.3462516 0.3860569 0.3505805 0.5107647 0.3365853 0.3859494 0.3225343 0.3511993 0.3565165 0.3664285 0.4237420 0.3824200 0.3776320 0.4125456 0.3249446 0.4135712 0.3130308 0.3638041 0.0055688 0.0092342 0.0000000 0.0064051 0.0060098 0.0076361 0.0055740 0.4306300 0.0060162 0.0060146 0.0055776 0.4193003 0.0052057 0.0084893 0.0007828 0.0007828 0.0064260 0.0060178 0.0068149 0.0055798 0.3949288 0.4226433 0.4133294 0.4232780 0.4222835 0.3956055 0.4242683 0.4223729 0.4189467 0.4223729 0.4207298 0.4199535 0.4184690 0.4209533 0.4189467 0.4195946 0.4187838 0.4182855 0.4238086 0.4234198 0.4234198 0.4222628 0.4221491 0.4220952 0.4198507 0.4182855 0.4221329 0.4203173 0.4190309 0.4225225 0.4176543 0.4202093 0.4209377 0.4186678 0.4214424 0.4140057 0.4212476 0.0064075 1.1534077 
JN420339_Human_herpesvirus_1            0.0077242 0.0081214 0.0080727 0.0068975 0.0068975 0.0060189 0.0047810 0.0077286 0.0068110 0.0097588 0.0076330 0.0076596 0.0055848 0.0055848 0.0051924 0.0059887 0.3411086 0.3821815 0.3468170 0.4846195 0.3320265 0.3807553 0.3209221 0.3474351 0.3510052 0.3623806 0.3978769 0.3752750 0.3728523 0.4015574 0.3233472 0.4055087 0.3105093 0.3575540 0.0023724 0.0092325 0.0064051 0.0000000 0.0052123 0.0080476 0.0039762 0.4276316 0.0068543 0.0068525 0.0064085 0.4142826 0.0060380 0.0080785 0.0072198 0.0072198 0.0064469 0.0060375 0.0072244 0.0055982 0.3898743 0.4176095 0.4083079 0.4182411 0.4172496 0.3905428 0.4192143 0.4173393 0.4139225 0.4173393 0.4157027 0.4149363 0.4134520 0.4159237 0.4139225 0.4145719 0.4137723 0.4132712 0.4187652 0.4183818 0.4183818 0.4172320 0.4171131 0.4170608 0.4148233 0.4132712 0.4170941 0.4152966 0.4140195 0.4174878 0.4126532 0.4151771 0.4159047 0.4136589 0.4164155 0.4089771 0.4162223 0.0072540 1.1536874 
JN420340_Human_herpesvirus_1            0.0064565 0.0068520 0.0068093 0.0056376 0.0056376 0.0047768 0.0043863 0.0064602 0.0064157 0.0093604 0.0064130 0.0064005 0.0068189 0.0068189 0.0047971 0.0072260 0.3440040 0.3839856 0.3482844 0.4887300 0.3345294 0.3827525 0.3206701 0.3464039 0.3541905 0.3640949 0.3978769 0.3771666 0.3746205 0.4066578 0.3231134 0.4129579 0.3109608 0.3590613 0.0043821 0.0075367 0.0060098 0.0052123 0.0000000 0.0060062 0.0019771 0.4315226 0.0051941 0.0051927 0.0060129 0.4182392 0.0056406 0.0051804 0.0068243 0.0068243 0.0051972 0.0047920 0.0051918 0.0052027 0.3937281 0.4215968 0.4122353 0.4222343 0.4212351 0.3944066 0.4232264 0.4213250 0.4178823 0.4213250 0.4196744 0.4188960 0.4174036 0.4198986 0.4178823 0.4185340 0.4177212 0.4172196 0.4227665 0.4223766 0.4223766 0.4212149 0.4210995 0.4210457 0.4187905 0.4172196 0.4210827 0.4192610 0.4179697 0.4214752 0.4165878 0.4191500 0.4198822 0.4176051 0.4203909 0.4129136 0.4201954 0.0043728 1.1426532 
JN420341_Human_herpesvirus_1            0.0076998 0.0097574 0.0101499 0.0068753 0.0068753 0.0080723 0.0068136 0.0077043 0.0080446 0.0106474 0.0072226 0.0097318 0.0092737 0.0092737 0.0064161 0.0096851 0.3456550 0.3853978 0.3483883 0.4967741 0.3367305 0.3850666 0.3220893 0.3504778 0.3558701 0.3640690 0.4127089 0.3794697 0.3768244 0.4061305 0.3245026 0.4117009 0.3123414 0.3612287 0.0071975 0.0058045 0.0076361 0.0080476 0.0060062 0.0000000 0.0055706 0.4341188 0.0080954 0.0080932 0.0076404 0.4202402 0.0080966 0.0047746 0.0084563 0.0084563 0.0085098 0.0080959 0.0031570 0.0068248 0.3952903 0.4235961 0.4142520 0.4242334 0.4232353 0.3959691 0.4252299 0.4233249 0.4198866 0.4233249 0.4216757 0.4208951 0.4194062 0.4219003 0.4198866 0.4205363 0.4197209 0.4192216 0.4247668 0.4243758 0.4243758 0.4232140 0.4231009 0.4230466 0.4207940 0.4192216 0.4230852 0.4212607 0.4199687 0.4234752 0.4185860 0.4211546 0.4218853 0.4196040 0.4223903 0.4149316 0.4221947 0.0051981 1.1530425 
JN420342_Human_herpesvirus_1            0.0068760 0.0072719 0.0072272 0.0060548 0.0060548 0.0051882 0.0039620 0.0068799 0.0059772 0.0088998 0.0059747 0.0068171 0.0055691 0.0055691 0.0043693 0.0059719 0.3392149 0.3785514 0.3432854 0.4846195 0.3303507 0.3780306 0.3171312 0.3427395 0.3489718 0.3585863 0.3978769 0.3726277 0.3703468 0.3986529 0.3195949 0.4055087 0.3077223 0.3552457 0.0031601 0.0070840 0.0055740 0.0039762 0.0019771 0.0055706 0.0000000 0.4263498 0.0056080 0.0056065 0.0055768 0.4129966 0.0052050 0.0055931 0.0063831 0.0063831 0.0056110 0.0052045 0.0047621 0.0047721 0.3885694 0.4163208 0.4070184 0.4169520 0.4159608 0.3892361 0.4179213 0.4160506 0.4126347 0.4160506 0.4144149 0.4136508 0.4121658 0.4146353 0.4126347 0.4132847 0.4124876 0.4119856 0.4174747 0.4170925 0.4170925 0.4159440 0.4158237 0.4157718 0.4135351 0.4119856 0.4158040 0.4140102 0.4127350 0.4161989 0.4113707 0.4138878 0.4146155 0.4123749 0.4151281 0.4076860 0.4149352 0.0047827 1.1466505 
