95
HM585496_Human_herpesvirus_1            0.0000000 0.0099611 0.0094816 0.0000010 0.0094816 0.0099054 0.0003921 0.0003921 0.0103329 0.0095047 0.0086355 0.0094914 0.0094914 0.0090574 0.2969111 0.2958990 0.2956726 0.2532066 0.2936710 0.2936175 0.2930167 0.2911669 0.2887326 0.2943596 0.2270515 0.2854685 0.2868508 0.2854145 0.2965928 0.2893998 0.2966781 0.2872225 0.0086343 0.0094722 0.0094809 0.0095008 0.0094899 0.0094809 0.0107681 0.2891039 0.0094809 0.0094809 0.0099189 0.2954899 0.0094809 0.0086742 0.0095254 0.0099518 0.0103792 0.0086583 0.0086583 0.0095238 0.0099054 0.2930157 0.2956073 0.2958269 0.2965928 0.2946786 0.2946786 0.2966796 0.2975233 0.2984911 0.2984546 0.2984911 0.2965995 0.2976077 0.2965928 0.2975715 0.2985327 0.2975579 0.2987560 0.2976009 0.2946786 0.2986108 0.2985327 0.2985327 0.2966044 0.2966044 0.2985327 0.2976691 0.2976691 0.2957609 0.2986145 0.2986145 0.2984962 0.2947549 0.3002087 0.2975261 0.2974849 0.2956006 0.0103793 0.0095254 0.2975233 0.0086445 0.7484989 
HM585497_Human_herpesvirus_1            0.0099611 0.0000000 0.0027817 0.0099611 0.0027817 0.0039906 0.0103889 0.0103889 0.0043962 0.0086215 0.0039911 0.0027846 0.0027846 0.0031833 0.2940378 0.2930321 0.2928101 0.2464931 0.2907826 0.2907434 0.2901722 0.2882535 0.2857903 0.2915042 0.2226775 0.2846791 0.2839210 0.2824037 0.2937241 0.2863541 0.2938083 0.2843306 0.0035859 0.0069181 0.0035859 0.0052207 0.0060333 0.0027816 0.0048059 0.2861106 0.0052099 0.0052099 0.0064336 0.2926303 0.0035859 0.0052345 0.0027954 0.0031989 0.0036034 0.0019868 0.0019868 0.0060555 0.0039906 0.2901585 0.2908669 0.2929611 0.2937241 0.2918236 0.2918236 0.2938091 0.2946482 0.2956089 0.2955731 0.2956089 0.2937308 0.2947309 0.2937241 0.2946952 0.2956495 0.2946817 0.2958683 0.2947242 0.2918236 0.2957259 0.2956495 0.2956495 0.2937352 0.2937352 0.2956495 0.2947907 0.2947907 0.2928963 0.2957294 0.2957294 0.2937285 0.2918983 0.2973161 0.2946510 0.2946107 0.2927392 0.0036034 0.0027954 0.2946482 0.0052160 0.7503887 
HM585498_Human_herpesvirus_1            0.0094816 0.0027817 0.0000000 0.0094816 0.0000010 0.0027654 0.0099063 0.0099063 0.0031652 0.0064896 0.0011789 0.0023698 0.0023698 0.0019700 0.2940896 0.2930838 0.2928617 0.2482301 0.2908345 0.2907951 0.2902233 0.2883058 0.2858429 0.2915556 0.2268036 0.2826196 0.2839733 0.2824574 0.2937758 0.2864087 0.2938600 0.2843823 0.0031649 0.0056430 0.0023672 0.0039771 0.0047801 0.0015738 0.0043747 0.2861608 0.0031655 0.0031655 0.0060019 0.2926818 0.0023672 0.0039878 0.0023790 0.0027792 0.0031803 0.0007869 0.0007869 0.0047979 0.0027654 0.2902098 0.2909181 0.2930127 0.2937758 0.2918750 0.2918750 0.2938609 0.2947001 0.2956610 0.2956251 0.2956610 0.2937825 0.2947828 0.2937758 0.2947471 0.2957016 0.2947337 0.2959205 0.2947761 0.2918750 0.2957781 0.2957016 0.2957016 0.2937869 0.2937869 0.2957016 0.2948427 0.2948427 0.2929479 0.2957815 0.2957815 0.2956657 0.2919497 0.2973685 0.2947029 0.2946626 0.2927908 0.0031804 0.0023790 0.2947001 0.0039735 0.7480674 
HM585499_Human_herpesvirus_1            0.0000010 0.0099611 0.0094816 0.0000000 0.0094816 0.0099054 0.0003921 0.0003921 0.0103329 0.0095047 0.0086355 0.0094914 0.0094914 0.0090574 0.2969111 0.2958990 0.2956726 0.2532066 0.2936710 0.2936175 0.2930167 0.2911669 0.2887326 0.2943596 0.2270515 0.2854685 0.2868508 0.2854145 0.2965928 0.2893998 0.2966781 0.2872225 0.0086343 0.0094722 0.0094809 0.0095008 0.0094899 0.0094809 0.0107681 0.2891039 0.0094809 0.0094809 0.0099189 0.2954899 0.0094809 0.0086742 0.0095254 0.0099518 0.0103792 0.0086583 0.0086583 0.0095238 0.0099054 0.2930157 0.2956073 0.2958269 0.2965928 0.2946786 0.2946786 0.2966796 0.2975233 0.2984911 0.2984546 0.2984911 0.2965995 0.2976077 0.2965928 0.2975715 0.2985327 0.2975579 0.2987560 0.2976009 0.2946786 0.2986108 0.2985327 0.2985327 0.2966044 0.2966044 0.2985327 0.2976691 0.2976691 0.2957609 0.2986145 0.2986145 0.2984962 0.2947549 0.3002087 0.2975261 0.2974849 0.2956006 0.0103793 0.0095254 0.2975233 0.0086445 0.7484989 
HM585501_Human_herpesvirus_1            0.0094816 0.0027817 0.0000010 0.0094816 0.0000000 0.0027654 0.0099063 0.0099063 0.0031652 0.0064896 0.0011789 0.0023698 0.0023698 0.0019700 0.2940896 0.2930838 0.2928617 0.2482301 0.2908345 0.2907951 0.2902233 0.2883058 0.2858429 0.2915556 0.2268036 0.2826196 0.2839733 0.2824574 0.2937758 0.2864087 0.2938600 0.2843823 0.0031649 0.0056430 0.0023672 0.0039771 0.0047801 0.0015738 0.0043747 0.2861608 0.0031655 0.0031655 0.0060019 0.2926818 0.0023672 0.0039878 0.0023790 0.0027792 0.0031803 0.0007869 0.0007869 0.0047979 0.0027654 0.2902098 0.2909181 0.2930127 0.2937758 0.2918750 0.2918750 0.2938609 0.2947001 0.2956610 0.2956251 0.2956610 0.2937825 0.2947828 0.2937758 0.2947471 0.2957016 0.2947337 0.2959205 0.2947761 0.2918750 0.2957781 0.2957016 0.2957016 0.2937869 0.2937869 0.2957016 0.2948427 0.2948427 0.2929479 0.2957815 0.2957815 0.2956657 0.2919497 0.2973685 0.2947029 0.2946626 0.2927908 0.0031804 0.0023790 0.2947001 0.0039735 0.7480674 
HM585502_Human_herpesvirus_1            0.0099054 0.0039906 0.0027654 0.0099054 0.0027654 0.0000000 0.0103311 0.0103311 0.0027655 0.0094144 0.0039681 0.0035700 0.0035700 0.0015737 0.2949657 0.2939594 0.2937363 0.2440449 0.2917199 0.2916761 0.2910961 0.2882563 0.2857930 0.2924299 0.2226775 0.2825705 0.2839237 0.2824064 0.2946510 0.2853734 0.2947354 0.2843332 0.0027652 0.0052324 0.0019698 0.0051909 0.0043753 0.0027652 0.0039711 0.2870274 0.0051802 0.0051802 0.0055935 0.2935557 0.0019698 0.0043920 0.0035826 0.0039869 0.0043913 0.0027726 0.0027726 0.0043917 0.0023669 0.2910866 0.2917910 0.2938881 0.2946510 0.2927487 0.2927487 0.2947364 0.2955759 0.2965375 0.2965015 0.2965375 0.2946577 0.2956590 0.2946510 0.2956231 0.2965783 0.2956097 0.2967983 0.2956523 0.2927487 0.2966552 0.2965783 0.2965783 0.2946622 0.2946622 0.2965783 0.2957192 0.2957192 0.2938230 0.2966587 0.2966587 0.2965423 0.2928238 0.2982456 0.2955786 0.2955381 0.2936651 0.0043914 0.0035826 0.2955759 0.0035709 0.7495417 
HM585503_Human_herpesvirus_1            0.0003921 0.0103889 0.0099063 0.0003921 0.0099063 0.0103311 0.0000000 0.0000010 0.0107596 0.0099304 0.0090580 0.0099165 0.0099165 0.0094809 0.2959442 0.2949330 0.2947077 0.2532066 0.2926947 0.2926460 0.2920545 0.2911669 0.2887326 0.2933954 0.2270515 0.2854685 0.2868508 0.2854145 0.2956270 0.2893998 0.2957121 0.2872225 0.0090568 0.0098964 0.0099055 0.0099263 0.0099149 0.0099055 0.0111963 0.2881488 0.0099055 0.0099055 0.0103451 0.2945257 0.0099055 0.0090985 0.0099518 0.0103793 0.0108076 0.0090820 0.0090820 0.0099501 0.0103311 0.2920491 0.2946428 0.2948611 0.2956270 0.2937149 0.2937149 0.2957133 0.2965566 0.2975233 0.2974870 0.2975233 0.2956338 0.2966406 0.2956270 0.2966044 0.2975646 0.2965909 0.2977867 0.2966338 0.2937149 0.2976423 0.2975646 0.2975646 0.2956385 0.2956385 0.2975646 0.2967015 0.2967015 0.2947954 0.2976459 0.2976459 0.2975283 0.2937908 0.2992398 0.2965594 0.2965185 0.2946360 0.0108078 0.0099518 0.2965566 0.0090675 0.7499620 
HM585505_Human_herpesvirus_1            0.0003921 0.0103889 0.0099063 0.0003921 0.0099063 0.0103311 0.0000010 0.0000000 0.0107596 0.0099304 0.0090580 0.0099165 0.0099165 0.0094809 0.2959442 0.2949330 0.2947077 0.2532066 0.2926947 0.2926460 0.2920545 0.2911669 0.2887326 0.2933954 0.2270515 0.2854685 0.2868508 0.2854145 0.2956270 0.2893998 0.2957121 0.2872225 0.0090568 0.0098964 0.0099055 0.0099263 0.0099149 0.0099055 0.0111963 0.2881488 0.0099055 0.0099055 0.0103451 0.2945257 0.0099055 0.0090985 0.0099518 0.0103793 0.0108076 0.0090820 0.0090820 0.0099501 0.0103311 0.2920491 0.2946428 0.2948611 0.2956270 0.2937149 0.2937149 0.2957133 0.2965566 0.2975233 0.2974870 0.2975233 0.2956338 0.2966406 0.2956270 0.2966044 0.2975646 0.2965909 0.2977867 0.2966338 0.2937149 0.2976423 0.2975646 0.2975646 0.2956385 0.2956385 0.2975646 0.2967015 0.2967015 0.2947954 0.2976459 0.2976459 0.2975283 0.2937908 0.2992398 0.2965594 0.2965185 0.2946360 0.0108078 0.0099518 0.2965566 0.0090675 0.7499620 
HM585508_Human_herpesvirus_1            0.0103329 0.0043962 0.0031652 0.0103329 0.0031652 0.0027655 0.0107596 0.0107596 0.0000000 0.0098381 0.0043715 0.0039726 0.0039726 0.0011787 0.2959635 0.2949563 0.2947319 0.2524069 0.2927271 0.2926785 0.2920890 0.2902216 0.2877846 0.2934247 0.2247080 0.2845427 0.2859119 0.2844537 0.2956476 0.2884166 0.2957322 0.2862958 0.0031650 0.0056432 0.0007847 0.0055986 0.0047803 0.0031650 0.0043748 0.2880116 0.0055870 0.0055870 0.0060020 0.2945506 0.0007847 0.0047984 0.0039876 0.0043921 0.0047977 0.0031735 0.0031735 0.0047981 0.0019698 0.2920838 0.2927842 0.2948847 0.2956476 0.2937430 0.2937430 0.2957335 0.2965734 0.2975363 0.2975001 0.2975363 0.2956543 0.2966570 0.2956476 0.2966211 0.2975774 0.2966076 0.2977986 0.2966503 0.2937430 0.2976547 0.2975774 0.2975774 0.2956590 0.2956590 0.2975774 0.2967177 0.2967177 0.2948192 0.2976583 0.2976583 0.2975412 0.2938186 0.2992457 0.2965762 0.2965354 0.2946604 0.0047977 0.0039876 0.2965734 0.0039736 0.7489007 
HM585509_Human_herpesvirus_1            0.0095047 0.0086215 0.0064896 0.0095047 0.0064896 0.0094144 0.0099304 0.0099304 0.0098381 0.0000000 0.0064900 0.0081634 0.0081634 0.0085737 0.2972911 0.2962812 0.2960548 0.2481609 0.2931310 0.2930803 0.2934043 0.2915692 0.2881902 0.2947447 0.2268036 0.2849389 0.2863137 0.2848648 0.2969732 0.2888373 0.2970584 0.2866918 0.0089936 0.0072457 0.0089936 0.0081715 0.0090020 0.0081544 0.0102693 0.2911827 0.0073196 0.0073196 0.0094272 0.2958723 0.0089936 0.0081921 0.0081930 0.0086135 0.0090351 0.0065069 0.0065069 0.0090343 0.0094144 0.2934050 0.2941010 0.2962092 0.2969732 0.2950628 0.2950628 0.2970599 0.2979018 0.2988676 0.2988312 0.2988676 0.2969799 0.2979861 0.2969732 0.2979500 0.2989092 0.2979364 0.2991325 0.2979794 0.2950628 0.2989873 0.2989092 0.2989092 0.2969849 0.2969849 0.2989092 0.2980475 0.2980475 0.2961431 0.2989910 0.2989910 0.2988728 0.2951391 0.3005815 0.2979046 0.2978634 0.2959829 0.0090352 0.0081930 0.2979018 0.0081640 0.7515259 
HM585510_Human_herpesvirus_1            0.0086355 0.0039911 0.0011789 0.0086355 0.0011789 0.0039681 0.0090580 0.0090580 0.0043715 0.0064900 0.0000000 0.0035704 0.0035704 0.0031651 0.2941253 0.2931193 0.2928972 0.2482301 0.2908701 0.2908305 0.2902583 0.2883415 0.2858788 0.2915908 0.2268036 0.2826547 0.2840089 0.2824938 0.2938114 0.2864458 0.2938956 0.2844174 0.0043710 0.0064667 0.0035665 0.0043809 0.0051857 0.0027656 0.0055907 0.2861951 0.0035672 0.0035672 0.0064109 0.2927172 0.0035665 0.0043926 0.0035830 0.0039874 0.0043919 0.0019753 0.0019753 0.0052049 0.0039681 0.2902450 0.2909532 0.2930482 0.2938114 0.2919102 0.2919102 0.2938965 0.2947358 0.2956969 0.2956610 0.2956969 0.2938181 0.2948186 0.2938114 0.2947828 0.2957375 0.2947694 0.2959564 0.2948119 0.2919102 0.2958140 0.2957375 0.2957375 0.2938225 0.2938225 0.2957375 0.2948785 0.2948785 0.2929833 0.2958175 0.2958175 0.2957016 0.2919850 0.2974046 0.2947386 0.2946983 0.2928262 0.0043919 0.0035830 0.2947358 0.0043769 0.7497247 
HM585512_Human_herpesvirus_1            0.0094914 0.0027846 0.0023698 0.0094914 0.0023698 0.0035700 0.0099165 0.0099165 0.0039726 0.0081634 0.0035704 0.0000000 0.0000010 0.0027685 0.2920872 0.2910833 0.2908637 0.2441739 0.2888136 0.2887839 0.2882312 0.2862612 0.2837719 0.2895593 0.2227959 0.2805698 0.2819064 0.2803296 0.2917757 0.2842669 0.2918594 0.2833204 0.0031682 0.0064730 0.0031682 0.0047905 0.0055978 0.0023697 0.0043791 0.2860457 0.0047806 0.0047806 0.0068276 0.2906853 0.0031682 0.0048032 0.0023815 0.0027820 0.0031836 0.0015797 0.0015797 0.0056184 0.0035700 0.2900916 0.2908001 0.2928935 0.2917757 0.2917565 0.2917565 0.2937413 0.2926979 0.2936563 0.2936208 0.2936563 0.2917824 0.2927797 0.2917757 0.2927442 0.2936963 0.2927308 0.2939126 0.2927730 0.2917565 0.2937718 0.2936963 0.2936963 0.2917865 0.2917865 0.2936963 0.2928387 0.2928387 0.2928287 0.2937752 0.2937752 0.2936607 0.2918311 0.2972471 0.2927006 0.2926609 0.2926718 0.0031837 0.0023815 0.2926979 0.0047861 0.7501190 
HM585513_Human_herpesvirus_1            0.0094914 0.0027846 0.0023698 0.0094914 0.0023698 0.0035700 0.0099165 0.0099165 0.0039726 0.0081634 0.0035704 0.0000010 0.0000000 0.0027685 0.2920872 0.2910833 0.2908637 0.2441739 0.2888136 0.2887839 0.2882312 0.2862612 0.2837719 0.2895593 0.2227959 0.2805698 0.2819064 0.2803296 0.2917757 0.2842669 0.2918594 0.2833204 0.0031682 0.0064730 0.0031682 0.0047905 0.0055978 0.0023697 0.0043791 0.2860457 0.0047806 0.0047806 0.0068276 0.2906853 0.0031682 0.0048032 0.0023815 0.0027820 0.0031836 0.0015797 0.0015797 0.0056184 0.0035700 0.2900916 0.2908001 0.2928935 0.2917757 0.2917565 0.2917565 0.2937413 0.2926979 0.2936563 0.2936208 0.2936563 0.2917824 0.2927797 0.2917757 0.2927442 0.2936963 0.2927308 0.2939126 0.2927730 0.2917565 0.2937718 0.2936963 0.2936963 0.2917865 0.2917865 0.2936963 0.2928387 0.2928387 0.2928287 0.2937752 0.2937752 0.2936607 0.2918311 0.2972471 0.2927006 0.2926609 0.2926718 0.0031837 0.0023815 0.2926979 0.0047861 0.7501190 
HM585514_Human_herpesvirus_1            0.0090574 0.0031833 0.0019700 0.0090574 0.0019700 0.0015737 0.0094809 0.0094809 0.0011787 0.0085737 0.0031651 0.0027685 0.0027685 0.0000000 0.2931229 0.2921178 0.2918970 0.2460865 0.2898584 0.2898237 0.2892610 0.2873178 0.2848418 0.2905914 0.2226775 0.2816284 0.2829739 0.2814284 0.2928101 0.2853734 0.2928941 0.2833963 0.0019699 0.0044151 0.0003918 0.0043806 0.0035703 0.0019699 0.0031675 0.2852066 0.0043716 0.0043716 0.0047817 0.2917177 0.0003918 0.0035831 0.0027791 0.0031803 0.0035826 0.0019752 0.0019752 0.0035829 0.0007846 0.2892433 0.2899556 0.2920470 0.2928101 0.2909114 0.2909114 0.2928948 0.2937335 0.2946934 0.2946577 0.2946934 0.2928169 0.2938158 0.2928101 0.2937802 0.2947337 0.2937668 0.2949513 0.2938091 0.2909114 0.2948097 0.2947337 0.2947337 0.2928211 0.2928211 0.2947337 0.2938753 0.2938753 0.2919825 0.2948131 0.2948131 0.2946979 0.2909857 0.2963996 0.2937363 0.2936963 0.2918263 0.0035826 0.0027791 0.2937335 0.0027692 0.7487086 
HSV2_1                                  0.2969111 0.2940378 0.2940896 0.2969111 0.2940896 0.2949657 0.2959442 0.2959442 0.2959635 0.2972911 0.2941253 0.2920872 0.2920872 0.2931229 0.0000000 0.0023926 0.0011903 0.0058014 0.0057680 0.0020079 0.0019930 0.0004081 0.0020897 0.0015945 0.0019303 0.0020804 0.0046428 0.0066060 0.0056528 0.0017234 0.0060619 0.0049980 0.2940473 0.2972681 0.2940473 0.2932007 0.2932022 0.2940473 0.2967427 0.0658125 0.2931296 0.2931296 0.2922439 0.0064762 0.2940473 0.2915034 0.2928004 0.2937231 0.2946398 0.2930576 0.2930576 0.2933522 0.2949657 0.0069472 0.0077376 0.0073542 0.0052411 0.0073205 0.0069046 0.0069113 0.0048311 0.0048319 0.0052408 0.0048319 0.0056534 0.0056480 0.0052411 0.0060706 0.0044175 0.0064830 0.0052607 0.0056574 0.0069046 0.0052413 0.0056480 0.0056480 0.0064840 0.0064840 0.0044175 0.0065134 0.0065134 0.0081722 0.0056781 0.0056781 0.0052359 0.0077457 0.0090047 0.0052413 0.0068984 0.0073205 0.2946465 0.2928004 0.0052416 0.2923491 0.6498508 
HSV2_2                                  0.2958990 0.2930321 0.2930838 0.2958990 0.2930838 0.2939594 0.2949330 0.2949330 0.2949563 0.2962812 0.2931193 0.2910833 0.2910833 0.2921178 0.0023926 0.0000000 0.0011904 0.0048190 0.0066104 0.0020080 0.0027980 0.0020528 0.0025087 0.0015947 0.0009616 0.0024975 0.0050677 0.0070533 0.0064784 0.0021555 0.0068894 0.0058480 0.2930416 0.2962582 0.2930416 0.2921954 0.2921968 0.2930416 0.2957354 0.0645490 0.2921246 0.2921246 0.2912396 0.0073060 0.2930416 0.2904985 0.2917971 0.2927192 0.2936353 0.2920506 0.2920506 0.2923460 0.2939594 0.0077862 0.0085758 0.0081938 0.0060644 0.0081565 0.0077384 0.0077460 0.0056521 0.0056530 0.0060640 0.0056530 0.0064790 0.0064730 0.0060644 0.0068992 0.0052364 0.0073137 0.0060868 0.0064837 0.0077384 0.0060646 0.0064730 0.0064730 0.0073149 0.0073149 0.0052364 0.0073477 0.0073477 0.0090144 0.0065071 0.0065071 0.0060583 0.0085848 0.0098505 0.0060646 0.0077314 0.0081565 0.2936420 0.2917971 0.0060650 0.2913441 0.6488349 
HSV2_3                                  0.2956726 0.2928101 0.2928617 0.2956726 0.2928617 0.2937363 0.2947077 0.2947077 0.2947319 0.2960548 0.2928972 0.2908637 0.2908637 0.2918970 0.0011903 0.0011904 0.0000000 0.0038428 0.0053443 0.0016028 0.0015910 0.0008167 0.0016680 0.0007943 0.0000028 0.0016606 0.0042111 0.0061536 0.0052376 0.0012895 0.0056455 0.0045712 0.2928196 0.2960319 0.2928196 0.2919744 0.2919757 0.2928196 0.2955102 0.0640228 0.2919037 0.2919037 0.2910198 0.0060582 0.2928196 0.2902794 0.2915769 0.2924979 0.2934129 0.2918293 0.2918293 0.2921246 0.2937363 0.0065242 0.0073144 0.0069307 0.0048275 0.0068988 0.0064843 0.0064907 0.0044180 0.0044187 0.0048272 0.0044187 0.0052382 0.0052332 0.0048275 0.0056536 0.0040072 0.0060646 0.0048447 0.0052419 0.0064843 0.0048277 0.0052332 0.0052332 0.0060656 0.0060656 0.0040072 0.0060932 0.0060932 0.0077467 0.0052602 0.0052602 0.0048227 0.0073221 0.0085767 0.0048277 0.0064785 0.0068988 0.2934196 0.2915769 0.0048279 0.2911240 0.6485987 
HSV2_4                                  0.2532066 0.2464931 0.2482301 0.2532066 0.2482301 0.2440449 0.2532066 0.2532066 0.2524069 0.2481609 0.2482301 0.2441739 0.2441739 0.2460865 0.0058014 0.0048190 0.0038428 0.0000000 0.0000010 0.0058015 0.0028778 0.0048190 0.0048303 0.0048190 0.0022329 0.0038554 0.0000010 0.0038416 0.0009489 0.0038428 0.0019040 0.0000010 0.2440449 0.2461682 0.2481477 0.2439161 0.2461020 0.2461020 0.2481477 0.0442530 0.2461020 0.2461020 0.2461020 0.0009486 0.2481477 0.2419920 0.2461682 0.2461682 0.2461682 0.2461020 0.2461020 0.2461020 0.2501975 0.0000010 0.0009485 0.0000010 0.0000010 0.0009485 0.0000010 0.0009508 0.0000010 0.0019043 0.0000010 0.0019043 0.0009489 0.0009489 0.0000010 0.0038421 0.0000010 0.0028708 0.0009597 0.0009508 0.0000010 0.0009508 0.0009489 0.0009489 0.0028719 0.0028719 0.0000010 0.0000010 0.0000010 0.0009508 0.0009597 0.0009597 0.0009486 0.0009508 0.0057854 0.0000010 0.0019036 0.0009485 0.2482301 0.2461682 0.0009489 0.2440449 0.5603638 
HSV2_5                                  0.2936710 0.2907826 0.2908345 0.2936710 0.2908345 0.2917199 0.2926947 0.2926947 0.2927271 0.2931310 0.2908701 0.2888136 0.2888136 0.2898584 0.0057680 0.0066104 0.0053443 0.0000010 0.0000000 0.0057620 0.0049342 0.0054632 0.0051031 0.0049292 0.0019303 0.0055064 0.0012550 0.0030560 0.0012134 0.0048250 0.0032627 0.0008239 0.2907921 0.2940393 0.2907921 0.2899364 0.2889391 0.2907921 0.2935158 0.0652891 0.2898652 0.2898652 0.2889708 0.0028461 0.2907921 0.2882194 0.2895376 0.2904697 0.2913957 0.2897857 0.2897857 0.2900867 0.2917199 0.0024413 0.0032638 0.0028661 0.0008077 0.0028520 0.0024413 0.0024438 0.0012132 0.0020280 0.0016198 0.0020280 0.0020282 0.0028499 0.0008077 0.0024393 0.0016214 0.0020295 0.0016295 0.0012144 0.0024413 0.0016231 0.0028499 0.0028499 0.0020298 0.0020298 0.0016214 0.0008069 0.0008069 0.0032673 0.0028659 0.0028659 0.0024387 0.0032673 0.0053469 0.0016231 0.0024390 0.0028520 0.2914025 0.2895376 0.0016201 0.2890750 0.6454667 
HSV2_6                                  0.2936175 0.2907434 0.2907951 0.2936175 0.2907951 0.2916761 0.2926460 0.2926460 0.2926785 0.2930803 0.2908305 0.2887839 0.2887839 0.2898237 0.0020079 0.0020080 0.0016028 0.0058015 0.0057620 0.0000000 0.0024148 0.0016425 0.0025104 0.0016063 0.0009616 0.0024986 0.0046378 0.0066014 0.0052811 0.0021570 0.0061131 0.0049948 0.2907529 0.2939843 0.2907529 0.2899012 0.2889088 0.2907529 0.2934634 0.0642123 0.2898305 0.2898305 0.2889403 0.0061087 0.2907529 0.2881925 0.2895045 0.2904321 0.2913536 0.2897512 0.2897512 0.2900508 0.2916761 0.0065457 0.0073758 0.0069890 0.0048675 0.0069566 0.0065385 0.0065450 0.0044555 0.0044562 0.0048672 0.0044562 0.0052817 0.0056957 0.0048675 0.0057007 0.0044555 0.0061152 0.0053052 0.0052855 0.0065385 0.0052855 0.0056957 0.0056957 0.0061162 0.0061162 0.0044555 0.0056995 0.0056995 0.0078120 0.0057262 0.0057262 0.0052800 0.0073835 0.0086491 0.0052855 0.0065326 0.0069566 0.2913604 0.2895045 0.0048680 0.2890440 0.6477738 
HSV2_7                                  0.2930167 0.2901722 0.2902233 0.2930167 0.2902233 0.2910961 0.2920545 0.2920545 0.2920890 0.2934043 0.2902583 0.2882312 0.2882312 0.2892610 0.0019930 0.0027980 0.0015910 0.0028778 0.0049342 0.0024148 0.0000000 0.0016409 0.0012497 0.0019976 0.0000024 0.0016623 0.0033612 0.0052617 0.0048356 0.0000021 0.0052432 0.0041565 0.2901816 0.2933815 0.2901816 0.2893377 0.2893387 0.2901816 0.2928668 0.0646880 0.2892677 0.2892677 0.2883859 0.0056554 0.2901816 0.2876446 0.2889457 0.2898646 0.2907775 0.2891881 0.2891881 0.2894855 0.2910961 0.0061176 0.0069094 0.0065244 0.0044260 0.0064942 0.0060802 0.0060862 0.0040179 0.0044264 0.0044257 0.0044264 0.0048361 0.0048315 0.0044260 0.0056623 0.0036078 0.0056613 0.0044427 0.0048395 0.0060802 0.0044261 0.0048315 0.0048315 0.0056623 0.0056623 0.0036078 0.0056882 0.0056882 0.0073405 0.0048575 0.0048575 0.0044215 0.0069166 0.0081699 0.0044261 0.0060747 0.0064942 0.2907843 0.2889457 0.0044264 0.2884883 0.6519482 
HSV2_8                                  0.2911669 0.2882535 0.2883058 0.2911669 0.2883058 0.2882563 0.2911669 0.2911669 0.2902216 0.2915692 0.2883415 0.2862612 0.2862612 0.2873178 0.0004081 0.0020528 0.0008167 0.0048190 0.0054632 0.0016425 0.0016409 0.0000000 0.0016695 0.0012298 0.0009616 0.0016658 0.0042160 0.0061560 0.0049826 0.0012901 0.0054027 0.0045914 0.2882632 0.2915459 0.2882632 0.2873963 0.2863872 0.2873248 0.2910214 0.0635003 0.2873248 0.2873248 0.2854756 0.0058277 0.2882632 0.2856559 0.2869970 0.2879407 0.2888782 0.2872388 0.2872388 0.2875465 0.2892024 0.0062662 0.0071213 0.0067251 0.0045603 0.0066931 0.0062662 0.0062725 0.0041396 0.0041403 0.0045600 0.0041403 0.0049831 0.0049783 0.0045603 0.0054107 0.0037169 0.0058341 0.0045780 0.0049868 0.0062662 0.0045605 0.0049783 0.0049783 0.0058350 0.0058350 0.0037169 0.0054096 0.0054096 0.0075664 0.0050058 0.0050058 0.0045556 0.0071290 0.0084218 0.0045605 0.0062603 0.0066931 0.2888851 0.2869970 0.0045607 0.2865233 0.6413150 
HSV2_9                                  0.2887326 0.2857903 0.2858429 0.2887326 0.2858429 0.2857930 0.2887326 0.2887326 0.2877846 0.2881902 0.2858788 0.2837719 0.2837719 0.2848418 0.0020897 0.0025087 0.0016680 0.0048303 0.0051031 0.0025104 0.0012497 0.0016695 0.0000000 0.0020927 0.0000028 0.0016710 0.0038060 0.0057129 0.0046432 0.0012993 0.0046409 0.0042268 0.2858000 0.2891227 0.2858000 0.2849208 0.2838986 0.2848489 0.2885964 0.0614586 0.2848489 0.2848489 0.2829747 0.0055022 0.2858000 0.2831550 0.2845205 0.2854769 0.2864271 0.2847563 0.2847563 0.2850711 0.2867520 0.0059468 0.0068155 0.0064117 0.0042149 0.0063806 0.0059468 0.0059530 0.0037878 0.0037884 0.0042147 0.0037884 0.0046437 0.0042120 0.0042149 0.0050781 0.0033589 0.0055083 0.0042317 0.0046472 0.0059468 0.0042151 0.0042120 0.0042120 0.0055092 0.0055092 0.0033589 0.0050770 0.0050770 0.0068230 0.0046654 0.0046654 0.0042106 0.0068230 0.0081365 0.0042151 0.0059412 0.0063806 0.2864341 0.2845205 0.0042154 0.2840351 0.6506215 
HSV2_10                                 0.2943596 0.2915042 0.2915556 0.2943596 0.2915556 0.2924299 0.2933954 0.2933954 0.2934247 0.2947447 0.2915908 0.2895593 0.2895593 0.2905914 0.0015945 0.0015947 0.0007943 0.0048190 0.0049292 0.0016063 0.0019976 0.0012298 0.0020927 0.0000000 0.0009616 0.0016625 0.0037867 0.0057066 0.0048343 0.0017264 0.0060734 0.0041505 0.2915136 0.2947218 0.2915136 0.2906686 0.2906697 0.2915136 0.2942033 0.0635808 0.2905982 0.2905982 0.2897147 0.0056533 0.2915136 0.2889734 0.2902736 0.2911941 0.2921087 0.2905211 0.2905211 0.2908177 0.2924299 0.0061156 0.0069074 0.0065224 0.0044247 0.0064922 0.0060782 0.0060842 0.0040168 0.0040174 0.0044245 0.0040174 0.0048348 0.0056608 0.0044247 0.0052486 0.0044288 0.0056593 0.0052726 0.0048382 0.0060782 0.0052529 0.0056608 0.0056608 0.0056602 0.0056602 0.0044288 0.0056862 0.0056862 0.0073384 0.0056911 0.0056911 0.0052475 0.0069146 0.0081677 0.0052529 0.0060727 0.0064922 0.2921154 0.2902736 0.0044252 0.2898181 0.6481864 
HSV2_11                                 0.2270515 0.2226775 0.2268036 0.2270515 0.2268036 0.2226775 0.2270515 0.2270515 0.2247080 0.2268036 0.2268036 0.2227959 0.2227959 0.2226775 0.0019303 0.0009616 0.0000028 0.0022329 0.0019303 0.0009616 0.0000024 0.0009616 0.0000028 0.0009616 0.0000000 0.0000024 0.0019303 0.0048855 0.0019303 0.0000028 0.0029057 0.0019303 0.2226775 0.2226775 0.2226775 0.2247080 0.2247080 0.2247080 0.2267278 0.0361424 0.2267278 0.2267278 0.2226775 0.0029057 0.2226775 0.2206518 0.2247678 0.2247678 0.2267883 0.2247080 0.2247080 0.2247080 0.2267278 0.0019303 0.0019303 0.0019303 0.0019303 0.0019303 0.0019303 0.0029126 0.0019303 0.0019303 0.0019303 0.0019303 0.0019303 0.0029069 0.0019303 0.0038952 0.0019303 0.0038953 0.0029389 0.0029126 0.0019303 0.0029126 0.0019303 0.0019303 0.0038952 0.0038952 0.0019303 0.0019303 0.0019303 0.0029126 0.0029389 0.0029389 0.0029057 0.0029126 0.0089123 0.0019303 0.0038876 0.0029057 0.2247678 0.2247678 0.0019303 0.2226775 0.5098046 
HSV2_12                                 0.2854685 0.2846791 0.2826196 0.2854685 0.2826196 0.2825705 0.2854685 0.2854685 0.2845427 0.2849389 0.2826547 0.2805698 0.2805698 0.2816284 0.0020804 0.0024975 0.0016606 0.0038554 0.0055064 0.0024986 0.0016623 0.0016658 0.0016710 0.0016625 0.0000024 0.0000000 0.0042237 0.0061702 0.0050460 0.0012969 0.0059042 0.0046400 0.2825775 0.2858627 0.2825775 0.2817059 0.2806941 0.2816354 0.2853485 0.0630071 0.2816354 0.2816354 0.2818821 0.0059022 0.2825775 0.2799544 0.2813148 0.2822623 0.2832036 0.2813888 0.2813888 0.2818523 0.2835205 0.0063464 0.0072128 0.0068117 0.0046177 0.0067790 0.0063464 0.0063530 0.0041923 0.0046182 0.0046174 0.0046182 0.0050465 0.0054748 0.0046177 0.0059096 0.0041923 0.0059086 0.0050699 0.0050502 0.0063464 0.0050502 0.0054748 0.0054748 0.0059096 0.0059096 0.0041923 0.0054786 0.0054786 0.0072206 0.0055053 0.0055053 0.0050448 0.0072206 0.0085305 0.0050502 0.0063405 0.0067790 0.2832106 0.2813148 0.0046182 0.2808275 0.6447337 
HSV2_13                                 0.2868508 0.2839210 0.2839733 0.2868508 0.2839733 0.2839237 0.2868508 0.2868508 0.2859119 0.2863137 0.2840089 0.2819064 0.2819064 0.2829739 0.0046428 0.0050677 0.0042111 0.0000010 0.0012550 0.0046378 0.0033612 0.0042160 0.0038060 0.0037867 0.0019303 0.0042237 0.0000000 0.0025995 0.0008304 0.0039210 0.0029317 0.0004157 0.2839307 0.2872449 0.2839307 0.2830524 0.2820321 0.2829810 0.2867236 0.0621734 0.2829810 0.2829810 0.2811097 0.0025049 0.2839307 0.2812878 0.2826559 0.2836109 0.2845598 0.2828845 0.2828845 0.2832010 0.2848813 0.0020889 0.0029327 0.0025230 0.0004145 0.0025102 0.0020889 0.0020911 0.0008303 0.0016656 0.0012471 0.0016656 0.0016658 0.0025083 0.0004145 0.0020871 0.0012484 0.0016669 0.0012549 0.0008311 0.0020889 0.0012497 0.0025083 0.0025083 0.0016672 0.0016672 0.0012484 0.0012484 0.0012484 0.0029360 0.0025228 0.0025228 0.0020866 0.0029360 0.0050705 0.0012497 0.0016670 0.0025102 0.2845668 0.2826559 0.0012474 0.2821674 0.6420648 
HSV2_14                                 0.2854145 0.2824037 0.2824574 0.2854145 0.2824574 0.2824064 0.2854145 0.2854145 0.2844537 0.2848648 0.2824938 0.2803296 0.2803296 0.2814284 0.0066060 0.0070533 0.0061536 0.0038416 0.0030560 0.0066014 0.0052617 0.0061560 0.0057129 0.0057066 0.0048855 0.0061702 0.0025995 0.0000000 0.0017278 0.0053984 0.0026024 0.0021682 0.2824137 0.2858240 0.2824137 0.2815088 0.2804585 0.2814356 0.2852903 0.0618677 0.2814356 0.2814356 0.2804921 0.0034756 0.2824137 0.2796903 0.2811032 0.2820867 0.2830639 0.2813328 0.2813328 0.2816606 0.2833926 0.0039245 0.0048109 0.0043897 0.0021628 0.0043672 0.0039245 0.0039287 0.0017277 0.0017278 0.0021626 0.0017278 0.0026001 0.0030411 0.0021628 0.0030404 0.0021649 0.0034796 0.0030555 0.0026021 0.0039245 0.0030425 0.0021653 0.0021653 0.0026021 0.0026021 0.0021649 0.0026020 0.0026020 0.0048164 0.0035011 0.0035011 0.0030400 0.0048164 0.0052606 0.0030425 0.0034798 0.0043672 0.2830711 0.2811032 0.0012934 0.2805968 0.6317710 
HSV2_15                                 0.2965928 0.2937241 0.2937758 0.2965928 0.2937758 0.2946510 0.2956270 0.2956270 0.2956476 0.2969732 0.2938114 0.2917757 0.2917757 0.2928101 0.0056528 0.0064784 0.0052376 0.0009489 0.0012134 0.0052811 0.0048356 0.0049826 0.0046432 0.0048343 0.0019303 0.0050460 0.0008304 0.0017278 0.0000000 0.0043533 0.0019899 0.0004086 0.2937335 0.2969501 0.2937335 0.2928878 0.2928893 0.2937335 0.2964261 0.0669115 0.2928169 0.2928169 0.2919322 0.0023874 0.2937335 0.2911922 0.2924885 0.2934102 0.2943259 0.2927443 0.2927443 0.2930389 0.2946510 0.0020029 0.0027948 0.0024039 0.0003952 0.0023923 0.0019909 0.0019929 0.0007915 0.0007916 0.0011889 0.0007916 0.0015879 0.0023906 0.0003952 0.0011902 0.0011901 0.0015889 0.0011959 0.0007923 0.0019909 0.0011912 0.0015892 0.0015892 0.0007923 0.0007923 0.0011901 0.0015968 0.0015968 0.0032048 0.0024038 0.0024038 0.0019888 0.0027977 0.0048297 0.0011912 0.0019891 0.0023923 0.2943326 0.2924885 0.0003952 0.2920370 0.6493801 
HSV2_16                                 0.2893998 0.2863541 0.2864087 0.2893998 0.2864087 0.2853734 0.2893998 0.2893998 0.2884166 0.2888373 0.2864458 0.2842669 0.2842669 0.2853734 0.0017234 0.0021555 0.0012895 0.0038428 0.0048250 0.0021570 0.0000021 0.0012901 0.0012993 0.0017264 0.0000028 0.0012969 0.0039210 0.0053984 0.0043533 0.0000000 0.0047932 0.0039229 0.2843908 0.2898017 0.2863642 0.2844723 0.2834163 0.2853807 0.2892558 0.0609497 0.2843981 0.2843981 0.2844318 0.0052379 0.2863642 0.2826476 0.2840522 0.2850403 0.2860220 0.2852862 0.2852862 0.2846272 0.2873487 0.0056955 0.0065909 0.0061735 0.0039115 0.0061425 0.0056955 0.0057016 0.0034715 0.0034721 0.0039112 0.0034721 0.0043537 0.0043493 0.0039115 0.0048007 0.0030299 0.0052438 0.0039276 0.0043571 0.0056955 0.0039117 0.0043493 0.0043493 0.0052447 0.0052447 0.0030299 0.0047996 0.0047996 0.0065983 0.0043747 0.0043747 0.0039073 0.0065983 0.0079525 0.0039117 0.0052442 0.0061425 0.2860292 0.2840522 0.0039119 0.2835571 0.6484226 
HSV2_17                                 0.2966781 0.2938083 0.2938600 0.2966781 0.2938600 0.2947354 0.2957121 0.2957121 0.2957322 0.2970584 0.2938956 0.2918594 0.2918594 0.2928941 0.0060619 0.0068894 0.0056455 0.0019040 0.0032627 0.0061131 0.0052432 0.0054027 0.0046409 0.0060734 0.0029057 0.0059042 0.0029317 0.0026024 0.0019899 0.0047932 0.0000000 0.0024719 0.2938177 0.2970353 0.2938177 0.2929718 0.2929733 0.2938177 0.2965109 0.0681512 0.2929008 0.2929008 0.2920159 0.0036009 0.2938177 0.2912758 0.2925722 0.2934942 0.2944101 0.2928285 0.2928285 0.2931230 0.2947354 0.0040392 0.0048317 0.0044432 0.0023911 0.0044222 0.0040148 0.0040188 0.0019898 0.0019899 0.0023909 0.0019899 0.0019901 0.0011895 0.0023911 0.0023932 0.0015882 0.0036047 0.0024004 0.0027961 0.0040148 0.0023912 0.0003954 0.0003954 0.0019915 0.0019915 0.0015882 0.0036222 0.0036222 0.0052520 0.0028068 0.0028068 0.0023887 0.0048368 0.0060704 0.0023912 0.0040111 0.0044222 0.2944168 0.2925722 0.0015897 0.2921209 0.6536265 
HSV2_18                                 0.2872225 0.2843306 0.2843823 0.2872225 0.2843823 0.2843332 0.2872225 0.2872225 0.2862958 0.2866918 0.2844174 0.2833204 0.2833204 0.2833963 0.0049980 0.0058480 0.0045712 0.0000010 0.0008239 0.0049948 0.0041565 0.0045914 0.0042268 0.0041505 0.0019303 0.0046400 0.0004157 0.0021682 0.0004086 0.0039229 0.0024719 0.0000000 0.2843402 0.2876114 0.2843402 0.2834738 0.2824672 0.2834033 0.2870963 0.0624416 0.2834033 0.2834033 0.2815572 0.0016416 0.2843402 0.2817333 0.2830819 0.2840251 0.2849612 0.2833090 0.2833090 0.2836208 0.2852789 0.0000021 0.0008180 0.0004106 0.0000021 0.0004085 0.0000021 0.0004090 0.0004086 0.0012298 0.0008180 0.0012298 0.0012299 0.0020577 0.0000021 0.0016437 0.0008189 0.0012308 0.0008232 0.0004090 0.0000021 0.0008197 0.0020577 0.0020577 0.0012310 0.0012310 0.0008189 0.0008188 0.0008188 0.0012308 0.0016532 0.0016532 0.0016433 0.0012308 0.0033052 0.0008197 0.0016435 0.0004085 0.2849681 0.2830819 0.0008181 0.2826009 0.6350127 
JN400093_Human_herpesvirus_1            0.0086343 0.0035859 0.0031649 0.0086343 0.0031649 0.0027652 0.0090568 0.0090568 0.0031650 0.0089936 0.0043710 0.0031682 0.0031682 0.0019699 0.2940473 0.2930416 0.2928196 0.2440449 0.2907921 0.2907529 0.2901816 0.2882632 0.2858000 0.2915136 0.2226775 0.2825775 0.2839307 0.2824137 0.2937335 0.2843908 0.2938177 0.2843402 0.0000000 0.0056426 0.0023671 0.0055980 0.0047798 0.0031647 0.0035693 0.2842601 0.0055865 0.0055865 0.0060014 0.2926397 0.0023671 0.0047979 0.0023788 0.0027790 0.0031801 0.0023734 0.0023734 0.0047976 0.0027652 0.2901679 0.2908763 0.2929705 0.2937335 0.2918330 0.2918330 0.2938186 0.2946577 0.2956184 0.2955826 0.2956184 0.2937403 0.2947404 0.2937335 0.2947046 0.2956590 0.2946912 0.2958778 0.2947337 0.2918330 0.2957354 0.2956590 0.2956590 0.2937446 0.2937446 0.2956590 0.2948002 0.2948002 0.2929057 0.2957389 0.2957389 0.2956231 0.2919077 0.2973256 0.2946604 0.2946202 0.2927487 0.0031801 0.0023788 0.2946577 0.0039732 0.7495417 
JN420337_Human_herpesvirus_1            0.0094722 0.0069181 0.0056430 0.0094722 0.0056430 0.0052324 0.0098964 0.0098964 0.0056432 0.0072457 0.0064667 0.0064730 0.0064730 0.0044151 0.2972681 0.2962582 0.2960319 0.2461682 0.2940393 0.2939843 0.2933815 0.2915459 0.2891227 0.2947218 0.2226775 0.2858627 0.2872449 0.2858240 0.2969501 0.2898017 0.2970353 0.2876114 0.0056426 0.0000000 0.0048237 0.0081436 0.0073015 0.0056426 0.0068850 0.2892873 0.0081267 0.0081267 0.0077202 0.2958493 0.0048237 0.0073286 0.0064968 0.0069117 0.0073275 0.0056580 0.0056580 0.0073281 0.0052324 0.2933821 0.2940781 0.2961861 0.2969501 0.2950398 0.2950398 0.2970368 0.2978787 0.2988444 0.2988080 0.2988444 0.2969569 0.2979630 0.2969501 0.2979268 0.2988860 0.2979133 0.2991093 0.2979563 0.2950398 0.2989641 0.2988860 0.2988860 0.2969618 0.2969618 0.2988860 0.2980244 0.2980244 0.2961201 0.2989678 0.2989678 0.2988496 0.2951161 0.3005583 0.2978815 0.2978403 0.2959599 0.0073276 0.0064968 0.2978787 0.0064746 0.7550863 
JN420338_Human_herpesvirus_1            0.0094809 0.0035859 0.0023672 0.0094809 0.0023672 0.0019698 0.0099055 0.0099055 0.0007847 0.0089936 0.0035665 0.0031682 0.0031682 0.0003918 0.2940473 0.2930416 0.2928196 0.2481477 0.2907921 0.2907529 0.2901816 0.2882632 0.2858000 0.2915136 0.2226775 0.2825775 0.2839307 0.2824137 0.2937335 0.2863642 0.2938177 0.2843402 0.0023671 0.0048237 0.0000000 0.0047852 0.0039723 0.0023671 0.0035693 0.2861199 0.0047753 0.0047753 0.0051871 0.2926397 0.0000010 0.0039875 0.0031803 0.0035826 0.0039869 0.0023734 0.0023734 0.0039872 0.0011785 0.2901679 0.2908763 0.2929705 0.2937335 0.2918330 0.2918330 0.2938186 0.2946577 0.2956184 0.2955826 0.2956184 0.2937403 0.2947404 0.2937335 0.2947046 0.2956590 0.2946912 0.2958778 0.2947337 0.2918330 0.2957354 0.2956590 0.2956590 0.2937446 0.2937446 0.2956590 0.2948002 0.2948002 0.2929057 0.2957389 0.2957389 0.2956231 0.2919077 0.2973256 0.2946604 0.2946202 0.2927487 0.0039869 0.0031803 0.2946577 0.0031690 0.7495417 
JN420339_Human_herpesvirus_1            0.0095008 0.0052207 0.0039771 0.0095008 0.0039771 0.0051909 0.0099263 0.0099263 0.0055986 0.0081715 0.0043809 0.0047905 0.0047905 0.0043806 0.2932007 0.2921954 0.2919744 0.2439161 0.2899364 0.2899012 0.2893377 0.2873963 0.2849208 0.2906686 0.2247080 0.2817059 0.2830524 0.2815088 0.2928878 0.2844723 0.2929718 0.2834738 0.0055980 0.0081436 0.0047852 0.0000000 0.0031746 0.0039768 0.0068313 0.2882026 0.0023722 0.0023722 0.0060139 0.2917951 0.0047852 0.0023838 0.0048084 0.0052159 0.0056245 0.0039875 0.0039875 0.0031868 0.0051909 0.2893203 0.2890491 0.2921246 0.2928878 0.2900040 0.2909885 0.2929725 0.2938115 0.2947716 0.2947359 0.2947716 0.2928946 0.2938938 0.2928878 0.2938581 0.2948119 0.2938448 0.2950297 0.2938871 0.2909885 0.2948880 0.2948119 0.2948119 0.2928988 0.2928988 0.2948119 0.2939533 0.2939533 0.2920600 0.2948914 0.2948914 0.2947761 0.2910629 0.2964783 0.2938142 0.2937742 0.2919037 0.0056245 0.0048084 0.2938115 0.0023750 0.7495197 
JN420340_Human_herpesvirus_1            0.0094899 0.0060333 0.0047801 0.0094899 0.0047801 0.0043753 0.0099149 0.0099149 0.0047803 0.0090020 0.0051857 0.0055978 0.0055978 0.0035703 0.2932022 0.2921968 0.2919757 0.2461020 0.2889391 0.2889088 0.2893387 0.2863872 0.2838986 0.2906697 0.2247080 0.2806941 0.2820321 0.2804585 0.2928893 0.2834163 0.2929733 0.2824672 0.0047798 0.0073015 0.0039723 0.0031746 0.0000000 0.0047798 0.0043788 0.2871449 0.0023693 0.0023693 0.0051919 0.2917964 0.0039723 0.0023811 0.0056185 0.0060277 0.0064379 0.0047927 0.0047927 0.0007893 0.0043753 0.2893213 0.2900335 0.2921259 0.2928893 0.2909897 0.2909897 0.2929740 0.2938131 0.2947734 0.2947376 0.2947734 0.2928960 0.2938955 0.2928893 0.2938598 0.2948137 0.2938464 0.2950315 0.2938887 0.2909897 0.2948898 0.2948137 0.2948137 0.2929003 0.2929003 0.2948137 0.2939550 0.2939550 0.2920614 0.2948932 0.2948932 0.2947779 0.2910641 0.2964803 0.2938158 0.2937758 0.2919050 0.0064380 0.0056185 0.2938131 0.0015772 0.7507364 
JN420341_Human_herpesvirus_1            0.0094809 0.0027816 0.0015738 0.0094809 0.0015738 0.0027652 0.0099055 0.0099055 0.0031650 0.0081544 0.0027656 0.0023697 0.0023697 0.0019699 0.2940473 0.2930416 0.2928196 0.2461020 0.2907921 0.2907529 0.2901816 0.2873248 0.2848489 0.2915136 0.2247080 0.2816354 0.2829810 0.2814356 0.2937335 0.2853807 0.2938177 0.2834033 0.0031647 0.0056426 0.0023671 0.0039768 0.0047798 0.0000000 0.0043744 0.2861199 0.0039686 0.0039686 0.0060014 0.2926397 0.0023671 0.0039875 0.0023788 0.0027790 0.0031801 0.0015779 0.0015779 0.0047976 0.0027652 0.2901679 0.2908763 0.2929705 0.2937335 0.2918330 0.2918330 0.2938186 0.2946577 0.2956184 0.2955826 0.2956184 0.2937403 0.2947404 0.2937335 0.2947046 0.2956590 0.2946912 0.2958778 0.2947337 0.2918330 0.2957354 0.2956590 0.2956590 0.2937446 0.2937446 0.2956590 0.2948002 0.2948002 0.2929057 0.2957389 0.2957389 0.2956231 0.2919077 0.2954386 0.2946604 0.2946202 0.2927487 0.0031801 0.0023788 0.2946577 0.0039732 0.7509942 
JN420342_Human_herpesvirus_1            0.0107681 0.0048059 0.0043747 0.0107681 0.0043747 0.0039711 0.0111963 0.0111963 0.0043748 0.0102693 0.0055907 0.0043791 0.0043791 0.0031675 0.2967427 0.2957354 0.2955102 0.2481477 0.2935158 0.2934634 0.2928668 0.2910214 0.2885964 0.2942033 0.2267278 0.2853485 0.2867236 0.2852903 0.2964261 0.2892558 0.2965109 0.2870963 0.0035693 0.0068850 0.0035693 0.0068313 0.0043788 0.0043744 0.0000000 0.2887854 0.0059982 0.0059982 0.0072374 0.2953284 0.0035693 0.0060268 0.0043956 0.0048015 0.0052084 0.0035789 0.0035789 0.0043953 0.0039711 0.2928651 0.2935619 0.2956637 0.2964261 0.2945210 0.2945210 0.2965123 0.2973521 0.2983152 0.2982789 0.2983152 0.2964328 0.2974360 0.2964261 0.2974000 0.2983565 0.2973865 0.2985786 0.2974293 0.2945210 0.2984342 0.2983565 0.2983565 0.2964376 0.2964376 0.2983565 0.2974970 0.2974970 0.2955980 0.2984379 0.2984379 0.2983202 0.2945969 0.3000246 0.2973549 0.2973139 0.2954386 0.0052085 0.0043956 0.2973521 0.0051908 0.7495834 
JQ360576_Chimpanzee_alpha-1_herpesvirus 0.2891039 0.2861106 0.2861608 0.2891039 0.2861608 0.2870274 0.2881488 0.2881488 0.2880116 0.2911827 0.2861951 0.2860457 0.2860457 0.2852066 0.0658125 0.0645490 0.0640228 0.0442530 0.0652891 0.0642123 0.0646880 0.0635003 0.0614586 0.0635808 0.0361424 0.0630071 0.0621734 0.0618677 0.0669115 0.0609497 0.0681512 0.0624416 0.2842601 0.2892873 0.2861199 0.2882026 0.2871449 0.2861199 0.2887854 0.0000000 0.2870751 0.2870751 0.2880625 0.0657167 0.2861199 0.2854595 0.2830448 0.2839549 0.2848590 0.2851258 0.2851258 0.2863808 0.2870274 0.0663020 0.0669795 0.0665618 0.0663224 0.0664012 0.0664012 0.0676153 0.0657401 0.0669115 0.0663167 0.0669115 0.0669166 0.0675414 0.0663224 0.0687041 0.0663615 0.0669378 0.0676843 0.0669455 0.0664012 0.0675702 0.0675414 0.0675414 0.0681155 0.0681155 0.0663615 0.0682696 0.0682696 0.0687063 0.0671325 0.0671325 0.0675192 0.0680783 0.0705365 0.0675702 0.0687008 0.0669776 0.2848657 0.2830448 0.0663275 0.2862992 0.6961045 
