97
HM585496_Human_herpesvirus_1            0.0000000 0.0082189 0.0098665 0.0015681 0.0015681 0.0194856 0.0098335 0.0015681 0.0000010 0.0015681 0.0011740 0.0120281 0.0129563 0.0120342 0.0098665 0.0165020 0.0165020 0.0160515 0.5630238 0.5574925 0.5618542 0.7242072 0.6210234 0.5541836 0.6192763 0.5863371 0.6130603 0.5709310 1.1486406 0.5997642 0.5988954 0.5980729 0.6354844 0.5918785 0.6219622 0.6103885 0.0106941 0.0103658 0.0134057 0.0131645 0.0129760 0.0090641 0.0138292 0.6256221 0.0120738 0.0120738 0.0111275 0.6548176 0.0115967 0.0129690 0.0124549 0.0115967 0.0120223 0.0098777 0.0098777 0.0116339 0.0161244 0.6550536 0.6496255 0.6536978 0.6548176 0.6496255 0.6550536 0.6557055 0.6395407 0.6373599 0.6395407 0.6382379 0.6380603 0.6364805 0.6530477 0.6398538 0.6426718 0.6530477 0.6521787 0.6535033 0.6478977 0.6554136 0.6554136 0.6549121 0.6380603 0.6426718 0.6410952 0.6579641 0.6579641 0.6546846 0.6359222 0.6498972 0.6426474 0.6498972 0.6496255 0.6510300 0.6474777 0.0120281 0.6509781 0.0189327 1.5929056 
HM585497_Human_herpesvirus_1            0.0082189 0.0000000 0.0081175 0.0099219 0.0099219 0.0139910 0.0085264 0.0099219 0.0082189 0.0099219 0.0094926 0.0124738 0.0116054 0.0124847 0.0081175 0.0169730 0.0169730 0.0165210 0.5587813 0.5549212 0.5590612 0.6620635 0.6169312 0.5514325 0.6074453 0.5834525 0.6036263 0.5666649 1.0917912 0.5936675 0.5952142 0.5943975 0.6226448 0.5899687 0.6093556 0.5990680 0.0111333 0.0138357 0.0138633 0.0136231 0.0143131 0.0085947 0.0160742 0.6135781 0.0116586 0.0116586 0.0142001 0.6421535 0.0120408 0.0152008 0.0129021 0.0120408 0.0124677 0.0120481 0.0120481 0.0111501 0.0165948 0.6423845 0.6370207 0.6410433 0.6421535 0.6370207 0.6423845 0.6420622 0.6271071 0.6249444 0.6271071 0.6258420 0.6256663 0.6241162 0.6403876 0.6274142 0.6302018 0.6403876 0.6395517 0.6408541 0.6353119 0.6427428 0.6427428 0.6422424 0.6256663 0.6302018 0.6286527 0.6452552 0.6452552 0.6410504 0.6226067 0.6363406 0.6301670 0.6363406 0.6370207 0.6384048 0.6348813 0.0124738 0.6383589 0.0147544 1.5767847 
HM585498_Human_herpesvirus_1            0.0098665 0.0081175 0.0000000 0.0115807 0.0115807 0.0149418 0.0093229 0.0115807 0.0098665 0.0115807 0.0111483 0.0081448 0.0089687 0.0132916 0.0000010 0.0124693 0.0124693 0.0120338 0.5599543 0.5556785 0.5598806 0.6923622 0.6164116 0.5522452 0.6128939 0.5864825 0.6105947 0.5706355 1.2186192 0.5952797 0.5969309 0.5947682 0.6316733 0.5897268 0.6161860 0.6070719 0.0119391 0.0085939 0.0094657 0.0091733 0.0099012 0.0085583 0.0107394 0.6150552 0.0073398 0.0073398 0.0141258 0.6484431 0.0077264 0.0098964 0.0085605 0.0077264 0.0081410 0.0102689 0.0102689 0.0119533 0.0120922 0.6486767 0.6432777 0.6473275 0.6484431 0.6432777 0.6486767 0.6493206 0.6332732 0.6311002 0.6332732 0.6319887 0.6318119 0.6302461 0.6466741 0.6335835 0.6363878 0.6466741 0.6458213 0.6471355 0.6415584 0.6490362 0.6490362 0.6485349 0.6318119 0.6363878 0.6348242 0.6515690 0.6515690 0.6483033 0.6296782 0.6435491 0.6363581 0.6435491 0.6432777 0.6446728 0.6411328 0.0081448 0.6472229 0.0148077 1.5754128 
HM585499_Human_herpesvirus_1            0.0015681 0.0099219 0.0115807 0.0000000 0.0000010 0.0213338 0.0115437 0.0007803 0.0015681 0.0007803 0.0011727 0.0128896 0.0147166 0.0137777 0.0115807 0.0183014 0.0183014 0.0169379 0.5626806 0.5571464 0.5614772 0.7533616 0.6235502 0.5588670 0.6189491 0.5859426 0.6155815 0.5705841 1.1486406 0.6017024 0.6016417 0.6008171 0.6378245 0.5914039 0.6242791 0.6131235 0.0115468 0.0120941 0.0151686 0.0140485 0.0147345 0.0107762 0.0155950 0.6278470 0.0138207 0.0138207 0.0128551 0.6570983 0.0124558 0.0147263 0.0133183 0.0124558 0.0128834 0.0115930 0.0115930 0.0133767 0.0179232 0.6573348 0.6519027 0.6559783 0.6570983 0.6519027 0.6573348 0.6579889 0.6418008 0.6396197 0.6418008 0.6404929 0.6403152 0.6387321 0.6553301 0.6421145 0.6449341 0.6553301 0.6544564 0.6557831 0.6501739 0.6576946 0.6576946 0.6571937 0.6403152 0.6449341 0.6433546 0.6602484 0.6602484 0.6569679 0.6381780 0.6521741 0.6449117 0.6521741 0.6519027 0.6533089 0.6497563 0.0128896 0.6532560 0.0207690 1.5973895 
HM585500_Human_herpesvirus_1            0.0015681 0.0099219 0.0115807 0.0000010 0.0000000 0.0213338 0.0115437 0.0007803 0.0015681 0.0007803 0.0011727 0.0128896 0.0147166 0.0137777 0.0115807 0.0183014 0.0183014 0.0169379 0.5626806 0.5571464 0.5614772 0.7533616 0.6235502 0.5588670 0.6189491 0.5859426 0.6155815 0.5705841 1.1486406 0.6017024 0.6016417 0.6008171 0.6378245 0.5914039 0.6242791 0.6131235 0.0115468 0.0120941 0.0151686 0.0140485 0.0147345 0.0107762 0.0155950 0.6278470 0.0138207 0.0138207 0.0128551 0.6570983 0.0124558 0.0147263 0.0133183 0.0124558 0.0128834 0.0115930 0.0115930 0.0133767 0.0179232 0.6573348 0.6519027 0.6559783 0.6570983 0.6519027 0.6573348 0.6579889 0.6418008 0.6396197 0.6418008 0.6404929 0.6403152 0.6387321 0.6553301 0.6421145 0.6449341 0.6553301 0.6544564 0.6557831 0.6501739 0.6576946 0.6576946 0.6571937 0.6403152 0.6449341 0.6433546 0.6602484 0.6602484 0.6569679 0.6381780 0.6521741 0.6449117 0.6521741 0.6519027 0.6533089 0.6497563 0.0128896 0.6532560 0.0207690 1.5973895 
HM585501_Human_herpesvirus_1            0.0194856 0.0139910 0.0149418 0.0213338 0.0213338 0.0000000 0.0193802 0.0213338 0.0194856 0.0213338 0.0208668 0.0125188 0.0181315 0.0170547 0.0149418 0.0142241 0.0142241 0.0137828 0.5634482 0.5609420 0.5656100 0.6981317 0.6209352 0.5557986 0.6132276 0.5922041 0.6135141 0.5748131 1.0917912 0.5995299 0.6023752 0.6001977 0.6284980 0.5940068 0.6156999 0.6043823 0.0174885 0.0161593 0.0130075 0.0136383 0.0134883 0.0166139 0.0152460 0.6232959 0.0116720 0.0116720 0.0197918 0.6481586 0.0120841 0.0143742 0.0129486 0.0120841 0.0125127 0.0156431 0.0156431 0.0213852 0.0138478 0.6483919 0.6429991 0.6470442 0.6481586 0.6429991 0.6483919 0.6451837 0.6330065 0.6308356 0.6330065 0.6317238 0.6315472 0.6299833 0.6463913 0.6333164 0.6361178 0.6463913 0.6455400 0.6468525 0.6412816 0.6487510 0.6487510 0.6482502 0.6315472 0.6361178 0.6345561 0.6512807 0.6512807 0.6470545 0.6284752 0.6423118 0.6360879 0.6423118 0.6429991 0.6443925 0.6408561 0.0125188 0.6443437 0.0076718 1.6128933 
HM585502_Human_herpesvirus_1            0.0098335 0.0085264 0.0093229 0.0115437 0.0115437 0.0193802 0.0000000 0.0115437 0.0098335 0.0115437 0.0111123 0.0128435 0.0060502 0.0111169 0.0093229 0.0146271 0.0146271 0.0141849 0.5645797 0.5577846 0.5621663 0.6951350 0.6231382 0.5510608 0.6177005 0.5902605 0.6130366 0.5727262 1.1694796 0.5949185 0.5995584 0.5987377 0.6330238 0.5960186 0.6201571 0.6080729 0.0089186 0.0128237 0.0124542 0.0130708 0.0128965 0.0048064 0.0146324 0.6235637 0.0111335 0.0111335 0.0110508 0.6541062 0.0124107 0.0137709 0.0132713 0.0124107 0.0128373 0.0089690 0.0089690 0.0080919 0.0151418 0.6543416 0.6489243 0.6529885 0.6541062 0.6489243 0.6543416 0.6549918 0.6388623 0.6366855 0.6388623 0.6375633 0.6373861 0.6358100 0.6523388 0.6391747 0.6419872 0.6523388 0.6514729 0.6527945 0.6471999 0.6547011 0.6547011 0.6542003 0.6373861 0.6419872 0.6404143 0.6572460 0.6572460 0.6539726 0.6352515 0.6491956 0.6419623 0.6491956 0.6489243 0.6503258 0.6467798 0.0128435 0.6502743 0.0170039 1.5778536 
HM585503_Human_herpesvirus_1            0.0015681 0.0099219 0.0115807 0.0007803 0.0007803 0.0213338 0.0115437 0.0000000 0.0015681 0.0000010 0.0011727 0.0128896 0.0147166 0.0137777 0.0115807 0.0183014 0.0183014 0.0169379 0.5656227 0.5601313 0.5647134 0.7402341 0.6235502 0.5588670 0.6216024 0.5892457 0.6155815 0.5735342 1.1486406 0.6058802 0.6016417 0.5994710 0.6378245 0.5953568 0.6242791 0.6131235 0.0115468 0.0120941 0.0151686 0.0140485 0.0147345 0.0107762 0.0155950 0.6278470 0.0138207 0.0138207 0.0128551 0.6570983 0.0124558 0.0147263 0.0133183 0.0124558 0.0128834 0.0115930 0.0115930 0.0133767 0.0179232 0.6573348 0.6519027 0.6559783 0.6570983 0.6519027 0.6573348 0.6579889 0.6418008 0.6396197 0.6418008 0.6404929 0.6403152 0.6387321 0.6553301 0.6421145 0.6449341 0.6553301 0.6544564 0.6557831 0.6501739 0.6576946 0.6576946 0.6571937 0.6403152 0.6449341 0.6433546 0.6602484 0.6602484 0.6569679 0.6381780 0.6521741 0.6449117 0.6521741 0.6519027 0.6533089 0.6497563 0.0128896 0.6532560 0.0207690 1.5973895 
HM585504_Human_herpesvirus_1            0.0000010 0.0082189 0.0098665 0.0015681 0.0015681 0.0194856 0.0098335 0.0015681 0.0000000 0.0015681 0.0011740 0.0120281 0.0129563 0.0120342 0.0098665 0.0165020 0.0165020 0.0160515 0.5630238 0.5574925 0.5618542 0.7242072 0.6210234 0.5541836 0.6192763 0.5863371 0.6130603 0.5709310 1.1486406 0.5997642 0.5988954 0.5980729 0.6354844 0.5918785 0.6219622 0.6103885 0.0106941 0.0103658 0.0134057 0.0131645 0.0129760 0.0090641 0.0138292 0.6256221 0.0120738 0.0120738 0.0111275 0.6548176 0.0115967 0.0129690 0.0124549 0.0115967 0.0120223 0.0098777 0.0098777 0.0116339 0.0161244 0.6550536 0.6496255 0.6536978 0.6548176 0.6496255 0.6550536 0.6557055 0.6395407 0.6373599 0.6395407 0.6382379 0.6380603 0.6364805 0.6530477 0.6398538 0.6426718 0.6530477 0.6521787 0.6535033 0.6478977 0.6554136 0.6554136 0.6549121 0.6380603 0.6426718 0.6410952 0.6579641 0.6579641 0.6546846 0.6359222 0.6498972 0.6426474 0.6498972 0.6496255 0.6510300 0.6474777 0.0120281 0.6509781 0.0189327 1.5929056 
HM585505_Human_herpesvirus_1            0.0015681 0.0099219 0.0115807 0.0007803 0.0007803 0.0213338 0.0115437 0.0000010 0.0015681 0.0000000 0.0011727 0.0128896 0.0147166 0.0137777 0.0115807 0.0183014 0.0183014 0.0169379 0.5656227 0.5601313 0.5647134 0.7402341 0.6235502 0.5588670 0.6216024 0.5892457 0.6155815 0.5735342 1.1486406 0.6058802 0.6016417 0.5994710 0.6378245 0.5953568 0.6242791 0.6131235 0.0115468 0.0120941 0.0151686 0.0140485 0.0147345 0.0107762 0.0155950 0.6278470 0.0138207 0.0138207 0.0128551 0.6570983 0.0124558 0.0147263 0.0133183 0.0124558 0.0128834 0.0115930 0.0115930 0.0133767 0.0179232 0.6573348 0.6519027 0.6559783 0.6570983 0.6519027 0.6573348 0.6579889 0.6418008 0.6396197 0.6418008 0.6404929 0.6403152 0.6387321 0.6553301 0.6421145 0.6449341 0.6553301 0.6544564 0.6557831 0.6501739 0.6576946 0.6576946 0.6571937 0.6403152 0.6449341 0.6433546 0.6602484 0.6602484 0.6569679 0.6381780 0.6521741 0.6449117 0.6521741 0.6519027 0.6533089 0.6497563 0.0128896 0.6532560 0.0207690 1.5973895 
HM585506_Human_herpesvirus_1            0.0011740 0.0094926 0.0111483 0.0011727 0.0011727 0.0208668 0.0111123 0.0011727 0.0011740 0.0011727 0.0000000 0.0124531 0.0142725 0.0133376 0.0111483 0.0178472 0.0178472 0.0164874 0.5673319 0.5618628 0.5665933 0.7402341 0.6252497 0.5588670 0.6231657 0.5911767 0.6172723 0.5752516 1.1486406 0.6058802 0.6034738 0.6026471 0.6394068 0.5959641 0.6258379 0.6136131 0.0111151 0.0116581 0.0147234 0.0136002 0.0142905 0.0103440 0.0151492 0.6293458 0.0133793 0.0133793 0.0124192 0.6586513 0.0120206 0.0142826 0.0128806 0.0120206 0.0124471 0.0111604 0.0111604 0.0129367 0.0174695 0.6588883 0.6534504 0.6575306 0.6586513 0.6534504 0.6588883 0.6595442 0.6433312 0.6411487 0.6433312 0.6420192 0.6418414 0.6402551 0.6568833 0.6436456 0.6464678 0.6568833 0.6560058 0.6573348 0.6517199 0.6592482 0.6592482 0.6587474 0.6418414 0.6464678 0.6448855 0.6618057 0.6618057 0.6585226 0.6397035 0.6537217 0.6464467 0.6537217 0.6534504 0.6548585 0.6513038 0.0124531 0.6548050 0.0203050 1.5946269 
HM585508_Human_herpesvirus_1            0.0120281 0.0124738 0.0081448 0.0128896 0.0128896 0.0125188 0.0128435 0.0128896 0.0120281 0.0128896 0.0124531 0.0000000 0.0125032 0.0106977 0.0081448 0.0089231 0.0089231 0.0085035 0.5617136 0.5559057 0.5584475 0.7162593 0.6132500 0.5508436 0.6113522 0.5823505 0.6084824 0.5708692 1.1343122 0.5907249 0.5946490 0.5924915 0.6265778 0.5882474 0.6138273 0.6031820 0.0068744 0.0089651 0.0068509 0.0028157 0.0081268 0.0102320 0.0098012 0.6181252 0.0047814 0.0047814 0.0123860 0.6459991 0.0003899 0.0089680 0.0011731 0.0003899 0.0007809 0.0093394 0.0093394 0.0147064 0.0085468 0.6462312 0.6408571 0.6448879 0.6459991 0.6408571 0.6462312 0.6468704 0.6309086 0.6287441 0.6309086 0.6296342 0.6294582 0.6279018 0.6442350 0.6312170 0.6340090 0.6442350 0.6433905 0.6446974 0.6391454 0.6465895 0.6465895 0.6460896 0.6294582 0.6340090 0.6324542 0.6491092 0.6491092 0.6458570 0.6273316 0.6411277 0.6339773 0.6411277 0.6408571 0.6422450 0.6387188 0.0007813 0.6421974 0.0120224 1.5878068 
HM585509_Human_herpesvirus_1            0.0129563 0.0116054 0.0089687 0.0147166 0.0147166 0.0181315 0.0060502 0.0147166 0.0129563 0.0147166 0.0142725 0.0125032 0.0000000 0.0151747 0.0089687 0.0160632 0.0160632 0.0156137 0.5571219 0.5515123 0.5553657 0.6828043 0.6180016 0.5450016 0.6143469 0.5857618 0.6102825 0.5686968 1.1653507 0.5861861 0.5949176 0.5940988 0.6305128 0.5864636 0.6176430 0.6064186 0.0128760 0.0133438 0.0129729 0.0127247 0.0134237 0.0077705 0.0151696 0.6209876 0.0107859 0.0107859 0.0150865 0.6516979 0.0120682 0.0143015 0.0129326 0.0120682 0.0124971 0.0120471 0.0120471 0.0115671 0.0156851 0.6519332 0.6465097 0.6505782 0.6516979 0.6465097 0.6519332 0.6496768 0.6364462 0.6342654 0.6364462 0.6351501 0.6349726 0.6333969 0.6499253 0.6367585 0.6395748 0.6499253 0.6490627 0.6503846 0.6447829 0.6522936 0.6522936 0.6517913 0.6349726 0.6395748 0.6380018 0.6548400 0.6548400 0.6515614 0.6328329 0.6467817 0.6395478 0.6467817 0.6465097 0.6479120 0.6443594 0.0125032 0.6478616 0.0175698 1.5910158 
HM585510_Human_herpesvirus_1            0.0120342 0.0124847 0.0132916 0.0137777 0.0137777 0.0170547 0.0111169 0.0137777 0.0120342 0.0137777 0.0133376 0.0106977 0.0151747 0.0000000 0.0132916 0.0115482 0.0115482 0.0111176 0.5657883 0.5602775 0.5648918 0.7033450 0.6175104 0.5555015 0.6152706 0.5897691 0.6122634 0.5746322 1.1836770 0.5992508 0.5996566 0.5988313 0.6314100 0.5950761 0.6185573 0.6095598 0.0077047 0.0143054 0.0120681 0.0122393 0.0134275 0.0112153 0.0151738 0.6232111 0.0107381 0.0107381 0.0081345 0.6540215 0.0102714 0.0143054 0.0111201 0.0102714 0.0106926 0.0103135 0.0103135 0.0112056 0.0111719 0.6542569 0.6488387 0.6529036 0.6540215 0.6488387 0.6542569 0.6549071 0.6387748 0.6365973 0.6387748 0.6374756 0.6372984 0.6357219 0.6522537 0.6390873 0.6419005 0.6522537 0.6513878 0.6527096 0.6471139 0.6546165 0.6546165 0.6541156 0.6372984 0.6419005 0.6403272 0.6571618 0.6571618 0.6538878 0.6351631 0.6491100 0.6418755 0.6491100 0.6488387 0.6502404 0.6466936 0.0106977 0.6501890 0.0129865 1.6055379 
HM585511_Human_herpesvirus_1            0.0098665 0.0081175 0.0000010 0.0115807 0.0115807 0.0149418 0.0093229 0.0115807 0.0098665 0.0115807 0.0111483 0.0081448 0.0089687 0.0132916 0.0000000 0.0124693 0.0124693 0.0120338 0.5599543 0.5556785 0.5598806 0.6923622 0.6164116 0.5522452 0.6128939 0.5864825 0.6105947 0.5706355 1.2186192 0.5952797 0.5969309 0.5947682 0.6316733 0.5897268 0.6161860 0.6070719 0.0119391 0.0085939 0.0094657 0.0091733 0.0099012 0.0085583 0.0107394 0.6150552 0.0073398 0.0073398 0.0141258 0.6484431 0.0077264 0.0098964 0.0085605 0.0077264 0.0081410 0.0102689 0.0102689 0.0119533 0.0120922 0.6486767 0.6432777 0.6473275 0.6484431 0.6432777 0.6486767 0.6493206 0.6332732 0.6311002 0.6332732 0.6319887 0.6318119 0.6302461 0.6466741 0.6335835 0.6363878 0.6466741 0.6458213 0.6471355 0.6415584 0.6490362 0.6490362 0.6485349 0.6318119 0.6363878 0.6348242 0.6515690 0.6515690 0.6483033 0.6296782 0.6435491 0.6363581 0.6435491 0.6432777 0.6446728 0.6411328 0.0081448 0.6472229 0.0148077 1.5754128 
HM585512_Human_herpesvirus_1            0.0165020 0.0169730 0.0124693 0.0183014 0.0183014 0.0142241 0.0146271 0.0183014 0.0165020 0.0183014 0.0178472 0.0089231 0.0160632 0.0115482 0.0124693 0.0000000 0.0000010 0.0027594 0.5639385 0.5597092 0.5633452 0.7191314 0.6137193 0.5519603 0.6124216 0.5856677 0.6097180 0.5746607 1.1547902 0.5921694 0.5987025 0.5951909 0.6285190 0.5929267 0.6157123 0.6064205 0.0137023 0.0115505 0.0077062 0.0086457 0.0106965 0.0137121 0.0124005 0.6210809 0.0072583 0.0072583 0.0141577 0.6492959 0.0085046 0.0115522 0.0093385 0.0085046 0.0089189 0.0119220 0.0119220 0.0183255 0.0052065 0.6495296 0.6441327 0.6481810 0.6492959 0.6441327 0.6495296 0.6501739 0.6341281 0.6319565 0.6341281 0.6328425 0.6326658 0.6310998 0.6475288 0.6344385 0.6372416 0.6475288 0.6466748 0.6479889 0.6424141 0.6498888 0.6498888 0.6493880 0.6326658 0.6372416 0.6356779 0.6524211 0.6524211 0.6491572 0.6305338 0.6444038 0.6372126 0.6444038 0.6441327 0.6455275 0.6419897 0.0089231 0.6454783 0.0094143 1.5913473 
HM585513_Human_herpesvirus_1            0.0165020 0.0169730 0.0124693 0.0183014 0.0183014 0.0142241 0.0146271 0.0183014 0.0165020 0.0183014 0.0178472 0.0089231 0.0160632 0.0115482 0.0124693 0.0000010 0.0000000 0.0027594 0.5639385 0.5597092 0.5633452 0.7191314 0.6137193 0.5519603 0.6124216 0.5856677 0.6097180 0.5746607 1.1547902 0.5921694 0.5987025 0.5951909 0.6285190 0.5929267 0.6157123 0.6064205 0.0137023 0.0115505 0.0077062 0.0086457 0.0106965 0.0137121 0.0124005 0.6210809 0.0072583 0.0072583 0.0141577 0.6492959 0.0085046 0.0115522 0.0093385 0.0085046 0.0089189 0.0119220 0.0119220 0.0183255 0.0052065 0.6495296 0.6441327 0.6481810 0.6492959 0.6441327 0.6495296 0.6501739 0.6341281 0.6319565 0.6341281 0.6328425 0.6326658 0.6310998 0.6475288 0.6344385 0.6372416 0.6475288 0.6466748 0.6479889 0.6424141 0.6498888 0.6498888 0.6493880 0.6326658 0.6372416 0.6356779 0.6524211 0.6524211 0.6491572 0.6305338 0.6444038 0.6372126 0.6444038 0.6441327 0.6455275 0.6419897 0.0089231 0.6454783 0.0094143 1.5913473 
HM585514_Human_herpesvirus_1            0.0160515 0.0165210 0.0120338 0.0169379 0.0169379 0.0137828 0.0141849 0.0169379 0.0160515 0.0169379 0.0164874 0.0085035 0.0156137 0.0111176 0.0120338 0.0027594 0.0027594 0.0000000 0.5622255 0.5579787 0.5623779 0.7350054 0.6128475 0.5505608 0.6108059 0.5863762 0.6088470 0.5729220 1.1547902 0.5924767 0.5977585 0.5955936 0.6268621 0.5917355 0.6140954 0.6029212 0.0132647 0.0111194 0.0081258 0.0082205 0.0102684 0.0132735 0.0119671 0.6195186 0.0076753 0.0076753 0.0137181 0.6476402 0.0080864 0.0111214 0.0089178 0.0080864 0.0084996 0.0114914 0.0114914 0.0178678 0.0056169 0.6478730 0.6424895 0.6465275 0.6476402 0.6424895 0.6478730 0.6485144 0.6325165 0.6303492 0.6325165 0.6312370 0.6310607 0.6295000 0.6458752 0.6328258 0.6356224 0.6458752 0.6450263 0.6463363 0.6407750 0.6482316 0.6482316 0.6477314 0.6310607 0.6356224 0.6340637 0.6507565 0.6507565 0.6474998 0.6289321 0.6427603 0.6355921 0.6427603 0.6424895 0.6438803 0.6403497 0.0085035 0.6438319 0.0089908 1.5964279 
HSV2_1                                  0.5630238 0.5587813 0.5599543 0.5626806 0.5626806 0.5634482 0.5645797 0.5656227 0.5630238 0.5656227 0.5673319 0.5617136 0.5571219 0.5657883 0.5599543 0.5639385 0.5639385 0.5622255 0.0000000 0.0014868 0.0000020 0.0148800 0.0139111 0.0016178 0.0000022 0.0005441 0.0173295 0.0000024 0.0000010 0.0013385 0.0160118 0.0141428 0.0167589 0.0012817 0.0148637 0.0171552 0.5689187 0.5534512 0.5599949 0.5611758 0.5581847 0.5548326 0.5601709 0.1068639 0.5624400 0.5624400 0.5687839 0.0173099 0.5601818 0.5563926 0.5614547 0.5601818 0.5614547 0.5625733 0.5625733 0.5660411 0.5666890 0.0173240 0.0156661 0.0167665 0.0173099 0.0156661 0.0173240 0.0168160 0.0127337 0.0138514 0.0127337 0.0137920 0.0143330 0.0143577 0.0162727 0.0143424 0.0132531 0.0162727 0.0178726 0.0167634 0.0178881 0.0178706 0.0178706 0.0167634 0.0143330 0.0132531 0.0138268 0.0184756 0.0184756 0.0162161 0.0127273 0.0162073 0.0138697 0.0162073 0.0156661 0.0156661 0.0173437 0.5601818 0.0174286 0.5522838 1.4253747 
HSV2_2                                  0.5574925 0.5549212 0.5556785 0.5571464 0.5571464 0.5609420 0.5577846 0.5601313 0.5574925 0.5601313 0.5618628 0.5559057 0.5515123 0.5602775 0.5556785 0.5597092 0.5597092 0.5579787 0.0014868 0.0000000 0.0010679 0.0148800 0.0152018 0.0027125 0.0014798 0.0016409 0.0185397 0.0004966 0.0000010 0.0020166 0.0172557 0.0154645 0.0182185 0.0025747 0.0162541 0.0180839 0.5634490 0.5490883 0.5557155 0.5568311 0.5538675 0.5491993 0.5558892 0.1094137 0.5581802 0.5581802 0.5633111 0.0187854 0.5559057 0.5520639 0.5571981 0.5559057 0.5571981 0.5570275 0.5570275 0.5605402 0.5593888 0.0188003 0.0170958 0.0182264 0.0187854 0.0170958 0.0188003 0.0182811 0.0140663 0.0152183 0.0140663 0.0151530 0.0157091 0.0157367 0.0177224 0.0157193 0.0145991 0.0177224 0.0193637 0.0182230 0.0193799 0.0193611 0.0193611 0.0182230 0.0157091 0.0145991 0.0151917 0.0199855 0.0199855 0.0176611 0.0140594 0.0176513 0.0152388 0.0176513 0.0170958 0.0170958 0.0187923 0.5559057 0.0189108 0.5496132 1.4135109 
HSV2_3                                  0.5618542 0.5590612 0.5598806 0.5614772 0.5614772 0.5656100 0.5621663 0.5647134 0.5618542 0.5647134 0.5665933 0.5584475 0.5553657 0.5648918 0.5598806 0.5633452 0.5633452 0.5623779 0.0000020 0.0010679 0.0000000 0.0148800 0.0131812 0.0017130 0.0000025 0.0005591 0.0168747 0.0000023 0.0000010 0.0013422 0.0151595 0.0132944 0.0167773 0.0012813 0.0140890 0.0176249 0.5666343 0.5527294 0.5585236 0.5585370 0.5579322 0.5547810 0.5601188 0.1087382 0.5626147 0.5626147 0.5681879 0.0173872 0.5584475 0.5559632 0.5598465 0.5584475 0.5598465 0.5613568 0.5613568 0.5651701 0.5639213 0.0174026 0.0155702 0.0167856 0.0173872 0.0155702 0.0174026 0.0168414 0.0123411 0.0135707 0.0123411 0.0135063 0.0135063 0.0141289 0.0162400 0.0141124 0.0129131 0.0162400 0.0180085 0.0167823 0.0180256 0.0180063 0.0180063 0.0167823 0.0135063 0.0129131 0.0135440 0.0186757 0.0186757 0.0161776 0.0123342 0.0161679 0.0135905 0.0161679 0.0155702 0.0155702 0.0174242 0.5584475 0.0175168 0.5533068 1.4072161 
HSV2_4                                  0.7242072 0.6620635 0.6923622 0.7533616 0.7533616 0.6981317 0.6951350 0.7402341 0.7242072 0.7402341 0.7402341 0.7162593 0.6828043 0.7033450 0.6923622 0.7191314 0.7191314 0.7350054 0.0148800 0.0148800 0.0148800 0.0000000 0.0097901 0.0097901 0.0097752 0.0148800 0.0000010 0.0148800 0.0444796 0.0097752 0.0000010 0.0000010 0.0000010 0.0048210 0.0047629 0.0000010 0.7033450 0.6696550 0.7033450 0.7162593 0.7545555 0.7137413 0.7545555 0.1369073 0.7162593 0.7162593 0.7033450 0.0000010 0.7162593 0.7545555 0.7162593 0.7162593 0.7162593 0.7162593 0.7162593 0.7071319 0.7162593 0.0000010 0.0000010 0.0000010 0.0000010 0.0000010 0.0000010 0.0000010 0.0000010 0.0000010 0.0000010 0.0047629 0.0047629 0.0047629 0.0000010 0.0097416 0.0000010 0.0000010 0.0000010 0.0000010 0.0000010 0.0048082 0.0048082 0.0000010 0.0047629 0.0000010 0.0000010 0.0047629 0.0047629 0.0000010 0.0000010 0.0000010 0.0049811 0.0000010 0.0000010 0.0000010 0.0000010 0.7162593 0.0000010 0.7320919 1.2432543 
HSV2_5                                  0.6210234 0.6169312 0.6164116 0.6235502 0.6235502 0.6209352 0.6231382 0.6235502 0.6210234 0.6235502 0.6252497 0.6132500 0.6180016 0.6175104 0.6164116 0.6137193 0.6137193 0.6128475 0.0139111 0.0152018 0.0131812 0.0097901 0.0000000 0.0130706 0.0130339 0.0125360 0.0028791 0.0138384 0.0000010 0.0136867 0.0025219 0.0040212 0.0027080 0.0144584 0.0079552 0.0031350 0.6235336 0.6084575 0.6164931 0.6143609 0.6166002 0.6157285 0.6184745 0.1130283 0.6156645 0.6156645 0.6244118 0.0031653 0.6132500 0.6146566 0.6144845 0.6132500 0.6144845 0.6213174 0.6213174 0.6247656 0.6157327 0.0031682 0.0018007 0.0027096 0.0031653 0.0018007 0.0031682 0.0027185 0.0055903 0.0060666 0.0055903 0.0069979 0.0074785 0.0074901 0.0022633 0.0070243 0.0070205 0.0022633 0.0036249 0.0027092 0.0036291 0.0036252 0.0036252 0.0027092 0.0074785 0.0070205 0.0065548 0.0040970 0.0040970 0.0027198 0.0060460 0.0022535 0.0070365 0.0022535 0.0018007 0.0018007 0.0045680 0.6132500 0.0031918 0.6103700 1.5359989 
HSV2_6                                  0.5541836 0.5514325 0.5522452 0.5588670 0.5588670 0.5557986 0.5510608 0.5588670 0.5541836 0.5588670 0.5588670 0.5508436 0.5450016 0.5555015 0.5522452 0.5519603 0.5519603 0.5505608 0.0016178 0.0027125 0.0017130 0.0097901 0.0130706 0.0000000 0.0015941 0.0022432 0.0155297 0.0016075 0.0000028 0.0020197 0.0144699 0.0131270 0.0166835 0.0026811 0.0146083 0.0166602 0.5584729 0.5415340 0.5488459 0.5493176 0.5482382 0.5444230 0.5504085 0.1113390 0.5511952 0.5511952 0.5566691 0.0172891 0.5508436 0.5463302 0.5522286 0.5508436 0.5522286 0.5516197 0.5516197 0.5553721 0.5541589 0.0173043 0.0154847 0.0166917 0.0172891 0.0154847 0.0173043 0.0154165 0.0122778 0.0122292 0.0122778 0.0134350 0.0140271 0.0140536 0.0148265 0.0140373 0.0128453 0.0148265 0.0179059 0.0166883 0.0179229 0.0179037 0.0179037 0.0166883 0.0140271 0.0128453 0.0134723 0.0172150 0.0172150 0.0160879 0.0122709 0.0160783 0.0135184 0.0160783 0.0154847 0.0154847 0.0172959 0.5508436 0.0174174 0.5437092 1.4191110 
HSV2_7                                  0.6192763 0.6074453 0.6128939 0.6189491 0.6189491 0.6132276 0.6177005 0.6216024 0.6192763 0.6216024 0.6231657 0.6113522 0.6143469 0.6152706 0.6128939 0.6124216 0.6124216 0.6108059 0.0000022 0.0014798 0.0000025 0.0097752 0.0130339 0.0015941 0.0000000 0.0005316 0.0163269 0.0000028 0.0000028 0.0013369 0.0144934 0.0126269 0.0156468 0.0012807 0.0149895 0.0160888 0.6180013 0.6047823 0.6121499 0.6133195 0.6122332 0.6088288 0.6139579 0.1219581 0.6127483 0.6127483 0.6219169 0.0160995 0.6099553 0.6104618 0.6124865 0.6099553 0.6110887 0.6165631 0.6165631 0.6191789 0.6149596 0.0161108 0.0147002 0.0156364 0.0160995 0.0147002 0.0161108 0.0166322 0.0131537 0.0131603 0.0131537 0.0140161 0.0144803 0.0145017 0.0152132 0.0145453 0.0136072 0.0152132 0.0165766 0.0156329 0.0165894 0.0165753 0.0165753 0.0161054 0.0144803 0.0136072 0.0141019 0.0170872 0.0170872 0.0161621 0.0126627 0.0156364 0.0136288 0.0156364 0.0147002 0.0147002 0.0156412 0.6113522 0.0161950 0.6035860 1.5460663 
HSV2_8                                  0.5863371 0.5834525 0.5864825 0.5859426 0.5859426 0.5922041 0.5902605 0.5892457 0.5863371 0.5892457 0.5911767 0.5823505 0.5857618 0.5897691 0.5864825 0.5856677 0.5856677 0.5863762 0.0005441 0.0016409 0.0005591 0.0148800 0.0125360 0.0022432 0.0005316 0.0000000 0.0163138 0.0000020 0.0000028 0.0020285 0.0144477 0.0125127 0.0161571 0.0019300 0.0134889 0.0167645 0.5939845 0.5764651 0.5848669 0.5830350 0.5843317 0.5839827 0.5865251 0.1088152 0.5867238 0.5867238 0.5938807 0.0167645 0.5823505 0.5822217 0.5837721 0.5823505 0.5837721 0.5892466 0.5892466 0.5941631 0.5897713 0.0167795 0.0149549 0.0161652 0.0167645 0.0149549 0.0167795 0.0162194 0.0117485 0.0129706 0.0117485 0.0129086 0.0129086 0.0135263 0.0156203 0.0135106 0.0123183 0.0156203 0.0173828 0.0161620 0.0173997 0.0173809 0.0173809 0.0161620 0.0129086 0.0123183 0.0129447 0.0180463 0.0180463 0.0155597 0.0117419 0.0155503 0.0129885 0.0155503 0.0149549 0.0149549 0.0167712 0.5823505 0.0168911 0.5788092 1.4637625 
HSV2_9                                  0.6130603 0.6036263 0.6105947 0.6155815 0.6155815 0.6135141 0.6130366 0.6155815 0.6130603 0.6155815 0.6172723 0.6084824 0.6102825 0.6122634 0.6105947 0.6097180 0.6097180 0.6088470 0.0173295 0.0185397 0.0168747 0.0000010 0.0028791 0.0155297 0.0163269 0.0163138 0.0000000 0.0171513 0.0365013 0.0160426 0.0015182 0.0030607 0.0018279 0.0159900 0.0080707 0.0010168 0.6144537 0.6017940 0.6102262 0.6055666 0.6076983 0.6040720 0.6104575 0.1162739 0.6099869 0.6099869 0.6186580 0.0013671 0.6069676 0.6066682 0.6090742 0.6069676 0.6081982 0.6118474 0.6118474 0.6161720 0.6103465 0.0013684 0.0009114 0.0009106 0.0013671 0.0009114 0.0013684 0.0018227 0.0051949 0.0046791 0.0051949 0.0070999 0.0075879 0.0076001 0.0004523 0.0061645 0.0061610 0.0004523 0.0027521 0.0018287 0.0027553 0.0018270 0.0018270 0.0018287 0.0075879 0.0061610 0.0056892 0.0013610 0.0013610 0.0022999 0.0056653 0.0018297 0.0066573 0.0018297 0.0009114 0.0009114 0.0036994 0.6078419 0.0023085 0.6018037 1.5368717 
HSV2_10                                 0.5709310 0.5666649 0.5706355 0.5705841 0.5705841 0.5748131 0.5727262 0.5735342 0.5709310 0.5735342 0.5752516 0.5708692 0.5686968 0.5746322 0.5706355 0.5746607 0.5746607 0.5729220 0.0000024 0.0004966 0.0000023 0.0148800 0.0138384 0.0016075 0.0000028 0.0000020 0.0171513 0.0000000 0.0000010 0.0013453 0.0157947 0.0139869 0.0167533 0.0012873 0.0148592 0.0170933 0.5784078 0.5640864 0.5713085 0.5720750 0.5695180 0.5648195 0.5714984 0.1103050 0.5731801 0.5731801 0.5782767 0.0173049 0.5708692 0.5676799 0.5721448 0.5708692 0.5721448 0.5726404 0.5726404 0.5761311 0.5759116 0.0173187 0.0156611 0.0167608 0.0173049 0.0156611 0.0173187 0.0168112 0.0127303 0.0138474 0.0127303 0.0137881 0.0143287 0.0143534 0.0162673 0.0143382 0.0132495 0.0162673 0.0178665 0.0167578 0.0178819 0.0178645 0.0178645 0.0167578 0.0143287 0.0132495 0.0138229 0.0184685 0.0184685 0.0162108 0.0127240 0.0162020 0.0138657 0.0162020 0.0156611 0.0156611 0.0173382 0.5708692 0.0174218 0.5629351 1.4459969 
HSV2_11                                 1.1486406 1.0917912 1.2186192 1.1486406 1.1486406 1.0917912 1.1694796 1.1486406 1.1486406 1.1486406 1.1486406 1.1343122 1.1653507 1.1836770 1.2186192 1.1547902 1.1547902 1.1547902 0.0000010 0.0000010 0.0000010 0.0444796 0.0000010 0.0000028 0.0000028 0.0000028 0.0365013 0.0000010 0.0000000 0.0000028 0.0365013 0.0365013 0.0365013 0.0000028 0.0365013 0.0365013 1.1343122 1.2094765 1.1200930 1.1343122 1.1343122 1.1343122 1.1486406 0.1611923 1.1343122 1.1343122 1.1486406 0.0365013 1.1343122 1.1486406 1.1343122 1.1343122 1.1343122 1.1486406 1.1486406 1.2101374 1.2222470 0.0365013 0.0365013 0.0365013 0.0365013 0.0365013 0.0365013 0.0365013 0.0365013 0.0365013 0.0365013 0.0365013 0.0365013 0.0365013 0.0365013 0.0474745 0.0365013 0.0365013 0.0365013 0.0365013 0.0365013 0.0365013 0.0365013 0.0365013 0.0365013 0.0365013 0.0365013 0.0365013 0.0365013 0.0365013 0.0365013 0.0365013 0.0365013 0.0365013 0.0365013 0.0365013 0.0365013 1.1343122 0.0365013 1.1694796 1.1271139 
HSV2_12                                 0.5997642 0.5936675 0.5952797 0.6017024 0.6017024 0.5995299 0.5949185 0.6058802 0.5997642 0.6058802 0.6058802 0.5907249 0.5861861 0.5992508 0.5952797 0.5921694 0.5921694 0.5924767 0.0013385 0.0020166 0.0013422 0.0097752 0.0136867 0.0020197 0.0013369 0.0020285 0.0160426 0.0013453 0.0000028 0.0000000 0.0144542 0.0121698 0.0159691 0.0030194 0.0133783 0.0167398 0.5999166 0.5811989 0.5902732 0.5888822 0.5896180 0.5861441 0.5923657 0.1170027 0.5935335 0.5935335 0.6004383 0.0175004 0.5907249 0.5869435 0.5925156 0.5907249 0.5925156 0.5930471 0.5930471 0.5997707 0.5973681 0.0175198 0.0152203 0.0167446 0.0175004 0.0152203 0.0175198 0.0159691 0.0112019 0.0119314 0.0112019 0.0126520 0.0126520 0.0126520 0.0152203 0.0134065 0.0119141 0.0152203 0.0175092 0.0159691 0.0183033 0.0182787 0.0182787 0.0167404 0.0126520 0.0119141 0.0119314 0.0182588 0.0182588 0.0159812 0.0111938 0.0159691 0.0127518 0.0159691 0.0152203 0.0152203 0.0175092 0.5907249 0.0168912 0.5835392 1.3459521 
HSV2_13                                 0.5988954 0.5952142 0.5969309 0.6016417 0.6016417 0.6023752 0.5995584 0.6016417 0.5988954 0.6016417 0.6034738 0.5946490 0.5949176 0.5996566 0.5969309 0.5987025 0.5987025 0.5977585 0.0160118 0.0172557 0.0151595 0.0000010 0.0025219 0.0144699 0.0144934 0.0144477 0.0015182 0.0157947 0.0365013 0.0144542 0.0000000 0.0025664 0.0015026 0.0144668 0.0072989 0.0016157 0.6043613 0.5883446 0.5976946 0.5938909 0.5949306 0.5898383 0.5979295 0.1072641 0.5971911 0.5971911 0.6035667 0.0020083 0.5946490 0.5938328 0.5959913 0.5946490 0.5959913 0.5991616 0.5991616 0.6028805 0.6010130 0.0020104 0.0004987 0.0015036 0.0020083 0.0004987 0.0020104 0.0015093 0.0041278 0.0051993 0.0041278 0.0062354 0.0067697 0.0067816 0.0010049 0.0057067 0.0057032 0.0010049 0.0025151 0.0015033 0.0025185 0.0025154 0.0025154 0.0015033 0.0067697 0.0057032 0.0051876 0.0030344 0.0030344 0.0010010 0.0051819 0.0010008 0.0062747 0.0010008 0.0004987 0.0004987 0.0035538 0.5946490 0.0020275 0.5896672 1.4577491 
HSV2_14                                 0.5980729 0.5943975 0.5947682 0.6008171 0.6008171 0.6001977 0.5987377 0.5994710 0.5980729 0.5994710 0.6026471 0.5924915 0.5940988 0.5988313 0.5947682 0.5951909 0.5951909 0.5955936 0.0141428 0.0154645 0.0132944 0.0000010 0.0040212 0.0131270 0.0126269 0.0125127 0.0030607 0.0139869 0.0365013 0.0121698 0.0025664 0.0000000 0.0030039 0.0115356 0.0024980 0.0021651 0.6035316 0.5861964 0.5955268 0.5931795 0.5927638 0.5914735 0.5957586 0.1057272 0.5950214 0.5950214 0.6027361 0.0025001 0.5924915 0.5916712 0.5938326 0.5924915 0.5938326 0.5983369 0.5983369 0.6020516 0.6004544 0.0025027 0.0019964 0.0019977 0.0025001 0.0019964 0.0025027 0.0020050 0.0014938 0.0025094 0.0014938 0.0014935 0.0019961 0.0019994 0.0025106 0.0030059 0.0000024 0.0025106 0.0019985 0.0019974 0.0019977 0.0030073 0.0030073 0.0019974 0.0019961 0.0000024 0.0014976 0.0035261 0.0035261 0.0014954 0.0004963 0.0014951 0.0025169 0.0014951 0.0019964 0.0019964 0.0020037 0.5924915 0.0035435 0.5875159 1.4678123 
HSV2_15                                 0.6354844 0.6226448 0.6316733 0.6378245 0.6378245 0.6284980 0.6330238 0.6378245 0.6354844 0.6378245 0.6394068 0.6265778 0.6305128 0.6314100 0.6316733 0.6285190 0.6285190 0.6268621 0.0167589 0.0182185 0.0167773 0.0000010 0.0027080 0.0166835 0.0156468 0.0161571 0.0018279 0.0167533 0.0365013 0.0159691 0.0015026 0.0030039 0.0000000 0.0151810 0.0072969 0.0019808 0.6333285 0.6207827 0.6282479 0.6288333 0.6275421 0.6240707 0.6301090 0.1260923 0.6280403 0.6280403 0.6381410 0.0012391 0.6251639 0.6265556 0.6271332 0.6251639 0.6263026 0.6327461 0.6327461 0.6354157 0.6295814 0.0020721 0.0008240 0.0016546 0.0012391 0.0008240 0.0020721 0.0024992 0.0046869 0.0055551 0.0046869 0.0064042 0.0068443 0.0068536 0.0012426 0.0059960 0.0059930 0.0012426 0.0024886 0.0016543 0.0024915 0.0024888 0.0024888 0.0020710 0.0068443 0.0059930 0.0055665 0.0020778 0.0020778 0.0020796 0.0051114 0.0016551 0.0060029 0.0016551 0.0008240 0.0008240 0.0037671 0.6259932 0.0004153 0.6187246 1.5600898 
HSV2_16                                 0.5918785 0.5899687 0.5897268 0.5914039 0.5914039 0.5940068 0.5960186 0.5953568 0.5918785 0.5953568 0.5959641 0.5882474 0.5864636 0.5950761 0.5897268 0.5929267 0.5929267 0.5917355 0.0012817 0.0025747 0.0012813 0.0048210 0.0144584 0.0026811 0.0012807 0.0019300 0.0159900 0.0012873 0.0000028 0.0030194 0.0144668 0.0115356 0.0151810 0.0000000 0.0127219 0.0159211 0.5993441 0.5774421 0.5891864 0.5910375 0.5897962 0.5876539 0.5886115 0.1141304 0.5935168 0.5935168 0.5979921 0.0159053 0.5882474 0.5860210 0.5899454 0.5882474 0.5899454 0.5915812 0.5915812 0.5957487 0.5957824 0.0166404 0.0144584 0.0159053 0.0159053 0.0144584 0.0166404 0.0159694 0.0106541 0.0121016 0.0106541 0.0120317 0.0120317 0.0127653 0.0152524 0.0127478 0.0113304 0.0152524 0.0158956 0.0151701 0.0166444 0.0173606 0.0173606 0.0159015 0.0120317 0.0113304 0.0120721 0.0174334 0.0174334 0.0151810 0.0106467 0.0151701 0.0121227 0.0151701 0.0144584 0.0144584 0.0166305 0.5882474 0.0160519 0.5840171 1.4781378 
HSV2_17                                 0.6219622 0.6093556 0.6161860 0.6242791 0.6242791 0.6156999 0.6201571 0.6242791 0.6219622 0.6242791 0.6258379 0.6138273 0.6176430 0.6185573 0.6161860 0.6157123 0.6157123 0.6140954 0.0148637 0.0162541 0.0140890 0.0047629 0.0079552 0.0146083 0.0149895 0.0134889 0.0080707 0.0148592 0.0365013 0.0133783 0.0072989 0.0024980 0.0072969 0.0127219 0.0000000 0.0077262 0.6204570 0.6080870 0.6154419 0.6158302 0.6147170 0.6113203 0.6172525 0.1251939 0.6152266 0.6152266 0.6251917 0.0077376 0.6124352 0.6137603 0.6143721 0.6124352 0.6135633 0.6198529 0.6198529 0.6224681 0.6167456 0.0077438 0.0064217 0.0073005 0.0077376 0.0064217 0.0077438 0.0082133 0.0033469 0.0041963 0.0033469 0.0008258 0.0004117 0.0012428 0.0068839 0.0037709 0.0037689 0.0068839 0.0073028 0.0072994 0.0073005 0.0081821 0.0081821 0.0072994 0.0004117 0.0037689 0.0042049 0.0077636 0.0077636 0.0068905 0.0029163 0.0073031 0.0037803 0.0073031 0.0064217 0.0064217 0.0077596 0.6132427 0.0077917 0.6060894 1.5488396 
HSV2_18                                 0.6103885 0.5990680 0.6070719 0.6131235 0.6131235 0.6043823 0.6080729 0.6131235 0.6103885 0.6131235 0.6136131 0.6031820 0.6064186 0.6095598 0.6070719 0.6064205 0.6064205 0.6029212 0.0171552 0.0180839 0.0176249 0.0000010 0.0031350 0.0166602 0.0160888 0.0167645 0.0010168 0.0170933 0.0365013 0.0167398 0.0016157 0.0021651 0.0019808 0.0159211 0.0077262 0.0000000 0.6142527 0.5968913 0.6062827 0.6031828 0.6048785 0.5997135 0.6078720 0.1119026 0.6057501 0.6057501 0.6148277 0.0004922 0.6031820 0.6037659 0.6054644 0.6031820 0.6045183 0.6090660 0.6090660 0.6114349 0.6094062 0.0004927 0.0009874 0.0000029 0.0004922 0.0009874 0.0004927 0.0019926 0.0051273 0.0056498 0.0051273 0.0066743 0.0072031 0.0072148 0.0014900 0.0067026 0.0056520 0.0014900 0.0009874 0.0004927 0.0014856 0.0009868 0.0009868 0.0009879 0.0072031 0.0056520 0.0061856 0.0014877 0.0014877 0.0024939 0.0061576 0.0009884 0.0067156 0.0009884 0.0009874 0.0009874 0.0030001 0.6041263 0.0025039 0.5938298 1.4855724 
JN400093_Human_herpesvirus_1            0.0106941 0.0111333 0.0119391 0.0115468 0.0115468 0.0174885 0.0089186 0.0115468 0.0106941 0.0115468 0.0111151 0.0068744 0.0128760 0.0077047 0.0119391 0.0137023 0.0137023 0.0132647 0.5689187 0.5634490 0.5666343 0.7033450 0.6235336 0.5584729 0.6180013 0.5939845 0.6144537 0.5784078 1.1343122 0.5999166 0.6043613 0.6035316 0.6333285 0.5993441 0.6204570 0.6142527 0.0000000 0.0128989 0.0098422 0.0069951 0.0111621 0.0090002 0.0128781 0.6289476 0.0093889 0.0093889 0.0068072 0.6558982 0.0064608 0.0120258 0.0072859 0.0064608 0.0068712 0.0064395 0.0064395 0.0081253 0.0133270 0.6561342 0.6507114 0.6547799 0.6558982 0.6507114 0.6561342 0.6567863 0.6406316 0.6384535 0.6406316 0.6393280 0.6391506 0.6375712 0.6541315 0.6409446 0.6437596 0.6541315 0.6532614 0.6545853 0.6489854 0.6564936 0.6564936 0.6559931 0.6391506 0.6437596 0.6421837 0.6590423 0.6590423 0.6557667 0.6370158 0.6509825 0.6437362 0.6509825 0.6507114 0.6521148 0.6485671 0.0068744 0.6520626 0.0151714 1.5965476 
JN420337_Human_herpesvirus_1            0.0103658 0.0138357 0.0085939 0.0120941 0.0120941 0.0161593 0.0128237 0.0120941 0.0103658 0.0120941 0.0116581 0.0089651 0.0133438 0.0143054 0.0085939 0.0115505 0.0115505 0.0111194 0.5534512 0.5490883 0.5527294 0.6696550 0.6084575 0.5415340 0.6047823 0.5764651 0.6017940 0.5640864 1.2094765 0.5811989 0.5883446 0.5861964 0.6207827 0.5774421 0.6080870 0.5968913 0.0128989 0.0000000 0.0085861 0.0095563 0.0081778 0.0110613 0.0081590 0.6131441 0.0081308 0.0081308 0.0116022 0.6418275 0.0085448 0.0073307 0.0093823 0.0085448 0.0089609 0.0077058 0.0077058 0.0146795 0.0111737 0.6420586 0.6366905 0.6407163 0.6418275 0.6366905 0.6420586 0.6426940 0.6267709 0.6246065 0.6267709 0.6255056 0.6253297 0.6237788 0.6400597 0.6270782 0.6298678 0.6400597 0.6392237 0.6405270 0.6349803 0.6424174 0.6424174 0.6419164 0.6253297 0.6298678 0.6283179 0.6449316 0.6449316 0.6416806 0.6232008 0.6369616 0.6298327 0.6369616 0.6366905 0.6380756 0.6345490 0.0089651 0.6380298 0.0130053 1.5867082 
JN420338_Human_herpesvirus_1            0.0134057 0.0138633 0.0094657 0.0151686 0.0151686 0.0130075 0.0124542 0.0151686 0.0134057 0.0151686 0.0147234 0.0068509 0.0129729 0.0120681 0.0094657 0.0077062 0.0077062 0.0081258 0.5599949 0.5557155 0.5585236 0.7033450 0.6164931 0.5488459 0.6121499 0.5848669 0.6102262 0.5713085 1.1200930 0.5902732 0.5976946 0.5955268 0.6282479 0.5891864 0.6154419 0.6062827 0.0098422 0.0085861 0.0000000 0.0069711 0.0043768 0.0098448 0.0059975 0.6209550 0.0052097 0.0052097 0.0119939 0.6491726 0.0064386 0.0051881 0.0072612 0.0064386 0.0068478 0.0072884 0.0072884 0.0134354 0.0081602 0.6494063 0.6440083 0.6480574 0.6491726 0.6440083 0.6494063 0.6500506 0.6340026 0.6318305 0.6340026 0.6327170 0.6325402 0.6309741 0.6474049 0.6343129 0.6371166 0.6474049 0.6465510 0.6478653 0.6422894 0.6497656 0.6497656 0.6492646 0.6325402 0.6371166 0.6355527 0.6522983 0.6522983 0.6490337 0.6304078 0.6442795 0.6370875 0.6442795 0.6440083 0.6454033 0.6418648 0.0068509 0.6453542 0.0107767 1.5878151 
