99
HM585496_Human_herpesvirus_1            0.0000000 0.0166156 0.0145417 0.0015818 0.0015822 0.0183662 0.0131414 0.0180843 0.0015818 0.0180782 0.0007894 0.0180782 0.0135690 0.0243386 0.0188291 0.0140718 0.0157351 0.0157297 0.0140166 0.0153098 0.4849970 0.4833449 0.4865951 0.5825650 0.4835633 0.4791173 0.4782584 0.4813602 0.4803450 0.4822955 0.4032725 0.4856371 0.4890683 0.4845991 0.4824685 0.4786892 0.4827994 0.4850612 0.0122799 0.0144020 0.0158600 0.0136445 0.0140798 0.0127149 0.0144038 0.4626908 0.0136672 0.0140798 0.0131445 0.4845981 0.0144038 0.0141547 0.0156888 0.0152582 0.0152582 0.0136525 0.0136525 0.0131762 0.0148621 0.4836319 0.4836319 0.4803669 0.4860414 0.4803392 0.4830953 0.4803392 0.4814369 0.4857197 0.4830650 0.4840353 0.4819824 0.4835079 0.4832437 0.4828921 0.4834754 0.4828832 0.4833202 0.4833202 0.4824755 0.4819438 0.4819824 0.4822370 0.4835079 0.4853239 0.4837084 0.4859667 0.4856967 0.4854400 0.4809508 0.4854400 0.4856066 0.4834720 0.4844656 0.4812444 0.0148286 0.0148286 0.4813287 0.0161796 1.4089160 
HM585497_Human_herpesvirus_1            0.0166156 0.0000000 0.0162792 0.0157481 0.0157481 0.0056123 0.0139950 0.0081225 0.0157448 0.0081225 0.0157481 0.0081225 0.0144325 0.0225512 0.0064326 0.0153613 0.0161712 0.0161712 0.0148735 0.0153109 0.4791713 0.4775018 0.4807078 0.5665853 0.4777550 0.4732647 0.4724473 0.4755558 0.4733379 0.4764577 0.3968267 0.4796605 0.4819690 0.4775531 0.4766833 0.4717081 0.4770115 0.4779799 0.0144146 0.0152651 0.0171781 0.0158055 0.0153813 0.0148563 0.0152618 0.4604358 0.0153898 0.0153813 0.0139936 0.4787915 0.0148434 0.0154552 0.0161325 0.0157006 0.0157006 0.0149512 0.0149512 0.0189045 0.0165930 0.4778277 0.4778277 0.4745905 0.4802381 0.4745632 0.4772977 0.4745632 0.4756540 0.4799208 0.4772699 0.4782378 0.4761888 0.4777211 0.4774445 0.4771011 0.4776749 0.4770925 0.4775217 0.4775217 0.4766782 0.4761530 0.4761888 0.4764400 0.4777211 0.4795183 0.4767135 0.4822329 0.4819653 0.4817107 0.4751648 0.4817107 0.4797971 0.4776717 0.4786626 0.4754542 0.0152689 0.0152689 0.4755499 0.0174931 1.3990951 
HM585498_Human_herpesvirus_1            0.0145417 0.0162792 0.0000000 0.0136803 0.0136849 0.0136710 0.0028109 0.0137493 0.0128275 0.0137446 0.0136803 0.0137446 0.0032016 0.0221841 0.0149792 0.0003963 0.0073238 0.0073214 0.0048518 0.0069123 0.4797519 0.4780820 0.4812965 0.5679462 0.4764238 0.4738405 0.4730180 0.4761298 0.4739157 0.4770361 0.3969780 0.4802568 0.4806026 0.4781394 0.4753581 0.4727273 0.4775856 0.4785696 0.0085567 0.0032119 0.0094944 0.0081931 0.0077818 0.0073125 0.0040229 0.4562343 0.0077913 0.0077818 0.0036219 0.4774599 0.0044310 0.0082475 0.0056567 0.0052468 0.0052468 0.0073655 0.0073655 0.0128834 0.0060786 0.4764973 0.4764973 0.4751605 0.4808178 0.4751331 0.4778732 0.4751331 0.4762260 0.4804997 0.4759421 0.4769086 0.4767625 0.4782960 0.4761155 0.4776757 0.4782511 0.4757659 0.4780975 0.4780975 0.4772528 0.4767264 0.4767625 0.4770143 0.4782960 0.4800973 0.4784814 0.4807344 0.4785545 0.4783022 0.4764359 0.4783022 0.4784639 0.4763424 0.4773318 0.4760263 0.0048379 0.0048379 0.4761213 0.0098402 1.4128728 
HM585499_Human_herpesvirus_1            0.0015818 0.0157481 0.0136803 0.0000000 0.0000010 0.0174905 0.0122903 0.0172050 0.0007892 0.0171992 0.0007892 0.0171992 0.0131421 0.0234318 0.0188245 0.0132137 0.0153026 0.0152974 0.0135880 0.0148782 0.4849657 0.4833143 0.4865628 0.5846452 0.4835328 0.4790884 0.4782302 0.4813307 0.4803155 0.4822654 0.4035143 0.4856047 0.4890346 0.4845676 0.4824386 0.4786597 0.4827693 0.4850294 0.0122769 0.0135471 0.0149917 0.0136411 0.0132215 0.0127118 0.0135489 0.4626695 0.0132378 0.0132215 0.0122934 0.4845672 0.0139756 0.0137230 0.0152577 0.0148281 0.0148281 0.0127960 0.0127960 0.0131730 0.0148583 0.4836014 0.4836014 0.4803379 0.4860098 0.4803102 0.4830650 0.4803102 0.4814074 0.4856883 0.4830348 0.4840046 0.4819526 0.4834775 0.4832134 0.4828619 0.4834449 0.4828531 0.4832898 0.4832898 0.4824455 0.4819141 0.4819526 0.4822071 0.4834775 0.4852926 0.4836778 0.4859351 0.4856653 0.4854086 0.4809215 0.4854086 0.4855752 0.4834415 0.4844347 0.4812150 0.0143995 0.0143995 0.4812992 0.0153142 1.4047715 
HM585500_Human_herpesvirus_1            0.0015822 0.0157481 0.0136849 0.0000010 0.0000000 0.0174963 0.0122903 0.0172050 0.0007892 0.0172050 0.0007894 0.0172050 0.0127236 0.0234399 0.0188245 0.0132137 0.0153026 0.0153026 0.0135880 0.0148782 0.4852085 0.4835571 0.4868088 0.5851691 0.4837742 0.4793298 0.4784694 0.4815710 0.4805583 0.4825075 0.4035143 0.4858540 0.4892843 0.4848136 0.4826786 0.4789085 0.4830095 0.4852768 0.0122807 0.0135517 0.0149967 0.0136458 0.0132260 0.0127159 0.0135489 0.4628957 0.0132378 0.0132260 0.0122934 0.4848089 0.0135562 0.0137230 0.0148362 0.0144074 0.0144074 0.0128004 0.0128004 0.0131774 0.0148640 0.4838426 0.4838426 0.4805767 0.4862520 0.4805489 0.4833058 0.4805489 0.4816468 0.4859303 0.4832754 0.4842457 0.4821928 0.4837180 0.4834543 0.4831023 0.4836860 0.4830934 0.4835307 0.4835307 0.4826860 0.4821541 0.4821928 0.4824475 0.4837180 0.4855347 0.4839191 0.4861777 0.4859076 0.4856507 0.4811609 0.4856507 0.4858175 0.4836825 0.4846763 0.4814547 0.0139795 0.0139795 0.4815385 0.0153194 1.4047715 
HM585501_Human_herpesvirus_1            0.0183662 0.0056123 0.0136710 0.0174905 0.0174963 0.0000000 0.0110148 0.0044045 0.0166251 0.0044030 0.0174905 0.0044030 0.0122855 0.0216443 0.0011857 0.0132049 0.0135796 0.0135753 0.0127280 0.0131593 0.4754642 0.4737863 0.4769592 0.5630599 0.4721709 0.4695500 0.4687601 0.4718680 0.4696113 0.4727474 0.3929613 0.4758570 0.4762366 0.4737995 0.4711250 0.4678724 0.4733318 0.4742063 0.0135588 0.0126897 0.0154223 0.0140682 0.0136479 0.0131354 0.0126914 0.4548591 0.0136646 0.0136479 0.0114412 0.4711448 0.0131160 0.0141516 0.0143917 0.0139643 0.0139643 0.0132215 0.0132215 0.0180224 0.0139927 0.4722472 0.4722472 0.4709219 0.4765437 0.4708950 0.4736115 0.4708950 0.4719798 0.4762296 0.4717002 0.4726622 0.4725069 0.4740409 0.4718701 0.4734194 0.4739862 0.4715276 0.4738345 0.4738345 0.4729931 0.4724729 0.4725069 0.4727555 0.4740409 0.4758235 0.4721484 0.4764534 0.4742950 0.4740459 0.4721878 0.4740459 0.4742043 0.4720956 0.4730802 0.4717756 0.0135379 0.0135379 0.4718783 0.0157434 1.4103142 
HM585502_Human_herpesvirus_1            0.0131414 0.0139950 0.0028109 0.0122903 0.0122903 0.0110148 0.0000000 0.0115016 0.0114448 0.0115016 0.0122903 0.0115016 0.0011872 0.0203033 0.0122901 0.0023966 0.0052083 0.0052083 0.0027858 0.0048041 0.4764929 0.4748185 0.4779983 0.5671060 0.4731943 0.4705848 0.4697878 0.4728938 0.4706495 0.4737788 0.3969690 0.4769121 0.4772833 0.4748422 0.4721446 0.4693698 0.4743544 0.4752547 0.0064234 0.0019805 0.0073238 0.0060546 0.0056499 0.0052018 0.0019801 0.4531496 0.0056548 0.0056499 0.0015837 0.4742281 0.0019812 0.0060940 0.0031802 0.0027794 0.0027794 0.0052412 0.0052412 0.0114988 0.0039910 0.4732699 0.4732699 0.4719430 0.4775681 0.4719160 0.4746356 0.4719160 0.4730017 0.4772533 0.4727214 0.4736836 0.4735306 0.4750631 0.4728920 0.4744425 0.4750108 0.4725481 0.4748588 0.4748588 0.4740174 0.4734962 0.4735306 0.4737798 0.4750631 0.4768485 0.4752391 0.4774795 0.4753181 0.4750684 0.4732100 0.4750684 0.4752274 0.4731176 0.4741025 0.4727990 0.0023796 0.0023796 0.4728996 0.0076775 1.4073541 
HM585503_Human_herpesvirus_1            0.0180843 0.0081225 0.0137493 0.0172050 0.0172050 0.0044045 0.0115016 0.0000000 0.0163303 0.0000010 0.0172050 0.0000010 0.0119334 0.0208626 0.0056287 0.0132754 0.0136528 0.0136528 0.0127966 0.0132298 0.4739954 0.4706139 0.4737600 0.5577081 0.4690280 0.4663762 0.4672880 0.4687183 0.4664275 0.4695788 0.3901059 0.4743508 0.4730157 0.4705947 0.4679954 0.4655861 0.4701896 0.4709861 0.0136355 0.0127623 0.0146423 0.0141474 0.0137252 0.0132102 0.0127596 0.4511066 0.0137374 0.0137252 0.0115043 0.4700624 0.0127666 0.0142278 0.0140458 0.0136173 0.0136173 0.0132970 0.0132970 0.0181191 0.0140721 0.4691065 0.4691065 0.4677881 0.4733904 0.4677615 0.4704639 0.4677615 0.4688416 0.4730789 0.4685648 0.4695248 0.4693625 0.4708987 0.4687324 0.4702755 0.4708367 0.4683948 0.4706862 0.4706862 0.4698462 0.4693300 0.4693625 0.4696090 0.4708987 0.4726696 0.4710623 0.4732949 0.4711498 0.4709028 0.4690485 0.4709028 0.4710590 0.4689571 0.4699393 0.4686332 0.0131898 0.0131898 0.4687424 0.0158305 1.4208810 
HM585504_Human_herpesvirus_1            0.0015818 0.0157448 0.0128275 0.0007892 0.0007892 0.0166251 0.0114448 0.0163303 0.0000000 0.0163303 0.0007892 0.0163303 0.0118746 0.0225375 0.0179465 0.0123600 0.0144418 0.0144418 0.0127349 0.0140190 0.4829720 0.4813144 0.4845482 0.5810069 0.4815449 0.4770848 0.4762407 0.4793438 0.4783041 0.4802672 0.3994414 0.4835594 0.4869982 0.4825458 0.4804584 0.4765925 0.4807883 0.4829974 0.0114358 0.0127009 0.0141325 0.0127898 0.0123718 0.0118681 0.0126983 0.4607347 0.0123827 0.0123718 0.0114476 0.4825799 0.0127052 0.0128634 0.0139795 0.0135527 0.0135527 0.0119470 0.0119470 0.0123251 0.0140051 0.4816148 0.4816148 0.4783606 0.4840239 0.4783330 0.4810807 0.4783330 0.4794279 0.4837038 0.4810513 0.4820204 0.4799695 0.4814969 0.4812285 0.4808799 0.4814596 0.4808711 0.4813052 0.4813052 0.4804612 0.4799319 0.4799695 0.4802229 0.4814969 0.4833058 0.4816916 0.4839459 0.4836773 0.4834218 0.4796384 0.4834218 0.4835870 0.4814563 0.4824487 0.4792330 0.0131267 0.0131267 0.4793212 0.0144582 1.4034231 
HM585505_Human_herpesvirus_1            0.0180782 0.0081225 0.0137446 0.0171992 0.0172050 0.0044030 0.0115016 0.0000010 0.0163303 0.0000000 0.0171992 0.0000010 0.0123520 0.0208553 0.0056287 0.0132754 0.0136528 0.0136481 0.0127966 0.0132298 0.4737589 0.4703787 0.4735217 0.5572147 0.4687956 0.4661425 0.4670548 0.4684854 0.4661929 0.4693443 0.3901059 0.4741080 0.4727759 0.4703571 0.4677643 0.4653449 0.4699568 0.4707472 0.0136309 0.0127580 0.0146373 0.0141427 0.0137206 0.0132057 0.0127596 0.4508873 0.0137374 0.0137206 0.0115043 0.4698296 0.0131861 0.0142278 0.0144673 0.0140381 0.0140381 0.0132925 0.0132925 0.0181129 0.0140674 0.4688742 0.4688742 0.4675568 0.4731556 0.4675301 0.4702306 0.4675301 0.4686096 0.4728444 0.4683331 0.4692925 0.4691298 0.4706656 0.4685005 0.4700426 0.4706031 0.4681633 0.4704528 0.4704528 0.4696132 0.4690974 0.4691298 0.4693761 0.4706656 0.4724350 0.4708289 0.4730598 0.4709164 0.4706696 0.4688163 0.4706696 0.4708256 0.4687250 0.4697067 0.4684014 0.0136098 0.0136098 0.4685105 0.0158251 1.4208810 
HM585506_Human_herpesvirus_1            0.0007894 0.0157481 0.0136803 0.0007892 0.0007894 0.0174905 0.0122903 0.0172050 0.0007892 0.0171992 0.0000000 0.0171992 0.0127167 0.0234318 0.0179503 0.0132137 0.0148717 0.0148658 0.0131610 0.0144481 0.4828794 0.4812218 0.4844542 0.5807951 0.4814528 0.4769930 0.4761497 0.4792523 0.4782117 0.4801749 0.4014759 0.4834642 0.4869027 0.4824519 0.4803669 0.4764979 0.4806967 0.4829030 0.0114345 0.0135471 0.0149917 0.0127881 0.0132215 0.0118667 0.0135489 0.4606494 0.0128098 0.0132215 0.0122934 0.4824876 0.0135489 0.0132928 0.0148281 0.0143995 0.0143995 0.0127960 0.0127960 0.0123235 0.0140036 0.4815228 0.4815228 0.4782696 0.4839313 0.4782421 0.4809889 0.4782421 0.4793367 0.4836115 0.4809596 0.4819284 0.4798780 0.4814052 0.4811366 0.4807882 0.4813677 0.4807794 0.4812134 0.4812134 0.4803696 0.4798405 0.4798780 0.4801313 0.4814052 0.4832134 0.4815995 0.4838532 0.4835848 0.4833294 0.4788497 0.4833294 0.4834945 0.4813644 0.4823565 0.4791417 0.0139719 0.0139719 0.4792300 0.0153142 1.4034231 
HM585507_Human_herpesvirus_1            0.0180782 0.0081225 0.0137446 0.0171992 0.0172050 0.0044030 0.0115016 0.0000010 0.0163303 0.0000010 0.0171992 0.0000000 0.0123520 0.0208553 0.0056287 0.0132754 0.0136528 0.0136481 0.0127966 0.0132298 0.4737589 0.4703787 0.4735217 0.5572147 0.4687956 0.4661425 0.4670548 0.4684854 0.4661929 0.4693443 0.3901059 0.4741080 0.4727759 0.4703571 0.4677643 0.4653449 0.4699568 0.4707472 0.0136309 0.0127580 0.0146373 0.0141427 0.0137206 0.0132057 0.0127596 0.4508873 0.0137374 0.0137206 0.0115043 0.4698296 0.0131861 0.0142278 0.0144673 0.0140381 0.0140381 0.0132925 0.0132925 0.0181129 0.0140674 0.4688742 0.4688742 0.4675568 0.4731556 0.4675301 0.4702306 0.4675301 0.4686096 0.4728444 0.4683331 0.4692925 0.4691298 0.4706656 0.4685005 0.4700426 0.4706031 0.4681633 0.4704528 0.4704528 0.4696132 0.4690974 0.4691298 0.4693761 0.4706656 0.4724350 0.4708289 0.4730598 0.4709164 0.4706696 0.4688163 0.4706696 0.4708256 0.4687250 0.4697067 0.4684014 0.0136098 0.0136098 0.4685105 0.0158251 1.4208810 
HM585508_Human_herpesvirus_1            0.0135690 0.0144325 0.0032016 0.0131421 0.0127236 0.0122855 0.0011872 0.0119334 0.0118746 0.0123520 0.0127167 0.0123520 0.0000000 0.0211976 0.0127254 0.0028007 0.0056159 0.0060206 0.0031878 0.0052108 0.4775731 0.4759018 0.4790900 0.5704759 0.4742679 0.4716697 0.4708650 0.4743775 0.4717377 0.4748611 0.3987576 0.4780202 0.4783826 0.4759366 0.4732140 0.4704897 0.4754274 0.4763547 0.0068336 0.0027795 0.0081564 0.0064662 0.0064721 0.0056097 0.0007899 0.4541941 0.0060661 0.0064721 0.0019840 0.4753015 0.0007895 0.0065080 0.0019806 0.0015819 0.0015819 0.0060617 0.0060617 0.0119242 0.0043956 0.4743427 0.4743427 0.4730139 0.4786442 0.4729868 0.4757105 0.4729868 0.4740738 0.4783286 0.4737926 0.4747553 0.4746047 0.4761361 0.4739639 0.4755161 0.4760863 0.4736185 0.4759339 0.4759339 0.4750922 0.4745697 0.4746047 0.4748545 0.4761361 0.4779250 0.4763151 0.4785574 0.4763919 0.4761416 0.4742824 0.4761416 0.4763014 0.4741898 0.4751752 0.4738724 0.0011852 0.0011852 0.4739709 0.0085061 1.4147765 
HM585509_Human_herpesvirus_1            0.0243386 0.0225512 0.0221841 0.0234318 0.0234399 0.0216443 0.0203033 0.0208626 0.0225375 0.0208553 0.0234318 0.0208553 0.0211976 0.0000000 0.0230172 0.0216836 0.0225582 0.0225504 0.0216770 0.0221181 0.4826396 0.4809802 0.4842130 0.5707137 0.4780931 0.4751781 0.4743482 0.4774507 0.4768325 0.4783623 0.4003705 0.4819446 0.4823095 0.4818566 0.4785746 0.4755739 0.4792534 0.4807019 0.0202896 0.0216100 0.0203917 0.0198668 0.0204264 0.0198651 0.0216128 0.4536773 0.0204521 0.0204264 0.0203081 0.4806900 0.0220607 0.0209783 0.0234041 0.0229534 0.0229534 0.0199831 0.0199831 0.0216001 0.0230022 0.4797253 0.4797253 0.4783813 0.4840586 0.4783537 0.4786826 0.4783537 0.4794513 0.4837378 0.4791645 0.4801332 0.4775720 0.4799631 0.4793404 0.4809068 0.4814881 0.4789856 0.4797681 0.4797681 0.4804872 0.4775355 0.4775720 0.4762681 0.4799631 0.4840517 0.4817206 0.4839805 0.4817870 0.4815325 0.4796623 0.4815325 0.4816965 0.4795680 0.4805599 0.4792560 0.0225036 0.0225036 0.4793443 0.0215864 1.4387062 
HM585510_Human_herpesvirus_1            0.0188291 0.0064326 0.0149792 0.0188245 0.0188245 0.0011857 0.0122901 0.0056287 0.0179465 0.0056287 0.0179503 0.0056287 0.0127254 0.0230172 0.0000000 0.0144920 0.0144469 0.0144469 0.0135808 0.0140144 0.4773266 0.4756510 0.4788441 0.5645621 0.4740159 0.4714096 0.4706050 0.4737167 0.4714770 0.4746084 0.3947536 0.4777682 0.4781334 0.4756833 0.4729608 0.4686022 0.4751780 0.4761010 0.0140031 0.0139805 0.0167463 0.0145164 0.0149539 0.0135783 0.0139775 0.4566257 0.0145303 0.0149539 0.0127160 0.4729854 0.0131348 0.0150179 0.0144122 0.0139843 0.0139843 0.0145245 0.0145245 0.0184857 0.0144395 0.4740911 0.4740911 0.4727599 0.4784009 0.4727328 0.4754613 0.4727328 0.4738218 0.4780848 0.4735402 0.4745048 0.4743533 0.4758882 0.4737117 0.4752668 0.4758377 0.4733659 0.4756851 0.4756851 0.4748417 0.4743184 0.4743533 0.4746035 0.4758882 0.4776801 0.4739953 0.4783135 0.4761444 0.4758937 0.4740308 0.4758937 0.4760536 0.4739380 0.4749253 0.4736196 0.0135573 0.0135573 0.4737189 0.0170628 1.4120386 
HM585511_Human_herpesvirus_1            0.0140718 0.0153613 0.0003963 0.0132137 0.0132137 0.0132049 0.0023966 0.0132754 0.0123600 0.0132754 0.0132137 0.0132754 0.0028007 0.0216836 0.0144920 0.0000000 0.0068838 0.0068838 0.0044224 0.0064700 0.4787229 0.4770501 0.4802563 0.5660601 0.4754013 0.4728075 0.4719924 0.4751050 0.4728794 0.4760053 0.3969780 0.4792010 0.4795552 0.4770968 0.4743398 0.4716609 0.4765635 0.4775218 0.0081140 0.0027964 0.0090432 0.0077496 0.0073400 0.0068753 0.0036031 0.4552413 0.0073440 0.0073400 0.0032024 0.4764375 0.0032015 0.0077934 0.0044160 0.0040099 0.0040099 0.0069257 0.0069257 0.0124173 0.0056475 0.4754755 0.4754755 0.4741407 0.4797927 0.4741135 0.4768493 0.4741135 0.4752050 0.4794753 0.4749220 0.4758880 0.4757395 0.4772740 0.4750947 0.4766531 0.4772267 0.4747465 0.4770735 0.4770735 0.4762292 0.4757039 0.4757395 0.4759907 0.4772740 0.4790718 0.4774568 0.4797075 0.4775316 0.4772799 0.4754145 0.4772799 0.4774409 0.4753213 0.4763101 0.4750044 0.0036048 0.0036048 0.4751010 0.0093904 1.4128728 
HM585512_Human_herpesvirus_1            0.0157351 0.0161712 0.0073238 0.0153026 0.0153026 0.0135796 0.0052083 0.0136528 0.0144418 0.0136528 0.0148717 0.0136528 0.0056159 0.0225582 0.0144469 0.0068838 0.0000000 0.0007903 0.0064394 0.0003948 0.4809076 0.4792404 0.4824651 0.5739855 0.4775712 0.4749989 0.4741679 0.4772797 0.4750779 0.4781930 0.4010795 0.4814426 0.4817791 0.4793097 0.4765005 0.4739230 0.4787329 0.4797458 0.0080790 0.0064261 0.0102655 0.0085460 0.0085533 0.0076677 0.0064248 0.4573433 0.0085561 0.0085533 0.0052096 0.4786073 0.0064248 0.0090141 0.0076543 0.0072430 0.0072430 0.0081381 0.0081381 0.0132219 0.0064382 0.4776439 0.4776439 0.4763044 0.4819695 0.4762769 0.4790224 0.4762769 0.4773716 0.4816504 0.4770867 0.4780541 0.4779105 0.4794433 0.4772610 0.4788236 0.4794011 0.4769095 0.4792471 0.4792471 0.4784018 0.4778738 0.4779105 0.4781631 0.4794433 0.4812492 0.4796324 0.4818880 0.4797030 0.4794499 0.4775819 0.4794499 0.4796124 0.4774882 0.4784786 0.4771737 0.0068325 0.0068325 0.4772661 0.0106061 1.4067232 
HM585513_Human_herpesvirus_1            0.0157297 0.0161712 0.0073214 0.0152974 0.0153026 0.0135753 0.0052083 0.0136528 0.0144418 0.0136481 0.0148658 0.0136481 0.0060206 0.0225504 0.0144469 0.0068838 0.0007903 0.0000000 0.0064394 0.0003948 0.4806667 0.4789996 0.4822210 0.5756775 0.4773332 0.4747595 0.4739305 0.4770413 0.4748377 0.4779529 0.4010795 0.4811953 0.4815337 0.4790661 0.4762639 0.4736762 0.4784945 0.4795013 0.0080763 0.0064240 0.0102620 0.0085432 0.0085505 0.0076652 0.0064248 0.4571199 0.0085561 0.0085505 0.0052096 0.4783690 0.0068307 0.0090141 0.0080623 0.0076502 0.0076502 0.0081354 0.0081354 0.0132174 0.0064362 0.4774061 0.4774061 0.4760676 0.4817292 0.4760401 0.4787836 0.4760401 0.4771341 0.4814103 0.4768494 0.4778163 0.4776723 0.4792047 0.4770235 0.4785851 0.4791620 0.4766725 0.4790081 0.4790081 0.4781632 0.4776357 0.4776723 0.4779246 0.4792047 0.4810090 0.4793931 0.4816472 0.4794641 0.4792112 0.4773442 0.4792112 0.4793735 0.4772505 0.4782404 0.4769359 0.0072391 0.0072391 0.4770288 0.0106026 1.4030169 
HM585514_Human_herpesvirus_1            0.0140166 0.0148735 0.0048518 0.0135880 0.0135880 0.0127280 0.0027858 0.0127966 0.0127349 0.0127966 0.0131610 0.0127966 0.0031878 0.0216770 0.0135808 0.0044224 0.0064394 0.0064394 0.0000000 0.0060284 0.4799768 0.4783066 0.4815246 0.5701933 0.4766455 0.4740631 0.4732386 0.4763518 0.4741391 0.4772600 0.3998512 0.4804877 0.4808319 0.4783661 0.4755784 0.4729566 0.4778078 0.4787980 0.0072541 0.0039893 0.0085859 0.0068878 0.0068940 0.0060258 0.0039885 0.4564399 0.0068940 0.0068940 0.0027856 0.4776821 0.0035862 0.0073390 0.0047969 0.0043921 0.0043921 0.0064821 0.0064821 0.0123673 0.0015841 0.4767189 0.4767189 0.4753809 0.4810424 0.4753535 0.4780959 0.4753535 0.4764473 0.4807239 0.4761630 0.4771302 0.4769845 0.4785186 0.4763367 0.4778981 0.4784742 0.4759865 0.4783204 0.4783204 0.4774753 0.4769482 0.4769845 0.4772366 0.4785186 0.4803216 0.4787050 0.4809593 0.4787774 0.4785248 0.4766573 0.4785248 0.4766132 0.4765638 0.4775538 0.4762481 0.0039882 0.0039882 0.4763424 0.0089341 1.4100806 
HM585515_Human_herpesvirus_1            0.0153098 0.0153109 0.0069123 0.0148782 0.0148782 0.0131593 0.0048041 0.0132298 0.0140190 0.0132298 0.0144481 0.0132298 0.0052108 0.0221181 0.0140144 0.0064700 0.0003948 0.0003948 0.0060284 0.0000000 0.4802418 0.4785722 0.4817926 0.5750105 0.4769085 0.4743285 0.4735020 0.4766154 0.4744054 0.4775251 0.4010795 0.4807597 0.4811018 0.4786346 0.4758401 0.4732304 0.4780708 0.4790677 0.0076692 0.0060200 0.0098480 0.0081331 0.0081402 0.0072587 0.0060187 0.4566926 0.0081402 0.0081402 0.0048037 0.4779451 0.0056120 0.0085929 0.0068368 0.0064271 0.0064271 0.0077257 0.0077257 0.0127995 0.0060311 0.4769817 0.4769817 0.4756431 0.4813066 0.4756156 0.4783594 0.4756156 0.4767098 0.4809878 0.4764253 0.4773927 0.4772476 0.4787816 0.4765992 0.4781612 0.4787378 0.4762486 0.4785840 0.4785840 0.4777386 0.4772112 0.4772476 0.4774999 0.4787816 0.4805858 0.4789689 0.4812239 0.4790407 0.4787879 0.4769200 0.4787879 0.4789501 0.4768264 0.4778167 0.4765110 0.0060183 0.0060183 0.4766047 0.0101907 1.4030169 
HSV2_1                                  0.4849970 0.4791713 0.4797519 0.4849657 0.4852085 0.4754642 0.4764929 0.4739954 0.4829720 0.4737589 0.4828794 0.4737589 0.4775731 0.4826396 0.4773266 0.4787229 0.4809076 0.4806667 0.4799768 0.4802418 0.0000000 0.0032178 0.0048715 0.0141303 0.0159688 0.0032321 0.0003977 0.0040071 0.0016108 0.0040184 0.0007932 0.0012208 0.0152427 0.0152069 0.0144775 0.0024871 0.0139989 0.0152244 0.4803937 0.4738218 0.4834799 0.4811657 0.4795656 0.4781097 0.4787582 0.0856876 0.4781911 0.4784410 0.4798765 0.0157833 0.4787582 0.4822866 0.4777667 0.4787305 0.4787305 0.4795656 0.4795656 0.4896131 0.4814496 0.0153534 0.0153534 0.0139970 0.0161919 0.0135693 0.0149176 0.0135693 0.0119093 0.0140526 0.0145353 0.0154460 0.0153465 0.0144247 0.0145411 0.0140499 0.0144864 0.0149084 0.0140607 0.0140607 0.0144894 0.0148623 0.0153465 0.0153518 0.0144247 0.0157841 0.0148651 0.0162293 0.0171207 0.0171148 0.0144319 0.0171148 0.0158205 0.0149528 0.0158146 0.0148595 0.4776197 0.4776197 0.0135693 0.4814644 1.3962178 
HSV2_2                                  0.4833449 0.4775018 0.4780820 0.4833143 0.4835571 0.4737863 0.4748185 0.4706139 0.4813144 0.4703787 0.4812218 0.4703787 0.4759018 0.4809802 0.4756510 0.4770501 0.4792404 0.4789996 0.4783066 0.4785722 0.0032178 0.0000000 0.0011989 0.0141420 0.0142627 0.0016034 0.0024092 0.0028011 0.0012082 0.0028047 0.0007940 0.0037157 0.0135087 0.0134801 0.0128014 0.0033504 0.0123296 0.0130482 0.4787262 0.4721413 0.4818156 0.4794972 0.4778947 0.4764370 0.4770926 0.0831163 0.4765142 0.4767671 0.4782105 0.0140982 0.4770926 0.4806187 0.4760982 0.4770649 0.4770649 0.4778947 0.4778947 0.4879616 0.4797850 0.0136705 0.0136705 0.0123279 0.0145062 0.0119029 0.0132378 0.0119029 0.0102491 0.0119544 0.0128540 0.0137556 0.0136644 0.0127531 0.0128591 0.0123760 0.0128091 0.0132296 0.0123855 0.0123855 0.0128118 0.0131871 0.0136644 0.0136691 0.0127531 0.0140990 0.0131895 0.0145406 0.0154257 0.0154204 0.0127594 0.0154204 0.0141324 0.0132699 0.0141272 0.0131846 0.4759511 0.4759511 0.0119029 0.4797968 1.3872027 
HSV2_3                                  0.4865951 0.4807078 0.4812965 0.4865628 0.4868088 0.4769592 0.4779983 0.4737600 0.4845482 0.4735217 0.4844542 0.4735217 0.4790900 0.4842130 0.4788441 0.4802563 0.4824651 0.4822210 0.4815246 0.4817926 0.0048715 0.0011989 0.0000000 0.0149186 0.0156113 0.0032349 0.0040497 0.0040327 0.0028347 0.0036316 0.0015904 0.0053964 0.0148291 0.0147990 0.0141480 0.0050483 0.0136677 0.0143695 0.4819445 0.4752975 0.4850692 0.4827280 0.4821161 0.4796350 0.4802855 0.0835875 0.4797213 0.4799717 0.4814191 0.0154602 0.4802855 0.4828804 0.4792836 0.4802574 0.4802574 0.4811086 0.4811086 0.4912737 0.4830120 0.0150281 0.0150281 0.0136659 0.0154894 0.0132360 0.0145901 0.0132360 0.0119968 0.0132923 0.0142052 0.0151198 0.0150213 0.0140957 0.0142108 0.0137181 0.0141567 0.0145811 0.0137287 0.0137287 0.0141597 0.0145354 0.0150213 0.0150265 0.0140957 0.0154611 0.0145381 0.0159084 0.0168043 0.0167984 0.0141028 0.0167984 0.0154971 0.0146249 0.0154913 0.0145326 0.4791347 0.4791347 0.0132360 0.4830298 1.3968402 
HSV2_4                                  0.5825650 0.5665853 0.5679462 0.5846452 0.5851691 0.5630599 0.5671060 0.5577081 0.5810069 0.5572147 0.5807951 0.5572147 0.5704759 0.5707137 0.5645621 0.5660601 0.5739855 0.5756775 0.5701933 0.5750105 0.0141303 0.0141420 0.0149186 0.0000000 0.0041676 0.0120398 0.0048524 0.0104857 0.0055449 0.0105112 0.0019713 0.0098215 0.0034493 0.0034213 0.0020583 0.0130965 0.0013583 0.0034203 0.5718648 0.5607605 0.5728668 0.5709431 0.5727050 0.5684285 0.5706738 0.0704535 0.5724756 0.5727050 0.5721580 0.0041449 0.5706121 0.5764399 0.5688588 0.5706121 0.5706121 0.5727050 0.5727050 0.5800673 0.5727810 0.0034485 0.0034485 0.0000022 0.0041075 0.0006777 0.0027306 0.0006777 0.0048117 0.0020444 0.0027518 0.0041676 0.0027306 0.0013583 0.0027535 0.0013592 0.0027317 0.0020583 0.0020444 0.0020444 0.0020431 0.0020430 0.0027306 0.0027306 0.0013583 0.0034214 0.0013592 0.0027423 0.0041388 0.0041388 0.0013597 0.0041388 0.0034452 0.0013701 0.0027494 0.0020430 0.5685576 0.5685576 0.0006777 0.5705621 1.5982509 
HSV2_5                                  0.4835633 0.4777550 0.4764238 0.4835328 0.4837742 0.4721709 0.4731943 0.4690280 0.4815449 0.4687956 0.4814528 0.4687956 0.4742679 0.4780931 0.4740159 0.4754013 0.4775712 0.4773332 0.4766455 0.4769085 0.0159688 0.0142627 0.0156113 0.0041676 0.0000000 0.0130527 0.0103542 0.0124972 0.0091807 0.0125433 0.0040339 0.0136837 0.0004024 0.0024495 0.0023993 0.0161526 0.0028166 0.0041114 0.4777620 0.4705427 0.4808196 0.4785240 0.4779283 0.4754945 0.4754503 0.0836374 0.4755686 0.4758204 0.4765546 0.0028023 0.4754503 0.4796336 0.4744647 0.4754230 0.4754230 0.4769376 0.4769376 0.4862035 0.4781117 0.0023999 0.0023999 0.0036281 0.0056918 0.0028164 0.0024099 0.0028164 0.0073312 0.0032210 0.0019969 0.0003962 0.0028141 0.0032208 0.0011952 0.0032201 0.0020061 0.0028023 0.0016030 0.0016030 0.0036290 0.0028158 0.0028141 0.0028141 0.0032208 0.0032206 0.0036281 0.0048830 0.0052570 0.0052552 0.0040372 0.0052552 0.0028107 0.0028122 0.0040297 0.0044451 0.4743193 0.4743193 0.0024113 0.4795206 1.4177004 
HSV2_6                                  0.4791173 0.4732647 0.4738405 0.4790884 0.4793298 0.4695500 0.4705848 0.4663762 0.4770848 0.4661425 0.4769930 0.4661425 0.4716697 0.4751781 0.4714096 0.4728075 0.4749989 0.4747595 0.4740631 0.4743285 0.0032321 0.0016034 0.0032349 0.0120398 0.0130527 0.0000000 0.0024173 0.0024058 0.0012152 0.0020066 0.0000021 0.0037352 0.0122879 0.0122733 0.0116040 0.0033492 0.0111316 0.0131584 0.4744871 0.4679081 0.4775661 0.4752507 0.4736518 0.4721980 0.4728680 0.0829731 0.4722643 0.4725232 0.4739781 0.0128996 0.4728680 0.4763669 0.4718720 0.4728405 0.4728405 0.4736518 0.4736518 0.4831067 0.4755466 0.0124714 0.0124714 0.0119843 0.0141707 0.0107090 0.0120396 0.0107090 0.0098730 0.0111806 0.0116521 0.0125518 0.0124657 0.0115550 0.0116567 0.0120315 0.0116111 0.0120322 0.0111833 0.0111833 0.0124683 0.0119923 0.0124657 0.0124657 0.0115550 0.0129003 0.0128483 0.0133415 0.0142203 0.0142203 0.0124173 0.0142203 0.0129319 0.0120690 0.0129271 0.0128434 0.4717256 0.4717256 0.0107090 0.4755509 1.3717508 
HSV2_7                                  0.4782584 0.4724473 0.4730180 0.4782302 0.4784694 0.4687601 0.4697878 0.4672880 0.4762407 0.4670548 0.4761497 0.4670548 0.4708650 0.4743482 0.4706050 0.4719924 0.4741679 0.4739305 0.4732386 0.4735020 0.0003977 0.0024092 0.0040497 0.0048524 0.0103542 0.0024173 0.0000000 0.0020011 0.0012097 0.0024098 0.0000021 0.0008154 0.0095910 0.0095680 0.0090013 0.0020799 0.0085458 0.0095757 0.4736603 0.4671309 0.4767144 0.4744168 0.4738248 0.4713881 0.4720559 0.0803909 0.4714519 0.4717100 0.4731563 0.0102709 0.4720559 0.4755237 0.4710670 0.4720287 0.4720287 0.4728305 0.4728305 0.4828086 0.4747121 0.0098507 0.0098507 0.0085476 0.0106758 0.0081304 0.0093884 0.0081304 0.0081256 0.0085491 0.0090034 0.0098758 0.0098063 0.0089617 0.0090069 0.0085476 0.0089695 0.0094214 0.0085511 0.0085511 0.0089713 0.0093884 0.0098063 0.0098063 0.0089617 0.0102301 0.0093901 0.0107026 0.0115679 0.0115640 0.0089692 0.0115640 0.0102975 0.0094515 0.0102938 0.0093867 0.4709218 0.4709218 0.0081304 0.4747149 1.3837499 
HSV2_8                                  0.4813602 0.4755558 0.4761298 0.4813307 0.4815710 0.4718680 0.4728938 0.4687183 0.4793438 0.4684854 0.4792523 0.4684854 0.4743775 0.4774507 0.4737167 0.4751050 0.4772797 0.4770413 0.4763518 0.4766154 0.0040071 0.0028011 0.0040327 0.0104857 0.0124972 0.0024058 0.0020011 0.0000000 0.0012070 0.0003970 0.0000021 0.0036961 0.0117314 0.0117131 0.0110662 0.0029086 0.0106045 0.0117266 0.4767703 0.4702365 0.4798321 0.4775323 0.4759433 0.4744980 0.4755635 0.0816389 0.4745697 0.4748235 0.4762615 0.0123463 0.4755635 0.4786430 0.4745748 0.4755361 0.4755361 0.4759433 0.4759433 0.4859300 0.4778216 0.0119234 0.0119234 0.0106031 0.0127515 0.0101832 0.0114962 0.0101832 0.0110656 0.0106476 0.0111129 0.0119997 0.0119181 0.0110194 0.0111173 0.0106456 0.0110728 0.0114893 0.0106501 0.0106501 0.0110789 0.0114510 0.0119181 0.0119181 0.0110194 0.0123470 0.0114570 0.0127868 0.0136510 0.0136510 0.0110286 0.0136510 0.0123770 0.0115249 0.0123725 0.0114489 0.4744289 0.4744289 0.0101832 0.4778299 1.3938521 
HSV2_9                                  0.4803450 0.4733379 0.4739157 0.4803155 0.4805583 0.4696113 0.4706495 0.4664275 0.4783041 0.4661929 0.4782117 0.4661929 0.4717377 0.4768325 0.4714770 0.4728794 0.4750779 0.4748377 0.4741391 0.4744054 0.0016108 0.0012082 0.0028347 0.0055449 0.0091807 0.0012152 0.0012097 0.0012070 0.0000000 0.0016168 0.0000028 0.0020472 0.0083429 0.0083161 0.0078093 0.0016605 0.0073620 0.0083314 0.4745644 0.4679642 0.4774949 0.4753306 0.4735710 0.4722679 0.4729398 0.0788093 0.4721799 0.4724396 0.4740536 0.0090797 0.4729398 0.4753127 0.4709694 0.4719406 0.4719406 0.4735710 0.4735710 0.4828278 0.4756273 0.0086585 0.0086585 0.0073586 0.0094868 0.0069420 0.0082349 0.0069420 0.0065518 0.0073937 0.0078446 0.0087179 0.0086546 0.0077767 0.0078476 0.0073905 0.0078140 0.0082299 0.0073961 0.0073961 0.0078183 0.0082002 0.0086546 0.0086575 0.0077767 0.0090803 0.0082045 0.0095146 0.0103768 0.0103732 0.0073633 0.0103732 0.0091039 0.0082568 0.0091006 0.0081987 0.4708228 0.4708228 0.0069420 0.4756318 1.4003642 
HSV2_10                                 0.4822955 0.4764577 0.4770361 0.4822654 0.4825075 0.4727474 0.4737788 0.4695788 0.4802672 0.4693443 0.4801749 0.4693443 0.4748611 0.4783623 0.4746084 0.4760053 0.4781930 0.4779529 0.4772600 0.4775251 0.0040184 0.0028047 0.0036316 0.0105112 0.0125433 0.0020066 0.0024098 0.0003970 0.0016168 0.0000000 0.0000023 0.0037065 0.0117725 0.0117583 0.0111102 0.0024984 0.0106430 0.0117601 0.4776801 0.4711053 0.4807628 0.4784482 0.4768488 0.4753939 0.4760522 0.0814229 0.4754683 0.4757224 0.4771667 0.0123956 0.4760522 0.4795669 0.4750587 0.4760246 0.4760246 0.4768488 0.4768488 0.4868995 0.4787376 0.0119710 0.0119710 0.0110655 0.0132281 0.0102236 0.0115421 0.0102236 0.0111096 0.0106900 0.0111573 0.0120478 0.0119657 0.0110632 0.0111617 0.0111096 0.0111169 0.0115350 0.0106925 0.0106925 0.0115420 0.0114966 0.0119657 0.0119657 0.0110632 0.0123963 0.0119210 0.0128336 0.0137057 0.0137057 0.0114938 0.0137057 0.0124266 0.0115710 0.0124220 0.0119166 0.4749120 0.4749120 0.0102236 0.4787476 1.3811854 
HSV2_11                                 0.4032725 0.3968267 0.3969780 0.4035143 0.4035143 0.3929613 0.3969690 0.3901059 0.3994414 0.3901059 0.4014759 0.3901059 0.3987576 0.4003705 0.3947536 0.3969780 0.4010795 0.4010795 0.3998512 0.4010795 0.0007932 0.0007940 0.0015904 0.0019713 0.0040339 0.0000021 0.0000021 0.0000021 0.0000028 0.0000023 0.0000000 0.0000020 0.0032013 0.0040066 0.0023916 0.0015910 0.0031942 0.0056366 0.3987665 0.3931612 0.3955730 0.3976015 0.3976015 0.3953393 0.3987576 0.0646933 0.3976015 0.3976015 0.3987988 0.0040115 0.4005891 0.4006178 0.3987576 0.3987576 0.3987576 0.3976015 0.3976015 0.4063070 0.4042064 0.0040115 0.0040115 0.0040034 0.0064882 0.0023916 0.0040066 0.0023916 0.0031918 0.0031991 0.0023916 0.0031990 0.0040066 0.0040017 0.0031990 0.0040034 0.0031990 0.0040034 0.0031990 0.0031990 0.0031955 0.0040066 0.0040066 0.0040066 0.0040017 0.0040085 0.0040066 0.0073593 0.0073148 0.0073148 0.0040082 0.0073148 0.0056697 0.0040306 0.0048466 0.0048194 0.3967317 0.3967317 0.0023916 0.3956785 1.1246345 
HSV2_12                                 0.4856371 0.4796605 0.4802568 0.4856047 0.4858540 0.4758570 0.4769121 0.4743508 0.4835594 0.4741080 0.4834642 0.4741080 0.4780202 0.4819446 0.4777682 0.4792010 0.4814426 0.4811953 0.4804877 0.4807597 0.0012208 0.0037157 0.0053964 0.0098215 0.0136837 0.0037352 0.0008154 0.0036961 0.0020472 0.0037065 0.0000020 0.0000000 0.0127889 0.0126997 0.0122280 0.0029300 0.0117526 0.0127130 0.4809150 0.4741719 0.4839177 0.4817082 0.4799035 0.4785715 0.4792352 0.0846514 0.4796491 0.4799035 0.4803835 0.0135498 0.4792352 0.4816970 0.4772299 0.4782182 0.4782182 0.4799035 0.4799035 0.4875622 0.4819984 0.0131137 0.0131137 0.0117469 0.0139665 0.0113136 0.0126725 0.0113136 0.0109215 0.0113641 0.0122799 0.0131980 0.0131076 0.0121803 0.0122849 0.0117942 0.0122355 0.0126646 0.0118034 0.0118034 0.0122382 0.0126225 0.0131076 0.0131123 0.0121803 0.0135506 0.0126248 0.0140007 0.0149030 0.0148977 0.0117545 0.0148977 0.0135838 0.0127043 0.0135787 0.0126201 0.4770794 0.4770794 0.0113136 0.4820146 1.4313673 
HSV2_13                                 0.4890683 0.4819690 0.4806026 0.4890346 0.4892843 0.4762366 0.4772833 0.4730157 0.4869982 0.4727759 0.4869027 0.4727759 0.4783826 0.4823095 0.4781334 0.4795552 0.4817791 0.4815337 0.4808319 0.4811018 0.0152427 0.0135087 0.0148291 0.0034493 0.0004024 0.0122879 0.0095910 0.0117314 0.0083429 0.0117725 0.0032013 0.0127889 0.0000000 0.0016260 0.0016124 0.0151907 0.0020280 0.0032751 0.4819688 0.4745643 0.4849502 0.4827577 0.4809656 0.4796436 0.4795876 0.0809842 0.4795696 0.4798218 0.4807276 0.0020176 0.4795876 0.4827478 0.4775981 0.4785785 0.4785785 0.4809656 0.4809656 0.4896500 0.4823304 0.0016128 0.0016128 0.0028453 0.0049206 0.0016206 0.0016196 0.0016206 0.0065732 0.0020274 0.0012073 0.0000025 0.0020261 0.0024354 0.0004009 0.0024349 0.0012130 0.0020175 0.0008079 0.0008079 0.0028469 0.0020273 0.0020261 0.0020261 0.0024354 0.0024353 0.0028463 0.0041054 0.0040715 0.0040715 0.0028470 0.0040715 0.0020236 0.0020247 0.0028410 0.0036677 0.4774487 0.4774487 0.0016206 0.4837756 1.4358649 
HSV2_14                                 0.4845991 0.4775531 0.4781394 0.4845676 0.4848136 0.4737995 0.4748422 0.4705947 0.4825458 0.4703571 0.4824519 0.4703571 0.4759366 0.4818566 0.4756833 0.4770968 0.4793097 0.4790661 0.4783661 0.4786346 0.0152069 0.0134801 0.0147990 0.0034213 0.0024495 0.0122733 0.0095680 0.0117131 0.0083161 0.0117583 0.0040066 0.0126997 0.0016260 0.0000000 0.0024331 0.0150911 0.0020166 0.0032537 0.4795019 0.4721377 0.4824626 0.4802823 0.4795124 0.4771890 0.4771396 0.0819311 0.4771104 0.4773639 0.4782685 0.0028418 0.4771396 0.4802697 0.4751587 0.4761347 0.4761347 0.4785032 0.4785032 0.4871298 0.4798595 0.0024336 0.0024336 0.0028278 0.0048932 0.0020159 0.0008032 0.0020159 0.0065367 0.0020155 0.0020249 0.0020308 0.0012060 0.0024214 0.0012119 0.0024201 0.0012060 0.0028418 0.0008033 0.0008033 0.0028296 0.0012067 0.0012060 0.0012063 0.0024214 0.0024205 0.0028288 0.0040811 0.0053315 0.0053297 0.0028296 0.0053297 0.0028503 0.0028519 0.0040869 0.0028292 0.4750104 0.4750104 0.0016107 0.4812972 1.4454397 
HSV2_15                                 0.4824685 0.4766833 0.4753581 0.4824386 0.4826786 0.4711250 0.4721446 0.4679954 0.4804584 0.4677643 0.4803669 0.4677643 0.4732140 0.4785746 0.4729608 0.4743398 0.4765005 0.4762639 0.4755784 0.4758401 0.0144775 0.0128014 0.0141480 0.0020583 0.0023993 0.0116040 0.0090013 0.0110662 0.0078093 0.0111102 0.0023916 0.0122280 0.0016124 0.0024331 0.0000000 0.0146329 0.0011899 0.0032598 0.4759949 0.4695046 0.4790347 0.4767505 0.4761596 0.4737374 0.4743930 0.0808266 0.4738068 0.4740599 0.4754906 0.0011843 0.4743930 0.4778531 0.4734114 0.4743659 0.4743659 0.4751726 0.4751726 0.4850916 0.4770395 0.0007888 0.0007888 0.0019863 0.0040083 0.0011895 0.0023881 0.0011895 0.0064425 0.0023872 0.0011838 0.0019845 0.0027884 0.0015875 0.0011843 0.0023866 0.0019880 0.0011833 0.0015891 0.0015891 0.0027901 0.0019876 0.0027884 0.0027903 0.0015875 0.0031925 0.0027894 0.0032098 0.0035871 0.0035860 0.0023871 0.0035860 0.0019838 0.0011876 0.0023822 0.0027884 0.4732668 0.4732668 0.0007921 0.4777446 1.4085702 
HSV2_16                                 0.4786892 0.4717081 0.4727273 0.4786597 0.4789085 0.4678724 0.4693698 0.4655861 0.4765925 0.4653449 0.4764979 0.4653449 0.4704897 0.4755739 0.4686022 0.4716609 0.4739230 0.4736762 0.4729566 0.4732304 0.0024871 0.0033504 0.0050483 0.0130965 0.0161526 0.0033492 0.0020799 0.0029086 0.0016605 0.0024984 0.0015910 0.0029300 0.0151907 0.0150911 0.0146329 0.0000000 0.0141395 0.0147261 0.4733953 0.4644284 0.4764082 0.4741816 0.4734063 0.4710329 0.4717283 0.0873860 0.4709399 0.4712088 0.4728718 0.0159923 0.4717283 0.4741618 0.4697007 0.4707002 0.4707002 0.4723730 0.4723730 0.4812766 0.4744891 0.0155448 0.0155448 0.0137242 0.0164175 0.0136874 0.0150911 0.0136874 0.0124030 0.0137471 0.0146935 0.0156420 0.0155376 0.0145776 0.0146996 0.0141878 0.0146422 0.0150814 0.0141992 0.0141992 0.0146506 0.0150331 0.0155376 0.0155431 0.0145776 0.0159932 0.0150414 0.0164627 0.0173853 0.0173790 0.0137333 0.0173790 0.0160314 0.0151280 0.0160252 0.0150302 0.4695501 0.4695501 0.0136874 0.4744915 1.4126816 
HSV2_17                                 0.4827994 0.4770115 0.4775856 0.4827693 0.4830095 0.4733318 0.4743544 0.4701896 0.4807883 0.4699568 0.4806967 0.4699568 0.4754274 0.4792534 0.4751780 0.4765635 0.4787329 0.4784945 0.4778078 0.4780708 0.0139989 0.0123296 0.0136677 0.0013583 0.0028166 0.0111316 0.0085458 0.0106045 0.0073620 0.0106430 0.0031942 0.0117526 0.0020280 0.0020166 0.0011899 0.0141395 0.0000000 0.0028370 0.4782239 0.4717029 0.4812822 0.4789866 0.4783904 0.4759567 0.4766077 0.0796496 0.4760320 0.4762831 0.4777139 0.0023890 0.4766077 0.4800966 0.4756226 0.4765803 0.4765803 0.4774000 0.4774000 0.4873677 0.4792725 0.0019892 0.0019892 0.0015801 0.0035893 0.0007887 0.0019802 0.0007887 0.0060108 0.0019795 0.0015890 0.0023972 0.0023786 0.0003938 0.0015896 0.0019790 0.0015816 0.0015883 0.0011849 0.0011849 0.0023799 0.0015812 0.0023786 0.0023786 0.0003938 0.0027791 0.0023793 0.0027936 0.0040111 0.0040098 0.0019794 0.0040098 0.0023964 0.0015940 0.0027979 0.0023777 0.4754771 0.4754771 0.0003939 0.4799827 1.4047182 
HSV2_18                                 0.4850612 0.4779799 0.4785696 0.4850294 0.4852768 0.4742063 0.4752547 0.4709861 0.4829974 0.4707472 0.4829030 0.4707472 0.4763547 0.4807019 0.4761010 0.4775218 0.4797458 0.4795013 0.4787980 0.4790677 0.0152244 0.0130482 0.0143695 0.0034203 0.0041114 0.0131584 0.0095757 0.0117266 0.0083314 0.0117601 0.0056366 0.0127130 0.0032751 0.0032537 0.0032598 0.0147261 0.0028370 0.0000000 0.4792235 0.4725365 0.4821988 0.4800075 0.4792341 0.4768989 0.4775630 0.0822399 0.4779648 0.4782196 0.4786991 0.0045016 0.4775630 0.4799945 0.4755724 0.4765535 0.4765535 0.4782196 0.4782196 0.4876084 0.4802987 0.0040884 0.0040884 0.0020213 0.0049071 0.0024277 0.0032459 0.0024277 0.0073911 0.0028363 0.0028487 0.0036838 0.0036552 0.0032444 0.0028498 0.0024266 0.0028368 0.0036722 0.0024277 0.0024277 0.0028373 0.0036575 0.0036552 0.0036552 0.0032444 0.0040675 0.0036581 0.0049207 0.0057633 0.0057613 0.0020226 0.0057613 0.0045136 0.0036846 0.0045129 0.0036569 0.4754232 0.4754232 0.0024277 0.4810279 1.4365565 
