91
HM585496_Human_herpesvirus_1            0.0000000 0.0035668 0.0015789 0.0000010 0.0015766 0.0027702 0.0003933 0.0100190 0.0003933 0.0003933 0.0019748 0.0116725 0.0019720 0.0015789 0.0035610 0.0035610 0.0051608 0.0039591 0.2852657 0.2865480 0.2809896 0.1579117 0.2778376 0.2805547 0.2857455 0.2829082 0.2802393 0.2864268 0.1344228 0.2785984 0.2475153 0.2701939 0.2811315 0.2489429 0.2805470 0.2539602 0.0063697 0.0051620 0.0063620 0.0067667 0.0031675 0.0059577 0.0019734 0.2511286 0.0043583 0.0047595 0.0039587 0.2810956 0.0052282 0.0055635 0.0027701 0.0027701 0.0059632 0.0059632 0.0043621 0.0047608 0.2810956 0.2838105 0.2819923 0.2819478 0.2810956 0.2819478 0.2828368 0.2870660 0.2811400 0.2826583 0.2834748 0.2810956 0.2787304 0.2811315 0.2794011 0.2819563 0.2810956 0.2810956 0.2809546 0.2810956 0.2830779 0.2815551 0.2845726 0.2845726 0.2798630 0.2816012 0.2816012 0.2824523 0.2816012 0.2804826 0.2810956 0.2828283 0.2835026 0.0019764 0.6390704 
HM585497_Human_herpesvirus_1            0.0035668 0.0000000 0.0035667 0.0035668 0.0051670 0.0047680 0.0039656 0.0126156 0.0039656 0.0039656 0.0039654 0.0143001 0.0055680 0.0035667 0.0063647 0.0063647 0.0075792 0.0067667 0.2915610 0.2928691 0.2872286 0.1599976 0.2839947 0.2867734 0.2920373 0.2891755 0.2864436 0.2927443 0.1404125 0.2847947 0.2533312 0.2762090 0.2873499 0.2547258 0.2867630 0.2598530 0.0075732 0.0055547 0.0075640 0.0079705 0.0035608 0.0079754 0.0047616 0.2567788 0.0071700 0.0075763 0.0067659 0.2873127 0.0080784 0.0075808 0.0047677 0.0047677 0.0071645 0.0071645 0.0047550 0.0071758 0.2873127 0.2900879 0.2882220 0.2881759 0.2873127 0.2881759 0.2890770 0.2934004 0.2873587 0.2889128 0.2897391 0.2873127 0.2849008 0.2873499 0.2855961 0.2881848 0.2873127 0.2873127 0.2871869 0.2873127 0.2893259 0.2877671 0.2908574 0.2908574 0.2860536 0.2878355 0.2878355 0.2887009 0.2878355 0.2866731 0.2873127 0.2890680 0.2897677 0.0039688 0.6434177 
HM585498_Human_herpesvirus_1            0.0015789 0.0035667 0.0000000 0.0015789 0.0023720 0.0019760 0.0019748 0.0100189 0.0019748 0.0019748 0.0011833 0.0116725 0.0027691 0.0000010 0.0035610 0.0035610 0.0051608 0.0039591 0.2852743 0.2865568 0.2809980 0.1614791 0.2809088 0.2805631 0.2888946 0.2829168 0.2833370 0.2864355 0.1373769 0.2816897 0.2503747 0.2731834 0.2842375 0.2517879 0.2836509 0.2568663 0.0055658 0.0043618 0.0055591 0.0059625 0.0023724 0.0051563 0.0019734 0.2539115 0.0043582 0.0047594 0.0039587 0.2842009 0.0052282 0.0047622 0.0019759 0.0019759 0.0051610 0.0051610 0.0035641 0.0047608 0.2842009 0.2869492 0.2851052 0.2850598 0.2842009 0.2850598 0.2859560 0.2902383 0.2842461 0.2857845 0.2866070 0.2842009 0.2818091 0.2842375 0.2824933 0.2850685 0.2842009 0.2842009 0.2840666 0.2842009 0.2862014 0.2846585 0.2877165 0.2877165 0.2829534 0.2847162 0.2847162 0.2855747 0.2847162 0.2835738 0.2842009 0.2859473 0.2866352 0.0011842 0.6342452 
HM585499_Human_herpesvirus_1            0.0000010 0.0035668 0.0015789 0.0000000 0.0015766 0.0027702 0.0003933 0.0100190 0.0003933 0.0003933 0.0019748 0.0116725 0.0019720 0.0015789 0.0035610 0.0035610 0.0051608 0.0039591 0.2852657 0.2865480 0.2809896 0.1579117 0.2778376 0.2805547 0.2857455 0.2829082 0.2802393 0.2864268 0.1344228 0.2785984 0.2475153 0.2701939 0.2811315 0.2489429 0.2805470 0.2539602 0.0063697 0.0051620 0.0063620 0.0067667 0.0031675 0.0059577 0.0019734 0.2511286 0.0043583 0.0047595 0.0039587 0.2810956 0.0052282 0.0055635 0.0027701 0.0027701 0.0059632 0.0059632 0.0043621 0.0047608 0.2810956 0.2838105 0.2819923 0.2819478 0.2810956 0.2819478 0.2828368 0.2870660 0.2811400 0.2826583 0.2834748 0.2810956 0.2787304 0.2811315 0.2794011 0.2819563 0.2810956 0.2810956 0.2809546 0.2810956 0.2830779 0.2815551 0.2845726 0.2845726 0.2798630 0.2816012 0.2816012 0.2824523 0.2816012 0.2804826 0.2810956 0.2828283 0.2835026 0.0019764 0.6390704 
HM585501_Human_herpesvirus_1            0.0015766 0.0051670 0.0023720 0.0015766 0.0000000 0.0035673 0.0019720 0.0108377 0.0019720 0.0019720 0.0027690 0.0124974 0.0003932 0.0023720 0.0043591 0.0043591 0.0059641 0.0047584 0.2874658 0.2887563 0.2831727 0.1591588 0.2799945 0.2827311 0.2879441 0.2851000 0.2824109 0.2886339 0.1344228 0.2807681 0.2495696 0.2723055 0.2833074 0.2497709 0.2827224 0.2560379 0.0071772 0.0059654 0.0071684 0.0075747 0.0039656 0.0067626 0.0027671 0.2531226 0.0051587 0.0055614 0.0047578 0.2832711 0.0060401 0.0063682 0.0035671 0.0035671 0.0067689 0.0067689 0.0051633 0.0055630 0.2832711 0.2860049 0.2841717 0.2841266 0.2832711 0.2841266 0.2850192 0.2892786 0.2833160 0.2848459 0.2856653 0.2832711 0.2808911 0.2833074 0.2815693 0.2841352 0.2832711 0.2832711 0.2831349 0.2832711 0.2852630 0.2837285 0.2867695 0.2867695 0.2820300 0.2837827 0.2837827 0.2846376 0.2837827 0.2826492 0.2832711 0.2850106 0.2856933 0.0027714 0.6391665 
HM585502_Human_herpesvirus_1            0.0027702 0.0047680 0.0019760 0.0027702 0.0035673 0.0000000 0.0031679 0.0112509 0.0031679 0.0031679 0.0015771 0.0129143 0.0039661 0.0019760 0.0047604 0.0047604 0.0063683 0.0051603 0.2878049 0.2890978 0.2835055 0.1619199 0.2823539 0.2830624 0.2882834 0.2854358 0.2847943 0.2889751 0.1377730 0.2816077 0.2517225 0.2745905 0.2856986 0.2512709 0.2851112 0.2582357 0.0067762 0.0055659 0.0067680 0.0071737 0.0035679 0.0063628 0.0031657 0.2552227 0.0055613 0.0059648 0.0051597 0.2856617 0.0064485 0.0059683 0.0015780 0.0015780 0.0063686 0.0063686 0.0047646 0.0059666 0.2856617 0.2884260 0.2865695 0.2865237 0.2856617 0.2865237 0.2874233 0.2917302 0.2857073 0.2872550 0.2880803 0.2856617 0.2832575 0.2856986 0.2839472 0.2865325 0.2856617 0.2856617 0.2855312 0.2856617 0.2876707 0.2861183 0.2891953 0.2891953 0.2844072 0.2861816 0.2861816 0.2870440 0.2861816 0.2850280 0.2856617 0.2874144 0.2881087 0.0015784 0.6467705 
HM585503_Human_herpesvirus_1            0.0003933 0.0039656 0.0019748 0.0003933 0.0019720 0.0031679 0.0000000 0.0104263 0.0000010 0.0007870 0.0023712 0.0120826 0.0023679 0.0019748 0.0039591 0.0039591 0.0055612 0.0043577 0.2861239 0.2874083 0.2818449 0.1579117 0.2786853 0.2814077 0.2866028 0.2837652 0.2810907 0.2872867 0.1344228 0.2794504 0.2483499 0.2710301 0.2819839 0.2497709 0.2813996 0.2547980 0.0067720 0.0055625 0.0067638 0.0071692 0.0035657 0.0063588 0.0023696 0.2519353 0.0047574 0.0051593 0.0043572 0.2819478 0.0056330 0.0059646 0.0031677 0.0031677 0.0063647 0.0063647 0.0047617 0.0051608 0.2819478 0.2846680 0.2828453 0.2828006 0.2819478 0.2828006 0.2836902 0.2879276 0.2819923 0.2835139 0.2843308 0.2819478 0.2795789 0.2819839 0.2802523 0.2828091 0.2802014 0.2802014 0.2818091 0.2819478 0.2839321 0.2824061 0.2854302 0.2854302 0.2807130 0.2824553 0.2824553 0.2833074 0.2824553 0.2813318 0.2819478 0.2836817 0.2843587 0.0023732 0.6405782 
HM585504_Human_herpesvirus_1            0.0100190 0.0126156 0.0100189 0.0100190 0.0108377 0.0112509 0.0104263 0.0000000 0.0104263 0.0104263 0.0104261 0.0023700 0.0112461 0.0100189 0.0112330 0.0112330 0.0128809 0.0116414 0.2907088 0.2920066 0.2864068 0.1634163 0.2832015 0.2859567 0.2911832 0.2883397 0.2856305 0.2918829 0.1385742 0.2838675 0.2522092 0.2746337 0.2865302 0.2539391 0.2859467 0.2578552 0.0133041 0.0128839 0.0141118 0.0145306 0.0116584 0.0136934 0.0104184 0.2510737 0.0120518 0.0124668 0.0116400 0.2864934 0.0127451 0.0132983 0.0112501 0.0112501 0.0137061 0.0137061 0.0128843 0.0124706 0.2864934 0.2892463 0.2873962 0.2873506 0.2864934 0.2873506 0.2882453 0.2925334 0.2865389 0.2880801 0.2889007 0.2864934 0.2841003 0.2865302 0.2847894 0.2873593 0.2864934 0.2864934 0.2863667 0.2864934 0.2884919 0.2869460 0.2900104 0.2900104 0.2852444 0.2870119 0.2870119 0.2878705 0.2870119 0.2858607 0.2864934 0.2882364 0.2889290 0.0104352 0.6564143 
HM585505_Human_herpesvirus_1            0.0003933 0.0039656 0.0019748 0.0003933 0.0019720 0.0031679 0.0000010 0.0104263 0.0000000 0.0007870 0.0023712 0.0120826 0.0023679 0.0019748 0.0039591 0.0039591 0.0055612 0.0043577 0.2861239 0.2874083 0.2818449 0.1579117 0.2786853 0.2814077 0.2866028 0.2837652 0.2810907 0.2872867 0.1344228 0.2794504 0.2483499 0.2710301 0.2819839 0.2497709 0.2813996 0.2547980 0.0067720 0.0055625 0.0067638 0.0071692 0.0035657 0.0063588 0.0023696 0.2519353 0.0047574 0.0051593 0.0043572 0.2819478 0.0056330 0.0059646 0.0031677 0.0031677 0.0063647 0.0063647 0.0047617 0.0051608 0.2819478 0.2846680 0.2828453 0.2828006 0.2819478 0.2828006 0.2836902 0.2879276 0.2819923 0.2835139 0.2843308 0.2819478 0.2795789 0.2819839 0.2802523 0.2828091 0.2802014 0.2802014 0.2818091 0.2819478 0.2839321 0.2824061 0.2854302 0.2854302 0.2807130 0.2824553 0.2824553 0.2833074 0.2824553 0.2813318 0.2819478 0.2836817 0.2843587 0.0023732 0.6405782 
HM585506_Human_herpesvirus_1            0.0003933 0.0039656 0.0019748 0.0003933 0.0019720 0.0031679 0.0007870 0.0104263 0.0007870 0.0000000 0.0023712 0.0120826 0.0023679 0.0019748 0.0039591 0.0039591 0.0055612 0.0043577 0.2843648 0.2856448 0.2800922 0.1591588 0.2786853 0.2796597 0.2848457 0.2820088 0.2810907 0.2855240 0.1344228 0.2785984 0.2483499 0.2710301 0.2819839 0.2480767 0.2813996 0.2547980 0.0067720 0.0055625 0.0067638 0.0071692 0.0035657 0.0063588 0.0023696 0.2519353 0.0047574 0.0051593 0.0043572 0.2819478 0.0056330 0.0059646 0.0031677 0.0031677 0.0063647 0.0063647 0.0047617 0.0051608 0.2819478 0.2846680 0.2828453 0.2828006 0.2819478 0.2828006 0.2836902 0.2879276 0.2819923 0.2835139 0.2843308 0.2819478 0.2795789 0.2819839 0.2802523 0.2828091 0.2819478 0.2819478 0.2818091 0.2819478 0.2839321 0.2824061 0.2836724 0.2836724 0.2807130 0.2824553 0.2824553 0.2833074 0.2824553 0.2813318 0.2819478 0.2836817 0.2843587 0.0023732 0.6405782 
HM585508_Human_herpesvirus_1            0.0019748 0.0039654 0.0011833 0.0019748 0.0027690 0.0015771 0.0023712 0.0104261 0.0023712 0.0023712 0.0000000 0.0120824 0.0031666 0.0011833 0.0039591 0.0039591 0.0055611 0.0043577 0.2861299 0.2874144 0.2818506 0.1614418 0.2807077 0.2814135 0.2866088 0.2837711 0.2831328 0.2872928 0.1373769 0.2799617 0.2502036 0.2729917 0.2840322 0.2499086 0.2834461 0.2566885 0.0059670 0.0047613 0.0059598 0.0063638 0.0027695 0.0055563 0.0023695 0.2537430 0.0047573 0.0051592 0.0043572 0.2839957 0.0056329 0.0051622 0.0015770 0.0015770 0.0055614 0.0055614 0.0039626 0.0051607 0.2839957 0.2867402 0.2848990 0.2848536 0.2839957 0.2848536 0.2857489 0.2900253 0.2840408 0.2855770 0.2863987 0.2839957 0.2816069 0.2840322 0.2822899 0.2848623 0.2839957 0.2839957 0.2838618 0.2839957 0.2859939 0.2844531 0.2875068 0.2875068 0.2827498 0.2845101 0.2845101 0.2853675 0.2845101 0.2833698 0.2839957 0.2857402 0.2864269 0.0007876 0.6411705 
HM585509_Human_herpesvirus_1            0.0116725 0.0143001 0.0116725 0.0116725 0.0124974 0.0129143 0.0120826 0.0023700 0.0120826 0.0120826 0.0120824 0.0000000 0.0129087 0.0116725 0.0128935 0.0128935 0.0145555 0.0133057 0.2920853 0.2927015 0.2871181 0.1628902 0.2845948 0.2873460 0.2918785 0.2890453 0.2870186 0.2925780 0.1381358 0.2845849 0.2528436 0.2760456 0.2879160 0.2547430 0.2873355 0.2593461 0.0149821 0.0145588 0.0157934 0.0162159 0.0133243 0.0153713 0.0120734 0.2525240 0.0137192 0.0141379 0.0133041 0.2878792 0.0144410 0.0149756 0.0129133 0.0129133 0.0153856 0.0153856 0.0145593 0.0141422 0.2878792 0.2906283 0.2887791 0.2887334 0.2878792 0.2887334 0.2896252 0.2939071 0.2879248 0.2894642 0.2902819 0.2878792 0.2854907 0.2879160 0.2861811 0.2887422 0.2878792 0.2878792 0.2877568 0.2878792 0.2898720 0.2883278 0.2913890 0.2913890 0.2866321 0.2883985 0.2883985 0.2892548 0.2883985 0.2872445 0.2878792 0.2896163 0.2903102 0.0120931 0.6661943 
HM585510_Human_herpesvirus_1            0.0019720 0.0055680 0.0027691 0.0019720 0.0003932 0.0039661 0.0023679 0.0112461 0.0023679 0.0023679 0.0031666 0.0129087 0.0000000 0.0027691 0.0047584 0.0047584 0.0063657 0.0051581 0.2865612 0.2878494 0.2822716 0.1578681 0.2791008 0.2818324 0.2870406 0.2841970 0.2815140 0.2877274 0.1331276 0.2798706 0.2486933 0.2714251 0.2824094 0.2489040 0.2818241 0.2551573 0.0075806 0.0063671 0.0075714 0.0079783 0.0043649 0.0071648 0.0031643 0.2539326 0.0055590 0.0059623 0.0051575 0.2823732 0.0064458 0.0067705 0.0039659 0.0039659 0.0071715 0.0071715 0.0055640 0.0059641 0.2823732 0.2851015 0.2832730 0.2832281 0.2823732 0.2832281 0.2841200 0.2883704 0.2824180 0.2839434 0.2847632 0.2823732 0.2799974 0.2824094 0.2806729 0.2832367 0.2823732 0.2823732 0.2822348 0.2823732 0.2843628 0.2828319 0.2858657 0.2858657 0.2811347 0.2828819 0.2828819 0.2837367 0.2828819 0.2817545 0.2823732 0.2841114 0.2847912 0.0031692 0.6406756 
HM585511_Human_herpesvirus_1            0.0015789 0.0035667 0.0000010 0.0015789 0.0023720 0.0019760 0.0019748 0.0100189 0.0019748 0.0019748 0.0011833 0.0116725 0.0027691 0.0000000 0.0035610 0.0035610 0.0051608 0.0039591 0.2852743 0.2865568 0.2809980 0.1614791 0.2809088 0.2805631 0.2888946 0.2829168 0.2833370 0.2864355 0.1373769 0.2816897 0.2503747 0.2731834 0.2842375 0.2517879 0.2836509 0.2568663 0.0055658 0.0043618 0.0055591 0.0059625 0.0023724 0.0051563 0.0019734 0.2539115 0.0043582 0.0047594 0.0039587 0.2842009 0.0052282 0.0047622 0.0019759 0.0019759 0.0051610 0.0051610 0.0035641 0.0047608 0.2842009 0.2869492 0.2851052 0.2850598 0.2842009 0.2850598 0.2859560 0.2902383 0.2842461 0.2857845 0.2866070 0.2842009 0.2818091 0.2842375 0.2824933 0.2850685 0.2842009 0.2842009 0.2840666 0.2842009 0.2862014 0.2846585 0.2877165 0.2877165 0.2829534 0.2847162 0.2847162 0.2855747 0.2847162 0.2835738 0.2842009 0.2859473 0.2866352 0.0011842 0.6342452 
HM585512_Human_herpesvirus_1            0.0035610 0.0063647 0.0035610 0.0035610 0.0043591 0.0047604 0.0039591 0.0112330 0.0039591 0.0039591 0.0039591 0.0128935 0.0047584 0.0035610 0.0000000 0.0000010 0.0023685 0.0003932 0.2860815 0.2873701 0.2817884 0.1609187 0.2786189 0.2813499 0.2865620 0.2837150 0.2810320 0.2872481 0.1373740 0.2793863 0.2472092 0.2709400 0.2819280 0.2486431 0.2813418 0.2536724 0.0067657 0.0063599 0.0083699 0.0087777 0.0043599 0.0063529 0.0031607 0.2517873 0.0023670 0.0027644 0.0043533 0.2818918 0.0032062 0.0059591 0.0047601 0.0047601 0.0071631 0.0071631 0.0047573 0.0019725 0.2818918 0.2846202 0.2827922 0.2827474 0.2818918 0.2827474 0.2836400 0.2878910 0.2819365 0.2834629 0.2842826 0.2818918 0.2795153 0.2819280 0.2801898 0.2827559 0.2818918 0.2818918 0.2817517 0.2818918 0.2838826 0.2823517 0.2853855 0.2853855 0.2806531 0.2824009 0.2824009 0.2832552 0.2824009 0.2812740 0.2818918 0.2836314 0.2843105 0.0039624 0.6407913 
HM585513_Human_herpesvirus_1            0.0035610 0.0063647 0.0035610 0.0035610 0.0043591 0.0047604 0.0039591 0.0112330 0.0039591 0.0039591 0.0039591 0.0128935 0.0047584 0.0035610 0.0000010 0.0000000 0.0023685 0.0003932 0.2860815 0.2873701 0.2817884 0.1609187 0.2786189 0.2813499 0.2865620 0.2837150 0.2810320 0.2872481 0.1373740 0.2793863 0.2472092 0.2709400 0.2819280 0.2486431 0.2813418 0.2536724 0.0067657 0.0063599 0.0083699 0.0087777 0.0043599 0.0063529 0.0031607 0.2517873 0.0023670 0.0027644 0.0043533 0.2818918 0.0032062 0.0059591 0.0047601 0.0047601 0.0071631 0.0071631 0.0047573 0.0019725 0.2818918 0.2846202 0.2827922 0.2827474 0.2818918 0.2827474 0.2836400 0.2878910 0.2819365 0.2834629 0.2842826 0.2818918 0.2795153 0.2819280 0.2801898 0.2827559 0.2818918 0.2818918 0.2817517 0.2818918 0.2838826 0.2823517 0.2853855 0.2853855 0.2806531 0.2824009 0.2824009 0.2832552 0.2824009 0.2812740 0.2818918 0.2836314 0.2843105 0.0039624 0.6407913 
HM585514_Human_herpesvirus_1            0.0051608 0.0075792 0.0051608 0.0051608 0.0059641 0.0063683 0.0055612 0.0128809 0.0055612 0.0055612 0.0055611 0.0145555 0.0063657 0.0051608 0.0023685 0.0023685 0.0000000 0.0027650 0.2884630 0.2897607 0.2841508 0.1609187 0.2809523 0.2837049 0.2889419 0.2860871 0.2833817 0.2896374 0.1373740 0.2817338 0.2494240 0.2732231 0.2842826 0.2508450 0.2836958 0.2559133 0.0079819 0.0075735 0.0095924 0.0100026 0.0055644 0.0079676 0.0047568 0.2539422 0.0039581 0.0043585 0.0059560 0.2842460 0.0048220 0.0075733 0.0063679 0.0063679 0.0083803 0.0083803 0.0059632 0.0003930 0.2842460 0.2869958 0.2851506 0.2851052 0.2842460 0.2851052 0.2860019 0.2902864 0.2842912 0.2858304 0.2866533 0.2842460 0.2818529 0.2842826 0.2825376 0.2851139 0.2842460 0.2842460 0.2841118 0.2842460 0.2862474 0.2847037 0.2877634 0.2877634 0.2829978 0.2847616 0.2847616 0.2856206 0.2847616 0.2836184 0.2842460 0.2859931 0.2866815 0.0055659 0.6420354 
HM585515_Human_herpesvirus_1            0.0039591 0.0067667 0.0039591 0.0039591 0.0047584 0.0051603 0.0043577 0.0116414 0.0043577 0.0043577 0.0043577 0.0133057 0.0051581 0.0039591 0.0003932 0.0003932 0.0027650 0.0000000 0.2869431 0.2882338 0.2826470 0.1609187 0.2794699 0.2822063 0.2874226 0.2845754 0.2818867 0.2881115 0.1373740 0.2802417 0.2480458 0.2717796 0.2827837 0.2494734 0.2821978 0.2545125 0.0071681 0.0067616 0.0087739 0.0091824 0.0047592 0.0067541 0.0035580 0.2525970 0.0027633 0.0031613 0.0047519 0.2827474 0.0036086 0.0063603 0.0051599 0.0051599 0.0075657 0.0075657 0.0051569 0.0023685 0.2827474 0.2854808 0.2836485 0.2836035 0.2827474 0.2836035 0.2844968 0.2887560 0.2827922 0.2843219 0.2851419 0.2827474 0.2803671 0.2827837 0.2810453 0.2836121 0.2827474 0.2827474 0.2826094 0.2827474 0.2847403 0.2832061 0.2862464 0.2862464 0.2815064 0.2832584 0.2832584 0.2841134 0.2832584 0.2821266 0.2827474 0.2844881 0.2851700 0.0043614 0.6406210 
HSV2_1                                  0.2852657 0.2915610 0.2852743 0.2852657 0.2874658 0.2878049 0.2861239 0.2907088 0.2861239 0.2843648 0.2861299 0.2920853 0.2865612 0.2852743 0.2860815 0.2860815 0.2884630 0.2869431 0.0000000 0.0047736 0.0043722 0.0046256 0.0092477 0.0027777 0.0031737 0.0035722 0.0084343 0.0023750 0.0008145 0.0035963 0.0071545 0.0080861 0.0088325 0.0028873 0.0092459 0.0062497 0.2932191 0.2929966 0.2938933 0.2951845 0.2918062 0.2877527 0.2879953 0.0751143 0.2885325 0.2898074 0.2884487 0.0080175 0.2848274 0.2905374 0.2858634 0.2858634 0.2925792 0.2925792 0.2921295 0.2893658 0.0080175 0.0092458 0.0084244 0.0084237 0.0088315 0.0084237 0.0080175 0.0117222 0.0088321 0.0084317 0.0096548 0.0088315 0.0100650 0.0080185 0.0096484 0.0100555 0.0104660 0.0104660 0.0092485 0.0088315 0.0088341 0.0092346 0.0080242 0.0080242 0.0076085 0.0092428 0.0092428 0.0084275 0.0092428 0.0096488 0.0088315 0.0088315 0.0088391 0.2868201 0.6245111 
HSV2_2                                  0.2865480 0.2928691 0.2865568 0.2865480 0.2887563 0.2890978 0.2874083 0.2920066 0.2874083 0.2856448 0.2874144 0.2927015 0.2878494 0.2865568 0.2873701 0.2873701 0.2897607 0.2882338 0.0047736 0.0000000 0.0019762 0.0069643 0.0108912 0.0019824 0.0031706 0.0019774 0.0100697 0.0023728 0.0016312 0.0031933 0.0084362 0.0097350 0.0112930 0.0028855 0.0108891 0.0087914 0.2945304 0.2943061 0.2952015 0.2964983 0.2931153 0.2890452 0.2892887 0.0766362 0.2898261 0.2911064 0.2897424 0.0096522 0.2861115 0.2918421 0.2871503 0.2871503 0.2938862 0.2938862 0.2934363 0.2906658 0.0096522 0.0117115 0.0108811 0.0100607 0.0104710 0.0100607 0.0104706 0.0133776 0.0112926 0.0100704 0.0113005 0.0104710 0.0117133 0.0104719 0.0112930 0.0117022 0.0121153 0.0121153 0.0117149 0.0104710 0.0104742 0.0108758 0.0104794 0.0104794 0.0100571 0.0108854 0.0108854 0.0108852 0.0108854 0.0112893 0.0104710 0.0112917 0.0113015 0.2881096 0.6294445 
HSV2_3                                  0.2809896 0.2872286 0.2809980 0.2809896 0.2831727 0.2835055 0.2818449 0.2864068 0.2818449 0.2800922 0.2818506 0.2871181 0.2822716 0.2809980 0.2817884 0.2817884 0.2841508 0.2826470 0.0043722 0.0019762 0.0000000 0.0069642 0.0100686 0.0015846 0.0027718 0.0007892 0.0096575 0.0019757 0.0008145 0.0027915 0.0080031 0.0093167 0.0104699 0.0024699 0.0104717 0.0083610 0.2888838 0.2886662 0.2895710 0.2908502 0.2874716 0.2834544 0.2836950 0.0746431 0.2842343 0.2854972 0.2841496 0.0092424 0.2805435 0.2862117 0.2815746 0.2815746 0.2882551 0.2882551 0.2878040 0.2850500 0.0092424 0.0108866 0.0104695 0.0096503 0.0096503 0.0096503 0.0100596 0.0129664 0.0104695 0.0096596 0.0104768 0.0096503 0.0108883 0.0096511 0.0104699 0.0108781 0.0112899 0.0112899 0.0108898 0.0100600 0.0100630 0.0100543 0.0100681 0.0100681 0.0096469 0.0104736 0.0104736 0.0100630 0.0104736 0.0108813 0.0100600 0.0108795 0.0104777 0.2825271 0.6270711 
HSV2_4                                  0.1579117 0.1599976 0.1614791 0.1579117 0.1591588 0.1619199 0.1579117 0.1634163 0.1579117 0.1591588 0.1614418 0.1628902 0.1578681 0.1614791 0.1609187 0.1609187 0.1609187 0.1609187 0.0046256 0.0069643 0.0069642 0.0000000 0.0015274 0.0061871 0.0038427 0.0069642 0.0007626 0.0046249 0.0000027 0.0023013 0.0007626 0.0015271 0.0022943 0.0038427 0.0015271 0.0015273 0.1678257 0.1626295 0.1646709 0.1662367 0.1641124 0.1622137 0.1622155 0.0673566 0.1621717 0.1637225 0.1596679 0.0007626 0.1606151 0.1624562 0.1601366 0.1601366 0.1674625 0.1674625 0.1625958 0.1609187 0.0007626 0.0022956 0.0022941 0.0007626 0.0007626 0.0007626 0.0015273 0.0053864 0.0022941 0.0007626 0.0015271 0.0007626 0.0022939 0.0015273 0.0030627 0.0022937 0.0022939 0.0022939 0.0030632 0.0015274 0.0022970 0.0022934 0.0022937 0.0022937 0.0007626 0.0015274 0.0022939 0.0015273 0.0022939 0.0030615 0.0022939 0.0022943 0.0022938 0.1618608 0.3977671 
HSV2_5                                  0.2778376 0.2839947 0.2809088 0.2778376 0.2799945 0.2823539 0.2786853 0.2832015 0.2786853 0.2786853 0.2807077 0.2845948 0.2791008 0.2809088 0.2786189 0.2786189 0.2809523 0.2794699 0.0092477 0.0108912 0.0100686 0.0015274 0.0000000 0.0088519 0.0084215 0.0096591 0.0019806 0.0084285 0.0016317 0.0080653 0.0016622 0.0019949 0.0019786 0.0058080 0.0027752 0.0016482 0.2856380 0.2854254 0.2863305 0.2875926 0.2842345 0.2820028 0.2805073 0.0767659 0.2810456 0.2822916 0.2809606 0.0019784 0.2773886 0.2829893 0.2804289 0.2804289 0.2850217 0.2850217 0.2845724 0.2818432 0.0019784 0.0031741 0.0031720 0.0023756 0.0019784 0.0023756 0.0027735 0.0047807 0.0027737 0.0023778 0.0027756 0.0019784 0.0023777 0.0019786 0.0019786 0.0031717 0.0027736 0.0027736 0.0023780 0.0019784 0.0027744 0.0023746 0.0035737 0.0035737 0.0023748 0.0023766 0.0023766 0.0023766 0.0023766 0.0043738 0.0019784 0.0027735 0.0027758 0.2813782 0.6236760 
HSV2_6                                  0.2805547 0.2867734 0.2805631 0.2805547 0.2827311 0.2830624 0.2814077 0.2859567 0.2814077 0.2796597 0.2814135 0.2873460 0.2818324 0.2805631 0.2813499 0.2813499 0.2837049 0.2822063 0.0027777 0.0019824 0.0015846 0.0061871 0.0088519 0.0000000 0.0019822 0.0007909 0.0080384 0.0011867 0.0008145 0.0019913 0.0067387 0.0076873 0.0092530 0.0016456 0.0088502 0.0066806 0.2884243 0.2882078 0.2891114 0.2903863 0.2870155 0.2821633 0.2832514 0.0736699 0.2837896 0.2850483 0.2837050 0.0076221 0.2801089 0.2857596 0.2811371 0.2811371 0.2877984 0.2877984 0.2873481 0.2846016 0.0076221 0.0096677 0.0088437 0.0080283 0.0084360 0.0080283 0.0084357 0.0113260 0.0092526 0.0080359 0.0092591 0.0084360 0.0096692 0.0084367 0.0092530 0.0096602 0.0100706 0.0100706 0.0096705 0.0084360 0.0084385 0.0088394 0.0084428 0.0084428 0.0080254 0.0088472 0.0088472 0.0088470 0.0088472 0.0092534 0.0084360 0.0092519 0.0092599 0.2820870 0.6215017 
HSV2_7                                  0.2857455 0.2920373 0.2888946 0.2857455 0.2879441 0.2882834 0.2866028 0.2911832 0.2866028 0.2848457 0.2866088 0.2918785 0.2870406 0.2888946 0.2865620 0.2865620 0.2889419 0.2874226 0.0031737 0.0031706 0.0027718 0.0038427 0.0084215 0.0019822 0.0000000 0.0019772 0.0076111 0.0007888 0.0000024 0.0011909 0.0058712 0.0072584 0.0088213 0.0000010 0.0084198 0.0058209 0.2936932 0.2934705 0.2943649 0.2956555 0.2922824 0.2882312 0.2884737 0.0745203 0.2890098 0.2902840 0.2889262 0.0071970 0.2853088 0.2910147 0.2863437 0.2863437 0.2930531 0.2930531 0.2926042 0.2898437 0.0071970 0.0092341 0.0084137 0.0076016 0.0080077 0.0076016 0.0080074 0.0108851 0.0088210 0.0076088 0.0088271 0.0080077 0.0092356 0.0080083 0.0088213 0.0092269 0.0096357 0.0096357 0.0092367 0.0080077 0.0080101 0.0084097 0.0080140 0.0080140 0.0075989 0.0084170 0.0084170 0.0084168 0.0084170 0.0088217 0.0080077 0.0088203 0.0088278 0.2872994 0.6315576 
HSV2_8                                  0.2829082 0.2891755 0.2829168 0.2829082 0.2851000 0.2854358 0.2837652 0.2883397 0.2837652 0.2820088 0.2837711 0.2890453 0.2841970 0.2829168 0.2837150 0.2837150 0.2860871 0.2845754 0.0035722 0.0019774 0.0007892 0.0069642 0.0096591 0.0007909 0.0019772 0.0000000 0.0088441 0.0011836 0.0008145 0.0019912 0.0075798 0.0084988 0.0100602 0.0016443 0.0096560 0.0075145 0.2908328 0.2906129 0.2915145 0.2927998 0.2894196 0.2853842 0.2856258 0.0736171 0.2861644 0.2874333 0.2860801 0.0084265 0.2824654 0.2881552 0.2834992 0.2834992 0.2901988 0.2901988 0.2897481 0.2869884 0.0084265 0.0104761 0.0096501 0.0088333 0.0092418 0.0088333 0.0092414 0.0121383 0.0100598 0.0088417 0.0100668 0.0092418 0.0104777 0.0092426 0.0100602 0.0104679 0.0108791 0.0108791 0.0104791 0.0092418 0.0092446 0.0096454 0.0092492 0.0092492 0.0088302 0.0096539 0.0096539 0.0096537 0.0096539 0.0100606 0.0092418 0.0100590 0.0100677 0.2844541 0.6270711 
HSV2_9                                  0.2802393 0.2864436 0.2833370 0.2802393 0.2824109 0.2847943 0.2810907 0.2856305 0.2810907 0.2810907 0.2831328 0.2870186 0.2815140 0.2833370 0.2810320 0.2810320 0.2833817 0.2818867 0.0084343 0.0100697 0.0096575 0.0007626 0.0019806 0.0080384 0.0076111 0.0088441 0.0000000 0.0076174 0.0008146 0.0072512 0.0004142 0.0007959 0.0007895 0.0058133 0.0007896 0.0012352 0.2880916 0.2878757 0.2887784 0.2900504 0.2866852 0.2844304 0.2829298 0.0757529 0.2834673 0.2847231 0.2833827 0.0003943 0.2797936 0.2854320 0.2828595 0.2828595 0.2874675 0.2874675 0.2870179 0.2842767 0.0003943 0.0019789 0.0007895 0.0000022 0.0000022 0.0000022 0.0003943 0.0039756 0.0007895 0.0007902 0.0015817 0.0000022 0.0019793 0.0007895 0.0015807 0.0011849 0.0023746 0.0023746 0.0019795 0.0003943 0.0011861 0.0011851 0.0019793 0.0019793 0.0007897 0.0007898 0.0015812 0.0011854 0.0015812 0.0027753 0.0011850 0.0011850 0.0015818 0.2838136 0.6165956 
HSV2_10                                 0.2864268 0.2927443 0.2864355 0.2864268 0.2886339 0.2889751 0.2872867 0.2918829 0.2872867 0.2855240 0.2872928 0.2925780 0.2877274 0.2864355 0.2872481 0.2872481 0.2896374 0.2881115 0.0023750 0.0023728 0.0019757 0.0046249 0.0084285 0.0011867 0.0007888 0.0011836 0.0076174 0.0000000 0.0000024 0.0011919 0.0063010 0.0072645 0.0088286 0.0004101 0.0084268 0.0062468 0.2944050 0.2941809 0.2950763 0.2963723 0.2929904 0.2889226 0.2891660 0.0746047 0.2897032 0.2909828 0.2896195 0.0072030 0.2859902 0.2917178 0.2870286 0.2870286 0.2937614 0.2937614 0.2933116 0.2905422 0.0072030 0.0092418 0.0084207 0.0076079 0.0080143 0.0076079 0.0080140 0.0108942 0.0088283 0.0076151 0.0088344 0.0080143 0.0092433 0.0080150 0.0088286 0.0092346 0.0096437 0.0096437 0.0092444 0.0080143 0.0080167 0.0084166 0.0080207 0.0080207 0.0076052 0.0084240 0.0084240 0.0084238 0.0084240 0.0088290 0.0080143 0.0088276 0.0088352 0.2879875 0.6265465 
HSV2_11                                 0.1344228 0.1404125 0.1373769 0.1344228 0.1344228 0.1377730 0.1344228 0.1385742 0.1344228 0.1344228 0.1373769 0.1381358 0.1331276 0.1373769 0.1373740 0.1373740 0.1373740 0.1373740 0.0008145 0.0016312 0.0008145 0.0000027 0.0016317 0.0008145 0.0000024 0.0008145 0.0008146 0.0000024 0.0000000 0.0000020 0.0008146 0.0016313 0.0024509 0.0000024 0.0016313 0.0016316 0.1454621 0.1417977 0.1410751 0.1426060 0.1417237 0.1386442 0.1386266 0.0601104 0.1373740 0.1388837 0.1361094 0.0008146 0.1358474 0.1401194 0.1360695 0.1360695 0.1464304 0.1464304 0.1417671 0.1373740 0.0008146 0.0024524 0.0024507 0.0008146 0.0008146 0.0008146 0.0016316 0.0057572 0.0024507 0.0008146 0.0016313 0.0008146 0.0024505 0.0016316 0.0032724 0.0024503 0.0024505 0.0024505 0.0032729 0.0016317 0.0024541 0.0016313 0.0016316 0.0016316 0.0008146 0.0016317 0.0016317 0.0016316 0.0016317 0.0032710 0.0016317 0.0024509 0.0016316 0.1377316 0.3731933 
HSV2_12                                 0.2785984 0.2847947 0.2816897 0.2785984 0.2807681 0.2816077 0.2794504 0.2838675 0.2794504 0.2785984 0.2799617 0.2845849 0.2798706 0.2816897 0.2793863 0.2793863 0.2817338 0.2802417 0.0035963 0.0031933 0.0027915 0.0023013 0.0080653 0.0019913 0.0011909 0.0019912 0.0072512 0.0011919 0.0000020 0.0000000 0.0054847 0.0068945 0.0084679 0.0008228 0.0080642 0.0054374 0.2864450 0.2862306 0.2871383 0.2884084 0.2850359 0.2801989 0.2812854 0.0724050 0.2818248 0.2830787 0.2817398 0.0068356 0.2781487 0.2837834 0.2796816 0.2796816 0.2858238 0.2858238 0.2853727 0.2826294 0.0068356 0.0088828 0.0080577 0.0072424 0.0076505 0.0072424 0.0076502 0.0105418 0.0084675 0.0072492 0.0084735 0.0076505 0.0088842 0.0076511 0.0084679 0.0088758 0.0092867 0.0092867 0.0088853 0.0076505 0.0076527 0.0080538 0.0080649 0.0080649 0.0072398 0.0080609 0.0080609 0.0080608 0.0080609 0.0084683 0.0076505 0.0084669 0.0084742 0.2806322 0.6285578 
HSV2_13                                 0.2475153 0.2533312 0.2503747 0.2475153 0.2495696 0.2517225 0.2483499 0.2522092 0.2483499 0.2483499 0.2502036 0.2528436 0.2486933 0.2503747 0.2472092 0.2472092 0.2494240 0.2480458 0.0071545 0.0084362 0.0080031 0.0007626 0.0016622 0.0067387 0.0058712 0.0075798 0.0004142 0.0063010 0.0008146 0.0054847 0.0000000 0.0012441 0.0012439 0.0055988 0.0012437 0.0008289 0.2548166 0.2530092 0.2539785 0.2551631 0.2534067 0.2513707 0.2498875 0.0725201 0.2496181 0.2507893 0.2487414 0.0000010 0.2460359 0.2509828 0.2498568 0.2498568 0.2542749 0.2542749 0.2529767 0.2502967 0.0000010 0.0016608 0.0012439 0.0004140 0.0004140 0.0004140 0.0008287 0.0037556 0.0012439 0.0000010 0.0012448 0.0004140 0.0016611 0.0004141 0.0012439 0.0016595 0.0020760 0.0020760 0.0016613 0.0008287 0.0016613 0.0016599 0.0008287 0.0008287 0.0012442 0.0008287 0.0008287 0.0008289 0.0008287 0.0029138 0.0008287 0.0016597 0.0012449 0.2507846 0.5622753 
HSV2_14                                 0.2701939 0.2762090 0.2731834 0.2701939 0.2723055 0.2745905 0.2710301 0.2746337 0.2710301 0.2710301 0.2729917 0.2760456 0.2714251 0.2731834 0.2709400 0.2709400 0.2732231 0.2717796 0.0080861 0.0097350 0.0093167 0.0015271 0.0019949 0.0076873 0.0072584 0.0084988 0.0007959 0.0072645 0.0016313 0.0068945 0.0012441 0.0000000 0.0015936 0.0058369 0.0007955 0.0012340 0.2778340 0.2767934 0.2777076 0.2789374 0.2764428 0.2742798 0.2728024 0.0747642 0.2733396 0.2745557 0.2724216 0.0011943 0.2697347 0.2752224 0.2726991 0.2726991 0.2772417 0.2772417 0.2767939 0.2741013 0.0011943 0.0027961 0.0015935 0.0007956 0.0007956 0.0007956 0.0011943 0.0048168 0.0015935 0.0015949 0.0023952 0.0007956 0.0027966 0.0015936 0.0023937 0.0011942 0.0031957 0.0031957 0.0027969 0.0011943 0.0003977 0.0003974 0.0023956 0.0023956 0.0007954 0.0015941 0.0023945 0.0019939 0.0023945 0.0019948 0.0019933 0.0019932 0.0023954 0.2736343 0.6128038 
HSV2_15                                 0.2811315 0.2873499 0.2842375 0.2811315 0.2833074 0.2856986 0.2819839 0.2865302 0.2819839 0.2819839 0.2840322 0.2879160 0.2824094 0.2842375 0.2819280 0.2819280 0.2842826 0.2827837 0.0088325 0.0112930 0.0104699 0.0022943 0.0019786 0.0092530 0.0088213 0.0100602 0.0007895 0.0088286 0.0024509 0.0084679 0.0012439 0.0015936 0.0000000 0.0066488 0.0015799 0.0012343 0.2889991 0.2887821 0.2896835 0.2909584 0.2875920 0.2853301 0.2838281 0.0771896 0.2843653 0.2856240 0.2842809 0.0015794 0.2806873 0.2863365 0.2837608 0.2837608 0.2883724 0.2883724 0.2879230 0.2851787 0.0015794 0.0019770 0.0011838 0.0011837 0.0007886 0.0011837 0.0007886 0.0043730 0.0007887 0.0019774 0.0023741 0.0007886 0.0019773 0.0007887 0.0015796 0.0019755 0.0023724 0.0023724 0.0011849 0.0007886 0.0023746 0.0019759 0.0023743 0.0023743 0.0019761 0.0011842 0.0019764 0.0011842 0.0019764 0.0039703 0.0015794 0.0007886 0.0015808 0.2847162 0.6164465 
HSV2_16                                 0.2489429 0.2547258 0.2517879 0.2489429 0.2497709 0.2512709 0.2497709 0.2539391 0.2497709 0.2480767 0.2499086 0.2547430 0.2489040 0.2517879 0.2486431 0.2486431 0.2508450 0.2494734 0.0028873 0.0028855 0.0024699 0.0038427 0.0058080 0.0016456 0.0000010 0.0016443 0.0058133 0.0004101 0.0000024 0.0008228 0.0055988 0.0058369 0.0066488 0.0000000 0.0066499 0.0055594 0.2561985 0.2544033 0.2553619 0.2565398 0.2548002 0.2502586 0.2513016 0.0715053 0.2510328 0.2521975 0.2501629 0.0053896 0.2474770 0.2536159 0.2494317 0.2494317 0.2556583 0.2556583 0.2543709 0.2517108 0.0053896 0.0070737 0.0066485 0.0058079 0.0058079 0.0058079 0.0062284 0.0092008 0.0066485 0.0058136 0.0066532 0.0058079 0.0070749 0.0058084 0.0066488 0.0070680 0.0074899 0.0074899 0.0070758 0.0062286 0.0062305 0.0062251 0.0062337 0.0062337 0.0058058 0.0066512 0.0066512 0.0062305 0.0066512 0.0070702 0.0062286 0.0070690 0.0066539 0.2503468 0.5930237 
HSV2_17                                 0.2805470 0.2867630 0.2836509 0.2805470 0.2827224 0.2851112 0.2813996 0.2859467 0.2813996 0.2813996 0.2834461 0.2873355 0.2818241 0.2836509 0.2813418 0.2813418 0.2836958 0.2821978 0.0092459 0.0108891 0.0104717 0.0015271 0.0027752 0.0088502 0.0084198 0.0096560 0.0007896 0.0084268 0.0016313 0.0080642 0.0012437 0.0007955 0.0015799 0.0066499 0.0000000 0.0020595 0.2884132 0.2881968 0.2891000 0.2903744 0.2870050 0.2847453 0.2832425 0.0767303 0.2837805 0.2850387 0.2836959 0.0011845 0.2801012 0.2857496 0.2831731 0.2831731 0.2877876 0.2877876 0.2873375 0.2845922 0.0011845 0.0027727 0.0015798 0.0007891 0.0007891 0.0007891 0.0011844 0.0047768 0.0015798 0.0015812 0.0023752 0.0007891 0.0027732 0.0015799 0.0023737 0.0011843 0.0031692 0.0031692 0.0027736 0.0011845 0.0011855 0.0011846 0.0027733 0.0027733 0.0015802 0.0015804 0.0023745 0.0019774 0.0023745 0.0027750 0.0019768 0.0019768 0.0023754 0.2841288 0.6166811 
HSV2_18                                 0.2539602 0.2598530 0.2568663 0.2539602 0.2560379 0.2582357 0.2547980 0.2578552 0.2547980 0.2547980 0.2566885 0.2593461 0.2551573 0.2568663 0.2536724 0.2536724 0.2559133 0.2545125 0.0062497 0.0087914 0.0083610 0.0015273 0.0016482 0.0066806 0.0058209 0.0075145 0.0012352 0.0062468 0.0016316 0.0054374 0.0008289 0.0012340 0.0012343 0.0055594 0.0020595 0.0000000 0.2613393 0.2595157 0.2604728 0.2616737 0.2599300 0.2578506 0.2563646 0.0728506 0.2560868 0.2572740 0.2552062 0.0008222 0.2524865 0.2587258 0.2563562 0.2563562 0.2607815 0.2607815 0.2594823 0.2567901 0.0008222 0.0016478 0.0012342 0.0012341 0.0012341 0.0012341 0.0008222 0.0045606 0.0012342 0.0008222 0.0020613 0.0012341 0.0024756 0.0004108 0.0020600 0.0024732 0.0028878 0.0028878 0.0016483 0.0016468 0.0016473 0.0016458 0.0008222 0.0008222 0.0012337 0.0020607 0.0020607 0.0008225 0.0020607 0.0028891 0.0016468 0.0016468 0.0012352 0.2572894 0.5691452 
JN400093_Human_herpesvirus_1            0.0063697 0.0075732 0.0055658 0.0063697 0.0071772 0.0067762 0.0067720 0.0133041 0.0067720 0.0067720 0.0059670 0.0149821 0.0075806 0.0055658 0.0067657 0.0067657 0.0079819 0.0071681 0.2932191 0.2945304 0.2888838 0.1678257 0.2856380 0.2884243 0.2936932 0.2908328 0.2880916 0.2944050 0.1454621 0.2864450 0.2548166 0.2778340 0.2889991 0.2561985 0.2884132 0.2613393 0.0000000 0.0067619 0.0055536 0.0059566 0.0055600 0.0051590 0.0051609 0.2602078 0.0075720 0.0079789 0.0079745 0.2889618 0.0076690 0.0047647 0.0067758 0.0067758 0.0035599 0.0035599 0.0067619 0.0075781 0.2889618 0.2917449 0.2898718 0.2898254 0.2889618 0.2898254 0.2907272 0.2950638 0.2890080 0.2905674 0.2913940 0.2889618 0.2865439 0.2889991 0.2872448 0.2898344 0.2889618 0.2889618 0.2888411 0.2889618 0.2907655 0.2894134 0.2925146 0.2925146 0.2876990 0.2894888 0.2894888 0.2903551 0.2894888 0.2883168 0.2889618 0.2907182 0.2914227 0.0059721 0.6414428 
JN420337_Human_herpesvirus_1            0.0051620 0.0055547 0.0043618 0.0051620 0.0059654 0.0055659 0.0055625 0.0128839 0.0055625 0.0055625 0.0047613 0.0145588 0.0063671 0.0043618 0.0063599 0.0063599 0.0075735 0.0067616 0.2929966 0.2943061 0.2886662 0.1626295 0.2854254 0.2882078 0.2934705 0.2906129 0.2878757 0.2941809 0.1417977 0.2862306 0.2530092 0.2767934 0.2887821 0.2544033 0.2881968 0.2595157 0.0067619 0.0000000 0.0035565 0.0039558 0.0043546 0.0071629 0.0047580 0.2581794 0.0071646 0.0075706 0.0019726 0.2887449 0.0080722 0.0067687 0.0055656 0.0055656 0.0079651 0.0079651 0.0031592 0.0071704 0.2887449 0.2915250 0.2896539 0.2896076 0.2887449 0.2896076 0.2905084 0.2948387 0.2887910 0.2903481 0.2911738 0.2887449 0.2863303 0.2887821 0.2870299 0.2896166 0.2887449 0.2887449 0.2886237 0.2887449 0.2907583 0.2891964 0.2922930 0.2922930 0.2874839 0.2892709 0.2892709 0.2901362 0.2892709 0.2881013 0.2887449 0.2904994 0.2912025 0.0047653 0.6376243 
JN420338_Human_herpesvirus_1            0.0063620 0.0075640 0.0055591 0.0063620 0.0071684 0.0067680 0.0067638 0.0141118 0.0067638 0.0067638 0.0059598 0.0157934 0.0075714 0.0055591 0.0083699 0.0083699 0.0095924 0.0087739 0.2938933 0.2952015 0.2895710 0.1646709 0.2863305 0.2891114 0.2943649 0.2915145 0.2887784 0.2950763 0.1410751 0.2871383 0.2539785 0.2777076 0.2896835 0.2553619 0.2891000 0.2604728 0.0055536 0.0035565 0.0000000 0.0003929 0.0063553 0.0083682 0.0067588 0.2609527 0.0091795 0.0095887 0.0039560 0.2896462 0.0101111 0.0079741 0.0067676 0.0067676 0.0051497 0.0051497 0.0051510 0.0091869 0.2896462 0.2924246 0.2905537 0.2905073 0.2896462 0.2905073 0.2914064 0.2957340 0.2896924 0.2912488 0.2920729 0.2896462 0.2872339 0.2896835 0.2879345 0.2905163 0.2896462 0.2896462 0.2895278 0.2896462 0.2914448 0.2900953 0.2931908 0.2931908 0.2883861 0.2901729 0.2901729 0.2910369 0.2901729 0.2890011 0.2896462 0.2913974 0.2921015 0.0059649 0.6467572 
JN420339_Human_herpesvirus_1            0.0067667 0.0079705 0.0059625 0.0067667 0.0075747 0.0071737 0.0071692 0.0145306 0.0071692 0.0071692 0.0063638 0.0162159 0.0079783 0.0059625 0.0087777 0.0087777 0.0100026 0.0091824 0.2951845 0.2964983 0.2908502 0.1662367 0.2875926 0.2903863 0.2956555 0.2927998 0.2900504 0.2963723 0.1426060 0.2884084 0.2551631 0.2789374 0.2909584 0.2565398 0.2903744 0.2616737 0.0059566 0.0039558 0.0003929 0.0000000 0.0067596 0.0087759 0.0071639 0.2621142 0.0095887 0.0099988 0.0043562 0.2909209 0.0105255 0.0083817 0.0071732 0.0071732 0.0055517 0.0055517 0.0055530 0.0095965 0.2909209 0.2937121 0.2918310 0.2917843 0.2909209 0.2917843 0.2926860 0.2970335 0.2909674 0.2925314 0.2933575 0.2909209 0.2884987 0.2909584 0.2892046 0.2917934 0.2909209 0.2909209 0.2908057 0.2909209 0.2927248 0.2913689 0.2944798 0.2944798 0.2896551 0.2914514 0.2914514 0.2923183 0.2914514 0.2902702 0.2909209 0.2926769 0.2933863 0.0063693 0.6496656 
JN420340_Human_herpesvirus_1            0.0031675 0.0035608 0.0023724 0.0031675 0.0039656 0.0035679 0.0035657 0.0116584 0.0035657 0.0035657 0.0027695 0.0133243 0.0043649 0.0023724 0.0043599 0.0043599 0.0055644 0.0047592 0.2918062 0.2931153 0.2874716 0.1641124 0.2842345 0.2870155 0.2922824 0.2894196 0.2866852 0.2929904 0.1417237 0.2850359 0.2534067 0.2764428 0.2875920 0.2548002 0.2870050 0.2599300 0.0055600 0.0043546 0.0063553 0.0067596 0.0000000 0.0059599 0.0019742 0.2569959 0.0051596 0.0055623 0.0055593 0.2875548 0.0060411 0.0055655 0.0035677 0.0035677 0.0051557 0.0051557 0.0027638 0.0051637 0.2875548 0.2903325 0.2884646 0.2884184 0.2875548 0.2884184 0.2893200 0.2936472 0.2876008 0.2891555 0.2899831 0.2875548 0.2851410 0.2875920 0.2858374 0.2884273 0.2875548 0.2875548 0.2874297 0.2875548 0.2895693 0.2880089 0.2911022 0.2911022 0.2862946 0.2880784 0.2880784 0.2889444 0.2880784 0.2869141 0.2875548 0.2893110 0.2900117 0.0027718 0.6377248 
JN420341_Human_herpesvirus_1            0.0059577 0.0079754 0.0051563 0.0059577 0.0067626 0.0063628 0.0063588 0.0136934 0.0063588 0.0063588 0.0055563 0.0153713 0.0071648 0.0051563 0.0063529 0.0063529 0.0079676 0.0067541 0.2877527 0.2890452 0.2834544 0.1622137 0.2820028 0.2821633 0.2882312 0.2853842 0.2844304 0.2889226 0.1386442 0.2801989 0.2513707 0.2742798 0.2853301 0.2502586 0.2847453 0.2578506 0.0051590 0.0071629 0.0083682 0.0087759 0.0059599 0.0000000 0.0047528 0.2566587 0.0071567 0.0075622 0.0075581 0.2852935 0.0080632 0.0035604 0.0063624 0.0063624 0.0063573 0.0063573 0.0071629 0.0075645 0.2852935 0.2880433 0.2861967 0.2861512 0.2852935 0.2861512 0.2870463 0.2913296 0.2853388 0.2868779 0.2876992 0.2852935 0.2829020 0.2853301 0.2835883 0.2861599 0.2852935 0.2852935 0.2851633 0.2852935 0.2872922 0.2857485 0.2888083 0.2888083 0.2840458 0.2858101 0.2858101 0.2866687 0.2858101 0.2846639 0.2852935 0.2870376 0.2877274 0.0055610 0.6493073 
