83
HM585496_Human_herpesvirus_1            0.0000000 0.0076140 0.0051500 0.0003932 0.0003932 0.0063982 0.0055490 0.0023650 0.0055490 0.0113461 0.0083597 0.0051500 0.0051501 0.0051501 0.0055517 0.2407168 0.2404998 0.2398458 0.2354693 0.2414826 0.2429719 0.2405875 0.2391799 0.2412211 0.2398458 0.1496312 0.2425153 0.2407190 0.2442934 0.2417908 0.2423392 0.2440304 0.2412021 0.0039519 0.0031568 0.0063538 0.0063536 0.0031813 0.0059484 0.0027834 0.2344377 0.0035805 0.0031813 0.0059955 0.2430888 0.0047509 0.0039546 0.0059484 0.0059484 0.0055517 0.0055517 0.0027835 0.0055515 0.2425226 0.2429732 0.2416610 0.2430888 0.2422491 0.2425226 0.2448970 0.2448970 0.2416610 0.2417789 0.2442158 0.2448671 0.2432497 0.2448899 0.2426003 0.2423699 0.2433915 0.2433915 0.2432497 0.2432478 0.2432478 0.2439739 0.2441131 0.2441131 0.2434629 0.2425207 0.2431113 0.2438387 0.0039802 0.4752810 
HM585497_Human_herpesvirus_1            0.0076140 0.0000000 0.0051516 0.0072099 0.0072099 0.0027632 0.0047528 0.0092341 0.0047528 0.0095773 0.0067554 0.0051516 0.0043545 0.0043545 0.0039552 0.2342896 0.2340794 0.2334337 0.2273776 0.2350435 0.2365042 0.2341648 0.2327747 0.2347918 0.2334337 0.1444347 0.2360545 0.2342917 0.2378184 0.2353572 0.2358835 0.2375643 0.2347729 0.0055557 0.0079643 0.0047529 0.0047528 0.0080220 0.0051515 0.0076203 0.2293124 0.0084270 0.0080220 0.0084358 0.2366410 0.0047562 0.0087801 0.0051515 0.0051515 0.0055533 0.0055533 0.0076206 0.0039550 0.2360782 0.2365299 0.2352319 0.2366410 0.2358155 0.2360782 0.2384156 0.2384156 0.2352319 0.2353453 0.2377424 0.2383867 0.2367955 0.2384084 0.2361531 0.2359256 0.2369318 0.2369318 0.2367955 0.2367937 0.2367937 0.2375099 0.2376437 0.2376437 0.2370002 0.2360764 0.2366624 0.2373800 0.0088324 0.4629422 
HM585498_Human_herpesvirus_1            0.0051500 0.0051516 0.0000000 0.0047515 0.0047515 0.0039539 0.0011809 0.0067482 0.0035565 0.0096476 0.0063501 0.0000010 0.0031598 0.0031598 0.0027624 0.2374090 0.2371955 0.2365456 0.2317348 0.2381688 0.2396438 0.2372820 0.2358831 0.2379123 0.2365456 0.1485876 0.2391906 0.2374112 0.2409618 0.2384800 0.2390171 0.2407033 0.2378934 0.0043553 0.0051501 0.0035566 0.0035565 0.0051889 0.0039537 0.0047894 0.2325269 0.0055906 0.0051889 0.0055963 0.2397710 0.0027630 0.0051560 0.0039537 0.0039537 0.0043534 0.0043534 0.0047895 0.0027623 0.2392064 0.2396577 0.2383525 0.2397710 0.2389384 0.2392064 0.2415623 0.2415623 0.2383525 0.2384681 0.2408850 0.2415329 0.2399287 0.2415551 0.2392826 0.2390537 0.2400676 0.2400676 0.2399287 0.2399268 0.2399268 0.2406479 0.2407844 0.2407844 0.2401375 0.2392045 0.2397929 0.2405154 0.0059926 0.4688869 
HM585499_Human_herpesvirus_1            0.0003932 0.0072099 0.0047515 0.0000000 0.0000010 0.0059956 0.0051500 0.0019698 0.0051501 0.0109362 0.0079576 0.0047515 0.0047515 0.0047515 0.0051525 0.2406634 0.2404465 0.2397927 0.2353936 0.2414290 0.2429177 0.2405342 0.2391270 0.2411676 0.2397927 0.1495835 0.2424613 0.2406656 0.2442390 0.2417372 0.2422853 0.2439761 0.2411486 0.0035549 0.0027608 0.0059536 0.0059535 0.0027823 0.0055490 0.0023847 0.2343862 0.0031812 0.0027823 0.0055933 0.2430348 0.0043528 0.0035573 0.0055490 0.0055490 0.0051525 0.0051525 0.0023848 0.0051523 0.2424687 0.2429193 0.2416075 0.2430348 0.2421954 0.2424687 0.2448424 0.2448424 0.2416075 0.2417253 0.2441614 0.2448125 0.2431957 0.2448353 0.2425464 0.2423160 0.2433374 0.2433374 0.2431957 0.2431938 0.2431938 0.2439196 0.2440588 0.2440588 0.2434088 0.2424668 0.2430573 0.2437845 0.0035805 0.4741031 
HM585500_Human_herpesvirus_1            0.0003932 0.0072099 0.0047515 0.0000010 0.0000000 0.0059956 0.0051500 0.0019698 0.0051501 0.0109362 0.0079576 0.0047515 0.0047515 0.0047515 0.0051525 0.2406634 0.2404465 0.2397927 0.2353936 0.2414290 0.2429177 0.2405342 0.2391270 0.2411676 0.2397927 0.1495835 0.2424613 0.2406656 0.2442390 0.2417372 0.2422853 0.2439761 0.2411486 0.0035549 0.0027608 0.0059536 0.0059535 0.0027823 0.0055490 0.0023847 0.2343862 0.0031812 0.0027823 0.0055933 0.2430348 0.0043528 0.0035573 0.0055490 0.0055490 0.0051525 0.0051525 0.0023848 0.0051523 0.2424687 0.2429193 0.2416075 0.2430348 0.2421954 0.2424687 0.2448424 0.2448424 0.2416075 0.2417253 0.2441614 0.2448125 0.2431957 0.2448353 0.2425464 0.2423160 0.2433374 0.2433374 0.2431957 0.2431938 0.2431938 0.2439196 0.2440588 0.2440588 0.2434088 0.2424668 0.2430573 0.2437845 0.0035805 0.4741031 
HM585501_Human_herpesvirus_1            0.0063982 0.0027632 0.0039539 0.0059956 0.0059956 0.0000000 0.0035567 0.0080126 0.0043552 0.0091722 0.0063557 0.0039539 0.0039572 0.0039572 0.0035584 0.2341599 0.2339497 0.2333038 0.2283415 0.2349139 0.2363749 0.2340351 0.2326446 0.2346623 0.2333038 0.1453064 0.2359251 0.2341620 0.2376895 0.2352279 0.2357541 0.2374355 0.2346434 0.0051569 0.0067545 0.0043553 0.0043552 0.0068043 0.0047535 0.0064035 0.2293128 0.0072079 0.0068043 0.0072153 0.2365121 0.0035592 0.0075658 0.0047535 0.0047535 0.0051548 0.0051548 0.0064037 0.0035583 0.2359491 0.2364010 0.2351026 0.2365121 0.2356864 0.2359491 0.2382869 0.2382869 0.2351026 0.2352160 0.2376135 0.2382580 0.2366665 0.2382797 0.2360239 0.2357963 0.2368028 0.2368028 0.2366665 0.2366647 0.2366647 0.2373811 0.2375149 0.2375149 0.2368711 0.2359472 0.2365335 0.2372512 0.0076118 0.4630835 
HM585502_Human_herpesvirus_1            0.0055490 0.0047528 0.0011809 0.0051500 0.0051500 0.0035567 0.0000000 0.0071488 0.0031597 0.0108691 0.0059501 0.0011809 0.0027634 0.0027634 0.0023665 0.2366739 0.2364611 0.2358119 0.2306715 0.2374327 0.2389048 0.2365474 0.2351500 0.2371772 0.2358119 0.1475371 0.2384523 0.2366761 0.2402225 0.2377445 0.2382793 0.2399649 0.2371582 0.0039572 0.0055490 0.0031598 0.0031597 0.0055906 0.0035565 0.0051909 0.2317985 0.0059927 0.0055906 0.0059988 0.2390344 0.0023671 0.0055555 0.0035565 0.0035565 0.0039556 0.0039556 0.0051910 0.0023664 0.2384700 0.2389215 0.2376175 0.2390344 0.2382031 0.2384700 0.2408224 0.2408224 0.2376175 0.2377326 0.2401458 0.2407931 0.2391913 0.2408152 0.2385459 0.2383172 0.2393297 0.2393297 0.2391913 0.2391894 0.2391894 0.2399097 0.2400456 0.2400456 0.2393992 0.2384681 0.2390562 0.2397778 0.0063951 0.4686194 
HM585504_Human_herpesvirus_1            0.0023650 0.0092341 0.0067482 0.0019698 0.0019698 0.0080126 0.0071488 0.0000000 0.0071488 0.0113455 0.0099721 0.0067482 0.0067483 0.0067483 0.0071523 0.2426895 0.2424707 0.2418148 0.2362263 0.2434582 0.2449546 0.2425591 0.2411475 0.2431939 0.2418148 0.1506106 0.2444964 0.2426917 0.2462771 0.2437644 0.2443189 0.2460115 0.2431749 0.0055437 0.0047446 0.0079582 0.0079580 0.0047806 0.0075497 0.0043819 0.2358766 0.0051813 0.0047806 0.0076084 0.2450653 0.0063472 0.0055475 0.0075498 0.0075498 0.0063510 0.0063510 0.0043820 0.0071520 0.2444987 0.2449485 0.2436334 0.2450653 0.2442221 0.2444987 0.2468820 0.2468820 0.2436334 0.2437525 0.2461990 0.2468518 0.2452281 0.2468748 0.2445772 0.2443461 0.2453714 0.2453714 0.2452281 0.2452262 0.2452262 0.2459544 0.2460952 0.2460952 0.2454437 0.2444967 0.2450881 0.2458177 0.0055824 0.4788132 
HM585508_Human_herpesvirus_1            0.0055490 0.0047528 0.0035565 0.0051501 0.0051501 0.0043552 0.0031597 0.0071488 0.0000000 0.0108692 0.0051472 0.0035565 0.0019702 0.0019702 0.0023665 0.2357728 0.2355612 0.2349140 0.2284114 0.2365290 0.2379954 0.2356471 0.2342539 0.2362752 0.2349140 0.1463838 0.2375444 0.2357750 0.2393104 0.2368413 0.2373723 0.2390544 0.2362563 0.0023675 0.0055490 0.0023674 0.0023674 0.0055906 0.0019701 0.0051909 0.2307827 0.0059927 0.0055906 0.0068109 0.2381275 0.0023671 0.0063557 0.0003932 0.0003932 0.0031586 0.0031586 0.0051910 0.0023664 0.2375643 0.2380154 0.2367150 0.2381275 0.2372993 0.2375643 0.2399087 0.2399087 0.2367150 0.2368294 0.2392340 0.2398795 0.2382834 0.2399015 0.2376397 0.2374117 0.2384208 0.2384208 0.2382834 0.2382815 0.2382815 0.2389995 0.2391345 0.2391345 0.2384898 0.2375624 0.2381492 0.2388685 0.0055905 0.4674570 
HM585509_Human_herpesvirus_1            0.0113461 0.0095773 0.0096476 0.0109362 0.0109362 0.0091722 0.0108691 0.0113455 0.0108692 0.0000000 0.0129228 0.0096476 0.0104617 0.0104617 0.0108745 0.2423080 0.2420894 0.2414335 0.2333496 0.2430766 0.2436411 0.2421777 0.2407662 0.2428127 0.2414335 0.1530123 0.2441143 0.2423102 0.2458955 0.2433833 0.2439370 0.2456302 0.2427936 0.0108699 0.0116808 0.0116959 0.0116956 0.0117618 0.0112770 0.0113557 0.2365786 0.0121726 0.0117618 0.0130208 0.2446844 0.0100532 0.0125133 0.0112770 0.0112770 0.0100494 0.0100494 0.0113561 0.0108741 0.2441175 0.2445678 0.2432525 0.2446844 0.2438414 0.2441175 0.2465005 0.2465005 0.2432525 0.2433714 0.2458174 0.2464703 0.2448469 0.2464933 0.2441959 0.2439648 0.2449900 0.2449900 0.2448469 0.2448450 0.2448450 0.2455732 0.2457138 0.2457138 0.2450622 0.2441156 0.2447071 0.2454367 0.0125838 0.4730688 
HM585510_Human_herpesvirus_1            0.0083597 0.0067554 0.0063501 0.0079576 0.0079576 0.0063557 0.0059501 0.0099721 0.0051472 0.0129228 0.0000000 0.0063501 0.0047489 0.0047489 0.0043528 0.2374780 0.2372646 0.2366151 0.2317241 0.2382374 0.2397115 0.2373511 0.2359530 0.2379810 0.2366151 0.1475263 0.2392586 0.2374802 0.2410287 0.2385482 0.2390852 0.2407703 0.2379620 0.0059505 0.0083597 0.0059503 0.0059501 0.0084199 0.0055459 0.0080183 0.2305140 0.0088250 0.0084199 0.0096547 0.2398384 0.0051509 0.0091761 0.0055459 0.0055459 0.0059480 0.0059480 0.0080186 0.0051495 0.2392742 0.2397251 0.2384208 0.2398384 0.2390063 0.2392742 0.2416287 0.2416287 0.2384208 0.2385364 0.2409519 0.2415993 0.2399960 0.2416216 0.2393504 0.2391216 0.2401349 0.2401349 0.2399960 0.2399941 0.2399941 0.2407149 0.2408513 0.2408513 0.2402048 0.2392723 0.2398604 0.2405824 0.0092304 0.4700212 
HM585511_Human_herpesvirus_1            0.0051500 0.0051516 0.0000010 0.0047515 0.0047515 0.0039539 0.0011809 0.0067482 0.0035565 0.0096476 0.0063501 0.0000000 0.0031598 0.0031598 0.0027624 0.2374090 0.2371955 0.2365456 0.2317348 0.2381688 0.2396438 0.2372820 0.2358831 0.2379123 0.2365456 0.1485876 0.2391906 0.2374112 0.2409618 0.2384800 0.2390171 0.2407033 0.2378934 0.0043553 0.0051501 0.0035566 0.0035565 0.0051889 0.0039537 0.0047894 0.2325269 0.0055906 0.0051889 0.0055963 0.2397710 0.0027630 0.0051560 0.0039537 0.0039537 0.0043534 0.0043534 0.0047895 0.0027623 0.2392064 0.2396577 0.2383525 0.2397710 0.2389384 0.2392064 0.2415623 0.2415623 0.2383525 0.2384681 0.2408850 0.2415329 0.2399287 0.2415551 0.2392826 0.2390537 0.2400676 0.2400676 0.2399287 0.2399268 0.2399268 0.2406479 0.2407844 0.2407844 0.2401375 0.2392045 0.2397929 0.2405154 0.0059926 0.4688869 
HM585512_Human_herpesvirus_1            0.0051501 0.0043545 0.0031598 0.0047515 0.0047515 0.0039572 0.0027634 0.0067483 0.0019702 0.0104617 0.0047489 0.0031598 0.0000000 0.0000010 0.0019711 0.2349028 0.2346920 0.2340453 0.2292246 0.2356580 0.2371219 0.2347776 0.2333855 0.2354054 0.2340453 0.1460855 0.2366714 0.2349050 0.2384370 0.2359713 0.2364999 0.2381820 0.2353864 0.0027635 0.0051501 0.0027634 0.0027634 0.0051889 0.0023654 0.0047894 0.2299177 0.0055906 0.0051889 0.0064073 0.2372568 0.0019716 0.0059554 0.0023654 0.0023654 0.0027624 0.0027624 0.0047895 0.0019710 0.2366935 0.2371452 0.2358456 0.2372568 0.2364297 0.2366935 0.2390350 0.2390350 0.2358456 0.2359594 0.2383608 0.2390059 0.2374119 0.2390278 0.2367687 0.2365408 0.2375487 0.2375487 0.2374119 0.2374101 0.2374101 0.2381274 0.2382617 0.2382617 0.2376174 0.2366917 0.2372783 0.2379970 0.0059927 0.4654240 
HM585513_Human_herpesvirus_1            0.0051501 0.0043545 0.0031598 0.0047515 0.0047515 0.0039572 0.0027634 0.0067483 0.0019702 0.0104617 0.0047489 0.0031598 0.0000010 0.0000000 0.0019711 0.2349028 0.2346920 0.2340453 0.2292246 0.2356580 0.2371219 0.2347776 0.2333855 0.2354054 0.2340453 0.1460855 0.2366714 0.2349050 0.2384370 0.2359713 0.2364999 0.2381820 0.2353864 0.0027635 0.0051501 0.0027634 0.0027634 0.0051889 0.0023654 0.0047894 0.2299177 0.0055906 0.0051889 0.0064073 0.2372568 0.0019716 0.0059554 0.0023654 0.0023654 0.0027624 0.0027624 0.0047895 0.0019710 0.2366935 0.2371452 0.2358456 0.2372568 0.2364297 0.2366935 0.2390350 0.2390350 0.2358456 0.2359594 0.2383608 0.2390059 0.2374119 0.2390278 0.2367687 0.2365408 0.2375487 0.2375487 0.2374119 0.2374101 0.2374101 0.2381274 0.2382617 0.2382617 0.2376174 0.2366917 0.2372783 0.2379970 0.0059927 0.4654240 
HM585514_Human_herpesvirus_1            0.0055517 0.0039552 0.0027624 0.0051525 0.0051525 0.0035584 0.0023665 0.0071523 0.0023665 0.0108745 0.0043528 0.0027624 0.0019711 0.0019711 0.0000000 0.2344192 0.2342088 0.2335626 0.2285241 0.2351737 0.2366358 0.2342943 0.2329032 0.2349217 0.2335626 0.1465010 0.2361857 0.2344214 0.2379507 0.2354875 0.2360145 0.2376963 0.2349028 0.0031614 0.0055517 0.0023666 0.0023665 0.0055933 0.0027623 0.0051934 0.2289336 0.0059956 0.0055933 0.0060018 0.2367722 0.0023682 0.0063587 0.0027623 0.0027623 0.0031601 0.0031601 0.0051936 0.0007869 0.2362091 0.2366609 0.2353620 0.2367722 0.2359460 0.2362091 0.2385483 0.2385483 0.2353620 0.2354756 0.2378746 0.2385194 0.2369269 0.2385411 0.2362840 0.2360564 0.2370633 0.2370633 0.2369269 0.2369251 0.2369251 0.2376418 0.2377758 0.2377758 0.2371318 0.2362072 0.2367937 0.2375118 0.0063982 0.4620818 
HSV2_1                                  0.2407168 0.2342896 0.2374090 0.2406634 0.2406634 0.2341599 0.2366739 0.2426895 0.2357728 0.2423080 0.2374780 0.2374090 0.2349028 0.2349028 0.2344192 0.0000000 0.0003942 0.0003943 0.0011668 0.0007894 0.0015809 0.0000022 0.0007892 0.0027710 0.0003943 0.0014074 0.0007898 0.0003946 0.0035675 0.0023725 0.0011852 0.0035661 0.0031684 0.2376205 0.2405643 0.2350020 0.2353465 0.2381870 0.2350375 0.2390590 0.0522328 0.2403758 0.2396539 0.2381596 0.0039647 0.2359748 0.2429517 0.2364908 0.2364908 0.2359767 0.2359767 0.2391191 0.2351875 0.0023729 0.0035663 0.0027706 0.0039647 0.0031686 0.0023729 0.0035661 0.0035661 0.0023729 0.0027698 0.0031687 0.0035658 0.0027698 0.0035659 0.0027698 0.0031670 0.0035658 0.0035658 0.0027698 0.0027698 0.0027698 0.0031670 0.0031680 0.0031680 0.0027710 0.0031684 0.0031686 0.0035663 0.2410966 0.4090255 
HSV2_2                                  0.2404998 0.2340794 0.2371955 0.2404465 0.2404465 0.2339497 0.2364611 0.2424707 0.2355612 0.2420894 0.2372646 0.2371955 0.2346920 0.2346920 0.2342088 0.0003942 0.0000000 0.0000022 0.0017526 0.0003942 0.0011840 0.0003941 0.0011837 0.0035650 0.0000022 0.0021129 0.0011851 0.0003943 0.0043633 0.0031659 0.0015792 0.0043598 0.0043612 0.2374068 0.2403476 0.2347912 0.2351350 0.2379726 0.2348266 0.2388437 0.0531189 0.2401594 0.2394382 0.2379453 0.0051596 0.2357626 0.2427326 0.2362785 0.2362785 0.2357647 0.2357647 0.2389037 0.2349763 0.0035631 0.0043601 0.0039621 0.0051596 0.0039617 0.0035631 0.0047600 0.0047600 0.0031646 0.0039610 0.0043615 0.0047596 0.0039610 0.0047598 0.0039610 0.0043593 0.0047596 0.0047596 0.0039610 0.0039610 0.0039610 0.0043593 0.0043606 0.0043606 0.0039627 0.0039616 0.0043614 0.0047603 0.2408795 0.4117158 
HSV2_3                                  0.2398458 0.2334337 0.2365456 0.2397927 0.2397927 0.2333038 0.2358119 0.2418148 0.2349140 0.2414335 0.2366151 0.2365456 0.2340453 0.2340453 0.2335626 0.0003943 0.0000022 0.0000000 0.0017526 0.0003943 0.0011851 0.0003943 0.0011843 0.0031685 0.0000010 0.0021129 0.0011855 0.0003945 0.0039660 0.0027698 0.0015800 0.0039629 0.0039642 0.2367568 0.2396941 0.2341448 0.2344874 0.2373219 0.2341801 0.2381919 0.0526741 0.2395066 0.2387860 0.2372946 0.0047621 0.2351140 0.2420763 0.2356306 0.2356306 0.2351168 0.2351168 0.2382515 0.2343293 0.0031667 0.0039632 0.0035654 0.0047621 0.0035651 0.0031667 0.0043627 0.0043627 0.0027686 0.0035644 0.0039645 0.0043624 0.0035644 0.0043625 0.0035644 0.0039625 0.0043624 0.0043624 0.0035644 0.0035644 0.0035644 0.0039624 0.0039636 0.0039636 0.0035660 0.0035649 0.0039644 0.0043630 0.2402260 0.4098130 
HSV2_4                                  0.2354693 0.2273776 0.2317348 0.2353936 0.2353936 0.2283415 0.2306715 0.2362263 0.2284114 0.2333496 0.2317241 0.2317348 0.2292246 0.2292246 0.2285241 0.0011668 0.0017526 0.0017526 0.0000000 0.0017536 0.0035182 0.0011668 0.0023401 0.0005833 0.0017526 0.0000027 0.0011668 0.0017546 0.0017544 0.0000028 0.0023398 0.0017535 0.0011675 0.2321153 0.2352530 0.2306715 0.2298613 0.2318180 0.2294238 0.2330752 0.0525636 0.2339401 0.2339401 0.2341318 0.0017537 0.2296589 0.2363333 0.2294494 0.2294494 0.2296338 0.2296338 0.2318511 0.2296359 0.0000028 0.0011676 0.0000028 0.0017537 0.0011676 0.0000028 0.0017535 0.0017535 0.0000028 0.0005832 0.0011676 0.0017533 0.0000028 0.0017534 0.0000028 0.0011667 0.0017533 0.0017533 0.0000028 0.0005832 0.0005832 0.0005832 0.0011672 0.0011672 0.0005836 0.0011675 0.0011676 0.0017537 0.2360303 0.3749684 
HSV2_5                                  0.2414826 0.2350435 0.2381688 0.2414290 0.2414290 0.2349139 0.2374327 0.2434582 0.2365290 0.2430766 0.2382374 0.2381688 0.2356580 0.2356580 0.2351737 0.0007894 0.0003942 0.0003943 0.0017536 0.0000000 0.0015806 0.0007894 0.0015793 0.0039662 0.0003943 0.0021129 0.0015820 0.0007892 0.0047660 0.0035662 0.0019765 0.0047622 0.0047637 0.2383806 0.2413295 0.2357569 0.2361029 0.2389480 0.2357925 0.2398217 0.0536274 0.2411400 0.2404171 0.2389205 0.0055635 0.2367326 0.2437209 0.2372479 0.2372479 0.2367338 0.2367338 0.2398822 0.2359432 0.0039640 0.0047625 0.0043639 0.0055635 0.0043634 0.0039640 0.0051632 0.0051632 0.0035647 0.0043626 0.0047641 0.0051628 0.0043626 0.0051630 0.0043626 0.0047616 0.0051628 0.0051628 0.0043626 0.0043626 0.0043626 0.0047616 0.0047630 0.0047630 0.0043645 0.0043633 0.0047639 0.0051635 0.2418618 0.4118020 
HSV2_6                                  0.2429719 0.2365042 0.2396438 0.2429177 0.2429177 0.2363749 0.2389048 0.2449546 0.2379954 0.2436411 0.2397115 0.2396438 0.2371219 0.2371219 0.2366358 0.0015809 0.0011840 0.0011851 0.0035182 0.0015806 0.0000000 0.0015804 0.0023724 0.0047654 0.0011851 0.0042450 0.0023756 0.0015809 0.0055670 0.0043641 0.0027705 0.0055628 0.0055646 0.2398561 0.2428173 0.2372202 0.2375695 0.2404260 0.2372561 0.2413036 0.0545756 0.2426260 0.2419005 0.2403983 0.0063663 0.2382025 0.2452186 0.2387169 0.2387169 0.2382021 0.2382021 0.2413648 0.2374083 0.0047627 0.0055632 0.0051637 0.0063663 0.0051632 0.0047627 0.0059649 0.0059649 0.0043623 0.0051622 0.0055650 0.0059645 0.0051622 0.0059647 0.0051622 0.0055621 0.0059645 0.0059645 0.0051622 0.0051622 0.0051622 0.0055621 0.0055638 0.0055638 0.0051645 0.0051630 0.0055648 0.0059653 0.2433504 0.4160093 
HSV2_7                                  0.2405875 0.2341648 0.2372820 0.2405342 0.2405342 0.2340351 0.2365474 0.2425591 0.2356471 0.2421777 0.2373511 0.2372820 0.2347776 0.2347776 0.2342943 0.0000022 0.0003941 0.0003943 0.0011668 0.0007894 0.0015804 0.0000000 0.0007889 0.0027710 0.0003943 0.0007032 0.0003947 0.0003945 0.0035674 0.0023723 0.0007892 0.0035647 0.0035659 0.2374934 0.2404353 0.2348768 0.2352208 0.2380595 0.2349122 0.2389309 0.0522110 0.2402469 0.2395254 0.2380321 0.0043630 0.2358487 0.2428210 0.2363646 0.2363646 0.2358508 0.2358508 0.2389909 0.2350620 0.0027695 0.0035650 0.0031677 0.0043630 0.0031674 0.0027695 0.0039641 0.0039641 0.0023720 0.0031667 0.0035661 0.0039638 0.0031668 0.0039639 0.0031667 0.0035643 0.0039638 0.0039638 0.0031668 0.0031667 0.0031667 0.0035643 0.0035654 0.0035654 0.0031681 0.0031672 0.0035660 0.0039644 0.2409673 0.4101369 
HSV2_8                                  0.2391799 0.2327747 0.2358831 0.2391270 0.2391270 0.2326446 0.2351500 0.2411475 0.2342539 0.2407662 0.2359530 0.2358831 0.2333855 0.2333855 0.2329032 0.0007892 0.0011837 0.0011843 0.0023401 0.0015793 0.0023724 0.0007889 0.0000000 0.0039650 0.0011843 0.0021129 0.0015816 0.0011848 0.0047645 0.0035650 0.0019759 0.0047608 0.0047624 0.2360943 0.2390288 0.2334853 0.2338268 0.2366588 0.2335205 0.2375278 0.0531435 0.2388419 0.2381218 0.2366316 0.0055620 0.2344525 0.2414087 0.2349700 0.2349700 0.2344560 0.2344560 0.2375872 0.2336692 0.0039628 0.0047612 0.0043626 0.0055620 0.0043622 0.0039628 0.0051617 0.0051617 0.0035637 0.0043613 0.0047627 0.0051613 0.0043613 0.0051615 0.0043613 0.0047602 0.0051613 0.0051613 0.0043613 0.0043613 0.0043613 0.0047602 0.0047617 0.0047617 0.0043633 0.0043620 0.0047625 0.0051620 0.2395609 0.4091558 
HSV2_9                                  0.2412211 0.2347918 0.2379123 0.2411676 0.2411676 0.2346623 0.2371772 0.2431939 0.2362752 0.2428127 0.2379810 0.2379123 0.2354054 0.2354054 0.2349217 0.0027710 0.0035650 0.0031685 0.0005833 0.0039662 0.0047654 0.0027710 0.0039650 0.0000000 0.0031685 0.0035302 0.0035675 0.0031697 0.0019766 0.0007886 0.0043653 0.0019758 0.0007891 0.2381238 0.2410683 0.2355042 0.2358494 0.2386904 0.2355397 0.2395627 0.0522307 0.2408794 0.2401574 0.2386630 0.0023723 0.2364781 0.2434562 0.2369931 0.2369931 0.2364795 0.2364795 0.2396230 0.2356901 0.0007888 0.0019759 0.0011841 0.0023723 0.0015795 0.0007888 0.0019758 0.0019758 0.0007888 0.0011838 0.0015796 0.0019756 0.0011838 0.0019757 0.0011838 0.0015788 0.0019756 0.0019756 0.0011838 0.0011838 0.0011838 0.0015788 0.0015793 0.0015793 0.0011843 0.0015795 0.0015795 0.0019759 0.2416002 0.4134013 
HSV2_10                                 0.2398458 0.2334337 0.2365456 0.2397927 0.2397927 0.2333038 0.2358119 0.2418148 0.2349140 0.2414335 0.2366151 0.2365456 0.2340453 0.2340453 0.2335626 0.0003943 0.0000022 0.0000010 0.0017526 0.0003943 0.0011851 0.0003943 0.0011843 0.0031685 0.0000000 0.0021129 0.0011855 0.0003945 0.0039660 0.0027698 0.0015800 0.0039629 0.0039642 0.2367568 0.2396941 0.2341448 0.2344874 0.2373219 0.2341801 0.2381919 0.0526741 0.2395066 0.2387860 0.2372946 0.0047621 0.2351140 0.2420763 0.2356306 0.2356306 0.2351168 0.2351168 0.2382515 0.2343293 0.0031667 0.0039632 0.0035654 0.0047621 0.0035651 0.0031667 0.0043627 0.0043627 0.0027686 0.0035644 0.0039645 0.0043624 0.0035644 0.0043625 0.0035644 0.0039625 0.0043624 0.0043624 0.0035644 0.0035644 0.0035644 0.0039624 0.0039636 0.0039636 0.0035660 0.0035649 0.0039644 0.0043630 0.2402260 0.4098130 
HSV2_11                                 0.1496312 0.1444347 0.1485876 0.1495835 0.1495835 0.1453064 0.1475371 0.1506106 0.1463838 0.1530123 0.1475263 0.1485876 0.1460855 0.1460855 0.1465010 0.0014074 0.0021129 0.0021129 0.0000027 0.0021129 0.0042450 0.0007032 0.0021129 0.0035302 0.0021129 0.0000000 0.0000023 0.0021144 0.0049580 0.0028215 0.0014067 0.0049538 0.0042432 0.1474204 0.1495121 0.1485751 0.1477020 0.1493415 0.1453371 0.1493415 0.0470934 0.1503809 0.1493415 0.1494617 0.0042435 0.1465010 0.1505530 0.1474204 0.1474204 0.1484557 0.1484557 0.1483040 0.1475387 0.0028215 0.0049544 0.0028215 0.0042435 0.0042435 0.0028215 0.0049538 0.0049538 0.0028215 0.0035301 0.0028215 0.0035319 0.0035301 0.0042424 0.0028215 0.0042399 0.0042421 0.0042421 0.0035301 0.0028215 0.0028215 0.0028215 0.0042421 0.0042421 0.0028215 0.0035301 0.0042435 0.0042435 0.1524656 0.2518745 
HSV2_12                                 0.2425153 0.2360545 0.2391906 0.2424613 0.2424613 0.2359251 0.2384523 0.2444964 0.2375444 0.2441143 0.2392586 0.2391906 0.2366714 0.2366714 0.2361857 0.0007898 0.0011851 0.0011855 0.0011668 0.0015820 0.0023756 0.0003947 0.0015816 0.0035675 0.0011855 0.0000023 0.0000000 0.0011860 0.0039688 0.0027717 0.0011854 0.0039673 0.0035688 0.2394028 0.2423611 0.2367700 0.2371183 0.2399721 0.2368057 0.2408488 0.0532057 0.2421703 0.2414454 0.2399445 0.0043660 0.2377505 0.2447601 0.2382653 0.2382653 0.2377506 0.2377506 0.2409098 0.2369576 0.0027716 0.0039675 0.0031702 0.0043660 0.0035690 0.0027716 0.0039673 0.0039673 0.0027716 0.0031693 0.0035691 0.0039670 0.0031693 0.0039671 0.0031693 0.0035673 0.0039670 0.0039670 0.0031693 0.0031693 0.0031693 0.0035673 0.0035683 0.0035683 0.0031707 0.0035688 0.0035690 0.0039676 0.2428941 0.4102502 
HSV2_13                                 0.2407190 0.2342917 0.2374112 0.2406656 0.2406656 0.2341620 0.2366761 0.2426917 0.2357750 0.2423102 0.2374802 0.2374112 0.2349050 0.2349050 0.2344214 0.0003946 0.0003943 0.0003945 0.0017546 0.0007892 0.0015809 0.0003945 0.0011848 0.0031697 0.0003945 0.0021144 0.0011860 0.0000000 0.0039676 0.0027708 0.0015806 0.0039645 0.0039658 0.2376227 0.2405665 0.2350042 0.2353486 0.2381891 0.2350396 0.2390612 0.0526966 0.2403780 0.2396560 0.2381617 0.0047639 0.2359770 0.2429539 0.2364929 0.2364929 0.2359789 0.2359789 0.2391213 0.2351897 0.0031680 0.0039648 0.0035668 0.0047639 0.0035665 0.0031680 0.0043644 0.0043644 0.0027697 0.0035658 0.0039660 0.0043641 0.0035658 0.0043642 0.0035658 0.0039640 0.0043641 0.0043641 0.0035658 0.0035658 0.0035658 0.0039640 0.0039652 0.0039652 0.0035674 0.0035663 0.0039659 0.0043647 0.2410988 0.4114965 
HSV2_14                                 0.2442934 0.2378184 0.2409618 0.2442390 0.2442390 0.2376895 0.2402225 0.2462771 0.2393104 0.2458955 0.2410287 0.2409618 0.2384370 0.2384370 0.2379507 0.0035675 0.0043633 0.0039660 0.0017544 0.0047660 0.0055670 0.0035674 0.0047645 0.0019766 0.0039660 0.0049580 0.0039688 0.0039676 0.0000000 0.0011837 0.0051656 0.0000022 0.0019765 0.2411741 0.2441380 0.2385346 0.2388859 0.2417446 0.2385707 0.2426233 0.0531793 0.2439456 0.2432199 0.2417168 0.0019765 0.2395200 0.2465404 0.2400322 0.2400322 0.2395183 0.2395183 0.2426849 0.2387238 0.0011842 0.0015800 0.0015798 0.0019765 0.0011847 0.0011842 0.0000022 0.0000022 0.0011842 0.0015793 0.0019767 0.0023728 0.0015794 0.0023729 0.0015793 0.0019757 0.0023728 0.0023728 0.0015794 0.0015793 0.0015793 0.0019757 0.0019763 0.0019763 0.0015800 0.0019765 0.0011847 0.0015801 0.2446703 0.4151809 
HSV2_15                                 0.2417908 0.2353572 0.2384800 0.2417372 0.2417372 0.2352279 0.2377445 0.2437644 0.2368413 0.2433833 0.2385482 0.2384800 0.2359713 0.2359713 0.2354875 0.0023725 0.0031659 0.0027698 0.0000028 0.0035662 0.0043641 0.0023723 0.0035650 0.0007886 0.0027698 0.0028215 0.0027717 0.0027708 0.0011837 0.0000000 0.0039647 0.0011837 0.0007886 0.2386915 0.2416376 0.2360699 0.2364160 0.2392584 0.2361055 0.2401313 0.0517422 0.2414482 0.2407260 0.2392309 0.0015788 0.2370453 0.2440268 0.2375595 0.2375595 0.2370461 0.2370461 0.2401918 0.2362563 0.0000022 0.0011837 0.0003941 0.0015788 0.0007886 0.0000022 0.0011837 0.0011837 0.0000022 0.0003940 0.0007887 0.0011837 0.0003940 0.0011837 0.0003940 0.0007882 0.0011837 0.0011837 0.0003940 0.0003940 0.0003940 0.0007882 0.0007885 0.0007885 0.0003942 0.0007886 0.0007886 0.0011837 0.2421692 0.4144649 
HSV2_16                                 0.2423392 0.2358835 0.2390171 0.2422853 0.2422853 0.2357541 0.2382793 0.2443189 0.2373723 0.2439370 0.2390852 0.2390171 0.2364999 0.2364999 0.2360145 0.0011852 0.0015792 0.0015800 0.0023398 0.0019765 0.0027705 0.0007892 0.0019759 0.0043653 0.0015800 0.0014067 0.0011854 0.0015806 0.0051656 0.0039647 0.0000000 0.0051620 0.0051636 0.2392292 0.2421852 0.2365984 0.2369463 0.2397981 0.2366342 0.2406740 0.0541000 0.2419947 0.2412703 0.2397704 0.0059643 0.2375779 0.2445824 0.2380927 0.2380927 0.2375782 0.2375782 0.2407349 0.2367858 0.0043629 0.0051623 0.0047633 0.0059643 0.0047628 0.0043629 0.0055635 0.0055635 0.0039631 0.0047619 0.0051640 0.0055631 0.0047619 0.0055633 0.0047619 0.0051613 0.0055631 0.0055631 0.0047619 0.0047619 0.0047619 0.0051613 0.0051629 0.0051629 0.0047640 0.0047626 0.0051638 0.0055639 0.2427180 0.4112915 
HSV2_17                                 0.2440304 0.2375643 0.2407033 0.2439761 0.2439761 0.2374355 0.2399649 0.2460115 0.2390544 0.2456302 0.2407703 0.2407033 0.2381820 0.2381820 0.2376963 0.0035661 0.0043598 0.0039629 0.0017535 0.0047622 0.0055628 0.0035647 0.0047608 0.0019758 0.0039629 0.0049538 0.0039673 0.0039645 0.0000022 0.0011837 0.0051620 0.0000000 0.0023719 0.2409153 0.2438753 0.2382797 0.2386302 0.2414851 0.2383156 0.2423625 0.0531349 0.2436834 0.2429585 0.2414573 0.0023719 0.2392633 0.2462754 0.2397753 0.2397753 0.2392618 0.2392618 0.2424240 0.2384684 0.0015790 0.0015792 0.0019753 0.0023719 0.0011838 0.0015790 0.0003939 0.0003939 0.0011833 0.0019747 0.0023721 0.0027683 0.0019747 0.0027684 0.0019747 0.0023708 0.0027683 0.0027683 0.0019747 0.0019747 0.0019747 0.0023708 0.0023715 0.0023715 0.0019756 0.0019750 0.0015797 0.0019756 0.2444071 0.4160127 
HSV2_18                                 0.2412021 0.2347729 0.2378934 0.2411486 0.2411486 0.2346434 0.2371582 0.2431749 0.2362563 0.2427936 0.2379620 0.2378934 0.2353864 0.2353864 0.2349028 0.0031684 0.0043612 0.0039642 0.0011675 0.0047637 0.0055646 0.0035659 0.0047624 0.0007891 0.0039642 0.0042432 0.0035688 0.0039658 0.0019765 0.0007886 0.0051636 0.0023719 0.0000000 0.2381048 0.2410493 0.2354853 0.2358305 0.2386714 0.2355208 0.2395437 0.0531535 0.2408604 0.2401384 0.2386440 0.0023713 0.2364591 0.2434372 0.2369742 0.2369742 0.2364606 0.2364606 0.2396040 0.2356712 0.0007885 0.0023720 0.0011837 0.0023713 0.0019757 0.0007885 0.0019750 0.0019750 0.0011837 0.0011833 0.0015794 0.0019748 0.0011833 0.0019749 0.0011833 0.0007884 0.0019748 0.0019748 0.0011833 0.0011833 0.0011833 0.0015785 0.0015790 0.0015790 0.0011838 0.0019756 0.0015793 0.0019751 0.2415812 0.4181664 
JN400093_Human_herpesvirus_1            0.0039519 0.0055557 0.0043553 0.0035549 0.0035549 0.0051569 0.0039572 0.0055437 0.0023675 0.0108699 0.0059505 0.0043553 0.0027635 0.0027635 0.0031614 0.2376205 0.2374068 0.2367568 0.2321153 0.2383806 0.2398561 0.2374934 0.2360943 0.2381238 0.2367568 0.1474204 0.2394028 0.2376227 0.2411741 0.2386915 0.2392292 0.2409153 0.2381048 0.0000000 0.0039519 0.0031626 0.0031625 0.0039822 0.0027635 0.0035837 0.2319675 0.0043824 0.0039822 0.0059984 0.2399826 0.0031622 0.0047526 0.0027635 0.0027635 0.0039559 0.0039559 0.0035838 0.0031613 0.2394181 0.2398692 0.2385639 0.2399826 0.2391498 0.2394181 0.2417746 0.2417746 0.2385639 0.2386796 0.2410972 0.2417452 0.2401405 0.2417674 0.2394944 0.2392654 0.2402795 0.2402795 0.2401405 0.2401386 0.2401386 0.2408599 0.2409965 0.2409965 0.2403495 0.2394162 0.2400046 0.2407272 0.0039821 0.4686194 
JN420337_Human_herpesvirus_1            0.0031568 0.0079643 0.0051501 0.0027608 0.0027608 0.0067545 0.0055490 0.0047446 0.0055490 0.0116808 0.0083597 0.0051501 0.0051501 0.0051501 0.0055517 0.2405643 0.2403476 0.2396941 0.2352530 0.2413295 0.2428173 0.2404353 0.2390288 0.2410683 0.2396941 0.1495121 0.2423611 0.2405665 0.2441380 0.2416376 0.2421852 0.2438753 0.2410493 0.0039519 0.0000000 0.0063538 0.0063536 0.0031813 0.0059484 0.0027834 0.2350086 0.0035805 0.0031813 0.0059956 0.2429346 0.0047509 0.0023678 0.0059484 0.0059484 0.0055517 0.0055517 0.0027835 0.0055515 0.2423688 0.2428192 0.2415081 0.2429346 0.2420957 0.2423688 0.2447411 0.2447411 0.2415081 0.2416258 0.2440604 0.2447112 0.2430953 0.2447339 0.2424464 0.2422161 0.2432369 0.2432369 0.2430953 0.2430934 0.2430934 0.2438189 0.2439579 0.2439579 0.2433082 0.2423669 0.2429571 0.2436839 0.0039802 0.4730227 
JN420338_Human_herpesvirus_1            0.0063538 0.0047529 0.0035566 0.0059536 0.0059536 0.0043553 0.0031598 0.0079582 0.0023674 0.0116959 0.0059503 0.0035566 0.0027634 0.0027634 0.0023666 0.2350020 0.2347912 0.2341448 0.2306715 0.2357569 0.2372202 0.2348768 0.2334853 0.2355042 0.2341448 0.1485751 0.2367700 0.2350042 0.2385346 0.2360699 0.2365984 0.2382797 0.2354853 0.0031626 0.0063538 0.0000000 0.0023674 0.0064009 0.0027634 0.0060003 0.2298880 0.0068041 0.0064009 0.0051942 0.2373548 0.0031621 0.0071637 0.0027634 0.0027634 0.0039557 0.0039557 0.0060005 0.0023665 0.2367918 0.2372432 0.2359442 0.2373548 0.2365280 0.2367918 0.2391323 0.2391323 0.2359442 0.2360580 0.2384585 0.2391033 0.2375099 0.2391251 0.2368670 0.2366392 0.2376467 0.2376467 0.2375099 0.2375081 0.2375081 0.2382251 0.2383594 0.2383594 0.2377154 0.2367900 0.2373763 0.2380946 0.0064007 0.4686998 
JN420339_Human_herpesvirus_1            0.0063536 0.0047528 0.0035565 0.0059535 0.0059535 0.0043552 0.0031597 0.0079580 0.0023674 0.0116956 0.0059501 0.0035565 0.0027634 0.0027634 0.0023665 0.2353465 0.2351350 0.2344874 0.2298613 0.2361029 0.2375695 0.2352208 0.2338268 0.2358494 0.2344874 0.1477020 0.2371183 0.2353486 0.2388859 0.2364160 0.2369463 0.2386302 0.2358305 0.0031625 0.0063536 0.0023674 0.0000000 0.0064007 0.0027633 0.0060002 0.2303537 0.0068039 0.0064007 0.0068109 0.2377032 0.0031620 0.0071635 0.0027633 0.0027633 0.0039556 0.0039556 0.0060004 0.0023664 0.2371394 0.2375912 0.2362899 0.2377032 0.2368747 0.2371394 0.2394847 0.2394847 0.2362899 0.2364041 0.2388096 0.2394556 0.2378588 0.2394775 0.2372147 0.2369866 0.2379961 0.2379961 0.2378588 0.2378570 0.2378570 0.2385754 0.2387102 0.2387102 0.2380650 0.2371375 0.2377248 0.2384445 0.0064005 0.4683775 
JN420340_Human_herpesvirus_1            0.0031813 0.0080220 0.0051889 0.0027823 0.0027823 0.0068043 0.0055906 0.0047806 0.0055906 0.0117618 0.0084199 0.0051889 0.0051889 0.0051889 0.0055933 0.2381870 0.2379726 0.2373219 0.2318180 0.2389480 0.2404260 0.2380595 0.2366588 0.2386904 0.2373219 0.1493415 0.2399721 0.2381891 0.2417446 0.2392584 0.2397981 0.2414851 0.2386714 0.0039822 0.0031813 0.0064009 0.0064007 0.0000000 0.0059927 0.0003933 0.2326577 0.0011808 0.0007868 0.0043553 0.2405508 0.0047869 0.0039849 0.0059927 0.0059927 0.0047898 0.0047898 0.0011813 0.0055931 0.2399859 0.2404370 0.2391304 0.2405508 0.2397167 0.2399859 0.2423457 0.2423457 0.2391304 0.2392465 0.2416676 0.2423162 0.2407092 0.2423385 0.2400625 0.2398333 0.2408488 0.2408488 0.2407092 0.2407073 0.2407073 0.2414295 0.2415665 0.2415665 0.2409190 0.2399841 0.2405729 0.2412964 0.0015751 0.4748783 
JN420341_Human_herpesvirus_1            0.0059484 0.0051515 0.0039537 0.0055490 0.0055490 0.0047535 0.0035565 0.0075497 0.0019701 0.0112770 0.0055459 0.0039537 0.0023654 0.0023654 0.0027623 0.2350375 0.2348266 0.2341801 0.2294238 0.2357925 0.2372561 0.2349122 0.2335205 0.2355397 0.2341801 0.1453371 0.2368057 0.2350396 0.2385707 0.2361055 0.2366342 0.2383156 0.2355208 0.0027635 0.0059484 0.0027634 0.0027633 0.0059927 0.0000000 0.0055927 0.2300538 0.0063951 0.0059927 0.0072149 0.2373905 0.0027630 0.0067563 0.0023653 0.0023653 0.0035552 0.0035552 0.0055929 0.0027622 0.2368275 0.2372789 0.2359797 0.2373905 0.2365636 0.2368275 0.2391684 0.2391684 0.2359797 0.2360936 0.2384945 0.2391394 0.2375457 0.2391612 0.2369027 0.2366749 0.2376826 0.2376826 0.2375457 0.2375439 0.2375439 0.2382610 0.2383954 0.2383954 0.2377513 0.2368257 0.2374121 0.2381305 0.0059925 0.4673844 
JN420342_Human_herpesvirus_1            0.0027834 0.0076203 0.0047894 0.0023847 0.0023847 0.0064035 0.0051909 0.0043819 0.0051909 0.0113557 0.0080183 0.0047894 0.0047894 0.0047894 0.0051934 0.2390590 0.2388437 0.2381919 0.2330752 0.2398217 0.2413036 0.2389309 0.2375278 0.2395627 0.2381919 0.1493415 0.2408488 0.2390612 0.2426233 0.2401313 0.2406740 0.2423625 0.2395437 0.0035837 0.0027834 0.0060003 0.0060002 0.0003933 0.0055927 0.0000000 0.2335188 0.0007871 0.0003933 0.0039589 0.2414257 0.0043877 0.0035862 0.0055927 0.0055927 0.0043903 0.0043903 0.0007874 0.0051932 0.2408604 0.2413113 0.2400027 0.2414257 0.2405896 0.2408604 0.2432252 0.2432252 0.2400027 0.2401195 0.2425460 0.2431956 0.2415850 0.2432180 0.2409373 0.2407077 0.2417253 0.2417253 0.2415850 0.2415831 0.2415831 0.2423066 0.2424444 0.2424444 0.2417959 0.2408585 0.2414479 0.2421727 0.0011812 0.4740425 
JQ360576_Chimpanzee_alpha-1_herpesvirus 0.2344377 0.2293124 0.2325269 0.2343862 0.2343862 0.2293128 0.2317985 0.2358766 0.2307827 0.2365786 0.2305140 0.2325269 0.2299177 0.2299177 0.2289336 0.0522328 0.0531189 0.0526741 0.0525636 0.0536274 0.0545756 0.0522110 0.0531435 0.0522307 0.0526741 0.0470934 0.0532057 0.0526966 0.0531793 0.0517422 0.0541000 0.0531349 0.0531535 0.2319675 0.2350086 0.2298880 0.2303537 0.2326577 0.2300538 0.2335188 0.0000000 0.2348260 0.2341107 0.2318270 0.0531086 0.2303761 0.2373692 0.2314948 0.2314948 0.2309808 0.2309808 0.2335765 0.2301993 0.0522008 0.0526271 0.0526822 0.0531086 0.0521647 0.0522008 0.0536173 0.0536173 0.0517207 0.0526637 0.0531596 0.0536125 0.0526638 0.0536150 0.0526637 0.0531271 0.0536123 0.0536123 0.0526638 0.0517368 0.0517368 0.0521992 0.0531457 0.0531457 0.0526916 0.0526734 0.0526453 0.0526453 0.2355403 0.4649862 
JQ730035_Human_herpesvirus_1            0.0035805 0.0084270 0.0055906 0.0031812 0.0031812 0.0072079 0.0059927 0.0051813 0.0059927 0.0121726 0.0088250 0.0055906 0.0055906 0.0055906 0.0059956 0.2403758 0.2401594 0.2395066 0.2339401 0.2411400 0.2426260 0.2402469 0.2388419 0.2408794 0.2395066 0.1503809 0.2421703 0.2403780 0.2439456 0.2414482 0.2419947 0.2436834 0.2408604 0.0043824 0.0035805 0.0068041 0.0068039 0.0011808 0.0063951 0.0007871 0.2348260 0.0000000 0.0003932 0.0047537 0.2427439 0.0051882 0.0043854 0.0063951 0.0063951 0.0051913 0.0051913 0.0015758 0.0059954 0.2421785 0.2426287 0.2413188 0.2427439 0.2419059 0.2421785 0.2445482 0.2445482 0.2413188 0.2414363 0.2438682 0.2445183 0.2429043 0.2445410 0.2422560 0.2420260 0.2430456 0.2430456 0.2429043 0.2429024 0.2429024 0.2436270 0.2437658 0.2437658 0.2431168 0.2421766 0.2427663 0.2434923 0.0019699 0.4760534 
JX142173_Human_herpesvirus_1            0.0031813 0.0080220 0.0051889 0.0027823 0.0027823 0.0068043 0.0055906 0.0047806 0.0055906 0.0117618 0.0084199 0.0051889 0.0051889 0.0051889 0.0055933 0.2396539 0.2394382 0.2387860 0.2339401 0.2404171 0.2419005 0.2395254 0.2381218 0.2401574 0.2387860 0.1493415 0.2414454 0.2396560 0.2432199 0.2407260 0.2412703 0.2429585 0.2401384 0.0039822 0.0031813 0.0064009 0.0064007 0.0007868 0.0059927 0.0003933 0.2341107 0.0003932 0.0000000 0.0043553 0.2420207 0.0047869 0.0039849 0.0059927 0.0059927 0.0047898 0.0047898 0.0011813 0.0055931 0.2414554 0.2419059 0.2405971 0.2420207 0.2411840 0.2414554 0.2438219 0.2438219 0.2405971 0.2407141 0.2431425 0.2437922 0.2421804 0.2438148 0.2415326 0.2413029 0.2423212 0.2423212 0.2421804 0.2421785 0.2421785 0.2429024 0.2430406 0.2430406 0.2423920 0.2414536 0.2420429 0.2427682 0.0015751 0.4748783 
KF498959_Human_herpesvirus_1            0.0059955 0.0084358 0.0055963 0.0055933 0.0055933 0.0072153 0.0059988 0.0076084 0.0068109 0.0130208 0.0096547 0.0055963 0.0064073 0.0064073 0.0060018 0.2381596 0.2379453 0.2372946 0.2341318 0.2389205 0.2403983 0.2380321 0.2366316 0.2386630 0.2372946 0.1494617 0.2399445 0.2381617 0.2417168 0.2392309 0.2397704 0.2414573 0.2386440 0.0059984 0.0059956 0.0051942 0.0068109 0.0043553 0.0072149 0.0039589 0.2318270 0.0047537 0.0043553 0.0000000 0.2405232 0.0060033 0.0068094 0.0072149 0.0072149 0.0076232 0.0076232 0.0039590 0.0060016 0.2399584 0.2404094 0.2391030 0.2405232 0.2396892 0.2399584 0.2423178 0.2423178 0.2391030 0.2392191 0.2416398 0.2422883 0.2406815 0.2423106 0.2400349 0.2398057 0.2408211 0.2408211 0.2406815 0.2406796 0.2406796 0.2414017 0.2415387 0.2415387 0.2408913 0.2399565 0.2405452 0.2412686 0.0051524 0.4720329 
KF781518_Human_herpesvirus_2            0.2430888 0.2366410 0.2397710 0.2430348 0.2430348 0.2365121 0.2390344 0.2450653 0.2381275 0.2446844 0.2398384 0.2397710 0.2372568 0.2372568 0.2367722 0.0039647 0.0051596 0.0047621 0.0017537 0.0055635 0.0063663 0.0043630 0.0055620 0.0023723 0.0047621 0.0042435 0.0043660 0.0047639 0.0019765 0.0015788 0.0059643 0.0023719 0.0023713 0.2399826 0.2429346 0.2373548 0.2377032 0.2405508 0.2373905 0.2414257 0.0531086 0.2427439 0.2420207 0.2405232 0.0000000 0.2383342 0.2453284 0.2388468 0.2388468 0.2383337 0.2383337 0.2414867 0.2375424 0.0015786 0.0015782 0.0019748 0.0000010 0.0011831 0.0015786 0.0019750 0.0019750 0.0019748 0.0019743 0.0023715 0.0027677 0.0019743 0.0027678 0.0019743 0.0023703 0.0027677 0.0027677 0.0019743 0.0019743 0.0019743 0.0023703 0.0023710 0.0023710 0.0019751 0.0027688 0.0007881 0.0003938 0.2434660 0.4175531 
