85
HM585496_Human_herpesvirus_1            0.0000000 0.0000010 0.0068662 0.0077437 0.0072765 0.0003892 0.0085546 0.0090632 0.0060342 0.0068604 0.0043837 0.0047923 0.0060243 0.0043837 0.2503089 0.2712233 0.2607327 0.1636806 0.2767510 0.2236362 0.2847851 0.2547934 0.2645671 0.2698201 0.1831408 0.2429900 0.2589069 0.2462009 0.2904530 0.2347073 0.2747937 0.2645404 0.0077123 0.0068554 0.0056012 0.0081589 0.0094256 0.0068321 0.0081508 0.3298083 0.0047891 0.0047891 0.0081779 0.3193113 0.0085554 0.0077067 0.0094071 0.0094071 0.0065127 0.0065127 0.0089842 0.0064335 0.3193113 0.3206637 0.3224419 0.3197750 0.3187324 0.3178535 0.3151704 0.3164695 0.3182694 0.3168280 0.3213643 0.3181242 0.3203545 0.3191990 0.3191990 0.3168669 0.3168669 0.3185004 0.3160024 0.3179062 0.3213643 0.3181173 0.3186932 0.3193133 0.3167555 0.3193133 0.3186932 0.3217608 0.3219653 0.3203545 0.3223883 0.0047884 1.0386836 
HM585497_Human_herpesvirus_1            0.0000010 0.0000000 0.0068662 0.0077437 0.0072765 0.0003892 0.0085546 0.0090632 0.0060342 0.0068604 0.0043837 0.0047923 0.0060243 0.0043837 0.2503089 0.2712233 0.2607327 0.1636806 0.2767510 0.2236362 0.2847851 0.2547934 0.2645671 0.2698201 0.1831408 0.2429900 0.2589069 0.2462009 0.2904530 0.2347073 0.2747937 0.2645404 0.0077123 0.0068554 0.0056012 0.0081589 0.0094256 0.0068321 0.0081508 0.3298083 0.0047891 0.0047891 0.0081779 0.3193113 0.0085554 0.0077067 0.0094071 0.0094071 0.0065127 0.0065127 0.0089842 0.0064335 0.3193113 0.3206637 0.3224419 0.3197750 0.3187324 0.3178535 0.3151704 0.3164695 0.3182694 0.3168280 0.3213643 0.3181242 0.3203545 0.3191990 0.3191990 0.3168669 0.3168669 0.3185004 0.3160024 0.3179062 0.3213643 0.3181173 0.3186932 0.3193133 0.3167555 0.3193133 0.3186932 0.3217608 0.3219653 0.3203545 0.3223883 0.0047884 1.0386836 
HM585501_Human_herpesvirus_1            0.0068662 0.0068662 0.0000000 0.0064590 0.0085322 0.0072786 0.0081100 0.0094724 0.0056058 0.0072618 0.0056076 0.0060205 0.0072655 0.0056076 0.2453670 0.2682622 0.2567685 0.1579935 0.2731556 0.2215377 0.2814742 0.2525025 0.2587533 0.2657479 0.1777594 0.2384570 0.2545062 0.2414971 0.2848496 0.2321385 0.2725407 0.2597435 0.0094311 0.0085560 0.0060053 0.0068692 0.0081185 0.0080783 0.0077082 0.3273942 0.0060168 0.0060168 0.0085848 0.3118230 0.0081107 0.0081111 0.0089572 0.0089572 0.0060792 0.0060792 0.0085369 0.0076782 0.3118230 0.3131487 0.3149098 0.3122909 0.3112657 0.3103914 0.3077613 0.3090173 0.3107951 0.3093752 0.3138517 0.3106798 0.3128520 0.3117139 0.3117139 0.3094187 0.3094187 0.3110208 0.3085694 0.3104440 0.3138517 0.3106440 0.3112252 0.3118214 0.3093106 0.3118214 0.3112252 0.3142252 0.3144233 0.3128520 0.3148613 0.0051909 1.0308287 
HM585502_Human_herpesvirus_1            0.0077437 0.0077437 0.0064590 0.0000000 0.0060159 0.0081604 0.0073089 0.0069164 0.0056434 0.0064646 0.0064678 0.0068857 0.0081457 0.0064678 0.2492226 0.2714697 0.2595467 0.1636806 0.2763103 0.2243585 0.2843703 0.2562554 0.2631666 0.2690502 0.1831408 0.2431207 0.2589497 0.2466666 0.2878386 0.2368508 0.2755914 0.2645566 0.0094895 0.0086099 0.0077096 0.0069024 0.0073229 0.0072858 0.0069127 0.3289598 0.0068817 0.0068817 0.0060553 0.3151905 0.0073095 0.0064328 0.0081533 0.0081533 0.0060570 0.0060570 0.0069087 0.0085627 0.3151905 0.3165279 0.3182963 0.3156564 0.3146236 0.3137474 0.3110941 0.3123691 0.3141565 0.3127272 0.3172297 0.3140278 0.3162256 0.3150799 0.3150799 0.3127686 0.3127686 0.3143845 0.3119127 0.3138000 0.3172297 0.3140050 0.3145837 0.3151905 0.3126591 0.3151905 0.3145837 0.3176134 0.3178143 0.3162256 0.3182456 0.0068805 1.0352449 
HM585504_Human_herpesvirus_1            0.0072765 0.0072765 0.0085322 0.0060159 0.0000000 0.0076897 0.0102675 0.0048320 0.0077087 0.0085457 0.0068514 0.0072690 0.0085281 0.0068514 0.2508835 0.2734500 0.2624792 0.1687067 0.2785307 0.2262402 0.2852990 0.2589220 0.2679458 0.2718445 0.1867586 0.2465348 0.2634467 0.2501814 0.2887797 0.2400796 0.2763192 0.2693915 0.0094123 0.0085391 0.0080916 0.0073179 0.0077396 0.0068430 0.0081627 0.3276581 0.0072649 0.0072649 0.0048053 0.3147995 0.0102685 0.0059971 0.0111320 0.0111320 0.0048065 0.0048065 0.0081583 0.0089446 0.3147995 0.3161302 0.3178906 0.3152637 0.3142359 0.3133635 0.3107235 0.3119912 0.3137704 0.3123479 0.3168293 0.3136437 0.3158298 0.3146895 0.3146895 0.3123894 0.3123894 0.3139972 0.3115375 0.3134159 0.3168293 0.3136195 0.3141961 0.3147993 0.3122804 0.3147993 0.3141961 0.3172102 0.3174100 0.3158298 0.3178403 0.0072636 1.0451855 
HM585506_Human_herpesvirus_1            0.0003892 0.0003892 0.0072786 0.0081604 0.0076897 0.0000000 0.0089727 0.0094852 0.0064441 0.0072725 0.0047878 0.0051977 0.0064335 0.0047878 0.2513385 0.2722613 0.2618049 0.1687067 0.2777667 0.2247763 0.2857036 0.2559366 0.2657263 0.2708987 0.1867586 0.2442473 0.2600787 0.2474953 0.2913969 0.2358763 0.2757753 0.2658012 0.0081276 0.0072671 0.0060084 0.0085765 0.0098467 0.0072427 0.0085680 0.3306849 0.0051943 0.0051943 0.0085962 0.3201933 0.0089735 0.0081217 0.0098277 0.0098277 0.0069271 0.0069271 0.0094034 0.0068437 0.3201933 0.3215473 0.3233256 0.3206560 0.3196124 0.3187340 0.3160477 0.3173504 0.3191509 0.3177087 0.3222468 0.3190024 0.3212369 0.3200807 0.3200807 0.3177469 0.3177469 0.3193823 0.3168815 0.3187867 0.3222468 0.3189989 0.3195735 0.3201957 0.3176352 0.3201957 0.3195735 0.3226456 0.3228507 0.3212369 0.3232713 0.0051935 1.0406423 
HM585508_Human_herpesvirus_1            0.0085546 0.0085546 0.0081100 0.0073089 0.0102675 0.0089727 0.0000000 0.0112357 0.0047771 0.0080955 0.0064296 0.0068455 0.0080996 0.0064296 0.2548366 0.2771553 0.2654686 0.1692504 0.2831651 0.2292624 0.2906237 0.2606145 0.2713635 0.2749153 0.1914825 0.2499349 0.2654247 0.2533616 0.2942813 0.2397071 0.2806899 0.2715731 0.0094326 0.0094254 0.0076655 0.0085555 0.0098231 0.0097780 0.0085470 0.3365585 0.0068416 0.0068416 0.0103285 0.3227093 0.0007807 0.0098393 0.0015681 0.0015681 0.0094825 0.0094825 0.0094048 0.0085148 0.3227093 0.3240708 0.3258529 0.3231700 0.3221216 0.3212427 0.3185412 0.3198572 0.3216633 0.3202153 0.3247687 0.3215046 0.3237565 0.3225956 0.3225956 0.3202519 0.3202519 0.3218961 0.3193822 0.3212952 0.3247687 0.3215110 0.3220832 0.3227129 0.3201392 0.3227129 0.3220832 0.3251750 0.3253819 0.3237565 0.3257969 0.0068404 1.0406674 
HM585509_Human_herpesvirus_1            0.0090632 0.0090632 0.0094724 0.0069164 0.0048320 0.0094852 0.0112357 0.0000000 0.0086386 0.0094874 0.0077654 0.0081896 0.0094681 0.0077654 0.2516071 0.2716757 0.2619969 0.1687067 0.2767789 0.2257543 0.2819851 0.2570275 0.2647232 0.2713353 0.1866193 0.2445550 0.2602090 0.2470231 0.2882978 0.2382235 0.2758458 0.2658805 0.0108374 0.0099430 0.0090236 0.0064684 0.0052313 0.0060839 0.0056449 0.3218164 0.0081852 0.0081852 0.0031771 0.3114411 0.0112370 0.0052376 0.0121121 0.0121121 0.0039822 0.0039822 0.0048116 0.0098904 0.3114411 0.3127571 0.3145062 0.3119062 0.3108883 0.3100199 0.3074089 0.3086548 0.3104204 0.3090105 0.3134557 0.3096323 0.3124629 0.3113328 0.3113328 0.3090540 0.3090540 0.3106444 0.3082106 0.3100721 0.3134557 0.3102703 0.3108480 0.3114394 0.3089467 0.3114394 0.3108480 0.3138258 0.3140223 0.3124629 0.3144583 0.0081836 1.0443289 
HM585510_Human_herpesvirus_1            0.0060342 0.0060342 0.0056058 0.0056434 0.0077087 0.0064441 0.0047771 0.0086386 0.0000000 0.0047837 0.0039678 0.0043739 0.0055984 0.0039678 0.2503583 0.2721520 0.2607254 0.1636806 0.2782286 0.2244912 0.2861016 0.2559003 0.2658547 0.2697612 0.1873587 0.2445099 0.2602388 0.2497116 0.2896131 0.2347500 0.2762272 0.2659404 0.0077179 0.0077115 0.0060074 0.0060362 0.0064518 0.0064197 0.0052131 0.3328924 0.0043709 0.0043709 0.0077573 0.3172683 0.0047773 0.0072895 0.0055967 0.0055967 0.0069261 0.0069261 0.0068662 0.0060055 0.3172683 0.3186101 0.3203792 0.3177320 0.3166967 0.3158212 0.3131592 0.3144433 0.3162328 0.3148008 0.3193095 0.3160961 0.3183050 0.3171571 0.3171571 0.3148409 0.3148409 0.3164618 0.3139825 0.3158738 0.3193095 0.3160813 0.3166572 0.3172693 0.3147307 0.3172693 0.3166572 0.3196988 0.3199010 0.3183050 0.3203270 0.0051926 1.0372083 
HM585511_Human_herpesvirus_1            0.0068604 0.0068604 0.0072618 0.0064646 0.0085457 0.0072725 0.0080955 0.0094874 0.0047837 0.0000000 0.0056027 0.0060153 0.0072594 0.0056027 0.2498084 0.2720060 0.2601292 0.1636806 0.2780827 0.2250777 0.2871339 0.2583113 0.2627330 0.2696114 0.1831408 0.2412029 0.2595883 0.2462766 0.2895816 0.2361328 0.2761970 0.2625474 0.0077197 0.0068620 0.0051724 0.0085566 0.0089821 0.0064120 0.0077145 0.3338936 0.0060116 0.0060116 0.0085985 0.3182685 0.0080962 0.0081240 0.0089412 0.0089412 0.0077634 0.0077634 0.0085437 0.0076718 0.3182685 0.3196124 0.3213821 0.3187311 0.3176945 0.3168193 0.3141528 0.3154414 0.3172321 0.3157986 0.3203109 0.3170915 0.3193060 0.3181569 0.3181569 0.3158380 0.3158380 0.3174616 0.3149785 0.3168718 0.3203109 0.3170806 0.3176552 0.3182699 0.3157275 0.3182699 0.3176552 0.3207028 0.3209057 0.3193060 0.3213293 0.0043650 1.0362241 
HM585512_Human_herpesvirus_1            0.0043837 0.0043837 0.0056076 0.0064678 0.0068514 0.0047878 0.0064296 0.0077654 0.0039678 0.0056027 0.0000000 0.0003894 0.0031549 0.0000010 0.2514382 0.2728587 0.2606415 0.1636806 0.2789126 0.2255333 0.2856523 0.2566295 0.2670861 0.2696780 0.1873587 0.2444087 0.2614780 0.2463556 0.2891465 0.2366284 0.2757639 0.2658426 0.0068811 0.0060320 0.0043641 0.0060379 0.0072786 0.0055793 0.0060321 0.3293460 0.0019593 0.0019593 0.0068953 0.3167895 0.0064300 0.0064364 0.0072631 0.0072631 0.0052491 0.0052491 0.0076954 0.0035535 0.3167895 0.3181282 0.3198945 0.3172529 0.3162198 0.3153455 0.3126894 0.3139695 0.3157559 0.3143267 0.3188272 0.3156212 0.3178243 0.3166786 0.3166786 0.3143670 0.3143670 0.3159843 0.3135104 0.3153980 0.3188272 0.3156046 0.3161803 0.3167902 0.3142571 0.3167902 0.3161803 0.3192145 0.3194162 0.3178243 0.3198428 0.0035613 1.0440970 
HM585513_Human_herpesvirus_1            0.0047923 0.0047923 0.0060205 0.0068857 0.0072690 0.0051977 0.0068455 0.0081896 0.0043739 0.0060153 0.0003894 0.0000000 0.0035569 0.0003894 0.2526019 0.2740507 0.2618591 0.1690899 0.2800810 0.2268046 0.2867130 0.2579292 0.2684097 0.2709097 0.1913341 0.2458224 0.2628113 0.2478124 0.2902369 0.2379410 0.2768904 0.2672792 0.0073004 0.0064472 0.0047708 0.0064534 0.0076983 0.0059903 0.0064472 0.3303834 0.0023562 0.0023562 0.0073152 0.3178243 0.0068460 0.0068525 0.0076822 0.0076822 0.0056640 0.0056640 0.0081166 0.0039567 0.3178243 0.3191657 0.3209330 0.3182868 0.3172520 0.3163777 0.3137163 0.3150014 0.3167895 0.3153583 0.3198638 0.3166508 0.3188602 0.3177130 0.3177130 0.3153980 0.3153980 0.3170185 0.3145399 0.3164302 0.3198638 0.3166382 0.3172127 0.3178255 0.3152877 0.3178255 0.3172127 0.3202541 0.3204564 0.3188602 0.3208806 0.0039653 1.0462770 
HM585514_Human_herpesvirus_1            0.0060243 0.0060243 0.0072655 0.0081457 0.0085281 0.0064335 0.0080996 0.0094681 0.0055984 0.0072594 0.0031549 0.0035569 0.0000000 0.0031549 0.2536679 0.2764261 0.2655052 0.1697765 0.2824114 0.2293287 0.2888304 0.2591171 0.2710461 0.2746012 0.1918978 0.2500549 0.2654651 0.2519020 0.2924155 0.2405796 0.2791357 0.2715860 0.0085644 0.0076987 0.0059975 0.0077058 0.0089637 0.0072297 0.0076983 0.3324757 0.0035544 0.0035544 0.0085807 0.3199041 0.0081003 0.0081071 0.0089458 0.0089458 0.0069145 0.0069145 0.0093866 0.0011699 0.3199041 0.3212517 0.3230221 0.3203650 0.3193263 0.3184516 0.3157779 0.3170738 0.3188664 0.3174306 0.3219484 0.3187194 0.3209430 0.3197920 0.3197920 0.3174689 0.3174689 0.3190966 0.3166074 0.3185040 0.3219484 0.3187149 0.3192874 0.3199063 0.3173578 0.3199063 0.3192874 0.3223448 0.3225487 0.3209430 0.3229683 0.0051841 1.0464049 
HM585515_Human_herpesvirus_1            0.0043837 0.0043837 0.0056076 0.0064678 0.0068514 0.0047878 0.0064296 0.0077654 0.0039678 0.0056027 0.0000010 0.0003894 0.0031549 0.0000000 0.2514382 0.2728587 0.2606415 0.1636806 0.2789126 0.2255333 0.2856523 0.2566295 0.2670861 0.2696780 0.1873587 0.2444087 0.2614780 0.2463556 0.2891465 0.2366284 0.2757639 0.2658426 0.0068811 0.0060320 0.0043641 0.0060379 0.0072786 0.0055793 0.0060321 0.3293460 0.0019593 0.0019593 0.0068953 0.3167895 0.0064300 0.0064364 0.0072631 0.0072631 0.0052491 0.0052491 0.0076954 0.0035535 0.3167895 0.3181282 0.3198945 0.3172529 0.3162198 0.3153455 0.3126894 0.3139695 0.3157559 0.3143267 0.3188272 0.3156212 0.3178243 0.3166786 0.3166786 0.3143670 0.3143670 0.3159843 0.3135104 0.3153980 0.3188272 0.3156046 0.3161803 0.3167902 0.3142571 0.3167902 0.3161803 0.3192145 0.3194162 0.3178243 0.3198428 0.0035613 1.0440970 
HSV2_1                                  0.2503089 0.2503089 0.2453670 0.2492226 0.2508835 0.2513385 0.2548366 0.2516071 0.2503583 0.2498084 0.2514382 0.2526019 0.2536679 0.2514382 0.0000000 0.0038116 0.0054336 0.0028167 0.0087597 0.0047767 0.0000024 0.0041104 0.0098065 0.0032938 0.0019818 0.0044272 0.0095897 0.0109377 0.0052028 0.0041879 0.0085516 0.0110155 0.2621426 0.2576508 0.2460736 0.2484925 0.2489815 0.2505864 0.2493689 0.0580074 0.2507708 0.2507708 0.2505847 0.0079975 0.2548366 0.2529449 0.2584737 0.2584737 0.2467898 0.2467898 0.2538820 0.2560103 0.0079975 0.0097019 0.0091145 0.0096465 0.0090918 0.0085422 0.0079975 0.0079975 0.0074468 0.0079975 0.0102139 0.0091021 0.0085516 0.0079975 0.0079975 0.0079975 0.0079975 0.0085576 0.0090952 0.0085516 0.0102139 0.0079853 0.0074514 0.0085551 0.0091081 0.0085551 0.0085422 0.0069005 0.0074778 0.0085516 0.0096801 0.2476471 0.7973955 
HSV2_2                                  0.2712233 0.2712233 0.2682622 0.2714697 0.2734500 0.2722613 0.2771553 0.2716757 0.2721520 0.2720060 0.2728587 0.2740507 0.2764261 0.2728587 0.0038116 0.0000000 0.0010629 0.0028167 0.0074906 0.0005703 0.0035143 0.0000010 0.0077686 0.0031545 0.0000025 0.0000025 0.0077609 0.0096006 0.0040552 0.0000010 0.0085751 0.0110075 0.2826248 0.2779719 0.2673148 0.2714937 0.2696071 0.2708839 0.2710714 0.0653254 0.2721114 0.2721114 0.2719227 0.0072882 0.2768509 0.2743464 0.2805916 0.2805916 0.2680942 0.2680942 0.2756879 0.2788217 0.0072882 0.0089440 0.0089087 0.0089321 0.0083535 0.0078542 0.0067516 0.0073068 0.0067516 0.0067836 0.0094849 0.0083628 0.0078272 0.0078628 0.0078628 0.0072882 0.0072882 0.0078325 0.0083778 0.0078272 0.0094849 0.0072838 0.0078256 0.0078659 0.0083684 0.0078659 0.0078256 0.0078221 0.0073053 0.0078272 0.0100023 0.2667778 0.8982491 
HSV2_3                                  0.2607327 0.2607327 0.2567685 0.2595467 0.2624792 0.2618049 0.2654686 0.2619969 0.2607254 0.2601292 0.2606415 0.2618591 0.2655052 0.2606415 0.0054336 0.0010629 0.0000000 0.0028167 0.0095432 0.0017343 0.0052953 0.0011308 0.0099689 0.0048930 0.0000025 0.0018712 0.0096939 0.0116450 0.0053284 0.0011611 0.0099054 0.0129804 0.2717997 0.2670717 0.2562136 0.2587486 0.2581733 0.2598683 0.2596568 0.0642907 0.2600647 0.2600647 0.2609336 0.0087619 0.2654686 0.2634088 0.2692848 0.2692848 0.2569869 0.2569869 0.2633121 0.2679606 0.0087619 0.0105182 0.0104767 0.0104581 0.0098874 0.0093220 0.0081942 0.0087854 0.0081942 0.0081942 0.0104620 0.0098986 0.0093321 0.0093321 0.0093321 0.0087619 0.0087619 0.0093389 0.0099177 0.0093321 0.0104620 0.0081816 0.0087522 0.0093362 0.0099049 0.0093362 0.0087522 0.0093262 0.0081954 0.0093321 0.0116341 0.2556383 0.8081291 
HSV2_4                                  0.1636806 0.1636806 0.1579935 0.1636806 0.1687067 0.1687067 0.1692504 0.1687067 0.1636806 0.1636806 0.1636806 0.1690899 0.1697765 0.1636806 0.0028167 0.0028167 0.0028167 0.0000000 0.0000010 0.0028167 0.0028167 0.0028167 0.0000010 0.0028167 0.0000022 0.0028167 0.0000010 0.0000010 0.0000010 0.0028167 0.0000010 0.0000010 0.1690899 0.1690899 0.1571708 0.1636806 0.1621897 0.1636806 0.1636806 0.0317465 0.1621897 0.1621897 0.1690899 0.0000010 0.1692504 0.1690899 0.1806466 0.1806466 0.1636806 0.1636806 0.1636806 0.1697765 0.0000010 0.0000010 0.0000010 0.0028167 0.0000010 0.0000010 0.0000010 0.0000010 0.0000010 0.0000010 0.0028167 0.0000010 0.0028167 0.0000010 0.0000010 0.0000010 0.0000010 0.0000010 0.0000010 0.0028167 0.0028167 0.0000010 0.0000010 0.0000010 0.0000010 0.0000010 0.0027971 0.0000010 0.0000010 0.0000010 0.0000010 0.1571708 0.6277547 
HSV2_5                                  0.2767510 0.2767510 0.2731556 0.2763103 0.2785307 0.2777667 0.2831651 0.2767789 0.2782286 0.2780827 0.2789126 0.2800810 0.2824114 0.2789126 0.0087597 0.0074906 0.0095432 0.0000010 0.0000000 0.0085385 0.0086313 0.0083561 0.0000010 0.0099759 0.0040103 0.0044485 0.0016963 0.0012789 0.0044683 0.0079818 0.0015032 0.0030369 0.2885113 0.2839343 0.2734646 0.2753442 0.2747619 0.2780811 0.2771521 0.0668648 0.2781626 0.2781626 0.2770276 0.0004810 0.2828616 0.2794030 0.2865289 0.2865289 0.2732915 0.2732915 0.2816737 0.2847571 0.0004810 0.0009681 0.0019378 0.0019342 0.0014474 0.0009632 0.0009647 0.0004821 0.0009647 0.0009647 0.0024257 0.0014491 0.0009645 0.0009647 0.0009647 0.0004810 0.0004810 0.0009650 0.0014512 0.0009645 0.0024257 0.0024316 0.0019387 0.0009647 0.0014505 0.0009647 0.0019387 0.0019396 0.0024395 0.0009645 0.0019373 0.2729518 0.8842596 
HSV2_6                                  0.2236362 0.2236362 0.2215377 0.2243585 0.2262402 0.2247763 0.2292624 0.2257543 0.2244912 0.2250777 0.2255333 0.2268046 0.2293287 0.2255333 0.0047767 0.0005703 0.0017343 0.0028167 0.0085385 0.0000000 0.0046543 0.0005882 0.0087342 0.0028991 0.0000025 0.0000026 0.0084547 0.0101919 0.0046869 0.0000010 0.0090778 0.0109956 0.2370174 0.2324833 0.2210049 0.2250152 0.2231182 0.2248309 0.2246304 0.0584298 0.2250202 0.2250202 0.2259530 0.0078292 0.2292624 0.2288127 0.2319452 0.2319452 0.2217239 0.2217239 0.2284503 0.2319032 0.0078292 0.0091195 0.0097092 0.0096899 0.0090638 0.0084436 0.0078292 0.0078523 0.0072075 0.0078292 0.0096939 0.0090753 0.0084541 0.0072075 0.0072075 0.0078292 0.0078292 0.0084608 0.0090943 0.0084541 0.0096939 0.0078158 0.0084436 0.0084580 0.0090820 0.0084580 0.0084436 0.0078158 0.0084763 0.0084541 0.0103427 0.2203123 0.7253866 
HSV2_7                                  0.2847851 0.2847851 0.2814742 0.2843703 0.2852990 0.2857036 0.2906237 0.2819851 0.2861016 0.2871339 0.2856523 0.2867130 0.2888304 0.2856523 0.0000024 0.0035143 0.0052953 0.0028167 0.0086313 0.0046543 0.0000000 0.0039417 0.0093684 0.0036347 0.0019818 0.0044117 0.0095430 0.0116025 0.0055388 0.0041155 0.0094263 0.0116005 0.2966413 0.2924553 0.2817434 0.2806157 0.2809883 0.2868492 0.2822448 0.0630498 0.2849538 0.2849538 0.2810775 0.0086359 0.2903423 0.2860845 0.2936732 0.2936732 0.2777149 0.2777149 0.2863267 0.2909562 0.0086359 0.0100918 0.0100583 0.0100799 0.0095701 0.0091352 0.0081644 0.0086551 0.0081644 0.0081963 0.0105651 0.0095791 0.0091092 0.0091436 0.0091436 0.0086359 0.0086359 0.0091147 0.0095944 0.0091092 0.0105651 0.0086316 0.0081759 0.0091469 0.0095843 0.0091469 0.0091081 0.0081726 0.0077225 0.0091092 0.0100726 0.2832203 0.9169475 
HSV2_8                                  0.2547934 0.2547934 0.2525025 0.2562554 0.2589220 0.2559366 0.2606145 0.2570275 0.2559003 0.2583113 0.2566295 0.2579292 0.2591171 0.2566295 0.0041104 0.0000010 0.0011308 0.0028167 0.0083561 0.0005882 0.0039417 0.0000000 0.0084894 0.0034310 0.0000025 0.0000023 0.0082137 0.0097493 0.0039689 0.0000010 0.0088018 0.0114056 0.2672045 0.2634885 0.2519154 0.2560316 0.2543314 0.2561365 0.2559125 0.0646014 0.2560242 0.2560242 0.2572758 0.0075925 0.2606145 0.2599203 0.2633682 0.2633682 0.2527301 0.2527301 0.2598195 0.2617307 0.0075925 0.0094542 0.0094131 0.0093949 0.0087885 0.0081878 0.0069902 0.0076142 0.0069902 0.0069902 0.0093987 0.0087994 0.0081977 0.0069902 0.0069902 0.0075925 0.0075925 0.0082040 0.0088173 0.0081977 0.0093987 0.0069784 0.0075832 0.0082014 0.0088058 0.0082014 0.0075832 0.0081919 0.0076123 0.0081977 0.0106430 0.2512905 0.8352147 
HSV2_9                                  0.2645671 0.2645671 0.2587533 0.2631666 0.2679458 0.2657263 0.2713635 0.2647232 0.2658547 0.2627330 0.2670861 0.2684097 0.2710461 0.2670861 0.0098065 0.0077686 0.0099689 0.0000010 0.0000010 0.0087342 0.0093684 0.0084894 0.0000000 0.0103965 0.0040103 0.0044485 0.0017496 0.0012807 0.0045658 0.0086329 0.0011492 0.0030482 0.2752220 0.2714223 0.2609493 0.2640587 0.2619907 0.2661842 0.2635302 0.0610691 0.2662756 0.2662756 0.2649865 0.0005521 0.2710319 0.2676709 0.2751803 0.2751803 0.2607221 0.2607221 0.2686444 0.2725509 0.0005521 0.0011123 0.0022268 0.0022221 0.0016622 0.0011059 0.0005521 0.0005535 0.0011079 0.0005521 0.0027881 0.0016645 0.0011075 0.0011079 0.0011079 0.0005521 0.0005521 0.0011083 0.0016673 0.0011075 0.0027881 0.0022292 0.0016654 0.0011079 0.0016663 0.0011079 0.0016654 0.0022291 0.0022376 0.0011075 0.0022262 0.2603375 0.9105498 
HSV2_10                                 0.2698201 0.2698201 0.2657479 0.2690502 0.2718445 0.2708987 0.2749153 0.2713353 0.2697612 0.2696114 0.2696780 0.2709097 0.2746012 0.2696780 0.0032938 0.0031545 0.0048930 0.0028167 0.0099759 0.0028991 0.0036347 0.0034310 0.0103965 0.0000000 0.0000025 0.0037621 0.0103891 0.0122989 0.0063360 0.0029351 0.0106115 0.0122781 0.2811173 0.2775454 0.2651780 0.2694024 0.2674567 0.2688714 0.2686526 0.0633647 0.2690727 0.2690727 0.2702644 0.0097625 0.2746031 0.2727752 0.2784669 0.2784669 0.2662930 0.2662930 0.2734210 0.2770817 0.0097625 0.0115116 0.0114681 0.0114954 0.0108810 0.0103632 0.0091977 0.0092320 0.0091977 0.0092389 0.0120787 0.0108930 0.0103297 0.0103740 0.0103740 0.0097625 0.0097625 0.0103371 0.0103540 0.0103297 0.0120787 0.0097571 0.0092130 0.0103786 0.0108993 0.0103786 0.0103288 0.0092084 0.0086714 0.0103297 0.0126190 0.2668710 0.9149786 
HSV2_11                                 0.1831408 0.1831408 0.1777594 0.1831408 0.1867586 0.1867586 0.1914825 0.1866193 0.1873587 0.1831408 0.1873587 0.1913341 0.1918978 0.1873587 0.0019818 0.0000025 0.0000025 0.0000022 0.0040103 0.0000025 0.0019818 0.0000025 0.0040103 0.0000025 0.0000000 0.0000025 0.0040103 0.0040237 0.0040103 0.0000025 0.0040103 0.0040103 0.1870799 0.1870799 0.1782721 0.1866277 0.1860726 0.1867586 0.1831319 0.0443413 0.1860726 0.1860726 0.1910457 0.0040103 0.1914825 0.1907128 0.1998367 0.1998367 0.1831408 0.1831408 0.1831408 0.1918978 0.0040103 0.0040103 0.0040103 0.0081508 0.0060591 0.0060505 0.0040103 0.0040103 0.0040103 0.0040103 0.0081623 0.0040103 0.0060779 0.0040103 0.0040103 0.0040103 0.0040103 0.0040103 0.0060591 0.0060779 0.0081623 0.0040103 0.0040103 0.0040103 0.0060779 0.0040103 0.0060505 0.0040103 0.0040103 0.0040103 0.0040103 0.1782721 0.7067540 
HSV2_12                                 0.2429900 0.2429900 0.2384570 0.2431207 0.2465348 0.2442473 0.2499349 0.2445550 0.2445099 0.2412029 0.2444087 0.2458224 0.2500549 0.2444087 0.0044272 0.0000025 0.0018712 0.0028167 0.0044485 0.0000026 0.0044117 0.0000023 0.0044485 0.0037621 0.0000025 0.0000000 0.0044372 0.0053747 0.0037966 0.0000026 0.0044419 0.0064545 0.2544157 0.2504227 0.2393192 0.2437870 0.2416271 0.2435640 0.2420845 0.0622694 0.2437848 0.2437848 0.2448050 0.0038008 0.2499349 0.2476726 0.2529330 0.2529330 0.2401707 0.2401707 0.2475726 0.2516588 0.0038008 0.0057831 0.0057522 0.0057392 0.0050874 0.0044419 0.0038008 0.0038125 0.0031571 0.0038008 0.0064024 0.0050948 0.0044485 0.0031571 0.0031571 0.0038008 0.0038008 0.0044521 0.0051054 0.0044485 0.0064024 0.0044419 0.0044419 0.0044504 0.0051000 0.0044504 0.0044419 0.0044419 0.0051179 0.0044485 0.0070737 0.2386039 0.8254942 
HSV2_13                                 0.2589069 0.2589069 0.2545062 0.2589497 0.2634467 0.2600787 0.2654247 0.2602090 0.2602388 0.2595883 0.2614780 0.2628113 0.2654651 0.2614780 0.0095897 0.0077609 0.0096939 0.0000010 0.0016963 0.0084547 0.0095430 0.0082137 0.0017496 0.0103891 0.0040103 0.0044372 0.0000000 0.0025779 0.0046470 0.0083481 0.0016930 0.0043016 0.2723555 0.2671788 0.2553108 0.2595272 0.2574528 0.2593036 0.2579120 0.0641526 0.2606802 0.2606802 0.2604678 0.0011261 0.2654247 0.2631731 0.2682495 0.2682495 0.2561533 0.2561533 0.2630676 0.2681511 0.0011261 0.0028561 0.0028413 0.0028353 0.0022620 0.0016930 0.0011261 0.0011299 0.0011261 0.0011261 0.0034153 0.0022650 0.0016954 0.0011261 0.0011261 0.0011261 0.0011261 0.0016966 0.0022691 0.0016954 0.0034153 0.0022663 0.0016930 0.0016960 0.0022675 0.0016960 0.0016930 0.0028443 0.0028551 0.0016954 0.0040016 0.2546799 0.8423067 
HSV2_14                                 0.2462009 0.2462009 0.2414971 0.2466666 0.2501814 0.2474953 0.2533616 0.2470231 0.2497116 0.2462766 0.2463556 0.2478124 0.2519020 0.2463556 0.0109377 0.0096006 0.0116450 0.0000010 0.0012789 0.0101919 0.0116025 0.0097493 0.0012807 0.0122989 0.0040237 0.0053747 0.0025779 0.0000000 0.0059663 0.0102032 0.0006367 0.0046580 0.2565021 0.2538530 0.2423841 0.2442611 0.2439998 0.2460045 0.2444769 0.0646096 0.2469896 0.2469896 0.2487409 0.0012765 0.2533616 0.2502479 0.2579410 0.2579410 0.2432712 0.2432712 0.2485899 0.2535525 0.0012765 0.0025831 0.0032222 0.0032146 0.0019174 0.0019174 0.0012765 0.0006390 0.0019213 0.0012765 0.0038741 0.0019174 0.0019206 0.0019213 0.0019213 0.0012765 0.0012765 0.0006353 0.0012810 0.0019206 0.0038741 0.0025694 0.0019174 0.0019213 0.0025709 0.0019213 0.0019174 0.0025694 0.0032399 0.0019206 0.0038801 0.2416558 0.8003549 
HSV2_15                                 0.2904530 0.2904530 0.2848496 0.2878386 0.2887797 0.2913969 0.2942813 0.2882978 0.2896131 0.2895816 0.2891465 0.2902369 0.2924155 0.2891465 0.0052028 0.0040552 0.0053284 0.0000010 0.0044683 0.0046869 0.0055388 0.0039689 0.0045658 0.0063360 0.0040103 0.0037966 0.0046470 0.0059663 0.0000000 0.0041451 0.0048546 0.0075533 0.2993565 0.2950493 0.2840398 0.2868974 0.2872691 0.2892785 0.2885773 0.0650027 0.2884190 0.2884190 0.2873624 0.0036309 0.2939890 0.2895839 0.2974160 0.2974160 0.2838984 0.2838984 0.2927972 0.2946002 0.0036309 0.0050436 0.0050239 0.0054839 0.0045509 0.0045543 0.0036438 0.0036390 0.0031698 0.0036309 0.0059576 0.0045557 0.0040941 0.0045592 0.0045592 0.0036309 0.0036309 0.0040964 0.0045625 0.0040941 0.0059576 0.0036286 0.0040927 0.0045606 0.0045592 0.0045606 0.0040927 0.0040913 0.0036392 0.0040941 0.0059637 0.2835822 0.9144543 
HSV2_16                                 0.2347073 0.2347073 0.2321385 0.2368508 0.2400796 0.2358763 0.2397071 0.2382235 0.2347500 0.2361328 0.2366284 0.2379410 0.2405796 0.2366284 0.0041879 0.0000010 0.0011611 0.0028167 0.0079818 0.0000010 0.0041155 0.0000010 0.0086329 0.0029351 0.0000025 0.0000026 0.0083481 0.0102032 0.0041451 0.0000000 0.0085608 0.0108531 0.2464996 0.2438377 0.2319217 0.2374918 0.2354964 0.2372897 0.2370746 0.0600603 0.2360703 0.2360703 0.2384470 0.0073077 0.2397071 0.2399919 0.2424706 0.2424706 0.2341112 0.2341112 0.2410258 0.2432353 0.0073077 0.0086077 0.0092042 0.0091856 0.0085538 0.0079279 0.0073077 0.0073295 0.0066805 0.0073077 0.0091894 0.0085649 0.0079380 0.0066805 0.0066805 0.0073077 0.0073077 0.0079444 0.0085829 0.0079380 0.0091894 0.0072949 0.0079279 0.0079417 0.0085715 0.0079417 0.0079279 0.0079320 0.0079594 0.0079380 0.0098434 0.2312372 0.7621126 
HSV2_17                                 0.2747937 0.2747937 0.2725407 0.2755914 0.2763192 0.2757753 0.2806899 0.2758458 0.2762272 0.2761970 0.2757639 0.2768904 0.2791357 0.2757639 0.0085516 0.0085751 0.0099054 0.0000010 0.0015032 0.0090778 0.0094263 0.0088018 0.0011492 0.0106115 0.0040103 0.0044419 0.0016930 0.0006367 0.0048546 0.0085608 0.0000000 0.0042755 0.2862450 0.2818308 0.2705169 0.2743644 0.2747773 0.2748640 0.2751932 0.0689894 0.2750495 0.2750495 0.2748715 0.0009380 0.2806899 0.2771633 0.2842281 0.2842281 0.2712600 0.2712600 0.2795599 0.2813977 0.0009380 0.0023722 0.0023617 0.0028362 0.0018818 0.0018834 0.0018935 0.0004694 0.0014110 0.0018862 0.0033194 0.0018839 0.0014107 0.0028437 0.0028437 0.0009380 0.0009380 0.0014115 0.0014131 0.0014107 0.0033194 0.0023627 0.0018839 0.0018862 0.0018857 0.0018862 0.0018839 0.0023638 0.0028537 0.0014107 0.0033232 0.2700160 0.8693776 
HSV2_18                                 0.2645404 0.2645404 0.2597435 0.2645566 0.2693915 0.2658012 0.2715731 0.2658805 0.2659404 0.2625474 0.2658426 0.2672792 0.2715860 0.2658426 0.0110155 0.0110075 0.0129804 0.0000010 0.0030369 0.0109956 0.0116005 0.0114056 0.0030482 0.0122781 0.0040103 0.0064545 0.0043016 0.0046580 0.0075533 0.0108531 0.0042755 0.0000000 0.2761341 0.2719961 0.2606095 0.2651607 0.2629081 0.2649145 0.2634139 0.0665063 0.2651478 0.2651478 0.2661690 0.0036581 0.2715731 0.2690911 0.2746274 0.2746274 0.2615322 0.2615322 0.2675856 0.2732231 0.0036581 0.0042995 0.0049057 0.0055246 0.0048970 0.0042755 0.0042831 0.0036690 0.0030380 0.0042831 0.0061629 0.0049039 0.0042817 0.0030380 0.0030380 0.0036581 0.0036581 0.0042850 0.0049137 0.0042817 0.0061629 0.0049155 0.0036632 0.0042834 0.0049088 0.0042834 0.0049035 0.0042935 0.0049442 0.0042817 0.0055347 0.2599438 0.8758835 
JN400093_Human_herpesvirus_1            0.0077123 0.0077123 0.0094311 0.0094895 0.0094123 0.0081276 0.0094326 0.0108374 0.0077179 0.0077197 0.0068811 0.0073004 0.0085644 0.0068811 0.2621426 0.2826248 0.2717997 0.1690899 0.2885113 0.2370174 0.2966413 0.2672045 0.2752220 0.2811173 0.1870799 0.2544157 0.2723555 0.2565021 0.2993565 0.2464996 0.2862450 0.2761341 0.0000000 0.0015671 0.0072827 0.0107628 0.0120579 0.0076822 0.0107519 0.3406530 0.0072963 0.0072963 0.0099323 0.3276533 0.0094335 0.0068847 0.0102925 0.0102925 0.0082214 0.0082214 0.0107471 0.0089825 0.3276533 0.3290268 0.3308128 0.3281093 0.3270536 0.3261753 0.3234497 0.3247890 0.3266023 0.3251464 0.3297200 0.3264243 0.3287054 0.3275379 0.3275379 0.3251794 0.3251794 0.3268377 0.3243032 0.3262277 0.3297200 0.3264501 0.3270162 0.3276593 0.3250650 0.3276593 0.3270162 0.3301402 0.3303505 0.3287054 0.3307534 0.0064570 1.0485416 
JN420337_Human_herpesvirus_1            0.0068554 0.0068554 0.0085560 0.0086099 0.0085391 0.0072671 0.0094254 0.0099430 0.0077115 0.0068620 0.0060320 0.0064472 0.0076987 0.0060320 0.2576508 0.2779719 0.2670717 0.1690899 0.2839343 0.2324833 0.2924553 0.2634885 0.2714223 0.2775454 0.1870799 0.2504227 0.2671788 0.2538530 0.2950493 0.2438377 0.2818308 0.2719961 0.0015671 0.0000000 0.0064311 0.0098729 0.0111567 0.0068286 0.0098629 0.3364458 0.0064433 0.0064433 0.0090483 0.3234946 0.0094263 0.0052178 0.0102849 0.0102849 0.0073529 0.0073529 0.0098583 0.0081132 0.3234946 0.3248540 0.3266312 0.3239532 0.3229068 0.3220306 0.3193335 0.3206492 0.3224510 0.3210062 0.3255490 0.3222897 0.3245395 0.3233811 0.3233811 0.3210420 0.3210420 0.3226836 0.3201739 0.3220830 0.3255490 0.3222992 0.3228687 0.3234986 0.3209295 0.3234986 0.3228687 0.3259562 0.3261631 0.3245395 0.3265749 0.0056127 1.0448878 
JN420338_Human_herpesvirus_1            0.0056012 0.0056012 0.0060053 0.0077096 0.0080916 0.0060084 0.0076655 0.0090236 0.0060074 0.0051724 0.0043641 0.0047708 0.0059975 0.0043641 0.2460736 0.2673148 0.2562136 0.1571708 0.2734646 0.2210049 0.2817434 0.2519154 0.2609493 0.2651780 0.1782721 0.2393192 0.2553108 0.2423841 0.2840398 0.2319217 0.2705169 0.2606095 0.0072827 0.0064311 0.0000000 0.0081231 0.0093847 0.0059753 0.0081151 0.3291182 0.0047677 0.0047677 0.0081420 0.3120503 0.0076661 0.0076728 0.0085072 0.0085072 0.0064837 0.0064837 0.0089451 0.0064050 0.3120503 0.3133754 0.3151350 0.3125175 0.3114930 0.3106196 0.3079909 0.3092468 0.3110232 0.3096043 0.3140775 0.3109071 0.3130786 0.3119413 0.3119413 0.3096476 0.3096476 0.3112488 0.3087987 0.3106721 0.3140775 0.3108723 0.3114526 0.3120489 0.3095395 0.3120489 0.3114526 0.3144513 0.3146493 0.3130786 0.3150864 0.0015621 1.0450016 
JN420339_Human_herpesvirus_1            0.0081589 0.0081589 0.0068692 0.0069024 0.0073179 0.0085765 0.0085555 0.0064684 0.0060362 0.0085566 0.0060379 0.0064534 0.0077058 0.0060379 0.2484925 0.2714937 0.2587486 0.1636806 0.2753442 0.2250152 0.2806157 0.2560316 0.2640587 0.2694024 0.1866277 0.2437870 0.2595272 0.2442611 0.2868974 0.2374918 0.2743644 0.2651607 0.0107628 0.0098729 0.0081231 0.0000000 0.0043557 0.0076979 0.0047617 0.3273021 0.0064495 0.0064495 0.0056156 0.3117775 0.0085563 0.0085785 0.0094074 0.0094074 0.0039922 0.0039922 0.0063960 0.0081207 0.3117775 0.3130992 0.3148549 0.3122440 0.3112220 0.3103504 0.3077284 0.3089804 0.3107528 0.3093372 0.3138000 0.3106380 0.3128034 0.3116688 0.3116688 0.3093806 0.3093806 0.3109778 0.3085339 0.3104028 0.3138000 0.3106022 0.3111816 0.3117760 0.3092729 0.3117760 0.3111816 0.3141723 0.3143698 0.3128034 0.3148066 0.0072922 1.0326092 
JN420340_Human_herpesvirus_1            0.0094256 0.0094256 0.0081185 0.0073229 0.0077396 0.0098467 0.0098231 0.0052313 0.0064518 0.0089821 0.0072786 0.0076983 0.0089637 0.0072786 0.2489815 0.2696071 0.2581733 0.1621897 0.2747619 0.2231182 0.2809883 0.2543314 0.2619907 0.2674567 0.1860726 0.2416271 0.2574528 0.2439998 0.2872691 0.2354964 0.2747773 0.2629081 0.0120579 0.0111567 0.0093847 0.0043557 0.0000000 0.0056308 0.0035535 0.3294149 0.0068497 0.0068497 0.0052120 0.3120787 0.0098241 0.0073192 0.0106836 0.0106836 0.0052134 0.0052134 0.0051707 0.0093820 0.3120787 0.3133986 0.3151512 0.3125440 0.3115235 0.3106536 0.3080351 0.3092861 0.3110556 0.3096422 0.3140978 0.3102640 0.3131029 0.3119700 0.3119700 0.3096853 0.3096853 0.3112804 0.3088398 0.3107059 0.3140978 0.3109053 0.3114832 0.3120773 0.3095777 0.3120773 0.3114832 0.3144702 0.3146675 0.3131029 0.3151028 0.0085465 1.0408176 
JN420341_Human_herpesvirus_1            0.0068321 0.0068321 0.0080783 0.0072858 0.0068430 0.0072427 0.0097780 0.0060839 0.0064197 0.0064120 0.0055793 0.0059903 0.0072297 0.0055793 0.2505864 0.2708839 0.2598683 0.1636806 0.2780811 0.2248309 0.2868492 0.2561365 0.2661842 0.2688714 0.1867586 0.2435640 0.2593036 0.2460045 0.2892785 0.2372897 0.2748640 0.2649145 0.0076822 0.0068286 0.0059753 0.0076979 0.0056308 0.0000000 0.0052130 0.3325786 0.0059866 0.0059866 0.0060618 0.3178662 0.0097790 0.0055964 0.0106355 0.0106355 0.0052292 0.0052292 0.0060265 0.0076406 0.3178662 0.3192040 0.3209665 0.3183274 0.3172954 0.3164236 0.3137693 0.3150511 0.3168343 0.3154071 0.3199001 0.3160201 0.3188993 0.3177553 0.3177553 0.3154466 0.3154466 0.3170627 0.3145908 0.3164759 0.3199001 0.3166834 0.3172562 0.3178675 0.3153366 0.3178675 0.3172562 0.3202894 0.3204913 0.3188993 0.3209142 0.0051646 1.0490922 
JN420342_Human_herpesvirus_1            0.0081508 0.0081508 0.0077082 0.0069127 0.0081627 0.0085680 0.0085470 0.0056449 0.0052131 0.0077145 0.0060321 0.0064472 0.0076983 0.0060321 0.2493689 0.2710714 0.2596568 0.1636806 0.2771521 0.2246304 0.2822448 0.2559125 0.2635302 0.2686526 0.1831319 0.2420845 0.2579120 0.2444769 0.2885773 0.2370746 0.2751932 0.2634139 0.0107519 0.0098629 0.0081151 0.0047617 0.0035535 0.0052130 0.0000000 0.3310510 0.0064433 0.0064433 0.0056243 0.3133449 0.0085478 0.0077409 0.0093980 0.0093980 0.0056258 0.0056258 0.0031555 0.0081127 0.3133449 0.3146698 0.3164260 0.3138097 0.3127858 0.3119148 0.3092863 0.3105450 0.3123190 0.3109014 0.3153690 0.3115218 0.3143719 0.3132356 0.3132356 0.3109438 0.3109438 0.3125448 0.3100953 0.3119671 0.3153690 0.3121684 0.3127458 0.3133441 0.3108355 0.3133441 0.3127458 0.3157453 0.3159438 0.3143719 0.3163767 0.0072850 1.0476331 
JQ360576_Chimpanzee_alpha-1_herpesvirus 0.3298083 0.3298083 0.3273942 0.3289598 0.3276581 0.3306849 0.3365585 0.3218164 0.3328924 0.3338936 0.3293460 0.3303834 0.3324757 0.3293460 0.0580074 0.0653254 0.0642907 0.0317465 0.0668648 0.0584298 0.0630498 0.0646014 0.0610691 0.0633647 0.0443413 0.0622694 0.0641526 0.0646096 0.0650027 0.0600603 0.0689894 0.0665063 0.3406530 0.3364458 0.3291182 0.3273021 0.3294149 0.3325786 0.3310510 0.0000000 0.3285557 0.3285557 0.3233635 0.0736777 0.3374303 0.3283898 0.3395254 0.3395254 0.3219996 0.3219996 0.3285618 0.3340031 0.0736777 0.0743314 0.0755049 0.0749933 0.0747991 0.0737972 0.0731240 0.0720558 0.0730754 0.0737251 0.0761773 0.0742150 0.0742810 0.0743419 0.0743419 0.0735947 0.0735947 0.0736347 0.0731974 0.0741978 0.0761773 0.0737652 0.0731139 0.0743591 0.0748020 0.0743591 0.0743170 0.0744113 0.0732345 0.0742810 0.0755016 0.3284494 1.0811732 
JQ730035_Human_herpesvirus_1            0.0047891 0.0047891 0.0060168 0.0068817 0.0072649 0.0051943 0.0068416 0.0081852 0.0043709 0.0060116 0.0019593 0.0023562 0.0035544 0.0019593 0.2507708 0.2721114 0.2600647 0.1621897 0.2781626 0.2250202 0.2849538 0.2560242 0.2662756 0.2690727 0.1860726 0.2437848 0.2606802 0.2469896 0.2884190 0.2360703 0.2750495 0.2651478 0.0072963 0.0064433 0.0047677 0.0064495 0.0068497 0.0059866 0.0064433 0.3285557 0.0000000 0.0000010 0.0073111 0.3160312 0.0068420 0.0068485 0.0076779 0.0076779 0.0056604 0.0056604 0.0081123 0.0039540 0.3160312 0.3173648 0.3191260 0.3164942 0.3154647 0.3145926 0.3119468 0.3132201 0.3150009 0.3135765 0.3180626 0.3148695 0.3170626 0.3159208 0.3159208 0.3136172 0.3136172 0.3152284 0.3127638 0.3146449 0.3180626 0.3148501 0.3154252 0.3160316 0.3135079 0.3160316 0.3154252 0.3184469 0.3186476 0.3170626 0.3190749 0.0039626 1.0392880 
JX142173_Human_herpesvirus_1            0.0047891 0.0047891 0.0060168 0.0068817 0.0072649 0.0051943 0.0068416 0.0081852 0.0043709 0.0060116 0.0019593 0.0023562 0.0035544 0.0019593 0.2507708 0.2721114 0.2600647 0.1621897 0.2781626 0.2250202 0.2849538 0.2560242 0.2662756 0.2690727 0.1860726 0.2437848 0.2606802 0.2469896 0.2884190 0.2360703 0.2750495 0.2651478 0.0072963 0.0064433 0.0047677 0.0064495 0.0068497 0.0059866 0.0064433 0.3285557 0.0000010 0.0000000 0.0073111 0.3160312 0.0068420 0.0068485 0.0076779 0.0076779 0.0056604 0.0056604 0.0081123 0.0039540 0.3160312 0.3173648 0.3191260 0.3164942 0.3154647 0.3145926 0.3119468 0.3132201 0.3150009 0.3135765 0.3180626 0.3148695 0.3170626 0.3159208 0.3159208 0.3136172 0.3136172 0.3152284 0.3127638 0.3146449 0.3180626 0.3148501 0.3154252 0.3160316 0.3135079 0.3160316 0.3154252 0.3184469 0.3186476 0.3170626 0.3190749 0.0039626 1.0392880 
KF498959_Human_herpesvirus_1            0.0081779 0.0081779 0.0085848 0.0060553 0.0048053 0.0085962 0.0103285 0.0031771 0.0077573 0.0085985 0.0068953 0.0073152 0.0085807 0.0068953 0.2505847 0.2719227 0.2609336 0.1690899 0.2770276 0.2259530 0.2810775 0.2572758 0.2649865 0.2702644 0.1910457 0.2448050 0.2604678 0.2487409 0.2873624 0.2384470 0.2748715 0.2661690 0.0099323 0.0090483 0.0081420 0.0056156 0.0052120 0.0060618 0.0056243 0.3233635 0.0073111 0.0073111 0.0000000 0.3105730 0.0103296 0.0052183 0.0111968 0.0111968 0.0031596 0.0031596 0.0056207 0.0089992 0.3105730 0.3118875 0.3136366 0.3110392 0.3100222 0.3091533 0.3065456 0.3077879 0.3095528 0.3081439 0.3125872 0.3087675 0.3115944 0.3104651 0.3104651 0.3081879 0.3081879 0.3097765 0.3073454 0.3092056 0.3125872 0.3094028 0.3099817 0.3105710 0.3080809 0.3105710 0.3099817 0.3129550 0.3131510 0.3115944 0.3135892 0.0073097 1.0395504 
KF781518_Human_herpesvirus_2            0.3193113 0.3193113 0.3118230 0.3151905 0.3147995 0.3201933 0.3227093 0.3114411 0.3172683 0.3182685 0.3167895 0.3178243 0.3199041 0.3167895 0.0079975 0.0072882 0.0087619 0.0000010 0.0004810 0.0078292 0.0086359 0.0075925 0.0005521 0.0097625 0.0040103 0.0038008 0.0011261 0.0012765 0.0036309 0.0073077 0.0009380 0.0036581 0.3276533 0.3234946 0.3120503 0.3117775 0.3120787 0.3178662 0.3133449 0.0736777 0.3160312 0.3160312 0.3105730 0.0000000 0.3235760 0.3155382 0.3256687 0.3256687 0.3073622 0.3073622 0.3173138 0.3219665 0.0000010 0.0012070 0.0012023 0.0016042 0.0016084 0.0007994 0.0020293 0.0000010 0.0003993 0.0012020 0.0020106 0.0012061 0.0003993 0.0016079 0.0016079 0.0008022 0.0008022 0.0008034 0.0016120 0.0012059 0.0020106 0.0016082 0.0012028 0.0008004 0.0016113 0.0008004 0.0012028 0.0016066 0.0016127 0.0003993 0.0020127 0.3125402 0.9781465 
