94
HM585496_Human_herpesvirus_1            0.0000000 0.0027918 0.0057144 0.0003915 0.0003915 0.0061088 0.0061346 0.0007866 0.0000010 0.0007866 0.0048522 0.0104816 0.0052810 0.0057144 0.0096205 0.0096202 0.0070020 0.0096205 0.3207271 0.3224983 0.3296601 0.2635113 0.3203832 0.3105215 0.3776175 0.3353017 0.3106202 0.3393344 0.2395724 0.2856226 0.3161308 0.2912618 0.3777407 0.2890088 0.3718051 0.3386271 0.0115039 0.0061224 0.0096675 0.0061369 0.0036060 0.0092067 0.0048760 0.3865620 0.0048506 0.0052792 0.0056994 0.3897122 0.0044497 0.0061346 0.0052954 0.0052954 0.0036130 0.0040231 0.0044381 0.0074310 0.3933440 0.3922644 0.3933440 0.3963185 0.3922644 0.3935393 0.3909867 0.3910864 0.3922704 0.3895234 0.3895191 0.3934492 0.3909867 0.3907949 0.3895191 0.3920707 0.3918784 0.3918678 0.3920691 0.3921628 0.3918741 0.3895191 0.3895191 0.3895191 0.3958207 0.3958207 0.3909911 0.3918784 0.3933460 0.3949274 0.3944326 0.3933460 0.3936398 0.3946298 0.3935423 0.3922644 0.0031977 0.8576305 
HM585497_Human_herpesvirus_1            0.0027918 0.0000000 0.0044609 0.0023878 0.0023878 0.0057168 0.0048760 0.0027988 0.0027918 0.0027988 0.0036155 0.0091638 0.0040360 0.0044609 0.0083118 0.0083115 0.0057293 0.0083118 0.3133407 0.3163201 0.3222306 0.2635113 0.3141809 0.3027429 0.3717384 0.3276885 0.3040334 0.3330669 0.2340948 0.2772018 0.3099151 0.2826978 0.3717736 0.2807241 0.3658972 0.3323588 0.0101611 0.0057296 0.0083530 0.0048778 0.0057016 0.0079004 0.0036334 0.3829807 0.0061350 0.0065740 0.0044491 0.3838514 0.0032152 0.0048992 0.0040471 0.0040471 0.0057124 0.0061336 0.0032067 0.0061526 0.3874567 0.3863828 0.3874567 0.3904031 0.3863828 0.3876485 0.3851167 0.3852147 0.3863898 0.3836671 0.3836629 0.3875613 0.3851167 0.3849283 0.3836629 0.3861950 0.3860061 0.3859957 0.3861922 0.3862830 0.3860018 0.3836629 0.3836629 0.3836629 0.3899153 0.3899153 0.3851198 0.3860061 0.3874586 0.3890256 0.3885395 0.3874586 0.3877473 0.3887320 0.3876503 0.3863828 0.0027924 0.8559258 
HM585498_Human_herpesvirus_1            0.0057144 0.0044609 0.0000000 0.0052948 0.0052948 0.0027930 0.0036060 0.0057284 0.0057144 0.0057284 0.0040163 0.0096685 0.0052694 0.0000010 0.0096451 0.0096449 0.0061372 0.0096451 0.3184025 0.3191936 0.3261539 0.2683876 0.3170621 0.3068335 0.3756368 0.3329138 0.3070753 0.3346722 0.2336781 0.2829481 0.3127954 0.2855076 0.3731546 0.2850596 0.3672615 0.3326257 0.0115329 0.0036155 0.0087690 0.0019858 0.0061667 0.0074509 0.0057294 0.3868556 0.0082919 0.0087460 0.0048524 0.3877515 0.0036162 0.0070349 0.0044507 0.0044507 0.0078587 0.0082901 0.0036067 0.0065615 0.3888272 0.3877515 0.3888272 0.3917816 0.3877515 0.3890200 0.3890243 0.3891235 0.3903058 0.3875639 0.3875597 0.3889320 0.3890243 0.3888334 0.3875597 0.3901076 0.3899162 0.3873619 0.3875597 0.3876512 0.3851118 0.3875597 0.3875597 0.3875597 0.3912913 0.3912913 0.3864854 0.3899162 0.3888291 0.3904003 0.3899119 0.3888291 0.3891192 0.3901056 0.3915754 0.3877515 0.0048532 0.8633341 
HM585499_Human_herpesvirus_1            0.0003915 0.0023878 0.0052948 0.0000000 0.0000010 0.0056892 0.0057134 0.0003925 0.0003915 0.0003925 0.0044382 0.0100405 0.0048643 0.0052948 0.0091825 0.0091822 0.0065760 0.0091825 0.3195625 0.3213437 0.3284911 0.2635113 0.3192234 0.3092918 0.3765351 0.3341052 0.3093848 0.3381685 0.2395724 0.2842828 0.3149671 0.2899010 0.3766420 0.2876919 0.3707157 0.3374609 0.0110545 0.0057019 0.0092276 0.0057155 0.0031984 0.0087695 0.0044600 0.3854944 0.0044368 0.0048626 0.0052809 0.3886365 0.0040365 0.0057133 0.0048776 0.0048776 0.0032046 0.0036130 0.0040259 0.0070032 0.3922644 0.3911856 0.3922644 0.3952346 0.3911856 0.3924591 0.3899096 0.3900091 0.3911917 0.3884485 0.3884442 0.3923696 0.3899096 0.3897185 0.3884442 0.3909929 0.3908012 0.3907906 0.3909911 0.3910843 0.3907969 0.3884442 0.3884442 0.3884442 0.3947385 0.3947385 0.3899138 0.3908012 0.3922664 0.3938456 0.3933522 0.3922664 0.3925594 0.3935486 0.3924619 0.3911856 0.0027919 0.8559048 
HM585500_Human_herpesvirus_1            0.0003915 0.0023878 0.0052948 0.0000010 0.0000000 0.0056892 0.0057134 0.0003925 0.0003915 0.0003925 0.0044382 0.0100405 0.0048643 0.0052948 0.0091825 0.0091822 0.0065760 0.0091825 0.3195625 0.3213437 0.3284911 0.2635113 0.3192234 0.3092918 0.3765351 0.3341052 0.3093848 0.3381685 0.2395724 0.2842828 0.3149671 0.2899010 0.3766420 0.2876919 0.3707157 0.3374609 0.0110545 0.0057019 0.0092276 0.0057155 0.0031984 0.0087695 0.0044600 0.3854944 0.0044368 0.0048626 0.0052809 0.3886365 0.0040365 0.0057133 0.0048776 0.0048776 0.0032046 0.0036130 0.0040259 0.0070032 0.3922644 0.3911856 0.3922644 0.3952346 0.3911856 0.3924591 0.3899096 0.3900091 0.3911917 0.3884485 0.3884442 0.3923696 0.3899096 0.3897185 0.3884442 0.3909929 0.3908012 0.3907906 0.3909911 0.3910843 0.3907969 0.3884442 0.3884442 0.3884442 0.3947385 0.3947385 0.3899138 0.3908012 0.3922664 0.3938456 0.3933522 0.3922664 0.3925594 0.3935486 0.3924619 0.3911856 0.0027919 0.8559048 
HM585501_Human_herpesvirus_1            0.0061088 0.0057168 0.0027930 0.0056892 0.0056892 0.0000000 0.0048417 0.0061236 0.0061088 0.0061236 0.0044287 0.0101129 0.0056886 0.0027930 0.0092063 0.0092061 0.0057159 0.0092063 0.3184044 0.3191954 0.3261558 0.2683876 0.3170639 0.3068354 0.3756387 0.3329157 0.3070772 0.3346741 0.2391339 0.2829501 0.3127973 0.2855097 0.3731566 0.2850616 0.3672634 0.3326276 0.0110828 0.0031918 0.0092086 0.0023888 0.0065629 0.0070221 0.0061535 0.3868575 0.0069694 0.0074132 0.0052696 0.3877534 0.0040278 0.0074320 0.0048671 0.0048671 0.0073955 0.0078234 0.0040173 0.0061383 0.3888291 0.3877534 0.3888291 0.3917836 0.3877534 0.3890219 0.3890262 0.3891254 0.3903078 0.3875658 0.3875616 0.3889339 0.3890262 0.3888353 0.3875616 0.3901095 0.3899181 0.3873638 0.3875616 0.3876531 0.3851137 0.3875616 0.3875616 0.3875616 0.3912932 0.3912932 0.3864873 0.3899181 0.3888311 0.3904022 0.3899138 0.3888311 0.3891211 0.3901075 0.3915773 0.3877534 0.0052704 0.8547836 
HM585502_Human_herpesvirus_1            0.0061346 0.0048760 0.0036060 0.0057134 0.0057134 0.0048417 0.0000000 0.0061496 0.0061346 0.0061496 0.0044268 0.0091805 0.0048515 0.0036060 0.0092023 0.0092020 0.0056849 0.0092023 0.3194006 0.3201881 0.3283220 0.2732807 0.3180626 0.3091287 0.3787049 0.3339281 0.3081486 0.3368270 0.2386984 0.2841267 0.3149652 0.2853449 0.3749693 0.2862210 0.3703454 0.3347790 0.0101319 0.0056870 0.0074269 0.0040162 0.0065583 0.0069847 0.0061507 0.3851983 0.0087238 0.0091805 0.0052673 0.3905972 0.0040260 0.0065714 0.0048650 0.0048650 0.0082886 0.0087218 0.0040155 0.0061051 0.3916736 0.3905972 0.3916736 0.3946358 0.3905972 0.3918676 0.3918719 0.3919718 0.3931561 0.3904078 0.3904035 0.3917784 0.3918719 0.3916798 0.3904035 0.3929559 0.3927633 0.3902038 0.3904035 0.3904962 0.3879517 0.3904035 0.3904035 0.3904035 0.3941415 0.3941415 0.3893286 0.3927633 0.3916755 0.3932506 0.3904934 0.3916755 0.3919675 0.3929545 0.3944287 0.3905972 0.0052681 0.8703674 
HM585503_Human_herpesvirus_1            0.0007866 0.0027988 0.0057284 0.0003925 0.0003925 0.0061236 0.0061496 0.0000000 0.0007866 0.0000010 0.0048641 0.0105058 0.0052940 0.0057284 0.0096430 0.0096428 0.0070189 0.0096430 0.3208903 0.3226613 0.3298303 0.2689082 0.3205454 0.3106859 0.3778064 0.3354801 0.3107854 0.3395112 0.2451096 0.2857803 0.3162904 0.2914270 0.3779325 0.2891667 0.3719915 0.3388035 0.0115304 0.0061373 0.0096902 0.0061518 0.0036149 0.0092284 0.0048880 0.3867538 0.0048626 0.0052921 0.0057133 0.3899076 0.0044607 0.0061495 0.0053084 0.0053084 0.0036219 0.0040330 0.0044490 0.0074489 0.3935423 0.3924619 0.3935423 0.3965195 0.3924619 0.3937378 0.3911831 0.3912829 0.3924678 0.3897185 0.3897142 0.3936476 0.3911831 0.3909911 0.3897142 0.3922679 0.3920754 0.3920648 0.3922664 0.3923602 0.3920711 0.3897142 0.3897142 0.3897142 0.3960211 0.3960211 0.3911875 0.3920754 0.3935443 0.3951272 0.3946317 0.3935443 0.3938385 0.3948292 0.3937409 0.3924619 0.0032057 0.8584145 
HM585504_Human_herpesvirus_1            0.0000010 0.0027918 0.0057144 0.0003915 0.0003915 0.0061088 0.0061346 0.0007866 0.0000000 0.0007866 0.0048522 0.0104816 0.0052810 0.0057144 0.0096205 0.0096202 0.0070020 0.0096205 0.3207271 0.3224983 0.3296601 0.2635113 0.3203832 0.3105215 0.3776175 0.3353017 0.3106202 0.3393344 0.2395724 0.2856226 0.3161308 0.2912618 0.3777407 0.2890088 0.3718051 0.3386271 0.0115039 0.0061224 0.0096675 0.0061369 0.0036060 0.0092067 0.0048760 0.3865620 0.0048506 0.0052792 0.0056994 0.3897122 0.0044497 0.0061346 0.0052954 0.0052954 0.0036130 0.0040231 0.0044381 0.0074310 0.3933440 0.3922644 0.3933440 0.3963185 0.3922644 0.3935393 0.3909867 0.3910864 0.3922704 0.3895234 0.3895191 0.3934492 0.3909867 0.3907949 0.3895191 0.3920707 0.3918784 0.3918678 0.3920691 0.3921628 0.3918741 0.3895191 0.3895191 0.3895191 0.3958207 0.3958207 0.3909911 0.3918784 0.3933460 0.3949274 0.3944326 0.3933460 0.3936398 0.3946298 0.3935423 0.3922644 0.0031977 0.8576305 
HM585505_Human_herpesvirus_1            0.0007866 0.0027988 0.0057284 0.0003925 0.0003925 0.0061236 0.0061496 0.0000010 0.0007866 0.0000000 0.0048641 0.0105058 0.0052940 0.0057284 0.0096430 0.0096428 0.0070189 0.0096430 0.3208903 0.3226613 0.3298303 0.2689082 0.3205454 0.3106859 0.3778064 0.3354801 0.3107854 0.3395112 0.2451096 0.2857803 0.3162904 0.2914270 0.3779325 0.2891667 0.3719915 0.3388035 0.0115304 0.0061373 0.0096902 0.0061518 0.0036149 0.0092284 0.0048880 0.3867538 0.0048626 0.0052921 0.0057133 0.3899076 0.0044607 0.0061495 0.0053084 0.0053084 0.0036219 0.0040330 0.0044490 0.0074489 0.3935423 0.3924619 0.3935423 0.3965195 0.3924619 0.3937378 0.3911831 0.3912829 0.3924678 0.3897185 0.3897142 0.3936476 0.3911831 0.3909911 0.3897142 0.3922679 0.3920754 0.3920648 0.3922664 0.3923602 0.3920711 0.3897142 0.3897142 0.3897142 0.3960211 0.3960211 0.3911875 0.3920754 0.3935443 0.3951272 0.3946317 0.3935443 0.3938385 0.3948292 0.3937409 0.3924619 0.0032057 0.8584145 
HM585508_Human_herpesvirus_1            0.0048522 0.0036155 0.0040163 0.0044382 0.0044382 0.0044287 0.0044268 0.0048641 0.0048522 0.0048641 0.0000000 0.0087479 0.0027853 0.0040163 0.0070007 0.0070005 0.0036151 0.0070007 0.3145062 0.3164836 0.3234007 0.2578294 0.3143436 0.3039728 0.3730076 0.3288861 0.3041985 0.3332445 0.2283590 0.2785402 0.3100751 0.2840572 0.3730618 0.2820399 0.3671706 0.3325360 0.0088113 0.0044387 0.0061507 0.0027927 0.0069869 0.0065926 0.0032143 0.3820044 0.0056990 0.0061342 0.0023817 0.3851207 0.0011832 0.0061497 0.0019860 0.0019860 0.0052794 0.0056978 0.0011801 0.0040261 0.3887329 0.3876574 0.3887329 0.3916863 0.3876574 0.3889255 0.3863884 0.3864867 0.3876642 0.3849353 0.3849311 0.3888376 0.3863884 0.3861992 0.3849311 0.3874682 0.3872785 0.3872681 0.3874657 0.3875571 0.3872742 0.3849311 0.3849311 0.3849311 0.3911962 0.3911962 0.3863917 0.3872785 0.3887348 0.3903054 0.3898172 0.3887348 0.3890247 0.3900108 0.3889275 0.3876574 0.0023820 0.8600384 
HM585509_Human_herpesvirus_1            0.0104816 0.0091638 0.0096685 0.0100405 0.0100405 0.0101129 0.0091805 0.0105058 0.0104816 0.0105058 0.0087479 0.0000000 0.0100879 0.0096685 0.0133208 0.0133205 0.0100858 0.0133208 0.3184676 0.3214191 0.3297406 0.2583098 0.3181329 0.3093599 0.3766245 0.3328849 0.3069785 0.3382530 0.2287556 0.2829974 0.3162042 0.2873988 0.3765420 0.2852672 0.3708032 0.3375450 0.0137817 0.0101345 0.0118973 0.0083525 0.0091604 0.0078949 0.0087478 0.3819863 0.0114464 0.0119229 0.0096448 0.3885361 0.0083344 0.0109960 0.0092304 0.0092304 0.0109965 0.0114438 0.0083133 0.0105303 0.3921628 0.3910843 0.3921628 0.3951320 0.3910843 0.3923574 0.3898088 0.3899082 0.3910905 0.3883481 0.3883438 0.3922679 0.3898088 0.3896177 0.3883438 0.3908918 0.3907001 0.3906896 0.3908899 0.3909831 0.3884329 0.3883438 0.3883438 0.3883438 0.3946361 0.3946361 0.3898129 0.3907001 0.3921648 0.3937435 0.3932504 0.3921648 0.3924576 0.3934466 0.3923602 0.3910843 0.0087271 0.8657097 
HM585510_Human_herpesvirus_1            0.0052810 0.0040360 0.0052694 0.0048643 0.0048643 0.0056886 0.0048515 0.0052940 0.0052810 0.0052940 0.0027853 0.0100879 0.0000000 0.0052694 0.0074462 0.0074460 0.0040354 0.0074462 0.3119350 0.3139303 0.3208109 0.2578294 0.3117809 0.3012703 0.3694841 0.3262304 0.3029641 0.3306495 0.2283590 0.2772039 0.3075083 0.2827000 0.3694858 0.2807262 0.3636300 0.3299408 0.0092722 0.0048648 0.0065906 0.0040264 0.0082949 0.0078996 0.0028129 0.3807522 0.0052924 0.0057258 0.0036056 0.3816084 0.0023884 0.0074468 0.0032069 0.0032069 0.0048738 0.0052912 0.0023821 0.0044492 0.3852048 0.3841327 0.3852048 0.3881415 0.3841327 0.3853954 0.3828706 0.3829680 0.3841402 0.3814258 0.3814216 0.3853093 0.3828706 0.3826835 0.3814216 0.3839471 0.3837594 0.3837491 0.3839438 0.3840335 0.3837552 0.3814216 0.3814216 0.3814216 0.3876574 0.3876574 0.3828732 0.3837594 0.3852067 0.3867688 0.3862857 0.3852067 0.3854936 0.3864765 0.3853967 0.3841327 0.0019853 0.8661020 
HM585511_Human_herpesvirus_1            0.0057144 0.0044609 0.0000010 0.0052948 0.0052948 0.0027930 0.0036060 0.0057284 0.0057144 0.0057284 0.0040163 0.0096685 0.0052694 0.0000000 0.0096451 0.0096449 0.0061372 0.0096451 0.3184025 0.3191936 0.3261539 0.2683876 0.3170621 0.3068335 0.3756368 0.3329138 0.3070753 0.3346722 0.2336781 0.2829481 0.3127954 0.2855076 0.3731546 0.2850596 0.3672615 0.3326257 0.0115329 0.0036155 0.0087690 0.0019858 0.0061667 0.0074509 0.0057294 0.3868556 0.0082919 0.0087460 0.0048524 0.3877515 0.0036162 0.0070349 0.0044507 0.0044507 0.0078587 0.0082901 0.0036067 0.0065615 0.3888272 0.3877515 0.3888272 0.3917816 0.3877515 0.3890200 0.3890243 0.3891235 0.3903058 0.3875639 0.3875597 0.3889320 0.3890243 0.3888334 0.3875597 0.3901076 0.3899162 0.3873619 0.3875597 0.3876512 0.3851118 0.3875597 0.3875597 0.3875597 0.3912913 0.3912913 0.3864854 0.3899162 0.3888291 0.3904003 0.3899119 0.3888291 0.3891192 0.3901056 0.3915754 0.3877515 0.0048532 0.8633341 
HM585512_Human_herpesvirus_1            0.0096205 0.0083118 0.0096451 0.0091825 0.0091825 0.0092063 0.0092023 0.0096430 0.0096205 0.0096430 0.0070007 0.0133208 0.0074462 0.0096451 0.0000000 0.0007836 0.0074816 0.0007836 0.3157993 0.3189260 0.3260433 0.2570394 0.3167948 0.3053268 0.3775257 0.3292022 0.3054017 0.3357272 0.2227040 0.2771648 0.3125303 0.2826620 0.3765427 0.2819972 0.3717125 0.3350189 0.0102257 0.0101101 0.0092889 0.0083321 0.0119005 0.0115016 0.0061491 0.3887151 0.0087623 0.0092209 0.0078768 0.3896214 0.0065916 0.0110221 0.0074665 0.0074665 0.0091993 0.0096379 0.0065746 0.0079152 0.3932530 0.3921734 0.3932530 0.3962272 0.3921734 0.3934482 0.3908958 0.3909955 0.3921794 0.3894326 0.3894283 0.3933582 0.3908958 0.3907041 0.3894283 0.3919798 0.3917875 0.3917769 0.3919782 0.3920719 0.3917832 0.3894283 0.3894283 0.3894283 0.3957296 0.3957296 0.3909002 0.3917875 0.3932549 0.3948363 0.3920690 0.3932549 0.3935487 0.3945387 0.3934512 0.3921734 0.0061342 0.8611877 
HM585513_Human_herpesvirus_1            0.0096202 0.0083115 0.0096449 0.0091822 0.0091822 0.0092061 0.0092020 0.0096428 0.0096202 0.0096428 0.0070005 0.0133205 0.0074460 0.0096449 0.0007836 0.0000000 0.0074813 0.0007836 0.3157993 0.3189260 0.3260433 0.2570394 0.3167948 0.3053268 0.3775196 0.3292022 0.3054017 0.3345582 0.2227040 0.2771648 0.3125303 0.2826620 0.3765366 0.2819972 0.3706171 0.3350189 0.0102255 0.0101098 0.0092886 0.0083318 0.0119002 0.0115013 0.0061489 0.3887090 0.0087620 0.0092206 0.0078765 0.3896152 0.0065914 0.0110218 0.0074663 0.0074663 0.0091990 0.0096377 0.0065744 0.0079149 0.3909808 0.3921671 0.3909808 0.3962209 0.3921671 0.3934419 0.3908895 0.3909892 0.3921731 0.3894264 0.3894221 0.3933519 0.3908895 0.3906978 0.3894221 0.3919736 0.3917813 0.3917707 0.3919719 0.3920656 0.3917769 0.3894221 0.3894221 0.3894221 0.3957232 0.3957232 0.3908939 0.3917813 0.3932486 0.3948299 0.3920627 0.3932486 0.3935424 0.3945324 0.3934449 0.3921671 0.0061340 0.8629221 
HM585514_Human_herpesvirus_1            0.0070020 0.0057293 0.0061372 0.0065760 0.0065760 0.0057159 0.0056849 0.0070189 0.0070020 0.0070189 0.0036151 0.0100858 0.0040354 0.0061372 0.0074816 0.0074813 0.0000000 0.0074816 0.3166708 0.3186300 0.3255671 0.2578294 0.3165011 0.3062655 0.3751725 0.3310992 0.3065035 0.3354002 0.2283590 0.2812107 0.3122429 0.2867695 0.3750695 0.2846653 0.3693493 0.3346928 0.0065884 0.0065767 0.0048495 0.0048773 0.0082932 0.0078980 0.0044821 0.3861895 0.0061635 0.0066045 0.0044486 0.3870793 0.0032149 0.0065568 0.0032063 0.0032063 0.0065886 0.0070153 0.0032064 0.0011794 0.3906963 0.3896201 0.3906963 0.3936558 0.3896201 0.3908899 0.3883486 0.3884475 0.3896265 0.3868926 0.3868884 0.3908011 0.3883486 0.3881585 0.3868884 0.3894292 0.3892386 0.3892281 0.3894271 0.3895194 0.3892343 0.3868884 0.3868884 0.3868884 0.3931629 0.3931629 0.3883524 0.3892386 0.3906982 0.3922719 0.3917814 0.3906982 0.3909895 0.3919763 0.3908923 0.3896201 0.0036238 0.8625821 
HM585515_Human_herpesvirus_1            0.0096205 0.0083118 0.0096451 0.0091825 0.0091825 0.0092063 0.0092023 0.0096430 0.0096205 0.0096430 0.0070007 0.0133208 0.0074462 0.0096451 0.0007836 0.0007836 0.0074816 0.0000000 0.3157993 0.3189260 0.3260433 0.2570394 0.3167948 0.3053268 0.3764372 0.3292022 0.3054017 0.3345582 0.2227040 0.2771648 0.3125303 0.2826620 0.3754388 0.2819972 0.3706171 0.3350189 0.0102257 0.0101101 0.0092889 0.0083321 0.0119005 0.0115016 0.0061491 0.3876397 0.0087623 0.0092209 0.0078768 0.3885395 0.0065916 0.0110221 0.0074665 0.0074665 0.0091993 0.0096379 0.0065746 0.0079152 0.3921671 0.3910883 0.3921671 0.3951370 0.3910883 0.3923618 0.3898125 0.3899119 0.3910945 0.3883515 0.3883473 0.3922723 0.3898125 0.3896214 0.3883473 0.3908958 0.3907041 0.3906935 0.3908939 0.3909871 0.3906998 0.3883473 0.3883473 0.3883473 0.3946410 0.3946410 0.3898167 0.3907041 0.3921691 0.3937482 0.3909842 0.3921691 0.3924620 0.3934512 0.3923646 0.3910883 0.0061342 0.8629433 
HSV2_1                                  0.3207271 0.3133407 0.3184025 0.3195625 0.3195625 0.3184044 0.3194006 0.3208903 0.3207271 0.3208903 0.3145062 0.3184676 0.3119350 0.3184025 0.3157993 0.3157993 0.3166708 0.3157993 0.0000000 0.0004730 0.0009502 0.0065578 0.0014625 0.0009925 0.0009271 0.0060072 0.0005068 0.0033752 0.0022692 0.0011098 0.0039123 0.0034877 0.0057649 0.0010910 0.0057460 0.0019004 0.3172086 0.3172119 0.3135621 0.3159807 0.3194658 0.3173647 0.3161379 0.0695478 0.3204827 0.3204827 0.3158218 0.0052388 0.3121805 0.3171437 0.3121805 0.3121805 0.3204771 0.3216413 0.3133429 0.3155066 0.0062582 0.0062582 0.0062582 0.0068221 0.0062582 0.0052709 0.0042642 0.0042651 0.0062622 0.0052388 0.0057475 0.0072854 0.0042524 0.0062596 0.0052549 0.0047377 0.0052377 0.0062596 0.0047628 0.0083180 0.0067591 0.0057475 0.0062417 0.0052549 0.0078313 0.0078313 0.0062762 0.0072608 0.0067781 0.0072885 0.0067781 0.0067781 0.0078130 0.0073014 0.0052537 0.0057625 0.3145007 0.7352775 
HSV2_2                                  0.3224983 0.3163201 0.3191936 0.3213437 0.3213437 0.3191954 0.3201881 0.3226613 0.3224983 0.3226613 0.3164836 0.3214191 0.3139303 0.3191936 0.3189260 0.3189260 0.3186300 0.3189260 0.0004730 0.0000000 0.0004659 0.0043208 0.0014183 0.0009966 0.0009201 0.0034236 0.0004981 0.0023808 0.0000020 0.0005548 0.0038253 0.0034495 0.0052295 0.0005415 0.0057145 0.0018772 0.3190104 0.3180134 0.3155492 0.3167923 0.3189360 0.3180134 0.3179494 0.0689888 0.3222543 0.3222543 0.3177903 0.0047115 0.3141758 0.3200977 0.3141758 0.3141758 0.3222487 0.3234029 0.3153293 0.3174747 0.0057148 0.0057148 0.0057148 0.0062657 0.0057148 0.0052422 0.0037507 0.0037515 0.0052286 0.0042293 0.0047258 0.0062292 0.0037401 0.0052264 0.0042423 0.0042181 0.0047105 0.0052264 0.0042405 0.0072408 0.0057160 0.0047258 0.0052117 0.0042423 0.0067602 0.0067602 0.0057309 0.0062081 0.0062429 0.0062318 0.0062429 0.0062429 0.0067442 0.0067589 0.0047248 0.0052253 0.3163223 0.7394525 
HSV2_3                                  0.3296601 0.3222306 0.3261539 0.3284911 0.3284911 0.3261558 0.3283220 0.3298303 0.3296601 0.3298303 0.3234007 0.3297406 0.3208109 0.3261539 0.3260433 0.3260433 0.3255671 0.3260433 0.0009502 0.0004659 0.0000000 0.0043208 0.0019143 0.0004939 0.0013896 0.0044399 0.0005014 0.0038567 0.0000020 0.0011090 0.0043177 0.0040531 0.0062558 0.0010858 0.0067483 0.0023723 0.3261304 0.3249616 0.3224637 0.3237229 0.3272182 0.3262935 0.3250580 0.0717361 0.3294064 0.3294064 0.3235636 0.0057230 0.3210660 0.3260610 0.3210660 0.3210660 0.3294006 0.3305692 0.3222329 0.3243984 0.0067486 0.0067486 0.0067486 0.0073177 0.0067486 0.0062710 0.0047458 0.0047467 0.0067530 0.0052179 0.0062346 0.0077799 0.0047323 0.0067501 0.0057403 0.0052190 0.0057218 0.0067501 0.0057379 0.0088169 0.0072506 0.0062346 0.0067313 0.0057403 0.0083294 0.0083294 0.0067676 0.0077537 0.0077967 0.0077832 0.0077967 0.0077967 0.0083101 0.0083278 0.0057391 0.0062507 0.3233950 0.7320451 
HSV2_4                                  0.2635113 0.2635113 0.2683876 0.2635113 0.2635113 0.2683876 0.2732807 0.2689082 0.2635113 0.2689082 0.2578294 0.2583098 0.2578294 0.2683876 0.2570394 0.2570394 0.2578294 0.2570394 0.0065578 0.0043208 0.0043208 0.0000000 0.0043208 0.0043208 0.0021351 0.0065633 0.0021149 0.0000021 0.0000021 0.0021351 0.0043208 0.0043207 0.0043207 0.0021351 0.0065565 0.0066477 0.2631627 0.2579743 0.2631627 0.2631627 0.2635113 0.2685643 0.2578294 0.0631594 0.2578294 0.2578294 0.2578294 0.0021072 0.2578294 0.2578349 0.2631627 0.2631627 0.2578294 0.2578294 0.2578294 0.2530103 0.0043207 0.0043207 0.0043207 0.0116642 0.0043207 0.0043207 0.0021110 0.0021130 0.0021110 0.0043208 0.0021072 0.0043287 0.0021110 0.0021072 0.0000010 0.0021110 0.0021072 0.0043207 0.0043207 0.0065631 0.0043207 0.0021072 0.0021072 0.0000010 0.0043243 0.0043243 0.0043207 0.0021072 0.0043207 0.0065756 0.0043207 0.0043207 0.0043328 0.0043207 0.0021072 0.0043207 0.2578294 0.6908122 
HSV2_5                                  0.3203832 0.3141809 0.3170621 0.3192234 0.3192234 0.3170639 0.3180626 0.3205454 0.3203832 0.3205454 0.3143436 0.3181329 0.3117809 0.3170621 0.3167948 0.3167948 0.3165011 0.3167948 0.0014625 0.0014183 0.0019143 0.0043208 0.0000000 0.0009968 0.0013941 0.0029777 0.0004986 0.0029336 0.0000020 0.0016798 0.0038467 0.0040500 0.0057780 0.0010906 0.0062700 0.0024013 0.3168791 0.3158761 0.3134024 0.3146505 0.3168953 0.3159658 0.3158129 0.0712220 0.3201401 0.3201401 0.3144988 0.0052488 0.3120255 0.3154907 0.3120255 0.3120255 0.3201345 0.3212939 0.3131841 0.3153407 0.0062703 0.0062703 0.0062703 0.0068344 0.0062703 0.0057921 0.0042730 0.0042739 0.0052659 0.0037657 0.0047594 0.0062741 0.0042607 0.0052638 0.0042722 0.0047468 0.0052478 0.0057567 0.0047720 0.0072933 0.0057570 0.0047594 0.0052488 0.0042722 0.0068092 0.0068092 0.0057721 0.0062527 0.0062880 0.0062767 0.0062880 0.0062880 0.0067931 0.0068080 0.0052638 0.0057733 0.3141831 0.7222617 
HSV2_6                                  0.3105215 0.3027429 0.3068335 0.3092918 0.3092918 0.3068354 0.3091287 0.3106859 0.3105215 0.3106859 0.3039728 0.3093599 0.3012703 0.3068335 0.3053268 0.3053268 0.3062655 0.3053268 0.0009925 0.0009966 0.0004939 0.0043208 0.0009968 0.0000000 0.0009876 0.0015110 0.0000021 0.0030376 0.0000020 0.0011151 0.0035231 0.0028910 0.0050988 0.0010982 0.0050805 0.0019935 0.3068039 0.3055747 0.3029629 0.3042820 0.3092860 0.3082890 0.3056709 0.0711707 0.3102736 0.3102736 0.3041292 0.0045467 0.3015185 0.3053511 0.3027395 0.3027395 0.3102678 0.3114970 0.3027451 0.3050367 0.0056216 0.0056216 0.0056216 0.0062124 0.0056216 0.0045764 0.0035175 0.0035183 0.0050830 0.0040171 0.0045467 0.0061535 0.0035068 0.0050808 0.0040303 0.0040189 0.0045457 0.0050807 0.0040417 0.0072368 0.0056046 0.0045467 0.0050653 0.0040303 0.0067219 0.0067219 0.0050951 0.0061312 0.0056216 0.0061562 0.0056216 0.0056216 0.0061537 0.0061681 0.0045605 0.0050963 0.3039671 0.7017311 
HSV2_7                                  0.3776175 0.3717384 0.3756368 0.3765351 0.3765351 0.3756387 0.3787049 0.3778064 0.3776175 0.3778064 0.3730076 0.3766245 0.3694841 0.3756368 0.3775257 0.3775196 0.3751725 0.3764372 0.0009271 0.0009201 0.0013896 0.0021351 0.0013941 0.0009876 0.0000000 0.0068817 0.0004958 0.0023072 0.0000020 0.0000026 0.0028243 0.0022756 0.0047331 0.0000025 0.0047051 0.0009135 0.3782838 0.3734598 0.3745437 0.3733704 0.3753385 0.3745350 0.3733764 0.0802302 0.3773424 0.3773424 0.3742708 0.0045855 0.3708398 0.3755358 0.3708398 0.3708398 0.3773363 0.3784184 0.3719233 0.3740866 0.0059050 0.0054710 0.0059050 0.0063946 0.0054710 0.0050533 0.0037354 0.0037361 0.0063764 0.0045855 0.0050272 0.0063616 0.0037260 0.0054721 0.0045978 0.0041495 0.0045846 0.0059061 0.0045961 0.0072573 0.0059063 0.0050272 0.0054585 0.0045978 0.0068322 0.0068322 0.0059209 0.0063426 0.0063740 0.0063640 0.0068142 0.0063740 0.0068179 0.0068310 0.0054847 0.0050388 0.3717410 0.8078702 
HSV2_8                                  0.3353017 0.3276885 0.3329138 0.3341052 0.3341052 0.3329157 0.3339281 0.3354801 0.3353017 0.3354801 0.3288861 0.3328849 0.3262304 0.3329138 0.3292022 0.3292022 0.3310992 0.3292022 0.0060072 0.0034236 0.0044399 0.0065633 0.0029777 0.0015110 0.0068817 0.0000000 0.0010270 0.0090521 0.0022712 0.0011117 0.0049627 0.0034484 0.0111484 0.0016453 0.0122122 0.0080286 0.3316906 0.3303221 0.3279338 0.3290529 0.3340021 0.3318615 0.3305943 0.0810915 0.3350367 0.3350367 0.3302481 0.0110773 0.3264967 0.3316168 0.3276851 0.3276851 0.3350307 0.3362267 0.3276909 0.3299030 0.0116423 0.0116423 0.0116423 0.0122918 0.0116423 0.0111424 0.0100203 0.0100224 0.0110821 0.0105153 0.0110773 0.0121878 0.0099928 0.0110773 0.0105463 0.0105199 0.0110750 0.0116423 0.0105729 0.0133012 0.0121800 0.0110773 0.0116111 0.0105463 0.0127908 0.0127908 0.0111050 0.0121476 0.0122126 0.0121931 0.0122126 0.0122126 0.0121880 0.0127883 0.0105463 0.0111073 0.3288802 0.7427807 
HSV2_9                                  0.3106202 0.3040334 0.3070753 0.3093848 0.3093848 0.3070772 0.3081486 0.3107854 0.3106202 0.3107854 0.3041985 0.3069785 0.3029641 0.3070753 0.3054017 0.3054017 0.3065035 0.3054017 0.0005068 0.0004981 0.0005014 0.0021149 0.0004986 0.0000021 0.0004958 0.0010270 0.0000000 0.0015177 0.0000026 0.0005648 0.0030375 0.0022776 0.0035583 0.0005438 0.0040759 0.0015042 0.3068856 0.3058096 0.3031834 0.3045098 0.3081447 0.3071425 0.3057474 0.0684003 0.3103711 0.3103711 0.3043559 0.0030214 0.3017308 0.3066567 0.3029584 0.3029584 0.3103652 0.3116002 0.3029641 0.3052681 0.0040761 0.0040761 0.0040761 0.0057261 0.0040761 0.0040914 0.0025117 0.0025123 0.0030321 0.0025107 0.0025107 0.0040787 0.0030214 0.0030308 0.0020030 0.0035341 0.0035341 0.0030307 0.0030307 0.0051401 0.0035451 0.0025107 0.0030214 0.0020030 0.0046273 0.0046273 0.0040761 0.0040636 0.0040887 0.0046149 0.0040887 0.0040887 0.0046148 0.0046263 0.0030308 0.0035561 0.3040357 0.6859190 
HSV2_10                                 0.3393344 0.3330669 0.3346722 0.3381685 0.3381685 0.3346741 0.3368270 0.3395112 0.3393344 0.3395112 0.3332445 0.3382530 0.3306495 0.3346722 0.3357272 0.3345582 0.3354002 0.3345582 0.0033752 0.0023808 0.0038567 0.0000021 0.0029336 0.0030376 0.0023072 0.0090521 0.0015177 0.0000000 0.0000022 0.0005562 0.0029079 0.0005632 0.0018491 0.0016492 0.0023125 0.0028288 0.3358163 0.3334858 0.3323207 0.3322472 0.3368964 0.3346484 0.3347489 0.0738567 0.3390725 0.3390725 0.3345761 0.0018399 0.3309135 0.3369063 0.3320727 0.3320727 0.3390666 0.3402321 0.3320786 0.3342333 0.0023126 0.0023126 0.0023126 0.0042561 0.0023126 0.0027917 0.0018399 0.0018410 0.0009144 0.0009146 0.0004551 0.0013761 0.0023060 0.0009144 0.0004551 0.0027742 0.0027741 0.0004551 0.0023060 0.0013718 0.0009126 0.0004551 0.0009126 0.0004551 0.0013758 0.0013758 0.0023060 0.0018395 0.0013799 0.0009129 0.0013799 0.0013799 0.0018459 0.0018502 0.0018452 0.0018452 0.3330693 0.7481796 
HSV2_11                                 0.2395724 0.2340948 0.2336781 0.2395724 0.2395724 0.2391339 0.2386984 0.2451096 0.2395724 0.2451096 0.2283590 0.2287556 0.2283590 0.2336781 0.2227040 0.2227040 0.2283590 0.2227040 0.0022692 0.0000020 0.0000020 0.0000021 0.0000020 0.0000020 0.0000020 0.0022712 0.0000026 0.0000022 0.0000000 0.0000020 0.0000020 0.0000020 0.0000020 0.0000020 0.0000020 0.0022712 0.2337693 0.2334685 0.2337693 0.2283590 0.2395724 0.2337810 0.2283590 0.0543350 0.2337693 0.2337693 0.2283590 0.0000020 0.2283590 0.2337748 0.2337693 0.2337693 0.2337693 0.2337693 0.2283590 0.2233816 0.0000020 0.0000020 0.0000020 0.0073046 0.0000020 0.0000020 0.0000020 0.0000020 0.0000020 0.0000020 0.0000020 0.0000020 0.0000026 0.0000020 0.0000020 0.0000026 0.0000020 0.0000020 0.0000020 0.0022712 0.0000020 0.0000020 0.0000020 0.0000020 0.0022712 0.0022712 0.0000020 0.0000020 0.0000020 0.0022717 0.0000020 0.0000020 0.0000020 0.0000020 0.0000020 0.0000020 0.2283590 0.7086099 
HSV2_12                                 0.2856226 0.2772018 0.2829481 0.2842828 0.2842828 0.2829501 0.2841267 0.2857803 0.2856226 0.2857803 0.2785402 0.2829974 0.2772039 0.2829481 0.2771648 0.2771648 0.2812107 0.2771648 0.0011098 0.0005548 0.0011090 0.0021351 0.0016798 0.0011151 0.0000026 0.0011117 0.0005648 0.0005562 0.0000020 0.0000000 0.0011095 0.0017519 0.0022480 0.0000022 0.0028186 0.0011131 0.2817191 0.2800766 0.2775540 0.2786849 0.2856226 0.2831544 0.2788374 0.0730650 0.2853801 0.2853801 0.2785402 0.0016750 0.2758690 0.2800196 0.2773474 0.2773474 0.2853742 0.2867135 0.2772039 0.2798719 0.0022480 0.0022480 0.0022480 0.0040181 0.0022480 0.0022496 0.0016758 0.0016762 0.0016758 0.0011090 0.0016750 0.0028207 0.0011098 0.0016750 0.0011132 0.0016700 0.0022402 0.0022480 0.0022480 0.0039851 0.0028188 0.0016750 0.0016750 0.0011132 0.0034166 0.0034166 0.0022480 0.0022402 0.0022480 0.0028207 0.0022480 0.0022480 0.0022496 0.0028285 0.0016750 0.0022480 0.2785344 0.6674784 
HSV2_13                                 0.3161308 0.3099151 0.3127954 0.3149671 0.3149671 0.3127973 0.3149652 0.3162904 0.3161308 0.3162904 0.3100751 0.3162042 0.3075083 0.3127954 0.3125303 0.3125303 0.3122429 0.3125303 0.0039123 0.0038253 0.0043177 0.0043208 0.0038467 0.0035231 0.0028243 0.0049627 0.0030375 0.0029079 0.0000020 0.0011095 0.0000000 0.0017164 0.0028566 0.0021977 0.0033397 0.0038315 0.3126140 0.3116045 0.3091257 0.3103769 0.3137037 0.3127667 0.3115431 0.0734731 0.3158909 0.3158909 0.3102277 0.0014072 0.3077495 0.3137129 0.3077495 0.3077495 0.3158853 0.3170486 0.3089118 0.3110787 0.0023729 0.0023729 0.0023729 0.0038639 0.0023729 0.0028650 0.0014077 0.0014080 0.0033420 0.0018773 0.0028477 0.0043321 0.0004656 0.0033406 0.0033316 0.0009331 0.0014069 0.0033406 0.0018879 0.0053350 0.0038277 0.0028477 0.0023665 0.0033316 0.0058530 0.0058530 0.0023797 0.0033399 0.0043421 0.0043321 0.0043421 0.0043421 0.0038508 0.0048510 0.0023664 0.0028554 0.3099173 0.7193375 
HSV2_14                                 0.2912618 0.2826978 0.2855076 0.2899010 0.2899010 0.2855097 0.2853449 0.2914270 0.2912618 0.2914270 0.2840572 0.2873988 0.2827000 0.2855076 0.2826620 0.2826620 0.2867695 0.2826620 0.0034877 0.0034495 0.0040531 0.0043207 0.0040500 0.0028910 0.0022756 0.0034484 0.0022776 0.0005632 0.0000020 0.0017519 0.0017164 0.0000000 0.0000026 0.0029106 0.0011253 0.0022692 0.2857853 0.2826009 0.2830685 0.2811915 0.2899010 0.2830051 0.2843688 0.0795619 0.2910091 0.2910091 0.2840572 0.0005600 0.2813442 0.2855645 0.2828505 0.2828505 0.2910030 0.2923633 0.2827000 0.2854097 0.0000026 0.0000026 0.0000026 0.0022925 0.0000026 0.0005604 0.0005603 0.0005604 0.0005603 0.0017049 0.0005600 0.0005593 0.0005603 0.0005600 0.0011256 0.0011259 0.0011253 0.0000026 0.0000026 0.0016937 0.0005580 0.0005600 0.0005600 0.0011256 0.0022740 0.0022740 0.0000026 0.0011253 0.0005600 0.0011267 0.0005600 0.0005600 0.0000026 0.0011293 0.0005600 0.0000026 0.2840513 0.6842148 
HSV2_15                                 0.3777407 0.3717736 0.3731546 0.3766420 0.3766420 0.3731566 0.3749693 0.3779325 0.3777407 0.3779325 0.3730618 0.3765420 0.3694858 0.3731546 0.3765427 0.3765366 0.3750695 0.3754388 0.0057649 0.0052295 0.0062558 0.0043207 0.0057780 0.0050988 0.0047331 0.0111484 0.0035583 0.0018491 0.0000020 0.0022480 0.0028566 0.0000026 0.0000000 0.0033317 0.0012639 0.0042014 0.3771177 0.3694832 0.3733291 0.3693946 0.3765251 0.3731340 0.3734362 0.0807715 0.3774613 0.3774613 0.3743439 0.0012453 0.3695796 0.3767263 0.3708617 0.3708617 0.3774551 0.3785534 0.3719613 0.3739683 0.0008236 0.0004111 0.0008236 0.0025239 0.0004111 0.0008267 0.0012457 0.0012460 0.0012460 0.0025286 0.0016691 0.0012429 0.0016651 0.0012455 0.0020912 0.0020857 0.0020850 0.0016647 0.0012420 0.0020856 0.0016648 0.0016691 0.0020908 0.0020912 0.0025159 0.0025159 0.0016608 0.0020854 0.0012455 0.0016663 0.0012455 0.0012455 0.0016657 0.0016691 0.0004122 0.0000021 0.3717763 0.8045975 
HSV2_16                                 0.2890088 0.2807241 0.2850596 0.2876919 0.2876919 0.2850616 0.2862210 0.2891667 0.2890088 0.2891667 0.2820399 0.2852672 0.2807262 0.2850596 0.2819972 0.2819972 0.2846653 0.2819972 0.0010910 0.0005415 0.0010858 0.0021351 0.0010906 0.0010982 0.0000025 0.0016453 0.0005438 0.0016492 0.0000020 0.0000022 0.0021977 0.0029106 0.0033317 0.0000000 0.0038986 0.0010903 0.2851758 0.2822383 0.2810784 0.2808702 0.2863704 0.2852709 0.2838025 0.0733429 0.2887667 0.2887667 0.2820399 0.0033204 0.2794138 0.2834972 0.2808702 0.2808702 0.2887609 0.2900773 0.2807262 0.2833491 0.0038988 0.0038988 0.0038988 0.0051016 0.0038988 0.0033341 0.0027592 0.0027599 0.0027592 0.0016332 0.0027580 0.0039015 0.0027507 0.0027580 0.0022003 0.0033108 0.0038857 0.0033317 0.0033317 0.0050608 0.0038988 0.0027580 0.0033204 0.0022003 0.0045004 0.0045004 0.0038988 0.0038857 0.0033317 0.0039034 0.0033317 0.0033317 0.0039016 0.0039120 0.0027580 0.0033317 0.2820342 0.6634029 
HSV2_17                                 0.3718051 0.3658972 0.3672615 0.3707157 0.3707157 0.3672634 0.3703454 0.3719915 0.3718051 0.3719915 0.3671706 0.3708032 0.3636300 0.3672615 0.3717125 0.3706171 0.3693493 0.3706171 0.0057460 0.0057145 0.0067483 0.0065565 0.0062700 0.0050805 0.0047051 0.0122122 0.0040759 0.0023125 0.0000020 0.0028186 0.0033397 0.0011253 0.0012639 0.0038986 0.0000000 0.0046780 0.3724618 0.3650754 0.3687066 0.3649893 0.3707866 0.3674228 0.3675344 0.0814066 0.3715330 0.3715330 0.3684382 0.0016630 0.3637217 0.3709825 0.3649893 0.3649893 0.3715269 0.3726160 0.3660795 0.3682566 0.0016630 0.0016630 0.0016630 0.0033952 0.0016630 0.0012416 0.0016636 0.0016639 0.0025204 0.0029543 0.0020894 0.0025143 0.0020843 0.0025195 0.0025134 0.0025069 0.0025060 0.0020839 0.0016587 0.0033751 0.0020840 0.0020894 0.0025130 0.0025134 0.0038162 0.0038162 0.0029390 0.0033746 0.0016630 0.0029487 0.0020836 0.0016630 0.0029477 0.0020890 0.0016674 0.0012444 0.3658998 0.8046029 
HSV2_18                                 0.3386271 0.3323588 0.3326257 0.3374609 0.3374609 0.3326276 0.3347790 0.3388035 0.3386271 0.3388035 0.3325360 0.3375450 0.3299408 0.3326257 0.3350189 0.3350189 0.3346928 0.3350189 0.0019004 0.0018772 0.0023723 0.0066477 0.0024013 0.0019935 0.0009135 0.0080286 0.0015042 0.0028288 0.0022712 0.0011131 0.0038315 0.0022692 0.0042014 0.0010903 0.0046780 0.0000000 0.3351078 0.3314404 0.3316112 0.3302043 0.3361885 0.3326014 0.3340399 0.0724068 0.3383657 0.3383657 0.3338676 0.0046782 0.3302043 0.3361984 0.3302043 0.3302043 0.3383597 0.3395267 0.3313697 0.3335256 0.0046782 0.0046782 0.0046782 0.0052080 0.0046782 0.0042132 0.0037242 0.0037249 0.0056775 0.0046782 0.0051747 0.0056628 0.0037136 0.0056752 0.0046923 0.0041886 0.0046772 0.0046792 0.0032397 0.0056752 0.0051602 0.0051747 0.0056594 0.0046923 0.0061819 0.0061819 0.0046914 0.0066546 0.0056752 0.0056651 0.0056752 0.0056752 0.0061674 0.0061808 0.0046913 0.0041996 0.3323612 0.7544253 
JN400093_Human_herpesvirus_1            0.0115039 0.0101611 0.0115329 0.0110545 0.0110545 0.0110828 0.0101319 0.0115304 0.0115039 0.0115304 0.0088113 0.0137817 0.0092722 0.0115329 0.0102257 0.0102255 0.0065884 0.0102257 0.3172086 0.3190104 0.3261304 0.2631627 0.3168791 0.3068039 0.3782838 0.3316906 0.3068856 0.3358163 0.2337693 0.2817191 0.3126140 0.2857853 0.3771177 0.2851758 0.3724618 0.3351078 0.0000000 0.0120132 0.0040322 0.0101855 0.0128669 0.0115029 0.0079367 0.3881176 0.0106259 0.0110998 0.0097141 0.3902066 0.0083953 0.0110233 0.0083736 0.0083736 0.0110742 0.0115242 0.0083739 0.0070162 0.3938463 0.3927645 0.3938463 0.3968279 0.3927645 0.3940422 0.3914838 0.3915838 0.3927704 0.3900170 0.3900127 0.3939517 0.3914838 0.3912915 0.3900127 0.3925700 0.3923771 0.3923665 0.3925685 0.3926626 0.3923728 0.3900127 0.3900127 0.3900127 0.3963285 0.3963285 0.3914883 0.3923771 0.3938482 0.3954334 0.3926598 0.3938482 0.3941430 0.3951350 0.3940453 0.3927645 0.0079176 0.8564128 
JN420337_Human_herpesvirus_1            0.0061224 0.0057296 0.0036155 0.0057019 0.0057019 0.0031918 0.0056870 0.0061373 0.0061224 0.0061373 0.0044387 0.0101345 0.0048648 0.0036155 0.0101101 0.0101098 0.0065767 0.0101101 0.3172119 0.3180134 0.3249616 0.2579743 0.3158761 0.3055747 0.3734598 0.3303221 0.3058096 0.3334858 0.2334685 0.2800766 0.3116045 0.2826009 0.3694832 0.2822383 0.3650754 0.3314404 0.0120132 0.0000000 0.0092285 0.0015810 0.0074329 0.0079010 0.0053212 0.3847081 0.0069851 0.0074298 0.0052814 0.3855903 0.0040370 0.0074480 0.0048781 0.0048781 0.0065587 0.0069836 0.0040264 0.0070039 0.3852021 0.3841300 0.3852021 0.3881387 0.3841300 0.3853927 0.3868607 0.3869593 0.3866718 0.3854043 0.3854001 0.3853065 0.3868607 0.3852082 0.3854001 0.3879427 0.3877524 0.3852040 0.3854001 0.3840308 0.3829570 0.3854001 0.3854001 0.3854001 0.3876546 0.3876546 0.3828705 0.3862872 0.3852040 0.3867660 0.3862830 0.3852040 0.3854908 0.3864737 0.3879340 0.3841300 0.0044495 0.8608072 
JN420338_Human_herpesvirus_1            0.0096675 0.0083530 0.0087690 0.0092276 0.0092276 0.0092086 0.0074269 0.0096902 0.0096675 0.0096902 0.0061507 0.0118973 0.0065906 0.0087690 0.0092889 0.0092886 0.0048495 0.0092889 0.3135621 0.3155492 0.3224637 0.2631627 0.3134024 0.3029629 0.3745437 0.3279338 0.3031834 0.3323207 0.2337693 0.2775540 0.3091257 0.2830685 0.3733291 0.2810784 0.3687066 0.3316112 0.0040322 0.0092285 0.0000000 0.0074671 0.0110014 0.0096667 0.0061802 0.3844146 0.0096873 0.0101536 0.0070176 0.3864746 0.0057431 0.0092011 0.0057280 0.0057280 0.0092445 0.0096851 0.0057282 0.0052658 0.3900954 0.3890179 0.3900954 0.3930574 0.3890179 0.3902890 0.3877453 0.3878441 0.3890244 0.3862881 0.3862838 0.3902004 0.3877453 0.3875552 0.3862838 0.3888273 0.3886366 0.3886261 0.3888250 0.3889172 0.3886323 0.3862838 0.3862838 0.3862838 0.3925647 0.3925647 0.3877490 0.3886366 0.3900974 0.3916725 0.3889144 0.3900974 0.3903887 0.3913767 0.3902913 0.3890179 0.0061652 0.8648186 
JN420339_Human_herpesvirus_1            0.0061369 0.0048778 0.0019858 0.0057155 0.0057155 0.0023888 0.0040162 0.0061518 0.0061369 0.0061518 0.0027927 0.0083525 0.0040264 0.0019858 0.0083321 0.0083318 0.0048773 0.0083321 0.3159807 0.3167923 0.3237229 0.2631627 0.3146505 0.3042820 0.3733704 0.3290529 0.3045098 0.3322472 0.2283590 0.2786849 0.3103769 0.2811915 0.3693946 0.2808702 0.3649893 0.3302043 0.0101855 0.0015810 0.0074671 0.0000000 0.0065931 0.0061683 0.0044721 0.3846151 0.0070016 0.0074472 0.0036151 0.3854963 0.0023948 0.0074659 0.0032155 0.0032155 0.0065742 0.0070000 0.0023884 0.0052959 0.3851084 0.3840368 0.3851084 0.3880435 0.3840368 0.3852989 0.3867661 0.3868646 0.3865773 0.3853105 0.3853062 0.3852128 0.3867661 0.3851145 0.3853062 0.3878475 0.3876574 0.3851103 0.3853062 0.3839377 0.3828644 0.3853062 0.3853062 0.3853062 0.3875597 0.3875597 0.3827780 0.3861930 0.3851103 0.3866715 0.3861888 0.3851103 0.3853970 0.3863794 0.3878389 0.3840368 0.0036157 0.8615948 
