101
HM585496_Human_herpesvirus_1            0.0000000 0.0103868 0.0126387 0.0011820 0.0011820 0.0147738 0.0139778 0.0003924 0.0007868 0.0003924 0.0000010 0.0000010 0.0131560 0.0056505 0.0103747 0.0121849 0.0143441 0.0139085 0.0152613 0.0134606 0.5734708 0.5687807 0.5919424 0.5415857 0.5714557 0.5868898 0.5745144 0.5635755 0.5709477 0.5722958 0.3922424 0.5788473 0.5748608 0.5849072 0.5841830 0.5594274 0.5720025 0.5725617 0.0126407 0.0191438 0.0121754 0.0144429 0.0160114 0.0130920 0.0176075 0.6595421 0.0158959 0.0140252 0.0158483 0.6923559 0.0126361 0.0120998 0.0121217 0.0121217 0.0152132 0.0150669 0.0125878 0.0152714 0.6903578 0.6960566 0.6899746 0.6850096 0.6960566 0.6903578 0.6843271 0.6967757 0.6858006 0.6956353 0.6879651 0.6929203 0.6910547 0.6873588 0.6905084 0.6940040 0.6913507 0.6914531 0.6891764 0.6837456 0.6908619 0.6908619 0.6930853 0.6924961 0.6883725 0.6921832 0.6925111 0.6940040 0.6829547 0.6851306 0.6896888 0.6847748 0.6889068 0.6846346 0.6889068 0.6840417 0.6869987 0.6919370 0.6908759 0.6899746 0.6930265 0.0149821 1.4837027 
HM585497_Human_herpesvirus_1            0.0103868 0.0000000 0.0095092 0.0090781 0.0090781 0.0099498 0.0109132 0.0108308 0.0103892 0.0108308 0.0103868 0.0126006 0.0091337 0.0108178 0.0073902 0.0090709 0.0112797 0.0108519 0.0121723 0.0104148 0.5688897 0.5642213 0.5875508 0.5259951 0.5679069 0.5818661 0.5699534 0.5593121 0.5663999 0.5677339 0.3793012 0.5739263 0.5701356 0.5805161 0.5793793 0.5539751 0.5674509 0.5676540 0.0095255 0.0158474 0.0090779 0.0112779 0.0119781 0.0109333 0.0131272 0.6589558 0.0136840 0.0118438 0.0118469 0.6906845 0.0078003 0.0099672 0.0091092 0.0091092 0.0098158 0.0101641 0.0095615 0.0121805 0.6886860 0.6943804 0.6883037 0.6833346 0.6943804 0.6886860 0.6826584 0.6950979 0.6841323 0.6939602 0.6854002 0.6912470 0.6893820 0.6856836 0.6879385 0.6923302 0.6896786 0.6897806 0.6866055 0.6829635 0.6882915 0.6882915 0.6914144 0.6908231 0.6867007 0.6905114 0.6908382 0.6923302 0.6812864 0.6834621 0.6871139 0.6831064 0.6872362 0.6829645 0.6872362 0.6823739 0.6853297 0.6902642 0.6892032 0.6883037 0.6913556 0.0108977 1.4863758 
HM585498_Human_herpesvirus_1            0.0126387 0.0095092 0.0000000 0.0130806 0.0130806 0.0086239 0.0082640 0.0130937 0.0126418 0.0130937 0.0126387 0.0108332 0.0069611 0.0144288 0.0077819 0.0003926 0.0082059 0.0077879 0.0090701 0.0073614 0.5785810 0.5738458 0.5974018 0.5386698 0.5774878 0.5925641 0.5796064 0.5676049 0.5760092 0.5773791 0.3890691 0.5838399 0.5801396 0.5901684 0.5892844 0.5636232 0.5770730 0.5780341 0.0081874 0.0135415 0.0077498 0.0082005 0.0118982 0.0087209 0.0139536 0.6663114 0.0131809 0.0113520 0.0113750 0.6975577 0.0064912 0.0077877 0.0060980 0.0060980 0.0097890 0.0096927 0.0065328 0.0090763 0.6955468 0.7012990 0.6951582 0.6901720 0.7012990 0.6955468 0.6894653 0.7020282 0.6909478 0.7008712 0.6931341 0.6981320 0.6962515 0.6925381 0.6956997 0.6992247 0.6965478 0.6966518 0.6943635 0.6891193 0.6960560 0.6960560 0.6982906 0.6977035 0.6935479 0.6973847 0.6977183 0.6992247 0.6880822 0.6902738 0.6948866 0.6899151 0.6940821 0.6897792 0.6940821 0.6891753 0.6921562 0.6971402 0.6960712 0.6951582 0.6982311 0.0095336 1.5054600 
HM585499_Human_herpesvirus_1            0.0011820 0.0090781 0.0130806 0.0000000 0.0000010 0.0143254 0.0135308 0.0015803 0.0011823 0.0015803 0.0011820 0.0023672 0.0136014 0.0060645 0.0099417 0.0126249 0.0147902 0.0143535 0.0157108 0.0139040 0.5734708 0.5687807 0.5919424 0.5415857 0.5714557 0.5868898 0.5745144 0.5635755 0.5709477 0.5722958 0.3922424 0.5788473 0.5748608 0.5849072 0.5841830 0.5594274 0.5720025 0.5725617 0.0139938 0.0205730 0.0135212 0.0158167 0.0164952 0.0144497 0.0180917 0.6581734 0.0172930 0.0153999 0.0172399 0.6939625 0.0121935 0.0134397 0.0125602 0.0125602 0.0152132 0.0155203 0.0130282 0.0157211 0.6919616 0.6976738 0.6915769 0.6866079 0.6976738 0.6919616 0.6859184 0.6983956 0.6873939 0.6972507 0.6895640 0.6945297 0.6926605 0.6889611 0.6921128 0.6956156 0.6929564 0.6930592 0.6907802 0.6853347 0.6924669 0.6924669 0.6946927 0.6941044 0.6899731 0.6937898 0.6941193 0.6956156 0.6845433 0.6867230 0.6912956 0.6863665 0.6905071 0.6862277 0.6905071 0.6856317 0.6885945 0.6935443 0.6924813 0.6915769 0.6946336 0.0154328 1.4793923 
HM585500_Human_herpesvirus_1            0.0011820 0.0090781 0.0130806 0.0000010 0.0000000 0.0143254 0.0135308 0.0015803 0.0011823 0.0015803 0.0011820 0.0023672 0.0136014 0.0060645 0.0099417 0.0126249 0.0147902 0.0143535 0.0157108 0.0139040 0.5734708 0.5687807 0.5919424 0.5415857 0.5714557 0.5868898 0.5745144 0.5635755 0.5709477 0.5722958 0.3922424 0.5788473 0.5748608 0.5849072 0.5841830 0.5594274 0.5720025 0.5725617 0.0139938 0.0205730 0.0135212 0.0158167 0.0164952 0.0144497 0.0180917 0.6581734 0.0172930 0.0153999 0.0172399 0.6939625 0.0121935 0.0134397 0.0125602 0.0125602 0.0152132 0.0155203 0.0130282 0.0157211 0.6919616 0.6976738 0.6915769 0.6866079 0.6976738 0.6919616 0.6859184 0.6983956 0.6873939 0.6972507 0.6895640 0.6945297 0.6926605 0.6889611 0.6921128 0.6956156 0.6929564 0.6930592 0.6907802 0.6853347 0.6924669 0.6924669 0.6946927 0.6941044 0.6899731 0.6937898 0.6941193 0.6956156 0.6845433 0.6867230 0.6912956 0.6863665 0.6905071 0.6862277 0.6905071 0.6856317 0.6885945 0.6935443 0.6924813 0.6915769 0.6946336 0.0154328 1.4793923 
HM585501_Human_herpesvirus_1            0.0147738 0.0099498 0.0086239 0.0143254 0.0143254 0.0000000 0.0107763 0.0152358 0.0147775 0.0152358 0.0147738 0.0142220 0.0073991 0.0156880 0.0056334 0.0081908 0.0085732 0.0081563 0.0094360 0.0077329 0.5723812 0.5677028 0.5907699 0.5363395 0.5713618 0.5856742 0.5734281 0.5628422 0.5698695 0.5712123 0.3917656 0.5779826 0.5737349 0.5829685 0.5830902 0.5574956 0.5709219 0.5713951 0.0103548 0.0131090 0.0090475 0.0095110 0.0109307 0.0099515 0.0125235 0.6595131 0.0117534 0.0099584 0.0126235 0.6914623 0.0077743 0.0090036 0.0064701 0.0064701 0.0097070 0.0100651 0.0060701 0.0094424 0.6894667 0.6951555 0.6890844 0.6841239 0.6951555 0.6894667 0.6834456 0.6958727 0.6849174 0.6947353 0.6870778 0.6920249 0.6901621 0.6864698 0.6896168 0.6931069 0.6904581 0.6905601 0.6882858 0.6837495 0.6899698 0.6899698 0.6921910 0.6916014 0.6874840 0.6912896 0.6916165 0.6931069 0.6820752 0.6842482 0.6887963 0.6838929 0.6880182 0.6837520 0.6880182 0.6831611 0.6861135 0.6910432 0.6899835 0.6890844 0.6921323 0.0108614 1.4767721 
HM585502_Human_herpesvirus_1            0.0139778 0.0109132 0.0082640 0.0135308 0.0135308 0.0107763 0.0000000 0.0144379 0.0139812 0.0144379 0.0139778 0.0117205 0.0109278 0.0157850 0.0077973 0.0078302 0.0103375 0.0099145 0.0112177 0.0094832 0.5701549 0.5654931 0.5888281 0.5249725 0.5691610 0.5836529 0.5712102 0.5606125 0.5676626 0.5689969 0.3782015 0.5744532 0.5714369 0.5800181 0.5819504 0.5552837 0.5687118 0.5690123 0.0086782 0.0177469 0.0082354 0.0121983 0.0118961 0.0108788 0.0134937 0.6549984 0.0145323 0.0126840 0.0136250 0.6907180 0.0078232 0.0107925 0.0073392 0.0073392 0.0107074 0.0118846 0.0077794 0.0112253 0.6887236 0.6944066 0.6883420 0.6833829 0.6944066 0.6887236 0.6827079 0.6951227 0.6841788 0.6939872 0.6863368 0.6912794 0.6894182 0.6857272 0.6888734 0.6923605 0.6897142 0.6898160 0.6875426 0.6830123 0.6892261 0.6892261 0.6914464 0.6908564 0.6867422 0.6905453 0.6908715 0.6923605 0.6813386 0.6835100 0.6880518 0.6831550 0.6872766 0.6830134 0.6872766 0.6824239 0.6853739 0.6902986 0.6892397 0.6883420 0.6907451 0.0100364 1.5002353 
HM585503_Human_herpesvirus_1            0.0003924 0.0108308 0.0130937 0.0015803 0.0015803 0.0152358 0.0144379 0.0000000 0.0011834 0.0000010 0.0003924 0.0000010 0.0136151 0.0060705 0.0108183 0.0126376 0.0148049 0.0143678 0.0157265 0.0139179 0.5720940 0.5674116 0.5904900 0.5415857 0.5700947 0.5853758 0.5731433 0.5621925 0.5695815 0.5709250 0.3922424 0.5772427 0.5734402 0.5833238 0.5828182 0.5580511 0.5706349 0.5710861 0.0130956 0.0196266 0.0126277 0.0149054 0.0164870 0.0135487 0.0180830 0.6582499 0.0163668 0.0144879 0.0163173 0.6910137 0.0130910 0.0125501 0.0125728 0.0125728 0.0157302 0.0155359 0.0130413 0.0157368 0.6890172 0.6947072 0.6886350 0.6836712 0.6947072 0.6890172 0.6829943 0.6954244 0.6844668 0.6942872 0.6866276 0.6915761 0.6897127 0.6860181 0.6891673 0.6926585 0.6900089 0.6901109 0.6878353 0.6824144 0.6895204 0.6895204 0.6917429 0.6911526 0.6870337 0.6908409 0.6911676 0.6926585 0.6816234 0.6837973 0.6883454 0.6834419 0.6875684 0.6833004 0.6875684 0.6827099 0.6856633 0.6905941 0.6895340 0.6886350 0.6916842 0.0154483 1.4802480 
HM585504_Human_herpesvirus_1            0.0007868 0.0103892 0.0126418 0.0011823 0.0011823 0.0147775 0.0139812 0.0011834 0.0000000 0.0011834 0.0007868 0.0015734 0.0131592 0.0056516 0.0103770 0.0121878 0.0143477 0.0139119 0.0152652 0.0134639 0.5748611 0.5701645 0.5934030 0.5415857 0.5720291 0.5884141 0.5758984 0.5649751 0.5723278 0.5736802 0.3922424 0.5804651 0.5762949 0.5865023 0.5847626 0.5608224 0.5707750 0.5740512 0.0130977 0.0196316 0.0126296 0.0149081 0.0169469 0.0135509 0.0180872 0.6585416 0.0163702 0.0144904 0.0163207 0.6943404 0.0126391 0.0125518 0.0121245 0.0121245 0.0152210 0.0146072 0.0125908 0.0152752 0.6923393 0.6980530 0.6919544 0.6869860 0.6980530 0.6923393 0.6862950 0.6969401 0.6877705 0.6957992 0.6899413 0.6930838 0.6912180 0.6893394 0.6924906 0.6941677 0.6933344 0.6934373 0.6911583 0.6857110 0.6928449 0.6928449 0.6932486 0.6926595 0.6885354 0.6941677 0.6944975 0.6941677 0.6849198 0.6870997 0.6916743 0.6867431 0.6908845 0.6866047 0.6908845 0.6860081 0.6889714 0.6939224 0.6928593 0.6919544 0.6950114 0.0145251 1.4826909 
HM585505_Human_herpesvirus_1            0.0003924 0.0108308 0.0130937 0.0015803 0.0015803 0.0152358 0.0144379 0.0000010 0.0011834 0.0000000 0.0003924 0.0000010 0.0136151 0.0060705 0.0108183 0.0126376 0.0148049 0.0143678 0.0157265 0.0139179 0.5720940 0.5674116 0.5904900 0.5415857 0.5700947 0.5853758 0.5731433 0.5621925 0.5695815 0.5709250 0.3922424 0.5772427 0.5734402 0.5833238 0.5828182 0.5580511 0.5706349 0.5710861 0.0130956 0.0196266 0.0126277 0.0149054 0.0164870 0.0135487 0.0180830 0.6582499 0.0163668 0.0144879 0.0163173 0.6910137 0.0130910 0.0125501 0.0125728 0.0125728 0.0157302 0.0155359 0.0130413 0.0157368 0.6890172 0.6947072 0.6886350 0.6836712 0.6947072 0.6890172 0.6829943 0.6954244 0.6844668 0.6942872 0.6866276 0.6915761 0.6897127 0.6860181 0.6891673 0.6926585 0.6900089 0.6901109 0.6878353 0.6824144 0.6895204 0.6895204 0.6917429 0.6911526 0.6870337 0.6908409 0.6911676 0.6926585 0.6816234 0.6837973 0.6883454 0.6834419 0.6875684 0.6833004 0.6875684 0.6827099 0.6856633 0.6905941 0.6895340 0.6886350 0.6916842 0.0154483 1.4802480 
HM585506_Human_herpesvirus_1            0.0000010 0.0103868 0.0126387 0.0011820 0.0011820 0.0147738 0.0139778 0.0003924 0.0007868 0.0003924 0.0000000 0.0000010 0.0131560 0.0056505 0.0103747 0.0121849 0.0143441 0.0139085 0.0152613 0.0134606 0.5734708 0.5687807 0.5919424 0.5415857 0.5714557 0.5868898 0.5745144 0.5635755 0.5709477 0.5722958 0.3922424 0.5788473 0.5748608 0.5849072 0.5841830 0.5594274 0.5720025 0.5725617 0.0126407 0.0191438 0.0121754 0.0144429 0.0160114 0.0130920 0.0176075 0.6595421 0.0158959 0.0140252 0.0158483 0.6923559 0.0126361 0.0120998 0.0121217 0.0121217 0.0152132 0.0150669 0.0125878 0.0152714 0.6903578 0.6960566 0.6899746 0.6850096 0.6960566 0.6903578 0.6843271 0.6967757 0.6858006 0.6956353 0.6879651 0.6929203 0.6910547 0.6873588 0.6905084 0.6940040 0.6913507 0.6914531 0.6891764 0.6837456 0.6908619 0.6908619 0.6930853 0.6924961 0.6883725 0.6921832 0.6925111 0.6940040 0.6829547 0.6851306 0.6896888 0.6847748 0.6889068 0.6846346 0.6889068 0.6840417 0.6869987 0.6919370 0.6908759 0.6899746 0.6930265 0.0149821 1.4837027 
HM585507_Human_herpesvirus_1            0.0000010 0.0126006 0.0108332 0.0023672 0.0023672 0.0142220 0.0117205 0.0000010 0.0015734 0.0000010 0.0000010 0.0000000 0.0117862 0.0064697 0.0098796 0.0108332 0.0107071 0.0098631 0.0133514 0.0089997 0.5032402 0.4933809 0.5077627 0.3643862 0.4953443 0.4659921 0.5035310 0.4738825 0.5019537 0.5043931 0.2563358 0.4504568 0.4924816 0.4772573 0.5272187 0.4708353 0.4976039 0.4576089 0.0108319 0.0249984 0.0099429 0.0117592 0.0137691 0.0098621 0.0160565 0.7163387 0.0173082 0.0154451 0.0116383 0.7553791 0.0116829 0.0098555 0.0089851 0.0089851 0.0124431 0.0126593 0.0098948 0.0124841 0.7562502 0.7553791 0.7553791 0.7497384 0.7553791 0.7562502 0.7438391 0.7694660 0.7440767 0.7668380 0.7587625 0.7638097 0.7542929 0.7473011 0.7563796 0.7615736 0.7553791 0.7583748 0.7542501 0.7483884 0.7573379 0.7573379 0.7610397 0.7605439 0.7518502 0.7576071 0.7618029 0.7615736 0.7442704 0.7488217 0.7538360 0.7480750 0.7517450 0.7465324 0.7517450 0.7438391 0.7509849 0.7550213 0.7553791 0.7553791 0.7631424 0.0145729 1.6766597 
HM585508_Human_herpesvirus_1            0.0131560 0.0091337 0.0069611 0.0136014 0.0136014 0.0073991 0.0109278 0.0136151 0.0131592 0.0136151 0.0131560 0.0117862 0.0000000 0.0140599 0.0065555 0.0065356 0.0086963 0.0082742 0.0086952 0.0078429 0.5703037 0.5638197 0.5886546 0.5240504 0.5657276 0.5821362 0.5710163 0.5613251 0.5660023 0.5691394 0.3969646 0.5737841 0.5684941 0.5801496 0.5792726 0.5559606 0.5676615 0.5659452 0.0086771 0.0105031 0.0082330 0.0082643 0.0110849 0.0083443 0.0126951 0.6619721 0.0101338 0.0083474 0.0114847 0.6912380 0.0052711 0.0065640 0.0048841 0.0048841 0.0093608 0.0093120 0.0061615 0.0087011 0.6892365 0.6949414 0.6888533 0.6838776 0.6949414 0.6892365 0.6831982 0.6956605 0.6846743 0.6945201 0.6886554 0.6918020 0.6899339 0.6862304 0.6893870 0.6928871 0.6902308 0.6903330 0.6880519 0.6835033 0.6897410 0.6897410 0.6919689 0.6913774 0.6872480 0.6910648 0.6913925 0.6928871 0.6818239 0.6840032 0.6882919 0.6836468 0.6877840 0.6835053 0.6877840 0.6829130 0.6858739 0.6908175 0.6897548 0.6888533 0.6919100 0.0091586 1.4850199 
HM585509_Human_herpesvirus_1            0.0056505 0.0108178 0.0144288 0.0060645 0.0060645 0.0156880 0.0157850 0.0060705 0.0056516 0.0060705 0.0056505 0.0064697 0.0140599 0.0000000 0.0121296 0.0139671 0.0152505 0.0148122 0.0161756 0.0143607 0.5726516 0.5679582 0.5903646 0.5466577 0.5716264 0.5860141 0.5737004 0.5627359 0.5701306 0.5714782 0.4005695 0.5779032 0.5740180 0.5831670 0.5820104 0.5589901 0.5711863 0.5716821 0.0135571 0.0205329 0.0130864 0.0153754 0.0165062 0.0140167 0.0181037 0.6535048 0.0177678 0.0158665 0.0168499 0.6913349 0.0135321 0.0138938 0.0130108 0.0130108 0.0152078 0.0145993 0.0134811 0.0161861 0.6893358 0.6950341 0.6889530 0.6839835 0.6950341 0.6893358 0.6833046 0.6957525 0.6847789 0.6946133 0.6864845 0.6918983 0.6900324 0.6863335 0.6890263 0.6929822 0.6903289 0.6904311 0.6876930 0.6836091 0.6893797 0.6893797 0.6920649 0.6914742 0.6873497 0.6911619 0.6914892 0.6929822 0.6819319 0.6841085 0.6882033 0.6837526 0.6878849 0.6836114 0.6878849 0.6830196 0.6859771 0.6909150 0.6898535 0.6889530 0.6920061 0.0149917 1.4748855 
HM585510_Human_herpesvirus_1            0.0103747 0.0073902 0.0077819 0.0099417 0.0099417 0.0056334 0.0077973 0.0108183 0.0103770 0.0108183 0.0103747 0.0098796 0.0065555 0.0121296 0.0000000 0.0073521 0.0094398 0.0090198 0.0103114 0.0085925 0.5702601 0.5655803 0.5885880 0.5245281 0.5692614 0.5833837 0.5713189 0.5606819 0.5677577 0.5690973 0.3853341 0.5741323 0.5715504 0.5791870 0.5810182 0.5553322 0.5688109 0.5691201 0.0082266 0.0127016 0.0082062 0.0103815 0.0091953 0.0090841 0.0107985 0.6566737 0.0100087 0.0082421 0.0117337 0.6910590 0.0069443 0.0081571 0.0064813 0.0064813 0.0092403 0.0100667 0.0069154 0.0103184 0.6890587 0.6947597 0.6886757 0.6837026 0.6947597 0.6890587 0.6840895 0.6954783 0.6844996 0.6943388 0.6866645 0.6916225 0.6897555 0.6860539 0.6892090 0.6927069 0.6900523 0.6901545 0.6878745 0.6833293 0.6895628 0.6895628 0.6917895 0.6911981 0.6870714 0.6908858 0.6912132 0.6927069 0.6827154 0.6848940 0.6894567 0.6834727 0.6876071 0.6833310 0.6876071 0.6838038 0.6856984 0.6906386 0.6895765 0.6886757 0.6917307 0.0100115 1.4806710 
HM585511_Human_herpesvirus_1            0.0121849 0.0090709 0.0003926 0.0126249 0.0126249 0.0081908 0.0078302 0.0126376 0.0121878 0.0126376 0.0121849 0.0108332 0.0065356 0.0139671 0.0073521 0.0000000 0.0077743 0.0073578 0.0086341 0.0069356 0.5768797 0.5721558 0.5955992 0.5329785 0.5758059 0.5906861 0.5779120 0.5659012 0.5743221 0.5756858 0.3842022 0.5818534 0.5783831 0.5882027 0.5875944 0.5619279 0.5753837 0.5762109 0.0077563 0.0130834 0.0073215 0.0077690 0.0114422 0.0082837 0.0134947 0.6646844 0.0127221 0.0109020 0.0109252 0.6958612 0.0060685 0.0073577 0.0056760 0.0056760 0.0093006 0.0092503 0.0061080 0.0086400 0.6938529 0.6995922 0.6934658 0.6884825 0.6995922 0.6938529 0.6877832 0.7003187 0.6892639 0.6991662 0.6914448 0.6964328 0.6945556 0.6908450 0.6940052 0.6975234 0.6948520 0.6949556 0.6926693 0.6874390 0.6943608 0.6943608 0.6965936 0.6960053 0.6918569 0.6956882 0.6960202 0.6975234 0.6864025 0.6885907 0.6931893 0.6882327 0.6923915 0.6880953 0.6923915 0.6874945 0.6904699 0.6954429 0.6943757 0.6934658 0.6965342 0.0090945 1.5019288 
HM585512_Human_herpesvirus_1            0.0143441 0.0112797 0.0082059 0.0147902 0.0147902 0.0085732 0.0103375 0.0148049 0.0143477 0.0148049 0.0143441 0.0107071 0.0086963 0.0152505 0.0094398 0.0077743 0.0000000 0.0003922 0.0048112 0.0007857 0.5771196 0.5724901 0.5965678 0.5405653 0.5761301 0.5902206 0.5788538 0.5679393 0.5746507 0.5756613 0.3918690 0.5832068 0.5783502 0.5880203 0.5877931 0.5622034 0.5759762 0.5758052 0.0090593 0.0144806 0.0077684 0.0077813 0.0100032 0.0073398 0.0115973 0.6624725 0.0131046 0.0112843 0.0104054 0.6977538 0.0077815 0.0085861 0.0056370 0.0056370 0.0077543 0.0074234 0.0056517 0.0048145 0.6957477 0.7014868 0.6953599 0.6903859 0.7014868 0.6957477 0.6896801 0.7022145 0.6911590 0.7010599 0.6933405 0.6983270 0.6964509 0.6927464 0.6959003 0.6994171 0.6967463 0.6968502 0.6945674 0.6899795 0.6962557 0.6962557 0.6984849 0.6978995 0.6937535 0.6975813 0.6979142 0.6994171 0.6883001 0.6904867 0.6950895 0.6901288 0.6942862 0.6899934 0.6942862 0.6893906 0.6923647 0.6973374 0.6962710 0.6953599 0.6977802 0.0095551 1.4882357 
HM585513_Human_herpesvirus_1            0.0139085 0.0108519 0.0077879 0.0143535 0.0143535 0.0081563 0.0099145 0.0143678 0.0139119 0.0143678 0.0139085 0.0098631 0.0082742 0.0148122 0.0090198 0.0073578 0.0003922 0.0000000 0.0044056 0.0003924 0.5769617 0.5726400 0.5967388 0.5405653 0.5762807 0.5897026 0.5790070 0.5680889 0.5748013 0.5758126 0.3918690 0.5833883 0.5785084 0.5882023 0.5879496 0.5623494 0.5761276 0.5753044 0.0086390 0.0140427 0.0073522 0.0073645 0.0095761 0.0069249 0.0111713 0.6626545 0.0126616 0.0108474 0.0099797 0.6979610 0.0073646 0.0081686 0.0052289 0.0052289 0.0072860 0.0069998 0.0052426 0.0044086 0.6959537 0.7016971 0.6955655 0.6905888 0.7016971 0.6959537 0.6898818 0.7024254 0.6913616 0.7012697 0.6935448 0.6985349 0.6966574 0.6929509 0.6961064 0.6996257 0.6969530 0.6970570 0.6947728 0.6901812 0.6964621 0.6964621 0.6986926 0.6981070 0.6939582 0.6977884 0.6981217 0.6996257 0.6885009 0.6906889 0.6952956 0.6903307 0.6944911 0.6901955 0.6944911 0.6895920 0.6925682 0.6975445 0.6964774 0.6955655 0.6979874 0.0091316 1.4886743 
HM585514_Human_herpesvirus_1            0.0152613 0.0121723 0.0090701 0.0157108 0.0157108 0.0094360 0.0112177 0.0157265 0.0152652 0.0157265 0.0152613 0.0133514 0.0086952 0.0161756 0.0103114 0.0086341 0.0048112 0.0044056 0.0000000 0.0039971 0.5752918 0.5715248 0.5942953 0.5344602 0.5740199 0.5869421 0.5778773 0.5650856 0.5725347 0.5723423 0.3867283 0.5806604 0.5749092 0.5847140 0.5856658 0.5603835 0.5726601 0.5726114 0.0099306 0.0154027 0.0086275 0.0091022 0.0104543 0.0081950 0.0124870 0.6610763 0.0140215 0.0121830 0.0112912 0.6969667 0.0077805 0.0094502 0.0056364 0.0056364 0.0087069 0.0082904 0.0064904 0.0015775 0.6949609 0.7006967 0.6945736 0.6895985 0.7006967 0.6949609 0.6888958 0.7014235 0.6903746 0.7002704 0.6925547 0.6975389 0.6956634 0.6919585 0.6951132 0.6986286 0.6959591 0.6960628 0.6937798 0.6891959 0.6954686 0.6954686 0.6976980 0.6971116 0.6929671 0.6967941 0.6971265 0.6986286 0.6875163 0.6897023 0.6943008 0.6893446 0.6935002 0.6892084 0.6935002 0.6886068 0.6915798 0.6965498 0.6954836 0.6945736 0.6969932 0.0095539 1.4853396 
HM585515_Human_herpesvirus_1            0.0134606 0.0104148 0.0073614 0.0139040 0.0139040 0.0077329 0.0094832 0.0139179 0.0134639 0.0139179 0.0134606 0.0089997 0.0078429 0.0143607 0.0085925 0.0069356 0.0007857 0.0003924 0.0039971 0.0000000 0.5769617 0.5723325 0.5964032 0.5415746 0.5759738 0.5900486 0.5786965 0.5677795 0.5744938 0.5755040 0.3925834 0.5830243 0.5781874 0.5878396 0.5876375 0.5620440 0.5758191 0.5756361 0.0082117 0.0135922 0.0069303 0.0069418 0.0091410 0.0065048 0.0107360 0.6636188 0.0122241 0.0104162 0.0095457 0.6989422 0.0069420 0.0077447 0.0048170 0.0048170 0.0072860 0.0065776 0.0048299 0.0039998 0.6969351 0.7026811 0.6965464 0.6915721 0.7026811 0.6969351 0.6908614 0.7034104 0.6923410 0.7022531 0.6945255 0.6995172 0.6976394 0.6939343 0.6970880 0.7006083 0.6979346 0.6980388 0.6957554 0.6911598 0.6974438 0.6974438 0.6996735 0.6990891 0.6949396 0.6987698 0.6991038 0.7006083 0.6894802 0.6916684 0.6962795 0.6913102 0.6954718 0.6911759 0.6954718 0.6905711 0.6935480 0.6985265 0.6974593 0.6965464 0.6989685 0.0087004 1.4840895 
HSV2_1                                  0.5734708 0.5688897 0.5785810 0.5734708 0.5734708 0.5723812 0.5701549 0.5720940 0.5748611 0.5720940 0.5734708 0.5032402 0.5703037 0.5726516 0.5702601 0.5768797 0.5771196 0.5769617 0.5752918 0.5769617 0.0000000 0.0028425 0.0034582 0.0127500 0.0119150 0.0036226 0.0023661 0.0033929 0.0042982 0.0023621 0.0000022 0.0016268 0.0118306 0.0151804 0.0136267 0.0029051 0.0132017 0.0146906 0.5741888 0.5755148 0.5727958 0.5770891 0.5754479 0.5743552 0.5750998 0.1217518 0.5716134 0.5677797 0.5745593 0.0152258 0.5703560 0.5720003 0.5726464 0.5726464 0.5735086 0.5741274 0.5749643 0.5741954 0.0141638 0.0163944 0.0141576 0.0135879 0.0163944 0.0141638 0.0134296 0.0136922 0.0103544 0.0147700 0.0104276 0.0131597 0.0124484 0.0119337 0.0136764 0.0142067 0.0147021 0.0136817 0.0141671 0.0144975 0.0141576 0.0141576 0.0140949 0.0136891 0.0108898 0.0142067 0.0147161 0.0142067 0.0118676 0.0118676 0.0135316 0.0108266 0.0113486 0.0118663 0.0113486 0.0134524 0.0123856 0.0147079 0.0158415 0.0141576 0.0141512 0.5745817 1.3547370 
HSV2_2                                  0.5687807 0.5642213 0.5738458 0.5687807 0.5687807 0.5677028 0.5654931 0.5674116 0.5701645 0.5674116 0.5687807 0.4933809 0.5638197 0.5679582 0.5655803 0.5721558 0.5724901 0.5726400 0.5715248 0.5723325 0.0028425 0.0000000 0.0004864 0.0146700 0.0113508 0.0030970 0.0014109 0.0019246 0.0033161 0.0009391 0.0018052 0.0005389 0.0112577 0.0151805 0.0130669 0.0019274 0.0126543 0.0135239 0.5694867 0.5720504 0.5681016 0.5741931 0.5705995 0.5696554 0.5704088 0.1191937 0.5677604 0.5639376 0.5698661 0.0146567 0.5668698 0.5673192 0.5691528 0.5691528 0.5696388 0.5702525 0.5702641 0.5704319 0.0136009 0.0158157 0.0135950 0.0130295 0.0158157 0.0136009 0.0128760 0.0131312 0.0098193 0.0142022 0.0093749 0.0126019 0.0118995 0.0113869 0.0131155 0.0136427 0.0141358 0.0131206 0.0136041 0.0139368 0.0135950 0.0135950 0.0135342 0.0131282 0.0103508 0.0136427 0.0141493 0.0136427 0.0113240 0.0113240 0.0129742 0.0102901 0.0108085 0.0113228 0.0108085 0.0128978 0.0118380 0.0141414 0.0152662 0.0135950 0.0135888 0.5698750 1.3327628 
HSV2_3                                  0.5919424 0.5875508 0.5974018 0.5919424 0.5919424 0.5907699 0.5888281 0.5904900 0.5934030 0.5904900 0.5919424 0.5077627 0.5886546 0.5903646 0.5885880 0.5955992 0.5965678 0.5967388 0.5942953 0.5964032 0.0034582 0.0004864 0.0000000 0.0146700 0.0112501 0.0025732 0.0019539 0.0019918 0.0029444 0.0004852 0.0018052 0.0005391 0.0117653 0.0150240 0.0129461 0.0009950 0.0126455 0.0129746 0.5912765 0.5981633 0.5912628 0.5977176 0.5942970 0.5928944 0.5940542 0.1278555 0.5889932 0.5868830 0.5935057 0.0145757 0.5899558 0.5903882 0.5923542 0.5923542 0.5934036 0.5940732 0.5935251 0.5943626 0.0134896 0.0157703 0.0134835 0.0129017 0.0157703 0.0134896 0.0127448 0.0124610 0.0090357 0.0135585 0.0091398 0.0124610 0.0112048 0.0112160 0.0129344 0.0129344 0.0140402 0.0129939 0.0140366 0.0138362 0.0140270 0.0140270 0.0134213 0.0130019 0.0101462 0.0129344 0.0135057 0.0129344 0.0111477 0.0111477 0.0133877 0.0100848 0.0106172 0.0111464 0.0106172 0.0127670 0.0116773 0.0134978 0.0145945 0.0134835 0.0134772 0.5929286 1.3614226 
HSV2_4                                  0.5415857 0.5259951 0.5386698 0.5415857 0.5415857 0.5363395 0.5249725 0.5415857 0.5415857 0.5415857 0.5415857 0.3643862 0.5240504 0.5466577 0.5245281 0.5329785 0.5405653 0.5405653 0.5344602 0.5415746 0.0127500 0.0146700 0.0146700 0.0000000 0.0000010 0.0167096 0.0089178 0.0147365 0.0108433 0.0127500 0.0053362 0.0070497 0.0017089 0.0051901 0.0034349 0.0127500 0.0034466 0.0000026 0.5324160 0.5379750 0.5324160 0.5417813 0.5320987 0.5384252 0.5299545 0.1127401 0.5280430 0.5280430 0.5360964 0.0000010 0.5283828 0.5333480 0.5351108 0.5351108 0.5471568 0.5471568 0.5411165 0.5314709 0.0000010 0.0017059 0.0000010 0.0034499 0.0017059 0.0000010 0.0034340 0.0034466 0.0034340 0.0034466 0.0108433 0.0034466 0.0017098 0.0017089 0.0017045 0.0034340 0.0017089 0.0017045 0.0034499 0.0069781 0.0000010 0.0000010 0.0017045 0.0034466 0.0034466 0.0034340 0.0017045 0.0034340 0.0017045 0.0017045 0.0052859 0.0017045 0.0034377 0.0017059 0.0034377 0.0034521 0.0051997 0.0017059 0.0034521 0.0000010 0.0034349 0.5324160 1.1592226 
HSV2_5                                  0.5714557 0.5679069 0.5774878 0.5714557 0.5714557 0.5713618 0.5691610 0.5700947 0.5720291 0.5700947 0.5714557 0.4953443 0.5657276 0.5716264 0.5692614 0.5758059 0.5761301 0.5762807 0.5740199 0.5759738 0.0119150 0.0113508 0.0112501 0.0000010 0.0000000 0.0124047 0.0098179 0.0115939 0.0092622 0.0097994 0.0036425 0.0077995 0.0014624 0.0067405 0.0052960 0.0095369 0.0058748 0.0041623 0.5725366 0.5792162 0.5711614 0.5772082 0.5749561 0.5727021 0.5734417 0.1201951 0.5693967 0.5681738 0.5729063 0.0048058 0.5693557 0.5703790 0.5716217 0.5716217 0.5738463 0.5744591 0.5739147 0.5728910 0.0038315 0.0058267 0.0038299 0.0052781 0.0058267 0.0038315 0.0042335 0.0084113 0.0032991 0.0073212 0.0088293 0.0058190 0.0032981 0.0014020 0.0053204 0.0063387 0.0043203 0.0053223 0.0057934 0.0042370 0.0038299 0.0038299 0.0062800 0.0063156 0.0028214 0.0058130 0.0062945 0.0063387 0.0028059 0.0028059 0.0047574 0.0018612 0.0023332 0.0009274 0.0023332 0.0032847 0.0032799 0.0043146 0.0053280 0.0038299 0.0057868 0.5729237 1.3386126 
HSV2_6                                  0.5868898 0.5818661 0.5925641 0.5868898 0.5868898 0.5856742 0.5836529 0.5853758 0.5884141 0.5853758 0.5868898 0.4659921 0.5821362 0.5860141 0.5833837 0.5906861 0.5902206 0.5897026 0.5869421 0.5900486 0.0036226 0.0030970 0.0025732 0.0167096 0.0124047 0.0000000 0.0036318 0.0026229 0.0041467 0.0020548 0.0018140 0.0022348 0.0127979 0.0154311 0.0136903 0.0025949 0.0131996 0.0138974 0.5861866 0.5940869 0.5861723 0.5908825 0.5890402 0.5878771 0.5886548 0.1199887 0.5851776 0.5829783 0.5880776 0.0154184 0.5841867 0.5852709 0.5860005 0.5860005 0.5893055 0.5899983 0.5885381 0.5870110 0.0142661 0.0166880 0.0142594 0.0136416 0.0166880 0.0142661 0.0140984 0.0131775 0.0101401 0.0143415 0.0096594 0.0131775 0.0124587 0.0124758 0.0131058 0.0136771 0.0148500 0.0137434 0.0142697 0.0152645 0.0142594 0.0142594 0.0130488 0.0137514 0.0113299 0.0136771 0.0142839 0.0136771 0.0123946 0.0123946 0.0136258 0.0112595 0.0118288 0.0123931 0.0118288 0.0141242 0.0129595 0.0142752 0.0154390 0.0142594 0.0142523 0.5881442 1.3289144 
HSV2_7                                  0.5745144 0.5699534 0.5796064 0.5745144 0.5745144 0.5734281 0.5712102 0.5731433 0.5758984 0.5731433 0.5745144 0.5035310 0.5710163 0.5737004 0.5713189 0.5779120 0.5788538 0.5790070 0.5778773 0.5786965 0.0023661 0.0014109 0.0019539 0.0089178 0.0098179 0.0036318 0.0000000 0.0024059 0.0023578 0.0014091 0.0018140 0.0005399 0.0080642 0.0114236 0.0114747 0.0014443 0.0110594 0.0112384 0.5752311 0.5775811 0.5738439 0.5799420 0.5743314 0.5753960 0.5761346 0.1245386 0.5743516 0.5700292 0.5755975 0.0130355 0.5722624 0.5730499 0.5745417 0.5745417 0.5757538 0.5763733 0.5760020 0.5764342 0.0119946 0.0141714 0.0119895 0.0114346 0.0141714 0.0119946 0.0112960 0.0109398 0.0082818 0.0125192 0.0104256 0.0109475 0.0102738 0.0098253 0.0115134 0.0120333 0.0125213 0.0115178 0.0119976 0.0123381 0.0119895 0.0119895 0.0119342 0.0114649 0.0087538 0.0120333 0.0125333 0.0120333 0.0097673 0.0097673 0.0113823 0.0087500 0.0092598 0.0097663 0.0092598 0.0113142 0.0102745 0.0125262 0.0136315 0.0119895 0.0119841 0.5756228 1.3538171 
HSV2_8                                  0.5635755 0.5593121 0.5676049 0.5635755 0.5635755 0.5628422 0.5606125 0.5621925 0.5649751 0.5621925 0.5635755 0.4738825 0.5613251 0.5627359 0.5606819 0.5659012 0.5679393 0.5680889 0.5650856 0.5677795 0.0033929 0.0019246 0.0019918 0.0147365 0.0115939 0.0026229 0.0024059 0.0000000 0.0038804 0.0014369 0.0018140 0.0016515 0.0120558 0.0153430 0.0133283 0.0024599 0.0129345 0.0138272 0.5646316 0.5660411 0.5632313 0.5693922 0.5659289 0.5648055 0.5655808 0.1278577 0.5643598 0.5604849 0.5650264 0.0149441 0.5613837 0.5624491 0.5630859 0.5630859 0.5662541 0.5668734 0.5654240 0.5639785 0.0138664 0.0161280 0.0138604 0.0132835 0.0161280 0.0138664 0.0131251 0.0133881 0.0100077 0.0144811 0.0095560 0.0128475 0.0121296 0.0116123 0.0133720 0.0139100 0.0144128 0.0133720 0.0138700 0.0136727 0.0138604 0.0138604 0.0137980 0.0133850 0.0105499 0.0139100 0.0144268 0.0139100 0.0115419 0.0115419 0.0126813 0.0104873 0.0110118 0.0115406 0.0110118 0.0131478 0.0120669 0.0144186 0.0155678 0.0138604 0.0138538 0.5650219 1.3380752 
HSV2_9                                  0.5709477 0.5663999 0.5760092 0.5709477 0.5709477 0.5698695 0.5676626 0.5695815 0.5723278 0.5695815 0.5709477 0.5019537 0.5660023 0.5701306 0.5677577 0.5743221 0.5746507 0.5748013 0.5725347 0.5744938 0.0042982 0.0033161 0.0029444 0.0108433 0.0092622 0.0041467 0.0023578 0.0038804 0.0000000 0.0023595 0.0000029 0.0016265 0.0096505 0.0133004 0.0109343 0.0019305 0.0105569 0.0112501 0.5716558 0.5768048 0.5702736 0.5763512 0.5727621 0.5718226 0.5725684 0.1211054 0.5699347 0.5661219 0.5720293 0.0124881 0.5690445 0.5694890 0.5713205 0.5713205 0.5718146 0.5724285 0.5724286 0.5725954 0.0114520 0.0136187 0.0114472 0.0108961 0.0136187 0.0114520 0.0107617 0.0109867 0.0077612 0.0120368 0.0078176 0.0104674 0.0097984 0.0092950 0.0109720 0.0114898 0.0119766 0.0109762 0.0114551 0.0117990 0.0114472 0.0114472 0.0113938 0.0109842 0.0082799 0.0114898 0.0119881 0.0114898 0.0092404 0.0092404 0.0108454 0.0082285 0.0087354 0.0092394 0.0087354 0.0107800 0.0097451 0.0119813 0.0130810 0.0114472 0.0114419 0.5720443 1.3567794 
HSV2_10                                 0.5722958 0.5677339 0.5773791 0.5722958 0.5722958 0.5712123 0.5689969 0.5709250 0.5736802 0.5709250 0.5722958 0.5043931 0.5691394 0.5714782 0.5690973 0.5756858 0.5756613 0.5758126 0.5723423 0.5755040 0.0023621 0.0009391 0.0004852 0.0127500 0.0097994 0.0020548 0.0014091 0.0014369 0.0023595 0.0000000 0.0000022 0.0000029 0.0101824 0.0138978 0.0114603 0.0009609 0.0110885 0.0123977 0.5730085 0.5779616 0.5716217 0.5777193 0.5742659 0.5731750 0.5739196 0.1227317 0.5723364 0.5678036 0.5733802 0.0135559 0.5691922 0.5708319 0.5714736 0.5714736 0.5735230 0.5741408 0.5737822 0.5724031 0.0125102 0.0146991 0.0125049 0.0119472 0.0146991 0.0125102 0.0118032 0.0120434 0.0087774 0.0131031 0.0083333 0.0109974 0.0108343 0.0103246 0.0120281 0.0125502 0.0130396 0.0120281 0.0125135 0.0128514 0.0125049 0.0125049 0.0124481 0.0120406 0.0093021 0.0125502 0.0130522 0.0125502 0.0102679 0.0102679 0.0118942 0.0092460 0.0097545 0.0102668 0.0097545 0.0118234 0.0107772 0.0130448 0.0141556 0.0125049 0.0119752 0.5736068 1.3571692 
HSV2_11                                 0.3922424 0.3793012 0.3890691 0.3922424 0.3922424 0.3917656 0.3782015 0.3922424 0.3922424 0.3922424 0.3922424 0.2563358 0.3969646 0.4005695 0.3853341 0.3842022 0.3918690 0.3918690 0.3867283 0.3925834 0.0000022 0.0018052 0.0018052 0.0053362 0.0036425 0.0018140 0.0018140 0.0018140 0.0000029 0.0000022 0.0000000 0.0000022 0.0055268 0.0018057 0.0018057 0.0000022 0.0018057 0.0036425 0.3842022 0.3963813 0.3842022 0.3965055 0.3886829 0.3818103 0.3871945 0.0843336 0.3924807 0.3886894 0.3803451 0.0036425 0.3811208 0.3845790 0.3886894 0.3886894 0.3897746 0.3897746 0.3917656 0.3867283 0.0036425 0.0055137 0.0036425 0.0018057 0.0055137 0.0036425 0.0036395 0.0018057 0.0018057 0.0018057 0.0000022 0.0018057 0.0036425 0.0055268 0.0018057 0.0018057 0.0055268 0.0018057 0.0036571 0.0055090 0.0036425 0.0036425 0.0018057 0.0018057 0.0018057 0.0018057 0.0036571 0.0018057 0.0018057 0.0018057 0.0036425 0.0018057 0.0036425 0.0055137 0.0036425 0.0036425 0.0055137 0.0055137 0.0055137 0.0036425 0.0018057 0.3842022 0.9633817 
HSV2_12                                 0.5788473 0.5739263 0.5838399 0.5788473 0.5788473 0.5779826 0.5744532 0.5772427 0.5804651 0.5772427 0.5788473 0.4504568 0.5737841 0.5779032 0.5741323 0.5818534 0.5832068 0.5833883 0.5806604 0.5830243 0.0016268 0.0005389 0.0005391 0.0070497 0.0077995 0.0022348 0.0005399 0.0016515 0.0016265 0.0000029 0.0000022 0.0000000 0.0078748 0.0077682 0.0066537 0.0000025 0.0060850 0.0078321 0.5777104 0.5789771 0.5784847 0.5856282 0.5807636 0.5795072 0.5803572 0.1125317 0.5762386 0.5738906 0.5791284 0.0083778 0.5759574 0.5767592 0.5778969 0.5778969 0.5805203 0.5805203 0.5810050 0.5789769 0.0072254 0.0096102 0.0072254 0.0072312 0.0096102 0.0072254 0.0095404 0.0060825 0.0060825 0.0072295 0.0043885 0.0060825 0.0077993 0.0078072 0.0060825 0.0066499 0.0078072 0.0066861 0.0072312 0.0107263 0.0072254 0.0072254 0.0072212 0.0066504 0.0066504 0.0066499 0.0072388 0.0066499 0.0078025 0.0078025 0.0090113 0.0066499 0.0072236 0.0078016 0.0072236 0.0095592 0.0083787 0.0077995 0.0083900 0.0072254 0.0072217 0.5795342 1.3014433 
HSV2_13                                 0.5748608 0.5701356 0.5801396 0.5748608 0.5748608 0.5737349 0.5714369 0.5734402 0.5762949 0.5734402 0.5748608 0.4924816 0.5684941 0.5740180 0.5715504 0.5783831 0.5783502 0.5785084 0.5749092 0.5781874 0.0118306 0.0112577 0.0117653 0.0017089 0.0014624 0.0127979 0.0080642 0.0120558 0.0096505 0.0101824 0.0055268 0.0078748 0.0000000 0.0064107 0.0050141 0.0097804 0.0050368 0.0037297 0.5756041 0.5771442 0.5741667 0.5804863 0.5768985 0.5757748 0.5779622 0.1150045 0.5725392 0.5700127 0.5747445 0.0050142 0.5710462 0.5733434 0.5727729 0.5727729 0.5759536 0.5765967 0.5764024 0.5737339 0.0039947 0.0060833 0.0039947 0.0055071 0.0060833 0.0039947 0.0054450 0.0060467 0.0039538 0.0070886 0.0092212 0.0050170 0.0039381 0.0004836 0.0055529 0.0060687 0.0034852 0.0055529 0.0060466 0.0064691 0.0039947 0.0039947 0.0054981 0.0060453 0.0034385 0.0060687 0.0065709 0.0060687 0.0039357 0.0039357 0.0054919 0.0029370 0.0034346 0.0019498 0.0034346 0.0044430 0.0044361 0.0055513 0.0055612 0.0039947 0.0055240 0.5762260 1.3101987 
HSV2_14                                 0.5849072 0.5805161 0.5901684 0.5849072 0.5849072 0.5829685 0.5800181 0.5833238 0.5865023 0.5833238 0.5849072 0.4772573 0.5801496 0.5831670 0.5791870 0.5882027 0.5880203 0.5882023 0.5847140 0.5878396 0.0151804 0.0151805 0.0150240 0.0051901 0.0067405 0.0154311 0.0114236 0.0153430 0.0133004 0.0138978 0.0018057 0.0077682 0.0064107 0.0000000 0.0005311 0.0129080 0.0016175 0.0021912 0.5818730 0.5864684 0.5812624 0.5905310 0.5853332 0.5836429 0.5835557 0.1245125 0.5798029 0.5804715 0.5837289 0.0032252 0.5793020 0.5822221 0.5810857 0.5810857 0.5852204 0.5859437 0.5851223 0.5820839 0.0021400 0.0043535 0.0021390 0.0026876 0.0043535 0.0021400 0.0084153 0.0016021 0.0038366 0.0026852 0.0054594 0.0016021 0.0072686 0.0061359 0.0016003 0.0005309 0.0026834 0.0016098 0.0026828 0.0078362 0.0026807 0.0026807 0.0026948 0.0021402 0.0055270 0.0005309 0.0021429 0.0005309 0.0066915 0.0066915 0.0055403 0.0055482 0.0061175 0.0066907 0.0061175 0.0084319 0.0072635 0.0066887 0.0032299 0.0021390 0.0010638 0.5836730 1.3046187 
HSV2_15                                 0.5841830 0.5793793 0.5892844 0.5841830 0.5841830 0.5830902 0.5819504 0.5828182 0.5847626 0.5828182 0.5841830 0.5272187 0.5792726 0.5820104 0.5810182 0.5875944 0.5877931 0.5879496 0.5856658 0.5876375 0.0136267 0.0130669 0.0129461 0.0034349 0.0052960 0.0136903 0.0114747 0.0133283 0.0109343 0.0114603 0.0018057 0.0066537 0.0050141 0.0005311 0.0000000 0.0112378 0.0014077 0.0020128 0.5835680 0.5909607 0.5821895 0.5889683 0.5864280 0.5837260 0.5848348 0.1256993 0.5813636 0.5789590 0.5843103 0.0027675 0.5811182 0.5821064 0.5826555 0.5826555 0.5838883 0.5842894 0.5849448 0.5845396 0.0018378 0.0037298 0.0018371 0.0023063 0.0037298 0.0018378 0.0071797 0.0042469 0.0047398 0.0032547 0.0051518 0.0013827 0.0072178 0.0052361 0.0018454 0.0023230 0.0023032 0.0013822 0.0023028 0.0081742 0.0023012 0.0023012 0.0032639 0.0023138 0.0052308 0.0018454 0.0023054 0.0023230 0.0057136 0.0057136 0.0062007 0.0047398 0.0052269 0.0057131 0.0052269 0.0071918 0.0062002 0.0061997 0.0032540 0.0018371 0.0004556 0.5841731 1.3342947 
HSV2_16                                 0.5594274 0.5539751 0.5636232 0.5594274 0.5594274 0.5574956 0.5552837 0.5580511 0.5608224 0.5580511 0.5594274 0.4708353 0.5559606 0.5589901 0.5553322 0.5619279 0.5622034 0.5623494 0.5603835 0.5620440 0.0029051 0.0019274 0.0009950 0.0127500 0.0095369 0.0025949 0.0014443 0.0024599 0.0019305 0.0009609 0.0000022 0.0000025 0.0097804 0.0129080 0.0112378 0.0000000 0.0107773 0.0113652 0.5592594 0.5642682 0.5578673 0.5621708 0.5605677 0.5594355 0.5602226 0.1168210 0.5580360 0.5541876 0.5596655 0.0128350 0.5560227 0.5570993 0.5577253 0.5577253 0.5598971 0.5605066 0.5600542 0.5592781 0.0117700 0.0139961 0.0117648 0.0111977 0.0139961 0.0117700 0.0110571 0.0112924 0.0068872 0.0123716 0.0080365 0.0107587 0.0100678 0.0095521 0.0101270 0.0106521 0.0123087 0.0112816 0.0117730 0.0121234 0.0117648 0.0117648 0.0111796 0.0112898 0.0085085 0.0106521 0.0123209 0.0106521 0.0094945 0.0094945 0.0111449 0.0084548 0.0089756 0.0094935 0.0089756 0.0110763 0.0100130 0.0123137 0.0122644 0.0117648 0.0117594 0.5596448 1.3057745 
HSV2_17                                 0.5720025 0.5674509 0.5770730 0.5720025 0.5720025 0.5709219 0.5687118 0.5706349 0.5707750 0.5706349 0.5720025 0.4976039 0.5676615 0.5711863 0.5688109 0.5753837 0.5759762 0.5761276 0.5726601 0.5758191 0.0132017 0.0126543 0.0126455 0.0034466 0.0058748 0.0131996 0.0110594 0.0129345 0.0105569 0.0110885 0.0018057 0.0060850 0.0050368 0.0016175 0.0014077 0.0107773 0.0000000 0.0020169 0.5721010 0.5788111 0.5707197 0.5767934 0.5728665 0.5722675 0.5730116 0.1186740 0.5689467 0.5677185 0.5724732 0.0028335 0.5683210 0.5699347 0.5699879 0.5699879 0.5734153 0.5740305 0.5734854 0.5715258 0.0018817 0.0038187 0.0018809 0.0023614 0.0038187 0.0018817 0.0073528 0.0023698 0.0048545 0.0014005 0.0043252 0.0000026 0.0053222 0.0053631 0.0014149 0.0014076 0.0023582 0.0014154 0.0018822 0.0083716 0.0018809 0.0018809 0.0023552 0.0004643 0.0033451 0.0018896 0.0023605 0.0014076 0.0058518 0.0058518 0.0053486 0.0048554 0.0053538 0.0058512 0.0053538 0.0073655 0.0063501 0.0063496 0.0033329 0.0018809 0.0018801 0.5724896 1.3419528 
HSV2_18                                 0.5725617 0.5676540 0.5780341 0.5725617 0.5725617 0.5713951 0.5690123 0.5710861 0.5740512 0.5710861 0.5725617 0.4576089 0.5659452 0.5716821 0.5691201 0.5762109 0.5758052 0.5753044 0.5726114 0.5756361 0.0146906 0.0135239 0.0129746 0.0000026 0.0041623 0.0138974 0.0112384 0.0138272 0.0112501 0.0123977 0.0036425 0.0078321 0.0037297 0.0021912 0.0020128 0.0113652 0.0020169 0.0000000 0.5718502 0.5799023 0.5718365 0.5764368 0.5746809 0.5735073 0.5743082 0.1141822 0.5675429 0.5681550 0.5737282 0.0015064 0.5695079 0.5709864 0.5713030 0.5713030 0.5742918 0.5749554 0.5741608 0.5723024 0.0004999 0.0025407 0.0004997 0.0030404 0.0025407 0.0004999 0.0078950 0.0020145 0.0046530 0.0030379 0.0040875 0.0020145 0.0057477 0.0036331 0.0015062 0.0020124 0.0010025 0.0020243 0.0025242 0.0089927 0.0004997 0.0004997 0.0035633 0.0025237 0.0051894 0.0020124 0.0025266 0.0020124 0.0062799 0.0062799 0.0057300 0.0052083 0.0057443 0.0041512 0.0057443 0.0068269 0.0068159 0.0052096 0.0015084 0.0004997 0.0025212 0.5735286 1.3610816 
