94
HM585496_Human_herpesvirus_1            0.0000000 0.0081256 0.0098239 0.0011770 0.0011770 0.0060474 0.0039821 0.0007791 0.0003889 0.0007791 0.0003891 0.0060223 0.0112230 0.0064550 0.0098239 0.0064845 0.0064845 0.0052095 0.5198114 0.5077143 0.5200247 0.7602623 0.5208351 0.5038554 0.5241082 0.5039321 0.4848917 0.5064914 0.6982220 0.4554496 0.5085081 0.4675774 0.5609263 0.5052152 0.5221185 0.4675601 0.0043890 0.0024071 0.0035656 0.0077404 0.0048169 0.0044060 0.0073419 0.5954913 0.0035613 0.0031595 0.0077279 0.6063827 0.0060853 0.0052278 0.0077516 0.0077516 0.0068742 0.0064572 0.0060371 0.0052095 0.6027583 0.6028362 0.6027583 0.5993675 0.6028362 0.6035938 0.6018493 0.5990276 0.6018493 0.6013030 0.5990275 0.5982896 0.6024133 0.5964515 0.6024133 0.6014471 0.6013448 0.6018980 0.6016032 0.6008846 0.5982857 0.6033285 0.6033285 0.6050713 0.5988766 0.5979469 0.5979469 0.5992650 0.6055992 0.6050269 0.5993675 0.6050269 0.5999640 0.6031788 0.6032572 0.6028485 0.0031622 1.4707757 
HM585497_Human_herpesvirus_1            0.0081256 0.0000000 0.0047944 0.0085854 0.0085854 0.0085972 0.0056123 0.0081250 0.0077043 0.0081250 0.0077068 0.0076785 0.0103340 0.0056169 0.0047944 0.0081580 0.0081580 0.0068575 0.5162867 0.5056484 0.5170582 0.7602623 0.5204396 0.4997958 0.5222647 0.5019890 0.4843680 0.5031525 0.7072959 0.4542946 0.5052557 0.4670153 0.5605424 0.5028989 0.5217242 0.4686215 0.0068781 0.0078693 0.0076962 0.0094322 0.0099040 0.0086132 0.0116754 0.5931758 0.0094123 0.0089855 0.0094167 0.6061614 0.0077572 0.0103358 0.0094443 0.0094443 0.0085478 0.0081249 0.0085569 0.0068575 0.6025364 0.6026143 0.6025364 0.5991451 0.6026143 0.6033727 0.6016277 0.5988059 0.6016277 0.6010813 0.5988056 0.5980673 0.6021915 0.5962292 0.6021915 0.6012255 0.6011233 0.6016764 0.6013815 0.6006627 0.5980635 0.6031071 0.6031071 0.6048505 0.5986545 0.5977248 0.5977248 0.5994224 0.6053780 0.6048059 0.5991451 0.6048059 0.5997418 0.6029572 0.6030357 0.6026267 0.0089933 1.4813402 
HM585498_Human_herpesvirus_1            0.0098239 0.0047944 0.0000000 0.0102960 0.0102960 0.0081646 0.0094304 0.0098232 0.0093963 0.0098232 0.0093994 0.0120141 0.0120966 0.0098705 0.0000010 0.0116380 0.0116380 0.0102781 0.5228891 0.5122566 0.5264010 0.7702187 0.5265452 0.5069793 0.5298957 0.5085826 0.4905346 0.5109156 0.7145564 0.4606073 0.5115645 0.4737703 0.5691374 0.5098174 0.5292396 0.4752483 0.0103092 0.0095974 0.0102614 0.0129586 0.0107641 0.0103292 0.0134421 0.6031366 0.0111322 0.0106991 0.0129373 0.6146714 0.0112292 0.0111990 0.0129717 0.0129717 0.0120312 0.0115937 0.0120444 0.0102781 0.6110251 0.6111061 0.6110251 0.6076161 0.6111061 0.6118428 0.6100956 0.6072456 0.6100956 0.6095477 0.6072545 0.6065213 0.6106720 0.6046622 0.6106720 0.6096886 0.6095833 0.6101453 0.6098491 0.6091329 0.6065146 0.6115856 0.6115856 0.6133288 0.6071053 0.6061665 0.6061665 0.6078877 0.6138741 0.6132898 0.6076161 0.6132898 0.6082128 0.6114421 0.6115192 0.6111120 0.0107083 1.4870984 
HM585499_Human_herpesvirus_1            0.0011770 0.0085854 0.0102960 0.0000000 0.0000010 0.0064919 0.0044096 0.0003900 0.0007832 0.0003900 0.0007835 0.0064650 0.0117093 0.0069023 0.0102960 0.0069333 0.0069333 0.0056462 0.5210866 0.5104811 0.5212293 0.7602623 0.5234528 0.5051424 0.5284834 0.5052822 0.4861522 0.5077058 0.6982220 0.4569682 0.5097273 0.4689563 0.5650243 0.5065520 0.5264205 0.4689118 0.0048194 0.0028283 0.0039880 0.0081993 0.0052524 0.0048380 0.0077989 0.5995781 0.0039831 0.0035780 0.0081861 0.6104762 0.0056426 0.0056664 0.0072962 0.0072962 0.0073249 0.0069048 0.0064810 0.0056462 0.6068386 0.6069180 0.6068386 0.6034365 0.6069180 0.6076659 0.6059188 0.6030812 0.6059188 0.6053713 0.6030856 0.6023495 0.6064893 0.6004998 0.6064893 0.6055140 0.6054101 0.6059680 0.6056724 0.6049545 0.6023442 0.6074044 0.6074044 0.6091486 0.6029354 0.6020006 0.6020006 0.6033280 0.6096854 0.6091068 0.6034365 0.6091068 0.6040335 0.6072576 0.6073355 0.6069272 0.0035810 1.4759956 
HM585500_Human_herpesvirus_1            0.0011770 0.0085854 0.0102960 0.0000010 0.0000000 0.0064919 0.0044096 0.0003900 0.0007832 0.0003900 0.0007835 0.0064650 0.0117093 0.0069023 0.0102960 0.0069333 0.0069333 0.0056462 0.5210866 0.5104811 0.5212293 0.7602623 0.5234528 0.5051424 0.5284834 0.5052822 0.4861522 0.5077058 0.6982220 0.4569682 0.5097273 0.4689563 0.5650243 0.5065520 0.5264205 0.4689118 0.0048194 0.0028283 0.0039880 0.0081993 0.0052524 0.0048380 0.0077989 0.5995781 0.0039831 0.0035780 0.0081861 0.6104762 0.0056426 0.0056664 0.0072962 0.0072962 0.0073249 0.0069048 0.0064810 0.0056462 0.6068386 0.6069180 0.6068386 0.6034365 0.6069180 0.6076659 0.6059188 0.6030812 0.6059188 0.6053713 0.6030856 0.6023495 0.6064893 0.6004998 0.6064893 0.6055140 0.6054101 0.6059680 0.6056724 0.6049545 0.6023442 0.6074044 0.6074044 0.6091486 0.6029354 0.6020006 0.6020006 0.6033280 0.6096854 0.6091068 0.6034365 0.6091068 0.6040335 0.6072576 0.6073355 0.6069272 0.0035810 1.4759956 
HM585501_Human_herpesvirus_1            0.0060474 0.0085972 0.0081646 0.0064919 0.0064919 0.0000000 0.0052275 0.0060469 0.0056335 0.0060469 0.0056353 0.0064645 0.0111921 0.0060650 0.0081646 0.0086463 0.0086463 0.0073296 0.5247820 0.5140971 0.5252589 0.7479172 0.5268667 0.5088713 0.5307470 0.5091951 0.4910868 0.5117539 0.7083341 0.4611035 0.5132599 0.4727040 0.5671024 0.5117867 0.5286495 0.4742032 0.0056533 0.0049043 0.0048049 0.0099339 0.0056994 0.0061174 0.0091298 0.6001262 0.0064599 0.0060446 0.0099177 0.6122883 0.0073768 0.0061168 0.0099457 0.0099457 0.0090385 0.0086112 0.0081789 0.0073296 0.6086485 0.6087286 0.6086485 0.6052450 0.6087286 0.6094713 0.6077250 0.6048833 0.6077250 0.6071776 0.6048896 0.6041552 0.6082978 0.6023022 0.6082978 0.6073194 0.6072150 0.6077744 0.6074786 0.6067618 0.6041492 0.6092118 0.6092118 0.6109548 0.6047399 0.6038038 0.6038038 0.6051339 0.6114951 0.6109143 0.6052450 0.6109143 0.6058416 0.6090665 0.6091440 0.6087364 0.0060498 1.4767445 
HM585502_Human_herpesvirus_1            0.0039821 0.0056123 0.0094304 0.0044096 0.0044096 0.0052275 0.0000000 0.0039821 0.0035771 0.0039821 0.0035783 0.0027574 0.0090562 0.0031660 0.0094304 0.0039996 0.0039996 0.0027678 0.5199262 0.5088079 0.5206673 0.7602623 0.5223840 0.5034171 0.5256912 0.5034722 0.4857448 0.5071090 0.6982220 0.4559329 0.5086031 0.4685122 0.5629609 0.5066764 0.5241850 0.4684765 0.0027717 0.0032363 0.0027627 0.0052253 0.0048270 0.0044158 0.0065036 0.5975798 0.0043872 0.0039806 0.0052170 0.6097690 0.0027878 0.0052396 0.0052341 0.0052341 0.0043888 0.0039821 0.0035740 0.0027678 0.6061271 0.6062064 0.6061271 0.6027209 0.6062064 0.6069573 0.6052076 0.6023677 0.6052076 0.6046593 0.6023713 0.6016336 0.6057780 0.5997826 0.6057780 0.6048025 0.6046987 0.6052568 0.6049608 0.6042415 0.6016286 0.6066947 0.6066947 0.6084418 0.6022207 0.6012852 0.6012852 0.6026132 0.6089780 0.6083995 0.6027209 0.6083995 0.6033189 0.6065472 0.6066253 0.6062162 0.0039840 1.4726980 
HM585503_Human_herpesvirus_1            0.0007791 0.0081250 0.0098232 0.0003900 0.0003900 0.0060469 0.0039821 0.0000000 0.0003889 0.0000010 0.0003890 0.0060218 0.0112221 0.0064544 0.0098232 0.0064839 0.0064839 0.0052091 0.5210866 0.5104811 0.5212293 0.7602623 0.5234528 0.5051424 0.5267571 0.5052822 0.4861522 0.5077058 0.6982220 0.4569682 0.5097273 0.4689563 0.5633862 0.5065520 0.5247243 0.4689118 0.0043886 0.0024078 0.0035653 0.0077398 0.0048165 0.0044056 0.0073412 0.5979249 0.0035610 0.0031592 0.0077273 0.6088142 0.0060846 0.0052270 0.0077510 0.0077510 0.0068736 0.0064567 0.0060365 0.0052091 0.6051840 0.6052628 0.6051840 0.6017884 0.6052628 0.6060142 0.6042691 0.6014395 0.6042691 0.6037224 0.6014421 0.6007057 0.6048366 0.5988617 0.6048366 0.6038655 0.6037624 0.6043181 0.6040229 0.6033052 0.6007010 0.6057513 0.6057513 0.6074939 0.6012917 0.6003595 0.6003595 0.6016823 0.6080268 0.6074511 0.6017884 0.6074511 0.6023848 0.6056034 0.6056814 0.6052732 0.0031619 1.4706388 
HM585504_Human_herpesvirus_1            0.0003889 0.0077043 0.0093963 0.0007832 0.0007832 0.0056335 0.0035771 0.0003889 0.0000000 0.0003889 0.0000010 0.0056099 0.0107869 0.0060397 0.0093963 0.0060670 0.0060670 0.0047994 0.5198114 0.5092331 0.5200247 0.7602623 0.5222747 0.5038554 0.5255657 0.5039321 0.4848917 0.5064914 0.6982220 0.4554496 0.5085081 0.4675774 0.5622866 0.5052152 0.5235519 0.4675601 0.0039822 0.0020027 0.0031625 0.0073187 0.0044065 0.0039978 0.0069207 0.5968432 0.0031595 0.0027592 0.0073069 0.6077353 0.0056693 0.0048165 0.0073296 0.0073296 0.0064572 0.0060419 0.0056236 0.0047994 0.6041070 0.6041854 0.6041070 0.6007130 0.6041854 0.6049397 0.6031946 0.6003680 0.6031946 0.6026480 0.6003694 0.5996323 0.6037607 0.5977906 0.6037607 0.6027916 0.6026888 0.6032435 0.6029484 0.6022302 0.5996279 0.6046757 0.6046757 0.6064188 0.6002188 0.5992875 0.5992875 0.6006085 0.6069495 0.6063752 0.6007130 0.6063752 0.6013096 0.6045270 0.6046052 0.6041967 0.0027615 1.4686492 
HM585505_Human_herpesvirus_1            0.0007791 0.0081250 0.0098232 0.0003900 0.0003900 0.0060469 0.0039821 0.0000010 0.0003889 0.0000000 0.0003890 0.0060218 0.0112221 0.0064544 0.0098232 0.0064839 0.0064839 0.0052091 0.5210866 0.5104811 0.5212293 0.7602623 0.5234528 0.5051424 0.5267571 0.5052822 0.4861522 0.5077058 0.6982220 0.4569682 0.5097273 0.4689563 0.5633862 0.5065520 0.5247243 0.4689118 0.0043886 0.0024078 0.0035653 0.0077398 0.0048165 0.0044056 0.0073412 0.5979249 0.0035610 0.0031592 0.0077273 0.6088142 0.0060846 0.0052270 0.0077510 0.0077510 0.0068736 0.0064567 0.0060365 0.0052091 0.6051840 0.6052628 0.6051840 0.6017884 0.6052628 0.6060142 0.6042691 0.6014395 0.6042691 0.6037224 0.6014421 0.6007057 0.6048366 0.5988617 0.6048366 0.6038655 0.6037624 0.6043181 0.6040229 0.6033052 0.6007010 0.6057513 0.6057513 0.6074939 0.6012917 0.6003595 0.6003595 0.6016823 0.6080268 0.6074511 0.6017884 0.6074511 0.6023848 0.6056034 0.6056814 0.6052732 0.0031619 1.4706388 
HM585506_Human_herpesvirus_1            0.0003891 0.0077068 0.0093994 0.0007835 0.0007835 0.0056353 0.0035783 0.0003890 0.0000010 0.0003890 0.0000000 0.0056117 0.0107902 0.0060417 0.0093994 0.0060696 0.0060696 0.0048010 0.5198114 0.5092331 0.5203114 0.7602623 0.5222747 0.5038554 0.5255657 0.5039321 0.4848917 0.5067732 0.6982220 0.4554496 0.5085081 0.4675774 0.5625683 0.5052152 0.5238326 0.4675601 0.0039835 0.0020034 0.0031641 0.0073211 0.0044082 0.0039991 0.0069227 0.5971366 0.0031601 0.0027601 0.0073093 0.6080330 0.0056711 0.0048181 0.0073317 0.0073317 0.0064593 0.0060438 0.0056254 0.0048010 0.6044025 0.6044810 0.6044025 0.6010064 0.6044810 0.6052349 0.6034890 0.6006602 0.6034890 0.6029421 0.6006620 0.5999247 0.6040557 0.5980815 0.6040557 0.6030856 0.6029827 0.6035379 0.6032427 0.6025242 0.5999202 0.6049711 0.6049711 0.6067148 0.6005113 0.5995794 0.5995794 0.6009015 0.6072464 0.6066714 0.6010064 0.6066714 0.6016033 0.6048225 0.6049007 0.6044921 0.0027624 1.4700724 
HM585508_Human_herpesvirus_1            0.0060223 0.0076785 0.0120141 0.0064650 0.0064650 0.0064645 0.0027574 0.0060218 0.0056099 0.0060218 0.0056117 0.0000000 0.0107692 0.0043719 0.0120141 0.0060473 0.0060473 0.0047835 0.5247968 0.5135766 0.5247349 0.7602623 0.5280612 0.5083392 0.5314195 0.5078508 0.4898231 0.5124484 0.6982220 0.4590118 0.5144900 0.4726934 0.5688313 0.5117958 0.5293123 0.4741936 0.0047903 0.0053016 0.0023589 0.0072941 0.0065120 0.0060924 0.0086042 0.6008402 0.0064333 0.0060195 0.0072824 0.6154646 0.0039975 0.0069304 0.0073050 0.0073050 0.0064357 0.0060217 0.0052245 0.0047835 0.6118176 0.6118988 0.6118176 0.6084081 0.6118988 0.6126333 0.6108864 0.6080348 0.6108864 0.6103386 0.6080446 0.6073122 0.6114638 0.6054517 0.6114638 0.6104791 0.6103736 0.6109362 0.6106401 0.6099243 0.6073051 0.6123770 0.6123770 0.6141195 0.6078956 0.6069563 0.6069563 0.6082925 0.6146663 0.6140811 0.6084081 0.6140811 0.6090047 0.6122341 0.6123111 0.6119041 0.0060246 1.4759476 
HM585509_Human_herpesvirus_1            0.0112230 0.0103340 0.0120966 0.0117093 0.0117093 0.0111921 0.0090562 0.0112221 0.0107869 0.0112221 0.0107902 0.0107692 0.0000000 0.0103648 0.0120966 0.0112655 0.0112655 0.0099054 0.5258298 0.5162377 0.5278138 0.7830631 0.5280822 0.5093533 0.5329143 0.5116488 0.4935858 0.5139269 0.7245428 0.4595274 0.5144855 0.4733212 0.5706385 0.5128571 0.5307784 0.4748108 0.0117067 0.0114686 0.0099070 0.0125869 0.0130850 0.0108463 0.0139936 0.6017043 0.0125602 0.0121180 0.0125664 0.6173593 0.0108553 0.0135319 0.0125997 0.0125997 0.0116604 0.0112220 0.0116733 0.0099054 0.6136997 0.6137818 0.6136997 0.6102788 0.6137818 0.6145130 0.6127619 0.6098978 0.6127619 0.6122126 0.6099097 0.6091768 0.6133433 0.6073076 0.6133433 0.6123526 0.6122462 0.6128120 0.6125149 0.6117982 0.6091691 0.6142580 0.6142580 0.6160043 0.6097607 0.6088174 0.6088174 0.6101602 0.6165563 0.6159671 0.6102788 0.6159671 0.6108767 0.6141163 0.6141931 0.6137856 0.0121287 1.4943035 
HM585510_Human_herpesvirus_1            0.0064550 0.0056169 0.0098705 0.0069023 0.0069023 0.0060650 0.0031660 0.0064544 0.0060397 0.0064544 0.0060417 0.0043719 0.0103648 0.0000000 0.0098705 0.0064816 0.0064816 0.0052072 0.5198583 0.5087489 0.5204367 0.7674242 0.5218091 0.5033599 0.5256133 0.5039703 0.4861966 0.5060220 0.7030137 0.4565988 0.5080355 0.4686184 0.5618294 0.5066145 0.5230876 0.4701951 0.0043940 0.0053158 0.0043818 0.0077370 0.0073349 0.0060749 0.0090582 0.5944458 0.0068686 0.0064520 0.0077245 0.6074330 0.0052420 0.0077565 0.0077482 0.0077482 0.0068712 0.0064544 0.0060344 0.0052072 0.6038052 0.6038835 0.6038052 0.6004114 0.6038835 0.6046386 0.6028934 0.6000675 0.6028934 0.6023467 0.6000686 0.5993312 0.6034591 0.5974901 0.6034591 0.6024905 0.6023878 0.6029422 0.6026472 0.6019288 0.5993269 0.6043743 0.6043743 0.6061175 0.5999179 0.5989868 0.5989868 0.6006878 0.6066477 0.6060737 0.6004114 0.6060737 0.6010080 0.6042253 0.6043036 0.6038950 0.0064575 1.4566017 
HM585511_Human_herpesvirus_1            0.0098239 0.0047944 0.0000010 0.0102960 0.0102960 0.0081646 0.0094304 0.0098232 0.0093963 0.0098232 0.0093994 0.0120141 0.0120966 0.0098705 0.0000000 0.0116380 0.0116380 0.0102781 0.5228891 0.5122566 0.5264010 0.7702187 0.5265452 0.5069793 0.5298957 0.5085826 0.4905346 0.5109156 0.7145564 0.4606073 0.5115645 0.4737703 0.5691374 0.5098174 0.5292396 0.4752483 0.0103092 0.0095974 0.0102614 0.0129586 0.0107641 0.0103292 0.0134421 0.6031366 0.0111322 0.0106991 0.0129373 0.6146714 0.0112292 0.0111990 0.0129717 0.0129717 0.0120312 0.0115937 0.0120444 0.0102781 0.6110251 0.6111061 0.6110251 0.6076161 0.6111061 0.6118428 0.6100956 0.6072456 0.6100956 0.6095477 0.6072545 0.6065213 0.6106720 0.6046622 0.6106720 0.6096886 0.6095833 0.6101453 0.6098491 0.6091329 0.6065146 0.6115856 0.6115856 0.6133288 0.6071053 0.6061665 0.6061665 0.6078877 0.6138741 0.6132898 0.6076161 0.6132898 0.6082128 0.6114421 0.6115192 0.6111120 0.0107083 1.4870984 
HM585512_Human_herpesvirus_1            0.0064845 0.0081580 0.0116380 0.0069333 0.0069333 0.0086463 0.0039996 0.0064839 0.0060670 0.0064839 0.0060696 0.0060473 0.0112655 0.0064816 0.0116380 0.0000000 0.0000010 0.0019703 0.5253752 0.5141258 0.5252811 0.7602623 0.5274183 0.5088981 0.5307739 0.5097915 0.4916091 0.5117642 0.6982220 0.4596893 0.5138058 0.4734851 0.5671573 0.5123827 0.5286741 0.4733513 0.0060794 0.0061947 0.0060612 0.0044046 0.0082330 0.0078047 0.0073594 0.6029637 0.0077554 0.0073324 0.0043978 0.6123409 0.0048341 0.0077912 0.0044130 0.0044130 0.0035781 0.0031745 0.0044025 0.0019703 0.6086987 0.6087789 0.6086987 0.6052929 0.6087789 0.6095219 0.6077745 0.6049308 0.6077745 0.6072267 0.6049372 0.6042023 0.6083477 0.6023480 0.6083477 0.6073686 0.6072641 0.6053737 0.6075280 0.6068107 0.6041964 0.6092623 0.6092623 0.6110064 0.6047874 0.6038507 0.6038507 0.6051817 0.6115471 0.6109658 0.6052929 0.6109658 0.6058899 0.6091169 0.6091945 0.6087866 0.0073395 1.4709887 
HM585513_Human_herpesvirus_1            0.0064845 0.0081580 0.0116380 0.0069333 0.0069333 0.0086463 0.0039996 0.0064839 0.0060670 0.0064839 0.0060696 0.0060473 0.0112655 0.0064816 0.0116380 0.0000010 0.0000000 0.0019703 0.5253752 0.5141258 0.5252811 0.7602623 0.5274183 0.5088981 0.5307739 0.5097915 0.4916091 0.5117642 0.6982220 0.4596893 0.5138058 0.4734851 0.5671573 0.5123827 0.5286741 0.4733513 0.0060794 0.0061947 0.0060612 0.0044046 0.0082330 0.0078047 0.0073594 0.6029637 0.0077554 0.0073324 0.0043978 0.6123409 0.0048341 0.0077912 0.0044130 0.0044130 0.0035781 0.0031745 0.0044025 0.0019703 0.6086987 0.6087789 0.6086987 0.6052929 0.6087789 0.6095219 0.6077745 0.6049308 0.6077745 0.6072267 0.6049372 0.6042023 0.6083477 0.6023480 0.6083477 0.6073686 0.6072641 0.6053737 0.6075280 0.6068107 0.6041964 0.6092623 0.6092623 0.6110064 0.6047874 0.6038507 0.6038507 0.6051817 0.6115471 0.6109658 0.6052929 0.6109658 0.6058899 0.6091169 0.6091945 0.6087866 0.0073395 1.4709887 
HM585514_Human_herpesvirus_1            0.0052095 0.0068575 0.0102781 0.0056462 0.0056462 0.0073296 0.0027678 0.0052091 0.0047994 0.0052091 0.0048010 0.0047835 0.0099054 0.0052072 0.0102781 0.0019703 0.0019703 0.0000000 0.5222178 0.5110570 0.5222978 0.7602623 0.5244988 0.5057414 0.5278165 0.5064730 0.4885376 0.5087771 0.6982220 0.4575965 0.5108038 0.4715578 0.5643808 0.5090920 0.5257658 0.4714622 0.0048083 0.0053224 0.0047944 0.0031673 0.0069198 0.0064995 0.0060653 0.6017107 0.0064581 0.0060427 0.0031625 0.6110892 0.0035848 0.0064886 0.0031733 0.0031733 0.0023580 0.0019614 0.0031654 0.0000010 0.6074506 0.6075303 0.6074506 0.6040479 0.6075303 0.6082765 0.6065296 0.6036905 0.6065296 0.6059821 0.6036955 0.6029599 0.6071009 0.6011090 0.6071009 0.6061244 0.6060204 0.6041308 0.6062832 0.6055656 0.6029544 0.6080156 0.6080156 0.6097595 0.6035455 0.6026102 0.6026102 0.6039385 0.6102975 0.6097181 0.6040479 0.6097181 0.6046448 0.6078694 0.6079471 0.6075390 0.0060479 1.4600026 
HSV2_1                                  0.5198114 0.5162867 0.5228891 0.5210866 0.5210866 0.5247820 0.5199262 0.5210866 0.5198114 0.5210866 0.5198114 0.5247968 0.5258298 0.5198583 0.5228891 0.5253752 0.5253752 0.5222178 0.0000000 0.0020788 0.0020598 0.0068177 0.0104710 0.0042402 0.0030960 0.0039078 0.0016207 0.0015417 0.0000010 0.0031813 0.0105546 0.0098795 0.0114764 0.0027418 0.0115204 0.0106003 0.5210875 0.5177414 0.5242710 0.5239316 0.5205697 0.5172093 0.5215748 0.0911150 0.5234660 0.5221675 0.5221063 0.0132839 0.5255313 0.5247234 0.5235421 0.5235421 0.5252120 0.5252120 0.5265609 0.5222178 0.0115535 0.0139414 0.0115535 0.0103267 0.0139414 0.0137781 0.0126138 0.0126024 0.0126138 0.0120413 0.0109035 0.0114686 0.0115234 0.0109154 0.0115234 0.0108977 0.0143755 0.0131954 0.0108988 0.0108988 0.0109025 0.0126149 0.0126149 0.0143541 0.0131895 0.0109154 0.0109154 0.0121967 0.0132935 0.0138625 0.0103267 0.0138625 0.0133610 0.0127626 0.0126981 0.0114675 0.5215731 1.2665162 
HSV2_2                                  0.5077143 0.5056484 0.5122566 0.5104811 0.5104811 0.5140971 0.5088079 0.5104811 0.5092331 0.5104811 0.5092331 0.5135766 0.5162377 0.5087489 0.5122566 0.5141258 0.5141258 0.5110570 0.0020788 0.0000000 0.0000030 0.0068177 0.0080016 0.0031854 0.0020122 0.0028010 0.0010655 0.0005113 0.0000010 0.0025408 0.0082196 0.0086172 0.0089966 0.0016484 0.0090336 0.0093204 0.5130245 0.5086310 0.5130502 0.5121875 0.5116512 0.5067182 0.5098903 0.0866514 0.5129527 0.5116818 0.5109467 0.0118430 0.5142718 0.5140464 0.5109400 0.5109400 0.5139714 0.5139714 0.5166984 0.5110570 0.0101677 0.0124731 0.0101677 0.0078960 0.0124731 0.0123272 0.0100902 0.0111898 0.0100902 0.0106457 0.0095457 0.0089907 0.0090352 0.0101091 0.0090352 0.0095407 0.0117762 0.0106470 0.0095417 0.0084440 0.0084467 0.0100912 0.0100912 0.0117587 0.0106422 0.0095558 0.0095558 0.0107856 0.0118514 0.0124030 0.0078960 0.0124030 0.0119120 0.0113344 0.0112764 0.0089898 0.5110861 1.2515400 
HSV2_3                                  0.5200247 0.5170582 0.5264010 0.5212293 0.5212293 0.5252589 0.5206673 0.5212293 0.5200247 0.5212293 0.5203114 0.5247349 0.5278138 0.5204367 0.5264010 0.5252811 0.5252811 0.5222978 0.0020598 0.0000030 0.0000000 0.0068177 0.0084673 0.0031633 0.0019782 0.0027720 0.0010425 0.0004930 0.0000010 0.0025408 0.0085545 0.0084924 0.0086202 0.0016178 0.0093660 0.0091882 0.5242232 0.5194322 0.5242374 0.5239167 0.5207407 0.5179294 0.5216909 0.0897083 0.5248481 0.5236193 0.5234207 0.0107946 0.5254285 0.5246656 0.5235486 0.5235486 0.5251270 0.5251270 0.5277771 0.5222978 0.0091994 0.0113912 0.0091994 0.0070431 0.0113912 0.0112600 0.0096591 0.0101778 0.0096591 0.0096588 0.0086127 0.0086084 0.0086486 0.0091473 0.0086486 0.0086084 0.0112703 0.0101915 0.0086092 0.0080855 0.0080880 0.0096601 0.0096601 0.0112542 0.0101871 0.0086214 0.0086214 0.0097840 0.0108019 0.0113277 0.0070431 0.0113277 0.0108561 0.0103075 0.0102556 0.0086076 0.5230594 1.2501829 
HSV2_4                                  0.7602623 0.7602623 0.7702187 0.7602623 0.7602623 0.7479172 0.7602623 0.7602623 0.7602623 0.7602623 0.7602623 0.7602623 0.7830631 0.7674242 0.7702187 0.7602623 0.7602623 0.7602623 0.0068177 0.0068177 0.0068177 0.0000000 0.0107783 0.0104189 0.0068177 0.0068177 0.0068177 0.0068177 0.0068701 0.0068177 0.0107783 0.0068177 0.0068177 0.0068177 0.0068177 0.0107783 0.7602623 0.7602623 0.7602623 0.7602623 0.7602623 0.7602623 0.7602623 0.0743937 0.7602623 0.7602623 0.7602623 0.0068177 0.7602623 0.7602623 0.7602623 0.7602623 0.7602623 0.7602623 0.7602623 0.7602623 0.0107783 0.0107783 0.0107783 0.0068177 0.0107783 0.0068177 0.0068177 0.0068177 0.0068177 0.0068177 0.0068177 0.0068177 0.0107783 0.0068177 0.0107783 0.0068177 0.0103896 0.0068177 0.0068177 0.0068177 0.0068177 0.0068177 0.0068177 0.0068177 0.0068177 0.0068177 0.0068177 0.0107783 0.0068177 0.0068177 0.0068177 0.0068177 0.0145650 0.0107783 0.0068177 0.0068177 0.7602623 1.4251259 
HSV2_5                                  0.5208351 0.5204396 0.5265452 0.5234528 0.5234528 0.5268667 0.5223840 0.5234528 0.5222747 0.5234528 0.5222747 0.5280612 0.5280822 0.5218091 0.5265452 0.5274183 0.5274183 0.5244988 0.0104710 0.0080016 0.0084673 0.0107783 0.0000000 0.0117592 0.0103646 0.0112399 0.0100784 0.0089061 0.0026134 0.0100542 0.0000024 0.0034596 0.0023697 0.0109916 0.0028774 0.0028061 0.5263860 0.5216931 0.5263978 0.5260850 0.5245553 0.5198634 0.5239076 0.0907711 0.5269920 0.5257912 0.5259832 0.0063166 0.5275636 0.5286541 0.5257236 0.5257236 0.5284691 0.5272667 0.5298606 0.5244988 0.0028391 0.0047994 0.0028391 0.0023672 0.0047994 0.0057778 0.0038169 0.0058671 0.0038169 0.0048686 0.0043077 0.0038186 0.0000028 0.0048017 0.0000028 0.0047947 0.0047982 0.0038174 0.0043061 0.0033339 0.0028526 0.0038174 0.0038174 0.0052811 0.0047911 0.0043118 0.0043118 0.0043132 0.0058220 0.0043318 0.0023672 0.0043318 0.0052934 0.0038205 0.0048252 0.0023672 0.5252462 1.2739440 
HSV2_6                                  0.5038554 0.4997958 0.5069793 0.5051424 0.5051424 0.5088713 0.5034171 0.5051424 0.5038554 0.5051424 0.5038554 0.5083392 0.5093533 0.5033599 0.5069793 0.5088981 0.5088981 0.5057414 0.0042402 0.0031854 0.0031633 0.0104189 0.0117592 0.0000000 0.0042414 0.0051303 0.0033099 0.0021006 0.0025372 0.0051490 0.0118619 0.0119325 0.0122862 0.0033351 0.0128641 0.0127268 0.5045933 0.5017938 0.5077904 0.5069067 0.5046403 0.5012788 0.5045389 0.0901262 0.5075454 0.5062358 0.5056270 0.0129515 0.5090455 0.5088223 0.5070650 0.5070650 0.5087413 0.5087413 0.5100886 0.5057414 0.0123692 0.0148246 0.0123692 0.0105258 0.0148246 0.0146504 0.0134545 0.0128516 0.0134545 0.0122782 0.0116978 0.0122776 0.0123363 0.0117108 0.0123363 0.0116915 0.0146664 0.0134580 0.0116926 0.0116926 0.0111137 0.0134557 0.0134557 0.0152427 0.0140450 0.0117108 0.0117108 0.0130333 0.0135600 0.0141414 0.0105258 0.0141414 0.0142285 0.0136132 0.0135440 0.0122764 0.5056146 1.2330760 
HSV2_7                                  0.5241082 0.5222647 0.5298957 0.5284834 0.5284834 0.5307470 0.5256912 0.5267571 0.5255657 0.5267571 0.5255657 0.5314195 0.5329143 0.5256133 0.5298957 0.5307739 0.5307739 0.5278165 0.0030960 0.0020122 0.0019782 0.0068177 0.0103646 0.0042414 0.0000000 0.0038996 0.0010303 0.0019845 0.0000010 0.0006277 0.0101693 0.0096826 0.0105653 0.0005366 0.0111894 0.0103838 0.5297321 0.5249742 0.5297408 0.5294253 0.5278716 0.5231176 0.5272225 0.0897634 0.5303382 0.5291236 0.5289273 0.0132924 0.5326605 0.5301521 0.5307894 0.5307894 0.5306191 0.5306191 0.5332468 0.5278165 0.0116918 0.0138995 0.0116918 0.0095107 0.0138995 0.0137491 0.0116101 0.0132145 0.0116101 0.0121428 0.0110898 0.0105587 0.0106058 0.0116305 0.0106058 0.0116131 0.0132237 0.0121424 0.0110854 0.0100356 0.0100387 0.0116111 0.0116111 0.0132052 0.0121374 0.0111011 0.0111011 0.0122881 0.0133013 0.0138268 0.0095107 0.0138268 0.0133635 0.0128107 0.0127507 0.0105577 0.5285765 1.2981723 
HSV2_8                                  0.5039321 0.5019890 0.5085826 0.5052822 0.5052822 0.5091951 0.5034722 0.5052822 0.5039321 0.5052822 0.5039321 0.5078508 0.5116488 0.5039703 0.5085826 0.5097915 0.5097915 0.5064730 0.0039078 0.0028010 0.0027720 0.0068177 0.0112399 0.0051303 0.0038996 0.0000000 0.0027911 0.0016493 0.0000010 0.0038628 0.0112866 0.0115345 0.0117846 0.0028665 0.0124016 0.0129665 0.5052663 0.5017694 0.5086271 0.5082632 0.5032434 0.4997237 0.5057704 0.0913438 0.5064300 0.5050558 0.5063529 0.0131196 0.5099470 0.5076264 0.5078644 0.5078644 0.5096263 0.5096263 0.5095196 0.5064730 0.0118792 0.0138249 0.0118792 0.0105548 0.0138249 0.0136508 0.0130215 0.0117706 0.0130215 0.0117858 0.0111767 0.0111704 0.0118459 0.0111898 0.0118459 0.0105589 0.0136665 0.0130252 0.0111715 0.0111715 0.0105638 0.0130227 0.0130227 0.0148985 0.0130189 0.0111898 0.0111898 0.0125750 0.0131298 0.0137408 0.0105548 0.0137408 0.0138306 0.0131846 0.0131135 0.0117846 0.5044027 1.2543545 
HSV2_9                                  0.4848917 0.4843680 0.4905346 0.4861522 0.4861522 0.4910868 0.4857448 0.4861522 0.4848917 0.4861522 0.4848917 0.4898231 0.4935858 0.4861966 0.4905346 0.4916091 0.4916091 0.4885376 0.0016207 0.0010655 0.0010425 0.0068177 0.0100784 0.0033099 0.0010303 0.0027911 0.0000000 0.0010493 0.0000010 0.0012605 0.0096022 0.0098828 0.0104962 0.0005600 0.0105015 0.0105986 0.4890630 0.4841831 0.4905268 0.4901829 0.4872152 0.4823057 0.4878592 0.0854585 0.4897901 0.4885080 0.4897064 0.0123074 0.4917437 0.4896430 0.4898255 0.4898255 0.4914633 0.4914633 0.4913614 0.4885376 0.0111459 0.0129642 0.0111459 0.0093482 0.0129642 0.0128083 0.0110592 0.0110486 0.0110592 0.0110616 0.0104916 0.0093406 0.0105493 0.0110805 0.0105493 0.0099131 0.0116550 0.0110624 0.0104870 0.0093416 0.0087764 0.0110603 0.0110603 0.0128002 0.0122151 0.0105031 0.0105031 0.0117946 0.0123164 0.0128891 0.0093482 0.0128891 0.0129694 0.0123661 0.0123020 0.0104962 0.4878757 1.2084691 
HSV2_10                                 0.5064914 0.5031525 0.5109156 0.5077058 0.5077058 0.5117539 0.5071090 0.5077058 0.5064914 0.5077058 0.5067732 0.5124484 0.5139269 0.5060220 0.5109156 0.5117642 0.5117642 0.5087771 0.0015417 0.0005113 0.0004930 0.0068177 0.0089061 0.0021006 0.0019845 0.0016493 0.0010493 0.0000000 0.0000010 0.0025430 0.0089970 0.0089463 0.0092621 0.0010780 0.0097984 0.0096312 0.5106895 0.5059083 0.5107167 0.5103901 0.5072290 0.5040520 0.5081487 0.0856566 0.5113464 0.5101095 0.5099060 0.0109426 0.5119051 0.5111765 0.5100297 0.5100297 0.5103976 0.5103976 0.5142688 0.5087771 0.0093235 0.0115481 0.0093235 0.0081891 0.0115481 0.0114146 0.0103278 0.0103158 0.0103278 0.0097892 0.0087269 0.0092562 0.0093004 0.0092704 0.0093004 0.0087225 0.0119706 0.0108705 0.0087234 0.0087234 0.0087261 0.0103288 0.0103288 0.0119532 0.0108658 0.0087359 0.0087359 0.0099172 0.0109501 0.0114840 0.0081891 0.0114840 0.0110057 0.0104485 0.0103954 0.0092553 0.5095278 1.2130392 
HSV2_11                                 0.6982220 0.7072959 0.7145564 0.6982220 0.6982220 0.7083341 0.6982220 0.6982220 0.6982220 0.6982220 0.6982220 0.6982220 0.7245428 0.7030137 0.7145564 0.6982220 0.6982220 0.6982220 0.0000010 0.0000010 0.0000010 0.0068701 0.0026134 0.0025372 0.0000010 0.0000010 0.0000010 0.0000010 0.0000000 0.0000010 0.0026134 0.0000010 0.0025359 0.0000010 0.0051323 0.0052832 0.6982220 0.6982220 0.6982220 0.6982220 0.6982220 0.6982220 0.6982220 0.0772249 0.6982220 0.6982220 0.6982220 0.0000010 0.6982220 0.6982220 0.6982220 0.6982220 0.6982220 0.6982220 0.6982220 0.6982220 0.0026134 0.0026134 0.0026134 0.0000010 0.0026134 0.0051323 0.0051323 0.0000010 0.0051323 0.0000010 0.0025359 0.0051323 0.0026134 0.0025359 0.0026134 0.0025359 0.0051323 0.0025359 0.0025359 0.0025359 0.0000010 0.0051323 0.0051323 0.0051323 0.0025315 0.0025359 0.0025359 0.0026134 0.0051323 0.0051323 0.0000010 0.0051323 0.0052832 0.0026134 0.0000010 0.0025359 0.6982220 1.4807204 
HSV2_12                                 0.4554496 0.4542946 0.4606073 0.4569682 0.4569682 0.4611035 0.4559329 0.4569682 0.4554496 0.4569682 0.4554496 0.4590118 0.4595274 0.4565988 0.4606073 0.4596893 0.4596893 0.4575965 0.0031813 0.0025408 0.0025408 0.0068177 0.0100542 0.0051490 0.0006277 0.0038628 0.0012605 0.0025430 0.0000010 0.0000000 0.0100649 0.0107516 0.0106883 0.0006286 0.0113884 0.0122032 0.4578894 0.4546565 0.4598120 0.4589677 0.4563178 0.4524647 0.4561849 0.0869908 0.4598120 0.4582700 0.4574562 0.0114889 0.4613746 0.4617580 0.4574503 0.4574503 0.4610756 0.4610756 0.4594300 0.4575965 0.0107882 0.0122691 0.0107882 0.0086078 0.0122691 0.0120939 0.0120925 0.0106728 0.0120925 0.0106880 0.0099987 0.0099922 0.0100542 0.0093049 0.0100542 0.0093000 0.0121144 0.0113923 0.0093000 0.0093000 0.0086124 0.0120939 0.0120939 0.0142292 0.0113860 0.0100120 0.0100120 0.0115743 0.0122094 0.0129059 0.0086078 0.0129059 0.0122869 0.0122691 0.0107735 0.0106883 0.4586679 1.2508099 
HSV2_13                                 0.5085081 0.5052557 0.5115645 0.5097273 0.5097273 0.5132599 0.5086031 0.5097273 0.5085081 0.5097273 0.5085081 0.5144900 0.5144855 0.5080355 0.5115645 0.5138058 0.5138058 0.5108038 0.0105546 0.0082196 0.0085545 0.0107783 0.0000024 0.0118619 0.0101693 0.0112866 0.0096022 0.0089970 0.0026134 0.0100649 0.0000000 0.0034652 0.0024673 0.0111054 0.0029852 0.0028136 0.5113456 0.5065472 0.5127535 0.5124261 0.5092463 0.5060531 0.5101753 0.0935145 0.5120033 0.5107624 0.5123248 0.0060674 0.5139484 0.5150927 0.5120627 0.5120627 0.5148986 0.5136549 0.5149364 0.5108038 0.0024582 0.0044918 0.0024582 0.0024655 0.0044918 0.0055093 0.0039779 0.0055903 0.0039779 0.0050772 0.0039818 0.0039797 0.0000024 0.0039857 0.0000024 0.0039797 0.0055141 0.0044852 0.0039802 0.0034745 0.0034755 0.0039784 0.0039784 0.0055062 0.0049938 0.0039857 0.0039857 0.0039870 0.0060713 0.0045151 0.0024655 0.0045151 0.0050059 0.0034759 0.0045171 0.0024655 0.5101797 1.2367951 
HSV2_14                                 0.4675774 0.4670153 0.4737703 0.4689563 0.4689563 0.4727040 0.4685122 0.4689563 0.4675774 0.4689563 0.4675774 0.4726934 0.4733212 0.4686184 0.4737703 0.4734851 0.4734851 0.4715578 0.0098795 0.0086172 0.0084924 0.0068177 0.0034596 0.0119325 0.0096826 0.0115345 0.0098828 0.0089463 0.0000010 0.0107516 0.0034652 0.0000000 0.0028542 0.0110492 0.0034341 0.0053181 0.4721037 0.4668346 0.4720584 0.4764039 0.4683427 0.4648181 0.4738609 0.0928642 0.4715361 0.4701353 0.4744973 0.0052381 0.4750272 0.4733068 0.4760251 0.4760251 0.4747395 0.4747395 0.4746260 0.4715578 0.0040556 0.0046712 0.0040556 0.0022773 0.0046712 0.0040174 0.0040174 0.0052872 0.0040174 0.0052938 0.0022781 0.0034355 0.0040445 0.0028566 0.0040445 0.0028553 0.0040237 0.0046066 0.0034359 0.0034359 0.0022783 0.0028528 0.0028528 0.0057841 0.0005637 0.0034414 0.0034414 0.0046791 0.0052419 0.0046408 0.0022773 0.0046408 0.0058782 0.0040762 0.0034612 0.0028542 0.4705075 1.2230133 
HSV2_15                                 0.5609263 0.5605424 0.5691374 0.5650243 0.5650243 0.5671024 0.5629609 0.5633862 0.5622866 0.5633862 0.5625683 0.5688313 0.5706385 0.5618294 0.5691374 0.5671573 0.5671573 0.5643808 0.0114764 0.0089966 0.0086202 0.0068177 0.0023697 0.0122862 0.0105653 0.0117846 0.0104962 0.0092621 0.0025359 0.0106883 0.0024673 0.0028542 0.0000000 0.0115412 0.0004629 0.0045568 0.5662196 0.5578630 0.5661930 0.5668828 0.5644107 0.5602927 0.5648424 0.0993068 0.5667092 0.5655865 0.5709501 0.0060906 0.5689621 0.5682895 0.5696859 0.5696859 0.5681244 0.5670002 0.5694687 0.5643808 0.0047599 0.0052257 0.0047599 0.0021201 0.0052257 0.0038509 0.0016938 0.0061372 0.0016938 0.0052387 0.0029851 0.0025519 0.0025613 0.0034217 0.0025613 0.0034172 0.0025526 0.0038520 0.0025517 0.0016945 0.0025525 0.0016940 0.0016940 0.0029814 0.0042868 0.0034213 0.0034213 0.0047848 0.0052020 0.0047540 0.0021201 0.0047540 0.0056750 0.0043355 0.0043143 0.0000026 0.5651227 1.3497778 
HSV2_16                                 0.5052152 0.5028989 0.5098174 0.5065520 0.5065520 0.5117867 0.5066764 0.5065520 0.5052152 0.5065520 0.5052152 0.5117958 0.5128571 0.5066145 0.5098174 0.5123827 0.5123827 0.5090920 0.0027418 0.0016484 0.0016178 0.0068177 0.0109916 0.0033351 0.0005366 0.0028665 0.0005600 0.0010780 0.0000010 0.0006286 0.0111054 0.0110492 0.0115412 0.0000000 0.0121362 0.0125147 0.5078991 0.5044281 0.5112287 0.5108691 0.5073869 0.5038894 0.5084002 0.0907652 0.5090477 0.5076874 0.5089734 0.0128376 0.5125383 0.5117339 0.5104718 0.5104718 0.5122178 0.5122178 0.5136227 0.5090920 0.0116230 0.0135282 0.0116230 0.0097313 0.0135282 0.0139732 0.0127436 0.0121231 0.0127436 0.0115326 0.0109362 0.0115329 0.0109870 0.0109487 0.0109870 0.0109301 0.0139891 0.0127471 0.0109312 0.0109312 0.0103359 0.0127447 0.0127447 0.0145828 0.0127411 0.0109487 0.0109487 0.0123032 0.0128476 0.0134470 0.0097313 0.0134470 0.0129174 0.0129012 0.0122217 0.0115318 0.5070441 1.2800495 
HSV2_17                                 0.5221185 0.5217242 0.5292396 0.5264205 0.5264205 0.5286495 0.5241850 0.5247243 0.5235519 0.5247243 0.5238326 0.5293123 0.5307784 0.5230876 0.5292396 0.5286741 0.5286741 0.5257658 0.0115204 0.0090336 0.0093660 0.0068177 0.0028774 0.0128641 0.0111894 0.0124016 0.0105015 0.0097984 0.0051323 0.0113884 0.0029852 0.0034341 0.0004629 0.0121362 0.0000000 0.0051737 0.5276466 0.5229716 0.5276572 0.5299856 0.5258212 0.5211481 0.5278146 0.0890059 0.5282481 0.5270519 0.5294943 0.0057321 0.5305266 0.5299033 0.5313298 0.5313298 0.5297195 0.5285226 0.5311059 0.5257658 0.0042735 0.0052710 0.0042735 0.0023348 0.0052710 0.0032823 0.0004623 0.0067734 0.0004623 0.0057805 0.0028099 0.0013944 0.0033011 0.0032880 0.0033011 0.0032834 0.0028098 0.0037609 0.0028088 0.0018640 0.0028098 0.0004624 0.0004624 0.0018620 0.0028067 0.0028125 0.0028125 0.0047851 0.0037887 0.0033038 0.0023348 0.0033038 0.0057661 0.0042917 0.0042685 0.0004625 0.5265111 1.2710253 
HSV2_18                                 0.4675601 0.4686215 0.4752483 0.4689118 0.4689118 0.4742032 0.4684765 0.4689118 0.4675601 0.4689118 0.4675601 0.4741936 0.4748108 0.4701951 0.4752483 0.4733513 0.4733513 0.4714622 0.0106003 0.0093204 0.0091882 0.0107783 0.0028061 0.0127268 0.0103838 0.0129665 0.0105986 0.0096312 0.0052832 0.0122032 0.0028136 0.0053181 0.0045568 0.0125147 0.0051737 0.0000000 0.4719972 0.4668319 0.4735725 0.4732002 0.4683104 0.4648549 0.4707109 0.0946539 0.4714409 0.4700677 0.4731016 0.0063692 0.4748629 0.4731767 0.4728321 0.4728321 0.4759584 0.4745811 0.4731142 0.4714622 0.0011098 0.0045606 0.0011098 0.0045568 0.0045606 0.0057252 0.0057245 0.0070254 0.0057245 0.0070342 0.0051442 0.0051412 0.0033745 0.0045606 0.0033745 0.0045585 0.0057346 0.0063185 0.0051418 0.0051418 0.0039791 0.0057252 0.0057252 0.0074997 0.0057237 0.0039742 0.0039742 0.0039756 0.0069707 0.0063644 0.0045568 0.0063644 0.0045550 0.0045606 0.0045922 0.0045568 0.4704325 1.2311366 
JN400093_Human_herpesvirus_1            0.0043890 0.0068781 0.0103092 0.0048194 0.0048194 0.0056533 0.0027717 0.0043886 0.0039822 0.0043886 0.0039835 0.0047903 0.0117067 0.0043940 0.0103092 0.0060794 0.0060794 0.0048083 0.5210875 0.5130245 0.5242232 0.7602623 0.5263860 0.5045933 0.5297321 0.5052663 0.4890630 0.5106895 0.6982220 0.4578894 0.5113456 0.4721037 0.5662196 0.5078991 0.5276466 0.4719972 0.0000000 0.0020045 0.0039776 0.0073330 0.0060804 0.0056628 0.0077819 0.5990583 0.0039733 0.0035690 0.0073211 0.6099606 0.0048409 0.0064973 0.0073440 0.0073440 0.0064697 0.0060536 0.0039788 0.0048083 0.6063229 0.6064022 0.6063229 0.6029207 0.6064022 0.6071516 0.6054041 0.6025672 0.6054041 0.6048565 0.6025710 0.6018344 0.6059740 0.5999853 0.6059740 0.6049994 0.6048957 0.6054533 0.6051576 0.6044393 0.6018293 0.6068896 0.6068896 0.6086344 0.6024207 0.6014861 0.6014861 0.6028129 0.6091703 0.6085922 0.6029207 0.6085922 0.6035179 0.6067423 0.6068203 0.6064118 0.0035720 1.4601158 
JN420337_Human_herpesvirus_1            0.0024071 0.0078693 0.0095974 0.0028283 0.0028283 0.0049043 0.0032363 0.0024078 0.0020027 0.0024078 0.0020034 0.0053016 0.0114686 0.0053158 0.0095974 0.0061947 0.0061947 0.0053224 0.5177414 0.5086310 0.5194322 0.7602623 0.5216931 0.5017938 0.5249742 0.5017694 0.4841831 0.5059083 0.6982220 0.4546565 0.5065472 0.4668346 0.5578630 0.5044281 0.5229716 0.4668319 0.0020045 0.0000000 0.0028169 0.0079090 0.0032178 0.0028098 0.0057253 0.5858334 0.0019978 0.0015955 0.0078959 0.5968725 0.0053586 0.0036276 0.0079207 0.0079207 0.0070234 0.0065974 0.0044711 0.0053224 0.5932324 0.5933077 0.5932324 0.5898243 0.5933077 0.5940979 0.5923369 0.5895164 0.5923369 0.5917864 0.5884262 0.5887540 0.5928929 0.5869197 0.5928929 0.5919357 0.5918357 0.5923849 0.5920884 0.5913590 0.5887534 0.5938201 0.5938201 0.5955822 0.5893511 0.5884213 0.5884213 0.5897349 0.5960962 0.5955312 0.5898243 0.5955312 0.5904274 0.5936618 0.5937426 0.5933273 0.0015969 1.4810229 
JN420338_Human_herpesvirus_1            0.0035656 0.0076962 0.0102614 0.0039880 0.0039880 0.0048049 0.0027627 0.0035653 0.0031625 0.0035653 0.0031641 0.0023589 0.0099070 0.0043818 0.0102614 0.0060612 0.0060612 0.0047944 0.5242710 0.5130502 0.5242374 0.7602623 0.5263978 0.5077904 0.5297408 0.5086271 0.4905268 0.5107167 0.6982220 0.4598120 0.5127535 0.4720584 0.5661930 0.5112287 0.5276572 0.4735725 0.0039776 0.0028169 0.0000000 0.0073109 0.0044025 0.0039934 0.0060654 0.5982738 0.0039677 0.0035640 0.0072991 0.6129119 0.0040059 0.0048115 0.0073218 0.0073218 0.0064504 0.0060355 0.0056177 0.0047944 0.6092668 0.6093472 0.6092668 0.6058583 0.6093472 0.6100891 0.6083407 0.6054940 0.6083407 0.6077926 0.6055010 0.6047661 0.6089150 0.6029096 0.6089150 0.6079344 0.6078296 0.6083903 0.6080941 0.6073767 0.6047600 0.6098299 0.6098299 0.6115748 0.6053513 0.6044136 0.6044136 0.6057462 0.6121168 0.6115345 0.6058583 0.6115345 0.6064556 0.6096849 0.6097624 0.6093544 0.0035670 1.4736880 
JN420339_Human_herpesvirus_1            0.0077404 0.0094322 0.0129586 0.0081993 0.0081993 0.0099339 0.0052253 0.0077398 0.0073187 0.0077398 0.0073211 0.0072941 0.0125869 0.0077370 0.0129586 0.0044046 0.0044046 0.0031673 0.5239316 0.5121875 0.5239167 0.7602623 0.5260850 0.5069067 0.5294253 0.5082632 0.4901829 0.5103901 0.6982220 0.4589677 0.5124261 0.4764039 0.5668828 0.5108691 0.5299856 0.4732002 0.0073330 0.0079090 0.0073109 0.0000000 0.0095181 0.0090845 0.0060702 0.6025095 0.0090279 0.0086007 0.0031753 0.6140892 0.0052410 0.0090688 0.0031863 0.0031863 0.0039785 0.0035737 0.0056311 0.0031673 0.6079701 0.6105151 0.6079701 0.6070167 0.6105151 0.6112555 0.6095035 0.6066474 0.6095035 0.6089541 0.6066557 0.6059201 0.6076190 0.6040573 0.6076190 0.6090957 0.6089903 0.6070950 0.6092563 0.6085379 0.6059136 0.6109970 0.6109970 0.6127451 0.6065059 0.6055652 0.6055652 0.6069028 0.6132907 0.6127056 0.6070167 0.6127056 0.6076152 0.6108526 0.6109300 0.6105215 0.0086081 1.4637048 
