94
HM585496_Human_herpesvirus_1            0.0000000 0.0094349 0.0107049 0.0003904 0.0003904 0.0124640 0.0116049 0.0104149 0.0000010 0.0115831 0.0112791 0.0120279 0.0133704 0.0111718 0.0111718 0.0111499 0.3419337 0.3414861 0.3392128 0.3289386 0.3428242 0.3342936 0.3404426 0.3350604 0.3309554 0.3412751 0.2986392 0.3335606 0.3367290 0.3325960 0.3449825 0.3346737 0.3462956 0.3391269 0.0120324 0.0111847 0.0124686 0.0120258 0.0124924 0.0111907 0.0107077 0.3575431 0.0124772 0.0129335 0.0138170 0.3486961 0.0115909 0.0138123 0.0115995 0.0115995 0.0111500 0.0124876 0.0124876 0.0133786 0.0111499 0.3497428 0.3486317 0.3495795 0.3502986 0.3486317 0.3495795 0.3485798 0.3486317 0.3508021 0.3486317 0.3476586 0.3496016 0.3495149 0.3495795 0.3496016 0.3486317 0.3522263 0.3486317 0.3495149 0.3495149 0.3516381 0.3476586 0.3517525 0.3508021 0.3486056 0.3495795 0.3523542 0.3523542 0.3485798 0.3504632 0.3502986 0.3516029 0.3479990 0.3504632 0.3495149 0.0111500 0.3489735 0.0111630 0.8219317 
HM585497_Human_herpesvirus_1            0.0094349 0.0000000 0.0089966 0.0098599 0.0098599 0.0051929 0.0031834 0.0112573 0.0094349 0.0064347 0.0121205 0.0035836 0.0072776 0.0048013 0.0048013 0.0056102 0.3444268 0.3417666 0.3417831 0.3324380 0.3453377 0.3369561 0.3408810 0.3363734 0.3324150 0.3444604 0.3028391 0.3364011 0.3393403 0.3344026 0.3463111 0.3339619 0.3476257 0.3396606 0.0060300 0.0060399 0.0064431 0.0060268 0.0072861 0.0060434 0.0047891 0.3588687 0.0048064 0.0052241 0.0072912 0.3500294 0.0060327 0.0072894 0.0052101 0.0052101 0.0047936 0.0068679 0.0068679 0.0077097 0.0056102 0.3510791 0.3499646 0.3509149 0.3516348 0.3499646 0.3509149 0.3493705 0.3499646 0.3521420 0.3499646 0.3489889 0.3509375 0.3508499 0.3509149 0.3509375 0.3499646 0.3535680 0.3499646 0.3508499 0.3508499 0.3528140 0.3489889 0.3530950 0.3521420 0.3499384 0.3509149 0.3536973 0.3536973 0.3499125 0.3518007 0.3516348 0.3527788 0.3493316 0.3518007 0.3508499 0.0047936 0.3503087 0.0043937 0.8241669 
HM585498_Human_herpesvirus_1            0.0107049 0.0089966 0.0000000 0.0111334 0.0111334 0.0085682 0.0103117 0.0147918 0.0107049 0.0111375 0.0156830 0.0107316 0.0023780 0.0068961 0.0068961 0.0077163 0.3474011 0.3448990 0.3448886 0.3434371 0.3483677 0.3390471 0.3428195 0.3386067 0.3343712 0.3474056 0.3034901 0.3397756 0.3413874 0.3367585 0.3492320 0.3362118 0.3505468 0.3417640 0.0081482 0.0098670 0.0085702 0.0081438 0.0085868 0.0081750 0.0085694 0.3627418 0.0094488 0.0098910 0.0103062 0.3529515 0.0081516 0.0103032 0.0073110 0.0073110 0.0068825 0.0090167 0.0090167 0.0107367 0.0077163 0.3540052 0.3528859 0.3538394 0.3545591 0.3528859 0.3538394 0.3522937 0.3528859 0.3550733 0.3528859 0.3519068 0.3538630 0.3537736 0.3538394 0.3538630 0.3528859 0.3564998 0.3528859 0.3537736 0.3537736 0.3559108 0.3519068 0.3560294 0.3550733 0.3528594 0.3538394 0.3566318 0.3566318 0.3528337 0.3547277 0.3545591 0.3558759 0.3522539 0.3547277 0.3537736 0.0068825 0.3532345 0.0090128 0.8258954 
HM585499_Human_herpesvirus_1            0.0003904 0.0098599 0.0111334 0.0000000 0.0000010 0.0128989 0.0120373 0.0108462 0.0003904 0.0120148 0.0117130 0.0124613 0.0138089 0.0116029 0.0116029 0.0115802 0.3428596 0.3423818 0.3401798 0.3289386 0.3437665 0.3353001 0.3413305 0.3360154 0.3318888 0.3421611 0.2986392 0.3346445 0.3377138 0.3337311 0.3458617 0.3356291 0.3471742 0.3401288 0.0124660 0.0116163 0.0129037 0.0124593 0.0129282 0.0116225 0.0111363 0.3584220 0.0129125 0.0133707 0.0142571 0.3495740 0.0120228 0.0142522 0.0120318 0.0120318 0.0115803 0.0129232 0.0129232 0.0138173 0.0115802 0.3506215 0.3495094 0.3504578 0.3511765 0.3495094 0.3504578 0.3494575 0.3495094 0.3516819 0.3495094 0.3485357 0.3504801 0.3503929 0.3504578 0.3504801 0.3495094 0.3531056 0.3495094 0.3503929 0.3503929 0.3525176 0.3485357 0.3526329 0.3516819 0.3494833 0.3504578 0.3532343 0.3532343 0.3494575 0.3513419 0.3511765 0.3524825 0.3488773 0.3513419 0.3503929 0.0115803 0.3498524 0.0115938 0.8233231 
HM585500_Human_herpesvirus_1            0.0003904 0.0098599 0.0111334 0.0000010 0.0000000 0.0128989 0.0120373 0.0108462 0.0003904 0.0120148 0.0117130 0.0124613 0.0138089 0.0116029 0.0116029 0.0115802 0.3428596 0.3423818 0.3401798 0.3289386 0.3437665 0.3353001 0.3413305 0.3360154 0.3318888 0.3421611 0.2986392 0.3346445 0.3377138 0.3337311 0.3458617 0.3356291 0.3471742 0.3401288 0.0124660 0.0116163 0.0129037 0.0124593 0.0129282 0.0116225 0.0111363 0.3584220 0.0129125 0.0133707 0.0142571 0.3495740 0.0120228 0.0142522 0.0120318 0.0120318 0.0115803 0.0129232 0.0129232 0.0138173 0.0115802 0.3506215 0.3495094 0.3504578 0.3511765 0.3495094 0.3504578 0.3494575 0.3495094 0.3516819 0.3495094 0.3485357 0.3504801 0.3503929 0.3504578 0.3504801 0.3495094 0.3531056 0.3495094 0.3503929 0.3503929 0.3525176 0.3485357 0.3526329 0.3516819 0.3494833 0.3504578 0.3532343 0.3532343 0.3494575 0.3513419 0.3511765 0.3524825 0.3488773 0.3513419 0.3503929 0.0115803 0.3498524 0.0115938 0.8233231 
HM585501_Human_herpesvirus_1            0.0124640 0.0051929 0.0085682 0.0128989 0.0128989 0.0000000 0.0077057 0.0134465 0.0124640 0.0060261 0.0143283 0.0081169 0.0068576 0.0052139 0.0052139 0.0060231 0.3443994 0.3419246 0.3417544 0.3358693 0.3453098 0.3369261 0.3408754 0.3365173 0.3324087 0.3444550 0.3028391 0.3363327 0.3393110 0.3343687 0.3463057 0.3341267 0.3476204 0.3396542 0.0064451 0.0072944 0.0068598 0.0064417 0.0068656 0.0064668 0.0060179 0.3580155 0.0060396 0.0064633 0.0085607 0.3500243 0.0064479 0.0077189 0.0056223 0.0056223 0.0052036 0.0072951 0.0072951 0.0089839 0.0060231 0.3510740 0.3499594 0.3509098 0.3516297 0.3499594 0.3509098 0.3493653 0.3499594 0.3521369 0.3499594 0.3489837 0.3509324 0.3508447 0.3509098 0.3509324 0.3499594 0.3535630 0.3499594 0.3508447 0.3508447 0.3529741 0.3489837 0.3530899 0.3521369 0.3499332 0.3509098 0.3536923 0.3536923 0.3499074 0.3517957 0.3516297 0.3529389 0.3493264 0.3517957 0.3508447 0.0052036 0.3503036 0.0064446 0.8187428 
HM585502_Human_herpesvirus_1            0.0116049 0.0031834 0.0103117 0.0120373 0.0120373 0.0077057 0.0000000 0.0125923 0.0116049 0.0056090 0.0134700 0.0011790 0.0085645 0.0060477 0.0060477 0.0060353 0.3446882 0.3422638 0.3420630 0.3343682 0.3456016 0.3372606 0.3412138 0.3369138 0.3327087 0.3447858 0.3070478 0.3367375 0.3396319 0.3336184 0.3466296 0.3345062 0.3479414 0.3389548 0.0064581 0.0064507 0.0068736 0.0064547 0.0077220 0.0064725 0.0047997 0.3538006 0.0039901 0.0044037 0.0077274 0.3503399 0.0068777 0.0077254 0.0056337 0.0056337 0.0052142 0.0073013 0.0073013 0.0081482 0.0060353 0.3513877 0.3502751 0.3512237 0.3519420 0.3502751 0.3512237 0.3496826 0.3502751 0.3524488 0.3502751 0.3493012 0.3512463 0.3511587 0.3512237 0.3512463 0.3502751 0.3538718 0.3502751 0.3511587 0.3511587 0.3532841 0.3493012 0.3534000 0.3524488 0.3502489 0.3512237 0.3540011 0.3540011 0.3502232 0.3521079 0.3519420 0.3532491 0.3496437 0.3521079 0.3511587 0.0052142 0.3506190 0.0035811 0.8256662 
HM585504_Human_herpesvirus_1            0.0104149 0.0112573 0.0147918 0.0108462 0.0108462 0.0134465 0.0125923 0.0000000 0.0104149 0.0116835 0.0023707 0.0130198 0.0134389 0.0121406 0.0121406 0.0112480 0.3412228 0.3407967 0.3394803 0.3400876 0.3424986 0.3334398 0.3387626 0.3342506 0.3285853 0.3405928 0.3035155 0.3326408 0.3352691 0.3308950 0.3437599 0.3328644 0.3450763 0.3365964 0.0121352 0.0130454 0.0125735 0.0121285 0.0125976 0.0121746 0.0108034 0.3567386 0.0125822 0.0130408 0.0148325 0.3474824 0.0134554 0.0148273 0.0117001 0.0117001 0.0112481 0.0134868 0.0134868 0.0143890 0.0112480 0.3485301 0.3474181 0.3483670 0.3490879 0.3474181 0.3483670 0.3473662 0.3474181 0.3501317 0.3474181 0.3464441 0.3483887 0.3483025 0.3483670 0.3483887 0.3474181 0.3510174 0.3474181 0.3483025 0.3483025 0.3504277 0.3464441 0.3510825 0.3501317 0.3473921 0.3483670 0.3511445 0.3511445 0.3473662 0.3492519 0.3490879 0.3503923 0.3473278 0.3492519 0.3483025 0.0112481 0.3477589 0.0112613 0.8284685 
HM585506_Human_herpesvirus_1            0.0000010 0.0094349 0.0107049 0.0003904 0.0003904 0.0124640 0.0116049 0.0104149 0.0000000 0.0115831 0.0112791 0.0120279 0.0133704 0.0111718 0.0111718 0.0111499 0.3419337 0.3414861 0.3392128 0.3289386 0.3428242 0.3342936 0.3404426 0.3350604 0.3309554 0.3412751 0.2986392 0.3335606 0.3367290 0.3325960 0.3449825 0.3346737 0.3462956 0.3391269 0.0120324 0.0111847 0.0124686 0.0120258 0.0124924 0.0111907 0.0107077 0.3575431 0.0124772 0.0129335 0.0138170 0.3486961 0.0115909 0.0138123 0.0115995 0.0115995 0.0111500 0.0124876 0.0124876 0.0133786 0.0111499 0.3497428 0.3486317 0.3495795 0.3502986 0.3486317 0.3495795 0.3485798 0.3486317 0.3508021 0.3486317 0.3476586 0.3496016 0.3495149 0.3495795 0.3496016 0.3486317 0.3522263 0.3486317 0.3495149 0.3495149 0.3516381 0.3476586 0.3517525 0.3508021 0.3486056 0.3495795 0.3523542 0.3523542 0.3485798 0.3504632 0.3502986 0.3516029 0.3479990 0.3504632 0.3495149 0.0111500 0.3489735 0.0111630 0.8219317 
HM585508_Human_herpesvirus_1            0.0115831 0.0064347 0.0111375 0.0120148 0.0120148 0.0060261 0.0056090 0.0116835 0.0115831 0.0000000 0.0125534 0.0060138 0.0085382 0.0068544 0.0068544 0.0060166 0.3421578 0.3398344 0.3384418 0.3356964 0.3420755 0.3334873 0.3388057 0.3342959 0.3292301 0.3414885 0.3070478 0.3338707 0.3359420 0.3293576 0.3433635 0.3319107 0.3446781 0.3362300 0.0060259 0.0068510 0.0064387 0.0060226 0.0081158 0.0077071 0.0031696 0.3522464 0.0064434 0.0068685 0.0093956 0.3470809 0.0081029 0.0093930 0.0056162 0.0056162 0.0051980 0.0089632 0.0089632 0.0089741 0.0060166 0.3481267 0.3470168 0.3479640 0.3486841 0.3470168 0.3479640 0.3469650 0.3470168 0.3491843 0.3470168 0.3460445 0.3479855 0.3478997 0.3479640 0.3479855 0.3470168 0.3506100 0.3470168 0.3478997 0.3478997 0.3500211 0.3460445 0.3501342 0.3491843 0.3469909 0.3479640 0.3507366 0.3507366 0.3469650 0.3488475 0.3486841 0.3499857 0.3463829 0.3488475 0.3478997 0.0051980 0.3473566 0.0052042 0.8192739 
HM585509_Human_herpesvirus_1            0.0112791 0.0121205 0.0156830 0.0117130 0.0117130 0.0143283 0.0134700 0.0023707 0.0112791 0.0125534 0.0000000 0.0138996 0.0143204 0.0130097 0.0130097 0.0121151 0.3414949 0.3408969 0.3395887 0.3400365 0.3427766 0.3335535 0.3390229 0.3343584 0.3288565 0.3406920 0.3035155 0.3327634 0.3355573 0.3312260 0.3440194 0.3329723 0.3453359 0.3368898 0.0130090 0.0139267 0.0134502 0.0130019 0.0134758 0.0130510 0.0116669 0.3570015 0.0134593 0.0139217 0.0157260 0.3477424 0.0143376 0.0157203 0.0125710 0.0125710 0.0121152 0.0143709 0.0143709 0.0152796 0.0121151 0.3487905 0.3476780 0.3486273 0.3493483 0.3476780 0.3486273 0.3476260 0.3476780 0.3503927 0.3476780 0.3467035 0.3486491 0.3485627 0.3486273 0.3486491 0.3476780 0.3512786 0.3476780 0.3485627 0.3485627 0.3503608 0.3467035 0.3513438 0.3503927 0.3476520 0.3486273 0.3514060 0.3514060 0.3476260 0.3495125 0.3493483 0.3504894 0.3475876 0.3495125 0.3485627 0.0121152 0.3480193 0.0121293 0.8278309 
HM585510_Human_herpesvirus_1            0.0120279 0.0035836 0.0107316 0.0124613 0.0124613 0.0081169 0.0011790 0.0130198 0.0120279 0.0060138 0.0138996 0.0000000 0.0089786 0.0064552 0.0064552 0.0064421 0.3461494 0.3436506 0.3435844 0.3356964 0.3470914 0.3388337 0.3425864 0.3383826 0.3341567 0.3461641 0.3070478 0.3384307 0.3411762 0.3353817 0.3479996 0.3359904 0.3493131 0.3405205 0.0068665 0.0068586 0.0072830 0.0068628 0.0081341 0.0060460 0.0052032 0.3557647 0.0035781 0.0039888 0.0072942 0.3517151 0.0077025 0.0072924 0.0060401 0.0060401 0.0056191 0.0068708 0.0068708 0.0077128 0.0064421 0.3527661 0.3516499 0.3526011 0.3533202 0.3516499 0.3526011 0.3510575 0.3516499 0.3538309 0.3516499 0.3506731 0.3526243 0.3525357 0.3526011 0.3526243 0.3516499 0.3552559 0.3516499 0.3525357 0.3525357 0.3546675 0.3506731 0.3547849 0.3538309 0.3516235 0.3526011 0.3553866 0.3553866 0.3515978 0.3534875 0.3533202 0.3546326 0.3510181 0.3534875 0.3525357 0.0056191 0.3519962 0.0039817 0.8284550 
HM585511_Human_herpesvirus_1            0.0133704 0.0072776 0.0023780 0.0138089 0.0138089 0.0068576 0.0085645 0.0134389 0.0133704 0.0085382 0.0143204 0.0089786 0.0000000 0.0052135 0.0052135 0.0060226 0.3445560 0.3421483 0.3419147 0.3434371 0.3454693 0.3359561 0.3400963 0.3356757 0.3315086 0.3446795 0.3034901 0.3364441 0.3383627 0.3332741 0.3465303 0.3332844 0.3478464 0.3386908 0.0056212 0.0081297 0.0060330 0.0056181 0.0068724 0.0064658 0.0060327 0.3609987 0.0077174 0.0081499 0.0085596 0.3502527 0.0064473 0.0085574 0.0048036 0.0048036 0.0043888 0.0072939 0.0072939 0.0089827 0.0060226 0.3513039 0.3501877 0.3511393 0.3518599 0.3501877 0.3511393 0.3495932 0.3501877 0.3523682 0.3501877 0.3492107 0.3511620 0.3510742 0.3511393 0.3511620 0.3501877 0.3537958 0.3501877 0.3510742 0.3510742 0.3532063 0.3492107 0.3533225 0.3523682 0.3501615 0.3511393 0.3539255 0.3539255 0.3501356 0.3520263 0.3518599 0.3531712 0.3495542 0.3520263 0.3510742 0.0043888 0.3505326 0.0072908 0.8265038 
HM585512_Human_herpesvirus_1            0.0111718 0.0048013 0.0068961 0.0116029 0.0116029 0.0052139 0.0060477 0.0121406 0.0111718 0.0068544 0.0130097 0.0064552 0.0052135 0.0000000 0.0000010 0.0031700 0.3435915 0.3410527 0.3409079 0.3367591 0.3444863 0.3360429 0.3401730 0.3355859 0.3315887 0.3437553 0.3078998 0.3365377 0.3384478 0.3333718 0.3456135 0.3331950 0.3469295 0.3387768 0.0035775 0.0052152 0.0039819 0.0035756 0.0048030 0.0044012 0.0043871 0.3591651 0.0052199 0.0056399 0.0056318 0.3493354 0.0035792 0.0056305 0.0027742 0.0027742 0.0023700 0.0052157 0.0052157 0.0060446 0.0031700 0.3503853 0.3492707 0.3502212 0.3509418 0.3492707 0.3502212 0.3486756 0.3492707 0.3514479 0.3492707 0.3482948 0.3502436 0.3501563 0.3502212 0.3502436 0.3492707 0.3528753 0.3492707 0.3501563 0.3501563 0.3521209 0.3482948 0.3524011 0.3514479 0.3492445 0.3502212 0.3530041 0.3530041 0.3492186 0.3511074 0.3509418 0.3520857 0.3486369 0.3511074 0.3501563 0.0023700 0.3496142 0.0048050 0.8170323 
HM585513_Human_herpesvirus_1            0.0111718 0.0048013 0.0068961 0.0116029 0.0116029 0.0052139 0.0060477 0.0121406 0.0111718 0.0068544 0.0130097 0.0064552 0.0052135 0.0000010 0.0000000 0.0031700 0.3435915 0.3410527 0.3409079 0.3367591 0.3444863 0.3360429 0.3401730 0.3355859 0.3315887 0.3437553 0.3078998 0.3365377 0.3384478 0.3333718 0.3456135 0.3331950 0.3469295 0.3387768 0.0035775 0.0052152 0.0039819 0.0035756 0.0048030 0.0044012 0.0043871 0.3591651 0.0052199 0.0056399 0.0056318 0.3493354 0.0035792 0.0056305 0.0027742 0.0027742 0.0023700 0.0052157 0.0052157 0.0060446 0.0031700 0.3503853 0.3492707 0.3502212 0.3509418 0.3492707 0.3502212 0.3486756 0.3492707 0.3514479 0.3492707 0.3482948 0.3502436 0.3501563 0.3502212 0.3502436 0.3492707 0.3528753 0.3492707 0.3501563 0.3501563 0.3521209 0.3482948 0.3524011 0.3514479 0.3492445 0.3502212 0.3530041 0.3530041 0.3492186 0.3511074 0.3509418 0.3520857 0.3486369 0.3511074 0.3501563 0.0023700 0.3496142 0.0048050 0.8170323 
HM585514_Human_herpesvirus_1            0.0111499 0.0056102 0.0077163 0.0115802 0.0115802 0.0060231 0.0060353 0.0112480 0.0111499 0.0060166 0.0121151 0.0064421 0.0060226 0.0031700 0.0031700 0.0000000 0.3412750 0.3389798 0.3375170 0.3361151 0.3411768 0.3336341 0.3379573 0.3344359 0.3293621 0.3415352 0.3117435 0.3339415 0.3360880 0.3306609 0.3434110 0.3320479 0.3447263 0.3363797 0.0023687 0.0056139 0.0027683 0.0023675 0.0043866 0.0039864 0.0035708 0.3550862 0.0052093 0.0056284 0.0048021 0.3471307 0.0043797 0.0056190 0.0019713 0.0019713 0.0015718 0.0052050 0.0052050 0.0052115 0.0000010 0.3481771 0.3470665 0.3480144 0.3487348 0.3470665 0.3480144 0.3470146 0.3470665 0.3492355 0.3470665 0.3460935 0.3480359 0.3479500 0.3480144 0.3480359 0.3470665 0.3506620 0.3470665 0.3479500 0.3479500 0.3500728 0.3460935 0.3501860 0.3492355 0.3470405 0.3480144 0.3507888 0.3507888 0.3470146 0.3488984 0.3487348 0.3500374 0.3464322 0.3488984 0.3479500 0.0015718 0.3474066 0.0039834 0.8156774 
HSV2_1                                  0.3419337 0.3444268 0.3474011 0.3428596 0.3428596 0.3443994 0.3446882 0.3412228 0.3419337 0.3421578 0.3414949 0.3461494 0.3445560 0.3435915 0.3435915 0.3412750 0.0000000 0.0012663 0.0013394 0.0044771 0.0080435 0.0023304 0.0008476 0.0013364 0.0086724 0.0004196 0.0020269 0.0015112 0.0079536 0.0081138 0.0100688 0.0013305 0.0087342 0.0095888 0.3431990 0.3414074 0.3442329 0.3431656 0.3437374 0.3445434 0.3432824 0.0733090 0.3482780 0.3472290 0.3502753 0.0087125 0.3414287 0.3473540 0.3414182 0.3414182 0.3403705 0.3473793 0.3473793 0.3475981 0.3412750 0.0091632 0.0091632 0.0091632 0.0100852 0.0091632 0.0091632 0.0087115 0.0087115 0.0087103 0.0087115 0.0087115 0.0091757 0.0091620 0.0087115 0.0091757 0.0096153 0.0100675 0.0096153 0.0091620 0.0091620 0.0096391 0.0087115 0.0091619 0.0087103 0.0087115 0.0087115 0.0087245 0.0087245 0.0091674 0.0091620 0.0100852 0.0096198 0.0082613 0.0091620 0.0091620 0.3403705 0.0100688 0.3470904 0.7141566 
HSV2_2                                  0.3414861 0.3417666 0.3448990 0.3423818 0.3423818 0.3419246 0.3422638 0.3407967 0.3414861 0.3398344 0.3408969 0.3436506 0.3421483 0.3410527 0.3410527 0.3389798 0.0012663 0.0000000 0.0008878 0.0060049 0.0093930 0.0018505 0.0012319 0.0008744 0.0098941 0.0008149 0.0020268 0.0009942 0.0079385 0.0086592 0.0110766 0.0008754 0.0097726 0.0109917 0.3411674 0.3400082 0.3421671 0.3411355 0.3416832 0.3432048 0.3409206 0.0720397 0.3459139 0.3449008 0.3480107 0.0097525 0.3391267 0.3448537 0.3391168 0.3391168 0.3381046 0.3448776 0.3448776 0.3441813 0.3389798 0.0101967 0.0101928 0.0101928 0.0110938 0.0101928 0.0101928 0.0101914 0.0097513 0.0097500 0.0097513 0.0101914 0.0102061 0.0101915 0.0097513 0.0102061 0.0106334 0.0110751 0.0106334 0.0101915 0.0101915 0.0110986 0.0101914 0.0101914 0.0097500 0.0101914 0.0097513 0.0097653 0.0097653 0.0106381 0.0101915 0.0110938 0.0106342 0.0097500 0.0101915 0.0101915 0.3381046 0.0110766 0.3446016 0.7081315 
HSV2_3                                  0.3392128 0.3417831 0.3448886 0.3401798 0.3401798 0.3417544 0.3420630 0.3394803 0.3392128 0.3384418 0.3395887 0.3435844 0.3419147 0.3409079 0.3409079 0.3375170 0.0013394 0.0008878 0.0000000 0.0044771 0.0092374 0.0009372 0.0013307 0.0000021 0.0093676 0.0008812 0.0000023 0.0010243 0.0082198 0.0086586 0.0105734 0.0000021 0.0091459 0.0103200 0.3390389 0.3388029 0.3401184 0.3400207 0.3395911 0.3422561 0.3396133 0.0700582 0.3459859 0.3448906 0.3482535 0.0091471 0.3376349 0.3448396 0.3386384 0.3386384 0.3375450 0.3448655 0.3448655 0.3431332 0.3375170 0.0096249 0.0096209 0.0096209 0.0105903 0.0096209 0.0096209 0.0096256 0.0091459 0.0091446 0.0091459 0.0091459 0.0096346 0.0096197 0.0091459 0.0096346 0.0100964 0.0100950 0.0100964 0.0096197 0.0096197 0.0101182 0.0091459 0.0096196 0.0091446 0.0091459 0.0091459 0.0096406 0.0096406 0.0096256 0.0096197 0.0105903 0.0101014 0.0086726 0.0096197 0.0091459 0.3375450 0.0105734 0.3435897 0.7218119 
HSV2_4                                  0.3289386 0.3324380 0.3434371 0.3289386 0.3289386 0.3358693 0.3343682 0.3400876 0.3289386 0.3356964 0.3400365 0.3356964 0.3434371 0.3367591 0.3367591 0.3361151 0.0044771 0.0060049 0.0044771 0.0000000 0.0014753 0.0060049 0.0060049 0.0044771 0.0000029 0.0044771 0.0000028 0.0044771 0.0014753 0.0029678 0.0000029 0.0044771 0.0014753 0.0014753 0.3328287 0.3331393 0.3361151 0.3328287 0.3292292 0.3364118 0.3356964 0.0618224 0.3393081 0.3356504 0.3360944 0.0014753 0.3283916 0.3434076 0.3365149 0.3365149 0.3328287 0.3396890 0.3396890 0.3396890 0.3361151 0.0000029 0.0014753 0.0000029 0.0014753 0.0014753 0.0000029 0.0014753 0.0014753 0.0014753 0.0014753 0.0014753 0.0014753 0.0014753 0.0014753 0.0014753 0.0000029 0.0014747 0.0000029 0.0000029 0.0000029 0.0014753 0.0014753 0.0014753 0.0014753 0.0014753 0.0014753 0.0014753 0.0014753 0.0029740 0.0014753 0.0014753 0.0029700 0.0014753 0.0014753 0.0014753 0.3328287 0.0000029 0.3389801 0.6179723 
HSV2_5                                  0.3428242 0.3453377 0.3483677 0.3437665 0.3437665 0.3453098 0.3456016 0.3424986 0.3428242 0.3420755 0.3427766 0.3470914 0.3454693 0.3444863 0.3444863 0.3411768 0.0080435 0.0093930 0.0092374 0.0014753 0.0000000 0.0091528 0.0089606 0.0092415 0.0013429 0.0088992 0.0040857 0.0106165 0.0000020 0.0010414 0.0017206 0.0098577 0.0004280 0.0009355 0.3436556 0.3424333 0.3447093 0.3436213 0.3442046 0.3458055 0.3432204 0.0698728 0.3494367 0.3483675 0.3516513 0.0012885 0.3412936 0.3492903 0.3422719 0.3422719 0.3412043 0.3483459 0.3483459 0.3451140 0.3411768 0.0017215 0.0008568 0.0017208 0.0017238 0.0008568 0.0017208 0.0008572 0.0004276 0.0017206 0.0004276 0.0004276 0.0000010 0.0008567 0.0008568 0.0000010 0.0012883 0.0017206 0.0012883 0.0008567 0.0008567 0.0017254 0.0004276 0.0021546 0.0017206 0.0008568 0.0008568 0.0004269 0.0004269 0.0008572 0.0012883 0.0017238 0.0017217 0.0008567 0.0012883 0.0004276 0.3412043 0.0017206 0.3470977 0.7243168 
HSV2_6                                  0.3342936 0.3369561 0.3390471 0.3353001 0.3353001 0.3369261 0.3372606 0.3334398 0.3342936 0.3334873 0.3335535 0.3388337 0.3359561 0.3360429 0.3360429 0.3336341 0.0023304 0.0018505 0.0009372 0.0060049 0.0091528 0.0000000 0.0023153 0.0009259 0.0086767 0.0018494 0.0020268 0.0021280 0.0087711 0.0092662 0.0100716 0.0009346 0.0085853 0.0094214 0.3340982 0.3338545 0.3352205 0.3351203 0.3346609 0.3374385 0.3347017 0.0695195 0.3402121 0.3390766 0.3436794 0.0090798 0.3326411 0.3401322 0.3336849 0.3336849 0.3325498 0.3401582 0.3401582 0.3384743 0.3336341 0.0095790 0.0090798 0.0095748 0.0095919 0.0090798 0.0095748 0.0090844 0.0085853 0.0085841 0.0085853 0.0085853 0.0090933 0.0085853 0.0085853 0.0090933 0.0095748 0.0095735 0.0095748 0.0090785 0.0090785 0.0091005 0.0085853 0.0090784 0.0085841 0.0085853 0.0085853 0.0090933 0.0090933 0.0090844 0.0085853 0.0095919 0.0090845 0.0080928 0.0085853 0.0085853 0.3325498 0.0100716 0.3377279 0.7108749 
HSV2_7                                  0.3404426 0.3408810 0.3428195 0.3413305 0.3413305 0.3408754 0.3412138 0.3387626 0.3404426 0.3388057 0.3390229 0.3425864 0.3400963 0.3401730 0.3401730 0.3379573 0.0008476 0.0012319 0.0013307 0.0060049 0.0089606 0.0023153 0.0000000 0.0013115 0.0093494 0.0012211 0.0020269 0.0014921 0.0079208 0.0080796 0.0119018 0.0013128 0.0105531 0.0104795 0.3401245 0.3397563 0.3411151 0.3400931 0.3406334 0.3421425 0.3398807 0.0718850 0.3448280 0.3438245 0.3469046 0.0105544 0.3381021 0.3437771 0.3380924 0.3380924 0.3370899 0.3438006 0.3438006 0.3431098 0.3379573 0.0109981 0.0114348 0.0109939 0.0118951 0.0114348 0.0109939 0.0109924 0.0105531 0.0105517 0.0105531 0.0109924 0.0110081 0.0109925 0.0105531 0.0110081 0.0114348 0.0118755 0.0114348 0.0109925 0.0109925 0.0119048 0.0109924 0.0109924 0.0105517 0.0109924 0.0105531 0.0110144 0.0110144 0.0114398 0.0109925 0.0118951 0.0114400 0.0105517 0.0109925 0.0109925 0.3370899 0.0118771 0.3435286 0.7166186 
HSV2_8                                  0.3350604 0.3363734 0.3386067 0.3360154 0.3360154 0.3365173 0.3369138 0.3342506 0.3350604 0.3342959 0.3343584 0.3383826 0.3356757 0.3355859 0.3355859 0.3344359 0.0013364 0.0008744 0.0000021 0.0044771 0.0092415 0.0009259 0.0013115 0.0000000 0.0089613 0.0008735 0.0000023 0.0010232 0.0084585 0.0087081 0.0109501 0.0000020 0.0095313 0.0098242 0.3357073 0.3344741 0.3367727 0.3356747 0.3362450 0.3378737 0.3354489 0.0706014 0.3407673 0.3396891 0.3429976 0.0095325 0.3325321 0.3396354 0.3335220 0.3335220 0.3324455 0.3396599 0.3396599 0.3390302 0.3344359 0.0100076 0.0100034 0.0100034 0.0109683 0.0100034 0.0100034 0.0095313 0.0095313 0.0095300 0.0095313 0.0095313 0.0100175 0.0100021 0.0095313 0.0100175 0.0104760 0.0104746 0.0104760 0.0100021 0.0100021 0.0109733 0.0095313 0.0100020 0.0095300 0.0095313 0.0095313 0.0095460 0.0095460 0.0100083 0.0100021 0.0109683 0.0104768 0.0090608 0.0100021 0.0095313 0.3324455 0.0109501 0.3393732 0.7165436 
HSV2_9                                  0.3309554 0.3324150 0.3343712 0.3318888 0.3318888 0.3324087 0.3327087 0.3285853 0.3309554 0.3292301 0.3288565 0.3341567 0.3315086 0.3315887 0.3315887 0.3293621 0.0086724 0.0098941 0.0093676 0.0000029 0.0013429 0.0086767 0.0093494 0.0089613 0.0000000 0.0093441 0.0040857 0.0117061 0.0013967 0.0015671 0.0012896 0.0103453 0.0008577 0.0013913 0.3297876 0.3304982 0.3308264 0.3307347 0.3302990 0.3328748 0.3303513 0.0652653 0.3364797 0.3354289 0.3386519 0.0017227 0.3294168 0.3363350 0.3294075 0.3294075 0.3283581 0.3353969 0.3353969 0.3322190 0.3293621 0.0012902 0.0012897 0.0012897 0.0021606 0.0012897 0.0012897 0.0012903 0.0008573 0.0021567 0.0008573 0.0008573 0.0012916 0.0012896 0.0012897 0.0012916 0.0008573 0.0017223 0.0008573 0.0004279 0.0004279 0.0021627 0.0008573 0.0025926 0.0021567 0.0012897 0.0012897 0.0021613 0.0021613 0.0012903 0.0017225 0.0021606 0.0021580 0.0012896 0.0017225 0.0012896 0.3283581 0.0012896 0.3341803 0.7078482 
HSV2_10                                 0.3412751 0.3444604 0.3474056 0.3421611 0.3421611 0.3444550 0.3447858 0.3405928 0.3412751 0.3414885 0.3406920 0.3461641 0.3446795 0.3437553 0.3437553 0.3415352 0.0004196 0.0008149 0.0008812 0.0044771 0.0088992 0.0018494 0.0012211 0.0008735 0.0093441 0.0000000 0.0000023 0.0009939 0.0079122 0.0080664 0.0104918 0.0008750 0.0092109 0.0104765 0.3438687 0.3427124 0.3448604 0.3438364 0.3434887 0.3449947 0.3425652 0.0723095 0.3484111 0.3474060 0.3513921 0.0091890 0.3416826 0.3473600 0.3425662 0.3425662 0.3415612 0.3473843 0.3473843 0.3457987 0.3415352 0.0096256 0.0096219 0.0096219 0.0105080 0.0096219 0.0096219 0.0100605 0.0091879 0.0091867 0.0091879 0.0096207 0.0096344 0.0096207 0.0091879 0.0096344 0.0100562 0.0104904 0.0100562 0.0096207 0.0096207 0.0105124 0.0096207 0.0096207 0.0091867 0.0096207 0.0091879 0.0096399 0.0096399 0.0100605 0.0096207 0.0105080 0.0100607 0.0091867 0.0096207 0.0096207 0.3415612 0.0104918 0.3462116 0.7112076 
HSV2_11                                 0.2986392 0.3028391 0.3034901 0.2986392 0.2986392 0.3028391 0.3070478 0.3035155 0.2986392 0.3070478 0.3035155 0.3070478 0.3034901 0.3078998 0.3078998 0.3117435 0.0020269 0.0020268 0.0000023 0.0000028 0.0040857 0.0020268 0.0020269 0.0000023 0.0040857 0.0000023 0.0000000 0.0000023 0.0040857 0.0061784 0.0040857 0.0000023 0.0040857 0.0040857 0.3074865 0.3078260 0.3121355 0.3074865 0.3032657 0.3078260 0.3070478 0.0461674 0.3116829 0.3070290 0.3159547 0.0040857 0.3075138 0.3163166 0.3074865 0.3074865 0.3074865 0.3120667 0.3120667 0.3163166 0.3117435 0.0040857 0.0040857 0.0040857 0.0040857 0.0040857 0.0040857 0.0040857 0.0040857 0.0040857 0.0040857 0.0040857 0.0040857 0.0040857 0.0040857 0.0040857 0.0040857 0.0040857 0.0040857 0.0040857 0.0040857 0.0040857 0.0040857 0.0040857 0.0040857 0.0040857 0.0040857 0.0040857 0.0040857 0.0061957 0.0040857 0.0040857 0.0040857 0.0040857 0.0040857 0.0040857 0.3074865 0.0040857 0.3070478 0.5351685 
HSV2_12                                 0.3335606 0.3364011 0.3397756 0.3346445 0.3346445 0.3363327 0.3367375 0.3326408 0.3335606 0.3338707 0.3327634 0.3384307 0.3364441 0.3365377 0.3365377 0.3339415 0.0015112 0.0009942 0.0010243 0.0044771 0.0106165 0.0021280 0.0014921 0.0010232 0.0117061 0.0009939 0.0000023 0.0000000 0.0085942 0.0092567 0.0119553 0.0010063 0.0103400 0.0113315 0.3344419 0.3341792 0.3356515 0.3344488 0.3338031 0.3380428 0.3350918 0.0739305 0.3422324 0.3410058 0.3447713 0.0103351 0.3328716 0.3409457 0.3339963 0.3339963 0.3327731 0.3409739 0.3409739 0.3378505 0.3339415 0.0108782 0.0108731 0.0108731 0.0125245 0.0108731 0.0108731 0.0119635 0.0108731 0.0103335 0.0108731 0.0114130 0.0114329 0.0114131 0.0103351 0.0114329 0.0114131 0.0119551 0.0114131 0.0114131 0.0114131 0.0114423 0.0114130 0.0108730 0.0103335 0.0108730 0.0103351 0.0108920 0.0108920 0.0119635 0.0108731 0.0125245 0.0114212 0.0108713 0.0108731 0.0114131 0.3327731 0.0119553 0.3395492 0.6775093 
HSV2_13                                 0.3367290 0.3393403 0.3413874 0.3377138 0.3377138 0.3393110 0.3396319 0.3352691 0.3367290 0.3359420 0.3355573 0.3411762 0.3383627 0.3384478 0.3384478 0.3360880 0.0079536 0.0079385 0.0082198 0.0014753 0.0000020 0.0087711 0.0079208 0.0084585 0.0013967 0.0079122 0.0040857 0.0085942 0.0000000 0.0010539 0.0018084 0.0085926 0.0004492 0.0009576 0.3375789 0.3363054 0.3386787 0.3375448 0.3381382 0.3398171 0.3371325 0.0691790 0.3425272 0.3414149 0.3459244 0.0013539 0.3351171 0.3434653 0.3361387 0.3361387 0.3350266 0.3424764 0.3424764 0.3392289 0.3360880 0.0018094 0.0009008 0.0018086 0.0018119 0.0009008 0.0018086 0.0009013 0.0004492 0.0013536 0.0004492 0.0004492 0.0000020 0.0009007 0.0004492 0.0000020 0.0013538 0.0013536 0.0013538 0.0009007 0.0009007 0.0013576 0.0004492 0.0018084 0.0013536 0.0004492 0.0004492 0.0004485 0.0004485 0.0009013 0.0009007 0.0018119 0.0013544 0.0009007 0.0009007 0.0004492 0.3350266 0.0018084 0.3400937 0.7169211 
HSV2_14                                 0.3325960 0.3344026 0.3367585 0.3337311 0.3337311 0.3343687 0.3336184 0.3308950 0.3325960 0.3293576 0.3312260 0.3353817 0.3332741 0.3333718 0.3333718 0.3306609 0.0081138 0.0086592 0.0086586 0.0029678 0.0010414 0.0092662 0.0080796 0.0087081 0.0015671 0.0080664 0.0061784 0.0092567 0.0010539 0.0000000 0.0015624 0.0087211 0.0005181 0.0005221 0.3311801 0.3309068 0.3324444 0.3311874 0.3318065 0.3349406 0.3318640 0.0677283 0.3380722 0.3367934 0.3419785 0.0010396 0.3295671 0.3391507 0.3307167 0.3307167 0.3294396 0.3380094 0.3380094 0.3342725 0.3306609 0.0015633 0.0005178 0.0015626 0.0010420 0.0005178 0.0015626 0.0010402 0.0005178 0.0015626 0.0005178 0.0005178 0.0010414 0.0005178 0.0010396 0.0010414 0.0010395 0.0020877 0.0010395 0.0010395 0.0010395 0.0015679 0.0005178 0.0020880 0.0015626 0.0010396 0.0010396 0.0015656 0.0015656 0.0010402 0.0010396 0.0010420 0.0015637 0.0005178 0.0010396 0.0005178 0.3294396 0.0015624 0.3352747 0.6838399 
HSV2_15                                 0.3449825 0.3463111 0.3492320 0.3458617 0.3458617 0.3463057 0.3466296 0.3437599 0.3449825 0.3433635 0.3440194 0.3479996 0.3465303 0.3456135 0.3456135 0.3434110 0.0100688 0.0110766 0.0105734 0.0000029 0.0017206 0.0100716 0.0119018 0.0109501 0.0012896 0.0104918 0.0040857 0.0119553 0.0018084 0.0015624 0.0000000 0.0114494 0.0012014 0.0018305 0.3457260 0.3445793 0.3467091 0.3456935 0.3453534 0.3468447 0.3444321 0.0721590 0.3502283 0.3492313 0.3531847 0.0011981 0.3435584 0.3500918 0.3444337 0.3444337 0.3434368 0.3492119 0.3492119 0.3461979 0.3434110 0.0007970 0.0011980 0.0007967 0.0024114 0.0011980 0.0007967 0.0020039 0.0011980 0.0024073 0.0011980 0.0015997 0.0016021 0.0015998 0.0015999 0.0016021 0.0003977 0.0020028 0.0003977 0.0007966 0.0007966 0.0024127 0.0015997 0.0028132 0.0024073 0.0020030 0.0015999 0.0024121 0.0024121 0.0020039 0.0020030 0.0024114 0.0024087 0.0020028 0.0020030 0.0015998 0.3434368 0.0000010 0.3480472 0.7145219 
HSV2_16                                 0.3346737 0.3339619 0.3362118 0.3356291 0.3356291 0.3341267 0.3345062 0.3328644 0.3346737 0.3319107 0.3329723 0.3359904 0.3332844 0.3331950 0.3331950 0.3320479 0.0013305 0.0008754 0.0000021 0.0044771 0.0098577 0.0009346 0.0013128 0.0000020 0.0103453 0.0008750 0.0000023 0.0010063 0.0085926 0.0087211 0.0114494 0.0000000 0.0104974 0.0106768 0.3333166 0.3320853 0.3343803 0.3332848 0.3338481 0.3354766 0.3330604 0.0741844 0.3383687 0.3372931 0.3405930 0.0100238 0.3311445 0.3372379 0.3311348 0.3311348 0.3300609 0.3372620 0.3372620 0.3365141 0.3320479 0.0105018 0.0104974 0.0104974 0.0114700 0.0104974 0.0104974 0.0109725 0.0104974 0.0104959 0.0104974 0.0109725 0.0109894 0.0109726 0.0104974 0.0109894 0.0109726 0.0119277 0.0109726 0.0109726 0.0109726 0.0114751 0.0109725 0.0109725 0.0104959 0.0109725 0.0104974 0.0105136 0.0105136 0.0114563 0.0109726 0.0114700 0.0114518 0.0104959 0.0109726 0.0109726 0.3300609 0.0114494 0.3369792 0.6970209 
HSV2_17                                 0.3462956 0.3476257 0.3505468 0.3471742 0.3471742 0.3476204 0.3479414 0.3450763 0.3462956 0.3446781 0.3453359 0.3493131 0.3478464 0.3469295 0.3469295 0.3447263 0.0087342 0.0097726 0.0091459 0.0014753 0.0004280 0.0085853 0.0105531 0.0095313 0.0008577 0.0092109 0.0040857 0.0103400 0.0004492 0.0005181 0.0012014 0.0104974 0.0000000 0.0004550 0.3470420 0.3457843 0.3480249 0.3470091 0.3466725 0.3481618 0.3457472 0.0701889 0.3515425 0.3505453 0.3544991 0.0007967 0.3448746 0.3514061 0.3457493 0.3457493 0.3447522 0.3505269 0.3505269 0.3475127 0.3447263 0.0011974 0.0007966 0.0011970 0.0011989 0.0007966 0.0011970 0.0007969 0.0000028 0.0007965 0.0000028 0.0003974 0.0003979 0.0003974 0.0000028 0.0003979 0.0007966 0.0011967 0.0007966 0.0003974 0.0003974 0.0011998 0.0003974 0.0011968 0.0007965 0.0003974 0.0000028 0.0016016 0.0016016 0.0007969 0.0003974 0.0011989 0.0007970 0.0007965 0.0003974 0.0003974 0.3447522 0.0011968 0.3493611 0.7107381 
HSV2_18                                 0.3391269 0.3396606 0.3417640 0.3401288 0.3401288 0.3396542 0.3389548 0.3365964 0.3391269 0.3362300 0.3368898 0.3405205 0.3386908 0.3387768 0.3387768 0.3363797 0.0095888 0.0109917 0.0103200 0.0014753 0.0009355 0.0094214 0.0104795 0.0098242 0.0013913 0.0104765 0.0040857 0.0113315 0.0009576 0.0005221 0.0018305 0.0106768 0.0004550 0.0000000 0.3368441 0.3366004 0.3379604 0.3378600 0.3374101 0.3401691 0.3374402 0.0695838 0.3440306 0.3428983 0.3463742 0.0013706 0.3364420 0.3438751 0.3364313 0.3364313 0.3353013 0.3428706 0.3428706 0.3394480 0.3363797 0.0018315 0.0009120 0.0018307 0.0004558 0.0009120 0.0018307 0.0013704 0.0004550 0.0013702 0.0004550 0.0009119 0.0009124 0.0004550 0.0004550 0.0009124 0.0013704 0.0018302 0.0013704 0.0009119 0.0009119 0.0009136 0.0009119 0.0018305 0.0013702 0.0009119 0.0004550 0.0013727 0.0013727 0.0013704 0.0004550 0.0004558 0.0009125 0.0013702 0.0004550 0.0009119 0.3353013 0.0018305 0.3415537 0.7045149 
JN400093_Human_herpesvirus_1            0.0120324 0.0060300 0.0081482 0.0124660 0.0124660 0.0064451 0.0064581 0.0121352 0.0120324 0.0060259 0.0130090 0.0068665 0.0056212 0.0035775 0.0035775 0.0023687 0.3431990 0.3411674 0.3390389 0.3328287 0.3436556 0.3340982 0.3401245 0.3357073 0.3297876 0.3438687 0.3074865 0.3344419 0.3375789 0.3311801 0.3457260 0.3333166 0.3470420 0.3368441 0.0000000 0.0060318 0.0011781 0.0015740 0.0035751 0.0043957 0.0035762 0.3554734 0.0056257 0.0060473 0.0052150 0.3494480 0.0047930 0.0060395 0.0015771 0.0015771 0.0011788 0.0056232 0.0056232 0.0060416 0.0023687 0.3503339 0.3493832 0.3503339 0.3510545 0.3493832 0.3503339 0.3484072 0.3493832 0.3515609 0.3493832 0.3484072 0.3503563 0.3502689 0.3503339 0.3503563 0.3493832 0.3529883 0.3493832 0.3502689 0.3502689 0.3523988 0.3484072 0.3525142 0.3515609 0.3493570 0.3503339 0.3531172 0.3531172 0.3493312 0.3512202 0.3510545 0.3523636 0.3487494 0.3512202 0.3502689 0.0011788 0.3497269 0.0048025 0.8146466 
JN420337_Human_herpesvirus_1            0.0111847 0.0060399 0.0098670 0.0116163 0.0116163 0.0072944 0.0064507 0.0130454 0.0111847 0.0068510 0.0139267 0.0068586 0.0081297 0.0052152 0.0052152 0.0056139 0.3414074 0.3400082 0.3388029 0.3331393 0.3424333 0.3338545 0.3397563 0.3344741 0.3304982 0.3427124 0.3078260 0.3341792 0.3363054 0.3309068 0.3445793 0.3320853 0.3457843 0.3366004 0.0060318 0.0000000 0.0064450 0.0060285 0.0072882 0.0052077 0.0068611 0.3561477 0.0081400 0.0085747 0.0072968 0.3481886 0.0064497 0.0068590 0.0056238 0.0056238 0.0052050 0.0064400 0.0064400 0.0068613 0.0056139 0.3483515 0.3481242 0.3490730 0.3497933 0.3481242 0.3490730 0.3471501 0.3481242 0.3502964 0.3481242 0.3471501 0.3490949 0.3490084 0.3490730 0.3490949 0.3481242 0.3517229 0.3481242 0.3490084 0.3490084 0.3511337 0.3471501 0.3512479 0.3502964 0.3480981 0.3490730 0.3518505 0.3518505 0.3480722 0.3499578 0.3497933 0.3510984 0.3474903 0.3499578 0.3490084 0.0052050 0.3484657 0.0072936 0.8224114 
JN420338_Human_herpesvirus_1            0.0124686 0.0064431 0.0085702 0.0129037 0.0129037 0.0068598 0.0068736 0.0125735 0.0124686 0.0064387 0.0134502 0.0072830 0.0060330 0.0039819 0.0039819 0.0027683 0.3442329 0.3421671 0.3401184 0.3361151 0.3447093 0.3352205 0.3411151 0.3367727 0.3308264 0.3448604 0.3121355 0.3356515 0.3386787 0.3324444 0.3467091 0.3343803 0.3480249 0.3379604 0.0011781 0.0064450 0.0000000 0.0019709 0.0039792 0.0048036 0.0039804 0.3564566 0.0060379 0.0064616 0.0056258 0.3504307 0.0052014 0.0064532 0.0019747 0.0019747 0.0015745 0.0060353 0.0060353 0.0064555 0.0027683 0.3513172 0.3503657 0.3513172 0.3520376 0.3503657 0.3513172 0.3493887 0.3503657 0.3525462 0.3503657 0.3493887 0.3513399 0.3512520 0.3513172 0.3513399 0.3503657 0.3539734 0.3503657 0.3512520 0.3512520 0.3533840 0.3493887 0.3535004 0.3525462 0.3503394 0.3513172 0.3541032 0.3541032 0.3503136 0.3522041 0.3520376 0.3533489 0.3497323 0.3522041 0.3512520 0.0015745 0.3507107 0.0052117 0.8180078 
JN420339_Human_herpesvirus_1            0.0120258 0.0060268 0.0081438 0.0124593 0.0124593 0.0064417 0.0064547 0.0121285 0.0120258 0.0060226 0.0130019 0.0068628 0.0056181 0.0035756 0.0035756 0.0023675 0.3431656 0.3411355 0.3400207 0.3328287 0.3436213 0.3351203 0.3400931 0.3356747 0.3307347 0.3438364 0.3074865 0.3344488 0.3375448 0.3311874 0.3456935 0.3332848 0.3470091 0.3378600 0.0015740 0.0060285 0.0019709 0.0000000 0.0043861 0.0043934 0.0035743 0.3555440 0.0056227 0.0060441 0.0052122 0.3494145 0.0047904 0.0060363 0.0015762 0.0015762 0.0011782 0.0056202 0.0056202 0.0060383 0.0023675 0.3503002 0.3493498 0.3503002 0.3510206 0.3493498 0.3503002 0.3483740 0.3493498 0.3515268 0.3493498 0.3483740 0.3503226 0.3502353 0.3503002 0.3503226 0.3493498 0.3529539 0.3493498 0.3502353 0.3502353 0.3523645 0.3483740 0.3524799 0.3515268 0.3493236 0.3503002 0.3530827 0.3530827 0.3492978 0.3511862 0.3510206 0.3523293 0.3487162 0.3511862 0.3502353 0.0011782 0.3496933 0.0047999 0.8182681 
JN420340_Human_herpesvirus_1            0.0124924 0.0072861 0.0085868 0.0129282 0.0129282 0.0068656 0.0077220 0.0125976 0.0124924 0.0081158 0.0134758 0.0081341 0.0068724 0.0048030 0.0048030 0.0043866 0.3437374 0.3416832 0.3395911 0.3292292 0.3442046 0.3346609 0.3406334 0.3362450 0.3302990 0.3434887 0.3032657 0.3338031 0.3381382 0.3318065 0.3453534 0.3338481 0.3466725 0.3374101 0.0035751 0.0072882 0.0039792 0.0043861 0.0000000 0.0039866 0.0056192 0.3560818 0.0068785 0.0073068 0.0064445 0.3490839 0.0060327 0.0072975 0.0043944 0.0043944 0.0039817 0.0052092 0.0052092 0.0064500 0.0043866 0.3499716 0.3490191 0.3499716 0.3506939 0.3490191 0.3499716 0.3480412 0.3490191 0.3512005 0.3490191 0.3480412 0.3499939 0.3499065 0.3499716 0.3499939 0.3490191 0.3526312 0.3490191 0.3499065 0.3499065 0.3520403 0.3480412 0.3521557 0.3512005 0.3489929 0.3499716 0.3527600 0.3527600 0.3489669 0.3508596 0.3506939 0.3520050 0.3483837 0.3508596 0.3499065 0.0039817 0.3493630 0.0060446 0.8129894 
JN420341_Human_herpesvirus_1            0.0111907 0.0060434 0.0081750 0.0116225 0.0116225 0.0064668 0.0064725 0.0121746 0.0111907 0.0077071 0.0130510 0.0060460 0.0064658 0.0044012 0.0044012 0.0039864 0.3445434 0.3432048 0.3422561 0.3364118 0.3458055 0.3374385 0.3421425 0.3378737 0.3328748 0.3449947 0.3078260 0.3380428 0.3398171 0.3349406 0.3468447 0.3354766 0.3481618 0.3401691 0.0043957 0.0052077 0.0048036 0.0043934 0.0039866 0.0000000 0.0052160 0.3604164 0.0044110 0.0048279 0.0039871 0.3505702 0.0056285 0.0035832 0.0039935 0.0039935 0.0035823 0.0015740 0.0015740 0.0035741 0.0039864 0.3514578 0.3505051 0.3514578 0.3521790 0.3505051 0.3514578 0.3495269 0.3505051 0.3526884 0.3505051 0.3495269 0.3514806 0.3513925 0.3514578 0.3514806 0.3505051 0.3541172 0.3505051 0.3513925 0.3513925 0.3535272 0.3495269 0.3536438 0.3526884 0.3504788 0.3514578 0.3542473 0.3542473 0.3504529 0.3523457 0.3521790 0.3534921 0.3498712 0.3523457 0.3513925 0.0035823 0.3508507 0.0056396 0.8212139 
