94
HM585496_Human_herpesvirus_1            0.0000000 0.0035276 0.0019539 0.0007804 0.0007804 0.0043156 0.0051042 0.0015627 0.0138975 0.0015627 0.0055019 0.0151296 0.0039190 0.0039190 0.0051031 0.0051031 0.0058971 0.3064453 0.3021749 0.3058155 0.2044218 0.3216304 0.3064406 0.3194700 0.3098339 0.3153119 0.3057179 0.2169156 0.2888145 0.3125854 0.3257181 0.3231898 0.3118068 0.3135160 0.3284360 0.0047089 0.0039204 0.0051050 0.0051062 0.0043188 0.0023471 0.0062892 0.3298750 0.0062981 0.0062942 0.0058971 0.3231898 0.0051058 0.0039207 0.0062911 0.0062911 0.0039197 0.0035250 0.0043129 0.0055020 0.3248665 0.3238001 0.3238001 0.3245779 0.3248665 0.3254537 0.3243814 0.3240566 0.3235223 0.3228263 0.3236063 0.3252747 0.3230305 0.3247534 0.3236035 0.3221403 0.3212906 0.3217241 0.3220977 0.3247598 0.3247598 0.3228263 0.3243814 0.3239744 0.3247368 0.3247929 0.3236035 0.3221403 0.3230428 0.3241103 0.3252424 0.3248250 0.3252424 0.3231812 0.3239487 0.3241905 0.3229976 0.0047085 0.8102953 
HM585497_Human_herpesvirus_1            0.0035276 0.0000000 0.0039201 0.0027400 0.0027400 0.0023486 0.0031340 0.0035273 0.0126990 0.0035273 0.0035289 0.0139272 0.0019551 0.0019551 0.0031333 0.0031333 0.0039226 0.3032305 0.2989443 0.3025231 0.2028916 0.3184162 0.3029385 0.3163075 0.3063935 0.3120422 0.3024769 0.2136629 0.2869831 0.3092477 0.3223764 0.3200198 0.3081608 0.3103482 0.3250429 0.0027406 0.0043179 0.0031345 0.0031352 0.0047173 0.0027418 0.0043141 0.3291163 0.0043201 0.0043175 0.0039225 0.3200198 0.0031350 0.0035299 0.0043154 0.0043154 0.0043171 0.0039216 0.0031349 0.0035290 0.3216879 0.3206277 0.3206277 0.3214038 0.3216879 0.3222760 0.3212100 0.3208821 0.3203536 0.3196598 0.3204381 0.3220990 0.3198608 0.3215774 0.3204345 0.3189748 0.3181289 0.3185634 0.3205465 0.3232041 0.3232041 0.3196598 0.3212100 0.3208008 0.3215608 0.3216163 0.3204345 0.3189748 0.3198739 0.3209352 0.3220677 0.3216483 0.3220677 0.3200109 0.3207755 0.3210136 0.3198303 0.0027405 0.8028712 
HM585498_Human_herpesvirus_1            0.0019539 0.0039201 0.0000000 0.0011708 0.0011708 0.0031332 0.0039196 0.0019537 0.0134896 0.0019537 0.0043155 0.0139110 0.0019544 0.0019544 0.0039188 0.0039188 0.0047097 0.3037782 0.2995011 0.3038874 0.2028916 0.3189414 0.3043894 0.3168273 0.3078134 0.3125858 0.3038200 0.2150764 0.2867078 0.3106213 0.3237335 0.3205355 0.3105338 0.3108774 0.3264172 0.0035256 0.0027396 0.0039202 0.0039211 0.0023495 0.0011716 0.0051013 0.3272114 0.0051084 0.0051053 0.0047096 0.3205355 0.0039209 0.0027398 0.0051028 0.0051028 0.0027391 0.0023460 0.0031313 0.0043157 0.3222026 0.3211429 0.3211429 0.3219182 0.3222026 0.3227897 0.3217242 0.3213973 0.3208686 0.3201754 0.3209528 0.3226126 0.3203766 0.3220918 0.3209495 0.3194912 0.3186459 0.3190796 0.3194490 0.3220977 0.3220977 0.3201754 0.3217242 0.3213159 0.3220753 0.3221308 0.3209495 0.3194912 0.3203896 0.3214504 0.3225812 0.3221627 0.3225812 0.3205266 0.3212906 0.3215290 0.3203458 0.0035254 0.8056519 
HM585499_Human_herpesvirus_1            0.0007804 0.0027400 0.0011708 0.0000000 0.0000010 0.0035262 0.0043131 0.0007803 0.0130855 0.0007803 0.0047095 0.0143137 0.0031310 0.0031310 0.0043122 0.0043122 0.0051040 0.3045451 0.3002712 0.3038703 0.2028916 0.3197101 0.3043712 0.3175834 0.3077955 0.3133670 0.3038032 0.2136629 0.2866892 0.3106039 0.3237161 0.3212939 0.3096436 0.3116341 0.3263995 0.0039188 0.0031321 0.0043138 0.0043148 0.0035288 0.0015627 0.0054957 0.3279705 0.0055034 0.0055000 0.0051039 0.3212939 0.0043145 0.0031324 0.0054973 0.0054973 0.0031316 0.0027380 0.0035240 0.0047097 0.3229633 0.3219020 0.3219020 0.3226777 0.3229633 0.3235502 0.3224831 0.3221568 0.3216267 0.3209330 0.3217109 0.3233726 0.3211349 0.3228518 0.3217077 0.3202484 0.3194021 0.3198356 0.3202061 0.3228578 0.3228578 0.3209330 0.3224831 0.3220753 0.3228353 0.3228910 0.3217077 0.3202484 0.3211477 0.3222101 0.3233410 0.3229229 0.3233410 0.3212851 0.3220498 0.3222892 0.3211035 0.0039185 0.8073058 
HM585500_Human_herpesvirus_1            0.0007804 0.0027400 0.0011708 0.0000010 0.0000000 0.0035262 0.0043131 0.0007803 0.0130855 0.0007803 0.0047095 0.0143137 0.0031310 0.0031310 0.0043122 0.0043122 0.0051040 0.3045451 0.3002712 0.3038703 0.2028916 0.3197101 0.3043712 0.3175834 0.3077955 0.3133670 0.3038032 0.2136629 0.2866892 0.3106039 0.3237161 0.3212939 0.3096436 0.3116341 0.3263995 0.0039188 0.0031321 0.0043138 0.0043148 0.0035288 0.0015627 0.0054957 0.3279705 0.0055034 0.0055000 0.0051039 0.3212939 0.0043145 0.0031324 0.0054973 0.0054973 0.0031316 0.0027380 0.0035240 0.0047097 0.3229633 0.3219020 0.3219020 0.3226777 0.3229633 0.3235502 0.3224831 0.3221568 0.3216267 0.3209330 0.3217109 0.3233726 0.3211349 0.3228518 0.3217077 0.3202484 0.3194021 0.3198356 0.3202061 0.3228578 0.3228578 0.3209330 0.3224831 0.3220753 0.3228353 0.3228910 0.3217077 0.3202484 0.3211477 0.3222101 0.3233410 0.3229229 0.3233410 0.3212851 0.3220498 0.3222892 0.3211035 0.0039185 0.8073058 
HM585501_Human_herpesvirus_1            0.0043156 0.0023486 0.0031332 0.0035262 0.0035262 0.0000000 0.0023483 0.0043152 0.0126990 0.0043152 0.0027422 0.0131192 0.0011720 0.0011720 0.0015637 0.0015637 0.0023492 0.3016272 0.2973349 0.3016830 0.2028916 0.3168073 0.3020452 0.3147251 0.3055146 0.3104079 0.3016498 0.2140319 0.2851896 0.3083942 0.3215184 0.3184322 0.3080991 0.3087654 0.3241709 0.0019558 0.0035296 0.0023487 0.0023492 0.0031390 0.0019566 0.0035265 0.3275212 0.0035314 0.0035292 0.0031351 0.3184322 0.0023491 0.0027429 0.0035275 0.0035275 0.0035289 0.0031344 0.0023490 0.0019569 0.3200954 0.3190387 0.3190387 0.3198136 0.3200954 0.3206838 0.3196212 0.3192919 0.3187666 0.3180741 0.3188512 0.3205077 0.3182734 0.3199862 0.3188473 0.3173899 0.3165462 0.3169810 0.3189583 0.3216092 0.3216092 0.3180741 0.3196212 0.3192111 0.3199696 0.3200249 0.3188473 0.3173899 0.3182869 0.3193448 0.3204769 0.3200567 0.3204769 0.3184231 0.3191860 0.3194221 0.3182441 0.0019557 0.8044854 
HM585502_Human_herpesvirus_1            0.0051042 0.0031340 0.0039196 0.0043131 0.0043131 0.0023483 0.0000000 0.0051038 0.0135037 0.0051038 0.0035285 0.0139256 0.0019548 0.0019548 0.0031329 0.0031329 0.0039220 0.3017693 0.2974768 0.3018286 0.2028916 0.3172946 0.3022004 0.3152026 0.3056675 0.3105540 0.3017932 0.2136629 0.2854227 0.3085431 0.3216694 0.3189143 0.3082619 0.3089067 0.3246930 0.0027403 0.0043173 0.0031340 0.0031347 0.0047167 0.0027414 0.0043135 0.3290101 0.0043195 0.0043169 0.0039220 0.3189143 0.0031345 0.0035294 0.0043148 0.0043148 0.0043165 0.0039211 0.0031345 0.0035286 0.3205804 0.3195218 0.3195218 0.3202977 0.3205804 0.3211692 0.3201047 0.3197756 0.3192488 0.3185554 0.3193335 0.3209927 0.3187553 0.3204707 0.3193297 0.3178704 0.3170253 0.3174604 0.3194411 0.3220961 0.3220961 0.3185554 0.3201047 0.3196945 0.3204541 0.3205095 0.3193297 0.3178704 0.3187687 0.3198285 0.3209617 0.3205414 0.3209617 0.3189053 0.3196693 0.3199063 0.3187256 0.0027401 0.7962901 
HM585503_Human_herpesvirus_1            0.0015627 0.0035273 0.0019537 0.0007803 0.0007803 0.0043152 0.0051038 0.0000000 0.0138964 0.0000010 0.0055014 0.0151284 0.0039187 0.0039187 0.0051027 0.0051027 0.0058967 0.3064254 0.3021549 0.3057951 0.2047683 0.3216104 0.3064189 0.3194504 0.3098126 0.3152916 0.3056978 0.2136629 0.2887921 0.3125648 0.3256974 0.3231702 0.3117842 0.3134963 0.3284150 0.0047085 0.0039201 0.0051046 0.0051057 0.0043184 0.0023470 0.0062887 0.3298553 0.0062975 0.0062937 0.0058966 0.3231702 0.0051054 0.0039204 0.0062906 0.0062906 0.0039194 0.0035247 0.0043126 0.0055016 0.3248468 0.3237805 0.3237805 0.3245582 0.3248468 0.3254340 0.3243617 0.3240369 0.3235027 0.3228067 0.3235866 0.3252550 0.3230108 0.3247337 0.3235839 0.3221206 0.3212710 0.3217045 0.3220780 0.3247401 0.3247401 0.3228067 0.3243617 0.3239547 0.3247171 0.3247732 0.3235839 0.3221206 0.3230232 0.3240906 0.3252227 0.3248052 0.3252227 0.3231615 0.3239290 0.3241708 0.3229779 0.0047082 0.8119227 
HM585504_Human_herpesvirus_1            0.0138975 0.0126990 0.0134896 0.0130855 0.0130855 0.0126990 0.0135037 0.0138964 0.0000000 0.0138964 0.0139134 0.0051018 0.0122888 0.0122888 0.0135005 0.0135005 0.0143166 0.3126153 0.3083635 0.3121335 0.2116151 0.3273169 0.3113345 0.3255729 0.3154798 0.3216121 0.3119364 0.2254034 0.2955295 0.3186479 0.3318187 0.3289695 0.3179255 0.3192698 0.3346375 0.0130987 0.0139051 0.0135056 0.0135087 0.0143235 0.0122889 0.0147118 0.3382927 0.0131093 0.0131013 0.0143166 0.3289695 0.0135078 0.0122941 0.0147162 0.0147162 0.0139026 0.0134946 0.0126911 0.0139138 0.3306654 0.3295855 0.3295855 0.3303682 0.3306654 0.3312523 0.3301663 0.3298463 0.3293004 0.3285988 0.3293835 0.3310694 0.3288094 0.3305476 0.3293822 0.3279093 0.3270508 0.3274834 0.3294996 0.3321959 0.3321959 0.3285988 0.3301663 0.3297623 0.3305309 0.3305881 0.3293822 0.3279093 0.3288202 0.3299012 0.3310353 0.3306204 0.3310353 0.3289615 0.3297358 0.3299852 0.3287719 0.0130977 0.8210717 
HM585505_Human_herpesvirus_1            0.0015627 0.0035273 0.0019537 0.0007803 0.0007803 0.0043152 0.0051038 0.0000010 0.0138964 0.0000000 0.0055014 0.0151284 0.0039187 0.0039187 0.0051027 0.0051027 0.0058967 0.3064254 0.3021549 0.3057951 0.2047683 0.3216104 0.3064189 0.3194504 0.3098126 0.3152916 0.3056978 0.2136629 0.2887921 0.3125648 0.3256974 0.3231702 0.3117842 0.3134963 0.3284150 0.0047085 0.0039201 0.0051046 0.0051057 0.0043184 0.0023470 0.0062887 0.3298553 0.0062975 0.0062937 0.0058966 0.3231702 0.0051054 0.0039204 0.0062906 0.0062906 0.0039194 0.0035247 0.0043126 0.0055016 0.3248468 0.3237805 0.3237805 0.3245582 0.3248468 0.3254340 0.3243617 0.3240369 0.3235027 0.3228067 0.3235866 0.3252550 0.3230108 0.3247337 0.3235839 0.3221206 0.3212710 0.3217045 0.3220780 0.3247401 0.3247401 0.3228067 0.3243617 0.3239547 0.3247171 0.3247732 0.3235839 0.3221206 0.3230232 0.3240906 0.3252227 0.3248052 0.3252227 0.3231615 0.3239290 0.3241708 0.3229779 0.0047082 0.8119227 
HM585508_Human_herpesvirus_1            0.0055019 0.0035289 0.0043155 0.0047095 0.0047095 0.0027422 0.0035285 0.0055014 0.0139134 0.0055014 0.0000000 0.0143321 0.0023479 0.0023479 0.0027412 0.0027412 0.0043182 0.3050514 0.3006164 0.3051927 0.2043923 0.3186108 0.3048350 0.3181106 0.3091877 0.3139024 0.3049485 0.2150485 0.2871695 0.3102613 0.3233990 0.3202124 0.3101211 0.3103816 0.3259093 0.0031346 0.0047127 0.0035279 0.0035287 0.0051129 0.0031350 0.0047100 0.3307748 0.0047137 0.0047122 0.0043168 0.3202124 0.0035296 0.0039228 0.0039224 0.0039224 0.0047118 0.0043158 0.0035295 0.0039242 0.3218818 0.3208208 0.3208208 0.3215973 0.3218818 0.3223094 0.3214032 0.3209155 0.3205463 0.3198521 0.3206308 0.3222929 0.3200533 0.3216108 0.3206273 0.3191667 0.3183202 0.3187548 0.3207394 0.3233989 0.3233989 0.3198521 0.3214032 0.3208341 0.3215942 0.3216497 0.3206273 0.3191667 0.3199072 0.3211286 0.3222615 0.3218420 0.3222615 0.3202035 0.3209686 0.3212071 0.3200226 0.0031334 0.8064274 
HM585509_Human_herpesvirus_1            0.0151296 0.0139272 0.0139110 0.0143137 0.0143137 0.0131192 0.0139256 0.0151284 0.0051018 0.0151284 0.0143321 0.0000000 0.0127077 0.0127077 0.0139223 0.0139223 0.0147405 0.3101594 0.3069717 0.3116366 0.2098945 0.3264551 0.3116513 0.3225167 0.3149635 0.3205589 0.3106019 0.2209202 0.2949480 0.3185111 0.3316951 0.3268781 0.3173603 0.3171868 0.3345149 0.0135196 0.0143234 0.0139233 0.0139265 0.0147431 0.0127039 0.0151364 0.3353755 0.0127088 0.0127009 0.0147360 0.3268781 0.0139299 0.0127094 0.0151409 0.0151409 0.0143209 0.0139120 0.0131110 0.0143369 0.3285671 0.3274920 0.3274920 0.3282731 0.3285671 0.3291542 0.3280730 0.3277513 0.3272095 0.3265099 0.3272930 0.3289727 0.3267182 0.3284511 0.3272911 0.3258216 0.3249662 0.3253992 0.3274072 0.3300940 0.3300940 0.3265099 0.3280730 0.3276680 0.3284344 0.3284912 0.3272911 0.3258216 0.3267296 0.3278058 0.3289392 0.3285234 0.3289392 0.3268698 0.3276417 0.3278884 0.3266824 0.0135145 0.8180421 
HM585510_Human_herpesvirus_1            0.0039190 0.0019551 0.0019544 0.0031310 0.0031310 0.0011720 0.0019548 0.0039187 0.0122888 0.0039187 0.0023479 0.0127077 0.0000000 0.0000010 0.0019544 0.0019544 0.0027403 0.3013562 0.2970667 0.3014052 0.2028916 0.3165221 0.3017494 0.3144464 0.3052205 0.3101239 0.3013764 0.2150764 0.2857659 0.3081060 0.3212171 0.3181494 0.3077845 0.3084917 0.3238625 0.0015630 0.0031340 0.0019551 0.0019556 0.0027438 0.0015636 0.0031313 0.3272294 0.0031356 0.0031337 0.0027403 0.3181494 0.0019555 0.0023486 0.0031322 0.0031322 0.0031335 0.0027397 0.0019554 0.0023480 0.3198104 0.3187551 0.3187551 0.3195292 0.3198104 0.3203983 0.3193373 0.3190080 0.3184836 0.3177920 0.3185682 0.3202226 0.3179908 0.3197014 0.3185643 0.3171085 0.3162659 0.3167004 0.3186750 0.3213224 0.3213224 0.3177920 0.3193373 0.3189273 0.3196849 0.3197400 0.3185643 0.3171085 0.3180043 0.3190607 0.3201919 0.3197719 0.3201919 0.3181403 0.3189023 0.3191379 0.3179617 0.0015629 0.8034537 
HM585511_Human_herpesvirus_1            0.0039190 0.0019551 0.0019544 0.0031310 0.0031310 0.0011720 0.0019548 0.0039187 0.0122888 0.0039187 0.0023479 0.0127077 0.0000010 0.0000000 0.0019544 0.0019544 0.0027403 0.3013562 0.2970667 0.3014052 0.2028916 0.3165221 0.3017494 0.3144464 0.3052205 0.3101239 0.3013764 0.2150764 0.2857659 0.3081060 0.3212171 0.3181494 0.3077845 0.3084917 0.3238625 0.0015630 0.0031340 0.0019551 0.0019556 0.0027438 0.0015636 0.0031313 0.3272294 0.0031356 0.0031337 0.0027403 0.3181494 0.0019555 0.0023486 0.0031322 0.0031322 0.0031335 0.0027397 0.0019554 0.0023480 0.3198104 0.3187551 0.3187551 0.3195292 0.3198104 0.3203983 0.3193373 0.3190080 0.3184836 0.3177920 0.3185682 0.3202226 0.3179908 0.3197014 0.3185643 0.3171085 0.3162659 0.3167004 0.3186750 0.3213224 0.3213224 0.3177920 0.3193373 0.3189273 0.3196849 0.3197400 0.3185643 0.3171085 0.3180043 0.3190607 0.3201919 0.3197719 0.3201919 0.3181403 0.3189023 0.3191379 0.3179617 0.0015629 0.8034537 
HM585512_Human_herpesvirus_1            0.0051031 0.0031333 0.0039188 0.0043122 0.0043122 0.0015637 0.0031329 0.0051027 0.0135005 0.0051027 0.0027412 0.0139223 0.0019544 0.0019544 0.0000000 0.0000010 0.0015641 0.3023144 0.2980265 0.3023873 0.2046886 0.3174909 0.3027947 0.3153983 0.3062496 0.3111048 0.3023432 0.2150485 0.2859739 0.3091066 0.3222285 0.3191061 0.3086355 0.3094410 0.3248914 0.0011720 0.0043164 0.0015638 0.0015642 0.0039260 0.0027408 0.0027382 0.3281948 0.0035302 0.0035280 0.0023484 0.3191061 0.0015634 0.0035287 0.0019546 0.0019546 0.0043156 0.0039202 0.0031338 0.0011727 0.3207708 0.3197130 0.3197130 0.3204881 0.3207708 0.3213588 0.3202952 0.3199666 0.3194402 0.3187474 0.3195247 0.3211824 0.3189473 0.3206610 0.3195210 0.3180631 0.3172188 0.3176533 0.3196323 0.3222850 0.3222850 0.3187474 0.3202952 0.3198856 0.3206445 0.3206998 0.3195210 0.3180631 0.3178501 0.3200196 0.3211514 0.3207317 0.3211514 0.3190971 0.3187474 0.3200973 0.3189175 0.0019550 0.8050720 
HM585513_Human_herpesvirus_1            0.0051031 0.0031333 0.0039188 0.0043122 0.0043122 0.0015637 0.0031329 0.0051027 0.0135005 0.0051027 0.0027412 0.0139223 0.0019544 0.0019544 0.0000010 0.0000000 0.0015641 0.3023144 0.2980265 0.3023873 0.2046886 0.3174909 0.3027947 0.3153983 0.3062496 0.3111048 0.3023432 0.2150485 0.2859739 0.3091066 0.3222285 0.3191061 0.3086355 0.3094410 0.3248914 0.0011720 0.0043164 0.0015638 0.0015642 0.0039260 0.0027408 0.0027382 0.3281948 0.0035302 0.0035280 0.0023484 0.3191061 0.0015634 0.0035287 0.0019546 0.0019546 0.0043156 0.0039202 0.0031338 0.0011727 0.3207708 0.3197130 0.3197130 0.3204881 0.3207708 0.3213588 0.3202952 0.3199666 0.3194402 0.3187474 0.3195247 0.3211824 0.3189473 0.3206610 0.3195210 0.3180631 0.3172188 0.3176533 0.3196323 0.3222850 0.3222850 0.3187474 0.3202952 0.3198856 0.3206445 0.3206998 0.3195210 0.3180631 0.3178501 0.3200196 0.3211514 0.3207317 0.3211514 0.3190971 0.3187474 0.3200973 0.3189175 0.0019550 0.8050720 
HM585514_Human_herpesvirus_1            0.0058971 0.0039226 0.0047097 0.0051040 0.0051040 0.0023492 0.0039220 0.0058967 0.0143166 0.0058967 0.0043182 0.0147405 0.0027403 0.0027403 0.0015641 0.0015641 0.0000000 0.3041798 0.2998965 0.3042992 0.2043923 0.3193706 0.3027536 0.3164723 0.3070487 0.3122116 0.3042253 0.2150485 0.2868206 0.3093807 0.3225107 0.3193719 0.3088351 0.3112861 0.3251794 0.0019563 0.0051090 0.0023493 0.0023498 0.0031358 0.0035293 0.0035274 0.3300635 0.0043212 0.0043186 0.0031360 0.3193719 0.0023497 0.0043193 0.0035284 0.0035284 0.0051080 0.0047114 0.0039232 0.0003895 0.3210382 0.3199793 0.3199793 0.3207550 0.3210382 0.3216265 0.3205617 0.3218255 0.3197060 0.3206005 0.3197905 0.3214498 0.3192129 0.3209282 0.3197869 0.3183279 0.3190676 0.3179175 0.3198984 0.3225536 0.3225536 0.3206005 0.3205617 0.3201521 0.3209116 0.3209670 0.3197869 0.3183279 0.3208153 0.3218789 0.3214187 0.3209989 0.3214187 0.3193629 0.3217185 0.3203642 0.3191829 0.0027412 0.8065965 
HSV2_1                                  0.3064453 0.3032305 0.3037782 0.3045451 0.3045451 0.3016272 0.3017693 0.3064254 0.3126153 0.3064254 0.3050514 0.3101594 0.3013562 0.3013562 0.3023144 0.3023144 0.3041798 0.0000000 0.0004162 0.0012680 0.0038597 0.0062417 0.0017950 0.0004115 0.0008784 0.0042171 0.0008389 0.0000025 0.0009554 0.0094596 0.0107315 0.0091585 0.0004629 0.0078967 0.0086879 0.3015486 0.3049830 0.3024842 0.3026642 0.3022687 0.3016173 0.3006489 0.0563668 0.3037271 0.3034187 0.3027000 0.0091585 0.2998881 0.3034355 0.3021987 0.3021987 0.3040063 0.3029528 0.3016402 0.3034117 0.0100041 0.0095793 0.0095793 0.0095786 0.0100041 0.0091593 0.0087358 0.0083227 0.0095755 0.0078967 0.0091550 0.0099979 0.0095784 0.0087413 0.0091555 0.0091569 0.0078977 0.0091625 0.0091563 0.0104240 0.0104240 0.0087363 0.0095761 0.0083213 0.0087407 0.0087419 0.0091555 0.0091569 0.0083293 0.0087363 0.0104242 0.0095834 0.0104242 0.0087358 0.0083204 0.0091632 0.0100012 0.3015087 0.6953808 
HSV2_2                                  0.3021749 0.2989443 0.2995011 0.3002712 0.3002712 0.2973349 0.2974768 0.3021549 0.3083635 0.3021549 0.3006164 0.3069717 0.2970667 0.2970667 0.2980265 0.2980265 0.2998965 0.0004162 0.0000000 0.0008492 0.0048242 0.0058818 0.0013468 0.0008345 0.0004387 0.0046662 0.0008430 0.0000025 0.0014348 0.0099634 0.0112478 0.0097019 0.0000021 0.0084188 0.0091834 0.2972575 0.3007063 0.2981950 0.2983728 0.2979803 0.2973294 0.2963546 0.0566018 0.2991263 0.2991263 0.2984083 0.0097019 0.2955922 0.2988472 0.2979123 0.2979123 0.2997257 0.2986718 0.2973507 0.2991253 0.0105593 0.0101284 0.0101284 0.0101277 0.0105593 0.0096996 0.0092722 0.0088510 0.0101244 0.0084215 0.0096981 0.0105527 0.0101275 0.0092751 0.0096987 0.0097002 0.0084226 0.0097062 0.0096995 0.0109849 0.0109849 0.0092728 0.0101251 0.0088495 0.0092745 0.0092757 0.0096987 0.0097002 0.0088581 0.0092728 0.0109851 0.0101329 0.0109851 0.0092722 0.0088513 0.0097069 0.0105562 0.2972179 0.6870106 
HSV2_3                                  0.3058155 0.3025231 0.3038874 0.3038703 0.3038703 0.3016830 0.3018286 0.3057951 0.3121335 0.3057951 0.3051927 0.3116366 0.3014052 0.3014052 0.3023873 0.3023873 0.3042992 0.0012680 0.0008492 0.0000000 0.0067885 0.0068213 0.0022485 0.0012694 0.0013198 0.0055907 0.0016978 0.0008623 0.0023956 0.0108115 0.0121068 0.0106996 0.0009284 0.0093989 0.0100443 0.3016024 0.3051224 0.3025613 0.3027458 0.3023405 0.3016727 0.3006803 0.0574598 0.3038355 0.3035193 0.3027826 0.0106996 0.2999006 0.3035363 0.3022687 0.3022687 0.3041213 0.3030414 0.3016963 0.3035120 0.0115709 0.0111328 0.0111328 0.0111320 0.0115709 0.0107006 0.0102628 0.0098388 0.0111284 0.0093988 0.0106954 0.0115635 0.0111318 0.0102695 0.0106961 0.0106978 0.0094001 0.0107045 0.0106970 0.0120029 0.0120029 0.0102634 0.0111291 0.0098370 0.0102687 0.0102701 0.0106961 0.0106978 0.0098467 0.0102634 0.0120031 0.0111378 0.0120031 0.0102628 0.0098359 0.0107052 0.0115674 0.3015615 0.6828771 
HSV2_4                                  0.2044218 0.2028916 0.2028916 0.2028916 0.2028916 0.2028916 0.2028916 0.2047683 0.2116151 0.2047683 0.2043923 0.2098945 0.2028916 0.2028916 0.2046886 0.2046886 0.2043923 0.0038597 0.0048242 0.0067885 0.0000000 0.0038564 0.0049252 0.0028881 0.0048931 0.0009615 0.0038560 0.0025190 0.0029439 0.0000023 0.0000023 0.0000023 0.0048777 0.0009592 0.0000023 0.2028916 0.2028916 0.2044218 0.2028916 0.2012540 0.2028916 0.2014630 0.0466754 0.2046825 0.2044702 0.2047683 0.0000023 0.2031856 0.2031020 0.2062244 0.2062244 0.2028916 0.2028916 0.2028916 0.2028916 0.0009595 0.0000023 0.0000023 0.0009591 0.0009595 0.0000023 0.0009592 0.0028886 0.0009592 0.0009592 0.0019219 0.0009585 0.0000023 0.0028874 0.0009592 0.0000023 0.0009592 0.0028904 0.0000023 0.0009585 0.0009585 0.0009592 0.0009592 0.0019229 0.0019229 0.0019229 0.0009592 0.0000023 0.0028929 0.0019219 0.0019219 0.0009602 0.0019219 0.0019215 0.0019241 0.0000023 0.0019212 0.2028916 0.5041206 
HSV2_5                                  0.3216304 0.3184162 0.3189414 0.3197101 0.3197101 0.3168073 0.3172946 0.3216104 0.3273169 0.3216104 0.3186108 0.3264551 0.3165221 0.3165221 0.3174909 0.3174909 0.3193706 0.0062417 0.0058818 0.0068213 0.0038564 0.0000000 0.0058709 0.0065452 0.0057518 0.0071050 0.0063427 0.0017262 0.0057724 0.0072661 0.0084475 0.0069351 0.0046619 0.0065861 0.0063907 0.3167233 0.3201654 0.3176677 0.3178584 0.3174469 0.3167820 0.3158194 0.0591183 0.3189513 0.3186289 0.3178957 0.0069351 0.3150519 0.3186158 0.3173679 0.3173679 0.3191857 0.3181160 0.3168115 0.3186009 0.0077608 0.0073463 0.0073463 0.0073458 0.0077608 0.0069357 0.0065218 0.0061163 0.0073436 0.0057015 0.0073440 0.0077561 0.0073457 0.0065259 0.0069329 0.0069340 0.0057023 0.0069381 0.0069335 0.0081715 0.0081715 0.0065222 0.0073440 0.0061153 0.0065254 0.0065263 0.0069329 0.0069340 0.0061210 0.0069365 0.0085884 0.0073495 0.0085884 0.0069337 0.0061146 0.0073537 0.0077585 0.3166815 0.7060676 
HSV2_6                                  0.3064406 0.3029385 0.3043894 0.3043712 0.3043712 0.3020452 0.3022004 0.3064189 0.3113345 0.3064189 0.3048350 0.3116513 0.3017494 0.3017494 0.3027947 0.3027947 0.3027536 0.0017950 0.0013468 0.0022485 0.0049252 0.0058709 0.0000000 0.0017957 0.0018024 0.0049693 0.0022471 0.0008626 0.0024006 0.0072377 0.0086016 0.0072359 0.0009440 0.0067781 0.0063336 0.3019594 0.3057035 0.3029792 0.3031757 0.3006794 0.3020346 0.3009788 0.0571598 0.3043358 0.3039989 0.3032148 0.0072359 0.3011255 0.3040166 0.3036483 0.3036483 0.3046387 0.3034899 0.3020599 0.3019193 0.0081517 0.0076919 0.0076919 0.0076913 0.0081517 0.0072366 0.0072335 0.0072398 0.0081457 0.0067780 0.0076894 0.0081462 0.0076911 0.0072384 0.0076899 0.0072345 0.0067790 0.0076962 0.0072340 0.0086065 0.0086065 0.0076899 0.0081462 0.0067827 0.0067827 0.0072389 0.0076899 0.0072345 0.0072460 0.0076899 0.0090652 0.0076955 0.0090652 0.0072335 0.0072376 0.0072398 0.0081491 0.3019158 0.6615048 
HSV2_7                                  0.3194700 0.3163075 0.3168273 0.3175834 0.3175834 0.3147251 0.3152026 0.3194504 0.3255729 0.3194504 0.3181106 0.3225167 0.3144464 0.3144464 0.3153983 0.3153983 0.3164723 0.0004115 0.0008345 0.0012694 0.0028881 0.0065452 0.0017957 0.0000000 0.0008796 0.0037486 0.0008310 0.0000025 0.0009559 0.0081488 0.0093178 0.0080438 0.0004627 0.0076995 0.0072743 0.3146432 0.3180291 0.3155713 0.3157575 0.3145832 0.3147022 0.3137543 0.0577818 0.3168288 0.3165135 0.3157940 0.0080438 0.3130000 0.3165046 0.3152782 0.3152782 0.3170654 0.3160151 0.3147304 0.3157158 0.0088592 0.0084497 0.0084497 0.0084491 0.0088592 0.0080445 0.0080415 0.0080477 0.0088534 0.0076361 0.0088539 0.0088539 0.0084490 0.0080464 0.0084477 0.0080425 0.0076370 0.0084540 0.0080420 0.0092644 0.0092644 0.0084477 0.0088539 0.0076407 0.0080458 0.0080469 0.0084477 0.0080425 0.0080539 0.0084477 0.0096724 0.0084533 0.0096724 0.0080415 0.0080455 0.0080478 0.0088567 0.3146023 0.7270768 
HSV2_8                                  0.3098339 0.3063935 0.3078134 0.3077955 0.3077955 0.3055146 0.3056675 0.3098126 0.3154798 0.3098126 0.3091877 0.3149635 0.3052205 0.3052205 0.3062496 0.3062496 0.3070487 0.0008784 0.0004387 0.0013198 0.0048931 0.0057518 0.0018024 0.0008796 0.0000000 0.0053139 0.0013188 0.0000025 0.0019134 0.0097807 0.0111240 0.0097782 0.0004670 0.0084292 0.0088815 0.3054289 0.3091094 0.3064333 0.3066291 0.3050034 0.3054996 0.3044642 0.0568995 0.3077763 0.3074419 0.3066679 0.0097782 0.3036478 0.3074512 0.3061236 0.3061236 0.3080623 0.3069293 0.3055260 0.3062274 0.0106817 0.0102276 0.0102276 0.0102268 0.0106817 0.0097791 0.0093254 0.0088847 0.0102234 0.0084291 0.0097742 0.0106747 0.0102266 0.0093317 0.0097748 0.0097764 0.0084303 0.0097828 0.0097757 0.0111302 0.0111302 0.0093260 0.0102241 0.0088830 0.0093310 0.0093323 0.0097748 0.0097764 0.0088921 0.0093260 0.0111304 0.0102324 0.0111304 0.0093254 0.0088820 0.0097835 0.0106784 0.3053856 0.6847651 
HSV2_9                                  0.3153119 0.3120422 0.3125858 0.3133670 0.3133670 0.3104079 0.3105540 0.3152916 0.3216121 0.3152916 0.3139024 0.3205589 0.3101239 0.3101239 0.3111048 0.3111048 0.3122116 0.0042171 0.0046662 0.0055907 0.0009615 0.0071050 0.0049693 0.0037486 0.0053139 0.0000000 0.0051313 0.0017285 0.0057820 0.0047027 0.0059186 0.0045798 0.0051376 0.0046099 0.0047083 0.3103248 0.3138228 0.3112817 0.3114710 0.3102622 0.3103886 0.3094071 0.0546160 0.3125701 0.3122481 0.3115084 0.0045798 0.3086293 0.3122474 0.3109828 0.3109828 0.3128274 0.3117462 0.3104158 0.3114300 0.0054195 0.0049984 0.0049984 0.0049981 0.0054195 0.0054183 0.0049968 0.0050008 0.0058349 0.0045783 0.0054157 0.0054161 0.0049980 0.0050000 0.0045783 0.0045790 0.0037422 0.0045818 0.0045786 0.0058380 0.0058380 0.0045783 0.0049968 0.0045812 0.0049996 0.0050003 0.0045783 0.0045790 0.0050048 0.0045783 0.0058381 0.0050006 0.0058381 0.0049968 0.0049994 0.0045821 0.0054179 0.3102830 0.7111736 
HSV2_10                                 0.3057179 0.3024769 0.3038200 0.3038032 0.3038032 0.3016498 0.3017932 0.3056978 0.3119364 0.3056978 0.3049485 0.3106019 0.3013764 0.3013764 0.3023432 0.3023432 0.3042253 0.0008389 0.0008430 0.0016978 0.0038560 0.0063427 0.0022471 0.0008310 0.0013188 0.0051313 0.0000000 0.0000025 0.0019143 0.0108355 0.0121153 0.0105101 0.0009280 0.0092337 0.0100600 0.3015705 0.3050357 0.3025145 0.3026961 0.3022971 0.3016397 0.3006627 0.0583925 0.3036130 0.3034574 0.3027322 0.0105101 0.2998951 0.3033192 0.3022264 0.3022264 0.3040501 0.3029872 0.3016629 0.3034504 0.0113656 0.0109355 0.0109355 0.0109347 0.0113656 0.0105076 0.0100811 0.0096613 0.0109312 0.0092325 0.0105059 0.0113585 0.0109345 0.0100843 0.0105066 0.0105082 0.0092338 0.0105147 0.0105075 0.0117900 0.0117900 0.0100817 0.0109319 0.0096597 0.0100835 0.0100849 0.0105066 0.0105082 0.0096690 0.0096536 0.0113595 0.0109403 0.0113595 0.0100811 0.0096617 0.0100864 0.0113622 0.3015302 0.6942959 
HSV2_11                                 0.2169156 0.2136629 0.2150764 0.2136629 0.2136629 0.2140319 0.2136629 0.2136629 0.2254034 0.2136629 0.2150485 0.2209202 0.2150764 0.2150764 0.2150485 0.2150485 0.2150485 0.0000025 0.0000025 0.0008623 0.0025190 0.0017262 0.0008626 0.0000025 0.0000025 0.0017285 0.0000025 0.0000000 0.0000025 0.0017271 0.0017271 0.0017271 0.0000025 0.0017271 0.0017271 0.2136629 0.2150764 0.2150764 0.2136629 0.2135562 0.2136629 0.2120690 0.0495090 0.2166592 0.2166592 0.2122056 0.0017271 0.2136629 0.2136629 0.2164651 0.2164651 0.2147312 0.2147312 0.2135722 0.2136629 0.0025951 0.0017271 0.0017271 0.0025940 0.0025951 0.0017271 0.0017271 0.0025940 0.0017271 0.0017271 0.0025931 0.0025927 0.0025935 0.0025931 0.0017271 0.0017271 0.0017271 0.0034648 0.0017271 0.0025927 0.0025927 0.0017271 0.0017271 0.0017271 0.0017271 0.0017271 0.0017271 0.0017271 0.0017271 0.0025931 0.0025931 0.0025967 0.0025931 0.0025927 0.0017271 0.0017271 0.0034613 0.2136629 0.4864414 
HSV2_12                                 0.2888145 0.2869831 0.2867078 0.2866892 0.2866892 0.2851896 0.2854227 0.2887921 0.2955295 0.2887921 0.2871695 0.2949480 0.2857659 0.2857659 0.2859739 0.2859739 0.2868206 0.0009554 0.0014348 0.0023956 0.0029439 0.0057724 0.0024006 0.0009559 0.0019134 0.0057820 0.0019143 0.0000025 0.0000000 0.0077146 0.0086832 0.0077125 0.0014847 0.0062550 0.0067421 0.2851072 0.2870762 0.2861577 0.2863489 0.2828716 0.2842570 0.2840920 0.0550461 0.2883898 0.2880556 0.2863875 0.0077125 0.2842414 0.2854116 0.2868602 0.2868602 0.2857729 0.2857729 0.2851136 0.2859531 0.0086895 0.0081989 0.0081989 0.0081982 0.0086895 0.0077133 0.0077098 0.0072309 0.0086826 0.0067390 0.0081960 0.0086832 0.0081980 0.0077155 0.0081965 0.0077110 0.0067400 0.0082038 0.0077103 0.0091752 0.0091752 0.0077103 0.0086832 0.0072294 0.0072294 0.0077160 0.0081965 0.0077110 0.0072375 0.0077103 0.0096643 0.0082030 0.0096643 0.0077098 0.0072285 0.0077170 0.0086865 0.2850456 0.6154122 
HSV2_13                                 0.3125854 0.3092477 0.3106213 0.3106039 0.3106039 0.3083942 0.3085431 0.3125648 0.3186479 0.3125648 0.3102613 0.3185111 0.3081060 0.3081060 0.3091066 0.3091066 0.3093807 0.0094596 0.0099634 0.0108115 0.0000023 0.0072661 0.0072377 0.0081488 0.0097807 0.0047027 0.0108355 0.0017271 0.0077146 0.0000000 0.0021210 0.0008475 0.0084306 0.0021236 0.0008574 0.3083100 0.3118824 0.3092863 0.3094783 0.3073938 0.3083766 0.3073732 0.0549165 0.3105971 0.3102700 0.3095163 0.0008475 0.3065796 0.3102732 0.3089829 0.3089829 0.3108659 0.3097635 0.3084035 0.3085834 0.0016972 0.0012718 0.0012718 0.0012717 0.0016972 0.0016968 0.0021216 0.0025494 0.0021215 0.0021218 0.0025471 0.0016961 0.0004229 0.0021230 0.0016965 0.0000010 0.0012720 0.0016978 0.0008473 0.0021221 0.0021221 0.0021218 0.0021216 0.0016976 0.0021228 0.0021231 0.0016965 0.0000010 0.0025514 0.0025486 0.0034030 0.0012724 0.0034030 0.0021216 0.0025486 0.0012731 0.0016967 0.3082676 0.6871396 
HSV2_14                                 0.3257181 0.3223764 0.3237335 0.3237161 0.3237161 0.3215184 0.3216694 0.3256974 0.3318187 0.3256974 0.3233990 0.3316951 0.3212171 0.3212171 0.3222285 0.3222285 0.3225107 0.0107315 0.0112478 0.0121068 0.0000023 0.0084475 0.0086016 0.0093178 0.0111240 0.0059186 0.0121153 0.0017271 0.0086832 0.0021210 0.0000000 0.0020913 0.0098448 0.0033746 0.0021227 0.3214293 0.3250135 0.3224148 0.3226166 0.3205102 0.3214873 0.3204876 0.0575722 0.3237634 0.3234234 0.3226560 0.0020913 0.3196870 0.3234004 0.3220982 0.3220982 0.3239931 0.3228749 0.3215202 0.3217108 0.0029308 0.0025107 0.0025107 0.0016719 0.0029308 0.0020914 0.0016719 0.0037740 0.0025102 0.0025105 0.0020909 0.0020906 0.0025104 0.0033522 0.0012532 0.0020909 0.0025110 0.0029320 0.0020907 0.0025110 0.0025110 0.0016721 0.0016719 0.0029316 0.0033520 0.0033524 0.0012532 0.0020909 0.0037770 0.0029321 0.0029324 0.0016728 0.0029324 0.0025105 0.0029311 0.0025132 0.0029300 0.3213852 0.6976798 
HSV2_15                                 0.3231898 0.3200198 0.3205355 0.3212939 0.3212939 0.3184322 0.3189143 0.3231702 0.3289695 0.3231702 0.3202124 0.3268781 0.3181494 0.3181494 0.3191061 0.3191061 0.3193719 0.0091585 0.0097019 0.0106996 0.0000023 0.0069351 0.0072359 0.0080438 0.0097782 0.0045798 0.0105101 0.0017271 0.0077125 0.0008475 0.0020913 0.0000000 0.0084284 0.0020070 0.0008452 0.3183488 0.3217448 0.3192813 0.3194704 0.3174777 0.3184057 0.3174568 0.0595787 0.3205514 0.3202320 0.3195074 0.0000010 0.3166990 0.3202161 0.3189841 0.3189841 0.3207781 0.3197214 0.3184355 0.3186140 0.0007926 0.0003960 0.0003960 0.0011902 0.0007926 0.0015880 0.0019856 0.0023857 0.0027822 0.0019857 0.0027824 0.0015874 0.0011902 0.0019868 0.0015878 0.0007923 0.0011905 0.0015889 0.0007922 0.0019860 0.0019860 0.0019857 0.0019856 0.0015887 0.0019866 0.0019869 0.0015878 0.0007923 0.0023875 0.0023858 0.0031843 0.0011908 0.0031843 0.0023861 0.0023850 0.0011915 0.0007924 0.3183074 0.7217506 
HSV2_16                                 0.3118068 0.3081608 0.3105338 0.3096436 0.3096436 0.3080991 0.3082619 0.3117842 0.3179255 0.3117842 0.3101211 0.3173603 0.3077845 0.3077845 0.3086355 0.3086355 0.3088351 0.0004629 0.0000021 0.0009284 0.0048777 0.0046619 0.0009440 0.0004627 0.0004670 0.0051376 0.0009280 0.0000025 0.0014847 0.0084306 0.0098448 0.0084284 0.0000000 0.0074810 0.0074849 0.3077656 0.3109285 0.3088315 0.3090409 0.3066661 0.3080802 0.3067427 0.0543744 0.3105071 0.3101495 0.3090823 0.0084284 0.3077656 0.3092622 0.3095252 0.3095252 0.3108011 0.3095962 0.3081095 0.3079646 0.0093785 0.0089012 0.0089012 0.0089005 0.0093785 0.0084292 0.0079526 0.0079598 0.0088973 0.0074809 0.0084247 0.0093719 0.0089003 0.0079583 0.0084253 0.0084268 0.0074821 0.0084325 0.0084261 0.0098506 0.0098506 0.0084253 0.0084253 0.0074863 0.0079576 0.0079588 0.0084253 0.0084268 0.0074900 0.0084253 0.0098507 0.0089055 0.0098507 0.0079526 0.0074809 0.0084332 0.0093753 0.3079610 0.6719750 
HSV2_17                                 0.3135160 0.3103482 0.3108774 0.3116341 0.3116341 0.3087654 0.3089067 0.3134963 0.3192698 0.3134963 0.3103816 0.3171868 0.3084917 0.3084917 0.3094410 0.3094410 0.3112861 0.0078967 0.0084188 0.0093989 0.0009592 0.0065861 0.0067781 0.0076995 0.0084292 0.0046099 0.0092337 0.0017271 0.0062550 0.0021236 0.0033746 0.0020070 0.0074810 0.0000000 0.0021378 0.3086854 0.3120737 0.3096116 0.3097939 0.3093966 0.3087483 0.3077967 0.0566678 0.3107001 0.3105450 0.3098299 0.0020070 0.3070437 0.3103929 0.3093236 0.3093236 0.3111096 0.3100638 0.3087740 0.3105284 0.0028124 0.0024095 0.0024095 0.0024093 0.0028124 0.0028109 0.0024087 0.0020073 0.0032138 0.0016044 0.0032140 0.0028107 0.0024093 0.0024094 0.0020064 0.0020067 0.0008012 0.0020079 0.0020065 0.0032155 0.0032155 0.0016044 0.0024087 0.0020070 0.0024093 0.0024096 0.0020064 0.0020067 0.0020088 0.0020080 0.0036211 0.0024105 0.0036211 0.0024087 0.0020074 0.0024119 0.0028116 0.3086452 0.7116864 
HSV2_18                                 0.3284360 0.3250429 0.3264172 0.3263995 0.3263995 0.3241709 0.3246930 0.3284150 0.3346375 0.3284150 0.3259093 0.3345149 0.3238625 0.3238625 0.3248914 0.3248914 0.3251794 0.0086879 0.0091834 0.0100443 0.0000023 0.0063907 0.0063336 0.0072743 0.0088815 0.0047083 0.0100600 0.0017271 0.0067421 0.0008574 0.0021227 0.0008452 0.0074849 0.0021378 0.0000000 0.3240796 0.3277205 0.3250818 0.3252887 0.3231461 0.3241367 0.3231227 0.0568779 0.3262846 0.3261107 0.3253289 0.0008452 0.3223085 0.3259088 0.3247577 0.3247577 0.3266838 0.3255454 0.3241714 0.3243669 0.0016940 0.0012694 0.0012694 0.0012693 0.0016940 0.0008450 0.0012694 0.0016942 0.0021175 0.0012694 0.0016933 0.0016930 0.0012693 0.0012698 0.0016934 0.0008450 0.0012696 0.0016947 0.0008450 0.0021181 0.0021181 0.0021178 0.0021177 0.0008454 0.0012697 0.0012698 0.0016934 0.0008450 0.0016955 0.0025439 0.0033966 0.0012700 0.0033966 0.0016935 0.0016942 0.0012708 0.0016935 0.3240344 0.7084753 
JN400093_Human_herpesvirus_1            0.0047089 0.0027406 0.0035256 0.0039188 0.0039188 0.0019558 0.0027403 0.0047085 0.0130987 0.0047085 0.0031346 0.0135196 0.0015630 0.0015630 0.0011720 0.0011720 0.0019563 0.3015486 0.2972575 0.3016024 0.2028916 0.3167233 0.3019594 0.3146432 0.3054289 0.3103248 0.3015705 0.2136629 0.2851072 0.3083100 0.3214293 0.3183488 0.3077656 0.3086854 0.3240796 0.0000000 0.0039226 0.0003897 0.0003898 0.0043212 0.0023484 0.0015633 0.3274345 0.0031368 0.0031349 0.0011722 0.3183488 0.0003899 0.0031355 0.0015638 0.0015638 0.0039219 0.0035270 0.0027411 0.0015645 0.3200113 0.3189550 0.3189550 0.3197297 0.3200113 0.3205995 0.3195374 0.3192082 0.3186831 0.3179910 0.3187678 0.3204235 0.3181901 0.3199021 0.3187639 0.3173070 0.3164637 0.3168984 0.3188748 0.3215244 0.3215244 0.3179910 0.3195374 0.3191274 0.3198856 0.3199408 0.3187639 0.3173070 0.3182036 0.3192610 0.3203928 0.3199726 0.3203928 0.3183398 0.3191023 0.3193383 0.3181609 0.0015634 0.7997859 
JN420337_Human_herpesvirus_1            0.0039204 0.0043179 0.0027396 0.0031321 0.0031321 0.0035296 0.0043173 0.0039201 0.0139051 0.0039201 0.0047127 0.0143234 0.0031340 0.0031340 0.0043164 0.0043164 0.0051090 0.3049830 0.3007063 0.3051224 0.2028916 0.3201654 0.3057035 0.3180291 0.3091094 0.3138228 0.3050357 0.2150764 0.2870762 0.3118824 0.3250135 0.3217448 0.3109285 0.3120737 0.3277205 0.0039226 0.0000000 0.0043167 0.0043177 0.0035312 0.0015637 0.0055011 0.3276685 0.0055071 0.0055037 0.0051074 0.3217448 0.0043187 0.0031345 0.0055027 0.0055027 0.0015640 0.0011721 0.0035274 0.0047143 0.3234173 0.3223539 0.3223539 0.3231308 0.3234173 0.3240047 0.3229355 0.3226093 0.3220778 0.3213829 0.3221620 0.3238267 0.3215856 0.3233053 0.3221589 0.3206975 0.3198497 0.3202835 0.3222718 0.3249353 0.3249353 0.3213829 0.3229355 0.3225275 0.3232888 0.3233446 0.3221589 0.3206975 0.3215983 0.3226628 0.3237948 0.3233766 0.3237948 0.3217360 0.3225020 0.3227421 0.3215538 0.0039211 0.8075160 
JN420338_Human_herpesvirus_1            0.0051050 0.0031345 0.0039202 0.0043138 0.0043138 0.0023487 0.0031340 0.0051046 0.0135056 0.0051046 0.0035279 0.0139233 0.0019551 0.0019551 0.0015638 0.0015638 0.0023493 0.3024842 0.2981950 0.3025613 0.2044218 0.3176677 0.3029792 0.3155713 0.3064333 0.3112817 0.3025145 0.2150764 0.2861577 0.3092863 0.3224148 0.3192813 0.3088315 0.3096116 0.3250818 0.0003897 0.0043167 0.0000000 0.0007811 0.0047160 0.0027410 0.0019556 0.3283746 0.0035304 0.0035283 0.0015635 0.3192813 0.0007816 0.0035289 0.0011726 0.0011726 0.0043159 0.0039205 0.0031350 0.0019571 0.3209472 0.3198885 0.3198885 0.3206641 0.3209472 0.3215354 0.3204710 0.3201424 0.3196154 0.3189222 0.3196999 0.3213588 0.3191223 0.3208372 0.3196962 0.3182375 0.3173926 0.3178273 0.3198077 0.3224623 0.3224623 0.3189222 0.3204710 0.3200613 0.3208207 0.3208761 0.3196962 0.3182375 0.3191356 0.3201954 0.3213278 0.3209080 0.3213278 0.3192723 0.3200361 0.3202733 0.3190924 0.0019551 0.8021151 
JN420339_Human_herpesvirus_1            0.0051062 0.0031352 0.0039211 0.0043148 0.0043148 0.0023492 0.0031347 0.0051057 0.0135087 0.0051057 0.0035287 0.0139265 0.0019556 0.0019556 0.0015642 0.0015642 0.0023498 0.3026642 0.2983728 0.3027458 0.2028916 0.3178584 0.3031757 0.3157575 0.3066291 0.3114710 0.3026961 0.2136629 0.2863489 0.3094783 0.3226166 0.3194704 0.3090409 0.3097939 0.3252887 0.0003898 0.0043177 0.0007811 0.0000000 0.0047171 0.0027416 0.0019560 0.3285706 0.0035312 0.0035291 0.0015639 0.3194704 0.0007818 0.0035297 0.0019566 0.0019566 0.0043169 0.0039214 0.0031357 0.0019575 0.3211380 0.3200783 0.3200783 0.3208545 0.3211380 0.3217266 0.3206610 0.3203324 0.3198047 0.3191109 0.3198893 0.3215498 0.3193114 0.3210278 0.3198856 0.3184257 0.3175799 0.3180149 0.3199973 0.3226544 0.3226544 0.3191109 0.3206610 0.3202512 0.3210113 0.3210667 0.3198856 0.3184257 0.3193246 0.3203855 0.3215186 0.3210987 0.3215186 0.3194615 0.3202260 0.3204636 0.3192813 0.0019556 0.8029865 
JN420340_Human_herpesvirus_1            0.0043188 0.0047173 0.0023495 0.0035288 0.0035288 0.0031390 0.0047167 0.0043184 0.0143235 0.0043184 0.0051129 0.0147431 0.0027438 0.0027438 0.0039260 0.0039260 0.0031358 0.3022687 0.2979803 0.3023405 0.2012540 0.3174469 0.3006794 0.3145832 0.3050034 0.3102622 0.3022971 0.2135562 0.2828716 0.3073938 0.3205102 0.3174777 0.3066661 0.3093966 0.3231461 0.0043212 0.0035312 0.0047160 0.0047171 0.0000000 0.0019575 0.0059026 0.3257455 0.0059091 0.0059055 0.0055083 0.3174777 0.0047182 0.0035314 0.0059044 0.0059044 0.0035305 0.0031358 0.0039251 0.0027428 0.3191377 0.3180832 0.3180832 0.3188573 0.3191377 0.3197260 0.3186658 0.3199236 0.3178124 0.3187042 0.3178971 0.3195507 0.3173191 0.3190292 0.3178930 0.3164373 0.3171755 0.3160301 0.3180034 0.3206496 0.3206496 0.3187042 0.3186658 0.3182552 0.3190127 0.3190677 0.3178930 0.3164373 0.3189175 0.3199765 0.3195202 0.3190995 0.3195202 0.3174686 0.3198174 0.3184652 0.3172905 0.0043196 0.8084274 
