98
HM585496_Human_herpesvirus_1            0.0000000 0.0106901 0.0094210 0.0000010 0.0000010 0.0085576 0.0072825 0.0106452 0.0011793 0.0089639 0.0154990 0.0047876 0.0094210 0.0097783 0.0097783 0.0089359 0.0097783 0.3209263 0.3266857 0.3218598 0.4797194 0.3184307 0.3064415 0.3193362 0.3241584 0.3289253 0.3198618 0.3947514 0.3219683 0.3159380 0.3395606 0.3405443 0.3078843 0.3368953 0.3313800 0.0060461 0.0060293 0.0093944 0.0081243 0.0048036 0.0060291 0.0052094 0.4112325 0.0102672 0.0094097 0.0106710 0.4155372 0.0081202 0.0052147 0.0093611 0.0093611 0.0093611 0.0094080 0.0089898 0.0089795 0.0106156 0.4168513 0.4162197 0.4168513 0.4134834 0.4162197 0.4158313 0.4103270 0.4158759 0.4151917 0.4164176 0.4160228 0.4158778 0.4137897 0.4144135 0.4165710 0.4158759 0.4130348 0.4148385 0.4148661 0.4167946 0.4178868 0.4178868 0.4148661 0.4143765 0.4154180 0.4141843 0.4122408 0.4158759 0.4134807 0.4134807 0.4190526 0.4184548 0.4194307 0.4110144 0.4191965 0.4124865 0.4144725 0.4169361 0.4160228 0.4174801 0.0060340 0.8725402 
HM585497_Human_herpesvirus_1            0.0106901 0.0000000 0.0044062 0.0102502 0.0102502 0.0035873 0.0056294 0.0115068 0.0115158 0.0052118 0.0106652 0.0081395 0.0044062 0.0132296 0.0136618 0.0127904 0.0136618 0.3254209 0.3328493 0.3279078 0.5023055 0.3258643 0.3141041 0.3253170 0.3307829 0.3354974 0.3243467 0.4123731 0.3251359 0.3188154 0.3451147 0.3454243 0.3173407 0.3432242 0.3367480 0.0102343 0.0102075 0.0043934 0.0115429 0.0089458 0.0085340 0.0093622 0.4203380 0.0094109 0.0085594 0.0093611 0.4184125 0.0073109 0.0089509 0.0119612 0.0119652 0.0119652 0.0089746 0.0085579 0.0035826 0.0145250 0.4197263 0.4190939 0.4197263 0.4163425 0.4190939 0.4187007 0.4143929 0.4187471 0.4180544 0.4192880 0.4188957 0.4187490 0.4166527 0.4172745 0.4194428 0.4187471 0.4158868 0.4177046 0.4177334 0.4196778 0.4207674 0.4207674 0.4177334 0.4184778 0.4182840 0.4170426 0.4150894 0.4187471 0.4163398 0.4163398 0.4219391 0.4213412 0.4223229 0.4141244 0.4220853 0.4153312 0.4171071 0.4198125 0.4188957 0.4203623 0.0052168 0.8725354 
HM585498_Human_herpesvirus_1            0.0094210 0.0044062 0.0000000 0.0094241 0.0094241 0.0023823 0.0052269 0.0102350 0.0106860 0.0023781 0.0098383 0.0085657 0.0000010 0.0119439 0.0123728 0.0115089 0.0123728 0.3183252 0.3256450 0.3208256 0.4830676 0.3187357 0.3066992 0.3183066 0.3230331 0.3292652 0.3172631 0.4123731 0.3188179 0.3126140 0.3384583 0.3395785 0.3094597 0.3372393 0.3302883 0.0098245 0.0097985 0.0015795 0.0102668 0.0085386 0.0089607 0.0089546 0.4141955 0.0081529 0.0081515 0.0072702 0.4105378 0.0044174 0.0089786 0.0106832 0.0106868 0.0106868 0.0077216 0.0073077 0.0011845 0.0132297 0.4118556 0.4112238 0.4118556 0.4085069 0.4112238 0.4108427 0.4066014 0.4108830 0.4102126 0.4114286 0.4110276 0.4108848 0.4088064 0.4094347 0.4115794 0.4108830 0.4080682 0.4098533 0.4098789 0.4117844 0.4128828 0.4128828 0.4098789 0.4106254 0.4104342 0.4092111 0.4072780 0.4108830 0.4085042 0.4085042 0.4140423 0.4134430 0.4144108 0.4072365 0.4141826 0.4075325 0.4092572 0.4119382 0.4110276 0.4124732 0.0039976 0.8650702 
HM585499_Human_herpesvirus_1            0.0000010 0.0102502 0.0094241 0.0000000 0.0000010 0.0085604 0.0072849 0.0106488 0.0011793 0.0089668 0.0154990 0.0047892 0.0094241 0.0097816 0.0097816 0.0089389 0.0097816 0.3211275 0.3268916 0.3220603 0.4797194 0.3186305 0.3066439 0.3195336 0.3243787 0.3291363 0.3200622 0.3947514 0.3219683 0.3159380 0.3397909 0.3407481 0.3080999 0.3371009 0.3316003 0.0060481 0.0060313 0.0093975 0.0081269 0.0048051 0.0060310 0.0052111 0.4114450 0.0102707 0.0094128 0.0106746 0.4157547 0.0081229 0.0052147 0.0093642 0.0093642 0.0093642 0.0094111 0.0089928 0.0089795 0.0106191 0.4170690 0.4164372 0.4170690 0.4136991 0.4164372 0.4160483 0.4105400 0.4160932 0.4154081 0.4166349 0.4162402 0.4160950 0.4140059 0.4146297 0.4167884 0.4160932 0.4132499 0.4150551 0.4150828 0.4170129 0.4181052 0.4181052 0.4150828 0.4145924 0.4156347 0.4144002 0.4124555 0.4160932 0.4136964 0.4136964 0.4192718 0.4186738 0.4196503 0.4112307 0.4194158 0.4127009 0.4146890 0.4171540 0.4162402 0.4176985 0.0060359 0.8732557 
HM585500_Human_herpesvirus_1            0.0000010 0.0102502 0.0094241 0.0000010 0.0000000 0.0085604 0.0072849 0.0106488 0.0011793 0.0089668 0.0154990 0.0047892 0.0094241 0.0097816 0.0097816 0.0089389 0.0097816 0.3211275 0.3268916 0.3220603 0.4797194 0.3186305 0.3066439 0.3195336 0.3243787 0.3291363 0.3200622 0.3947514 0.3219683 0.3159380 0.3397909 0.3407481 0.3080999 0.3371009 0.3316003 0.0060481 0.0060313 0.0093975 0.0081269 0.0048051 0.0060310 0.0052111 0.4114450 0.0102707 0.0094128 0.0106746 0.4157547 0.0081229 0.0052147 0.0093642 0.0093642 0.0093642 0.0094111 0.0089928 0.0089795 0.0106191 0.4170690 0.4164372 0.4170690 0.4136991 0.4164372 0.4160483 0.4105400 0.4160932 0.4154081 0.4166349 0.4162402 0.4160950 0.4140059 0.4146297 0.4167884 0.4160932 0.4132499 0.4150551 0.4150828 0.4170129 0.4181052 0.4181052 0.4150828 0.4145924 0.4156347 0.4144002 0.4124555 0.4160932 0.4136964 0.4136964 0.4192718 0.4186738 0.4196503 0.4112307 0.4194158 0.4127009 0.4146890 0.4171540 0.4162402 0.4176985 0.0060359 0.8732557 
HM585501_Human_herpesvirus_1            0.0085576 0.0035873 0.0023823 0.0085604 0.0085604 0.0000000 0.0044010 0.0093710 0.0098136 0.0031791 0.0089722 0.0077126 0.0023823 0.0110672 0.0114930 0.0106358 0.0114930 0.3156313 0.3229103 0.3181367 0.4777276 0.3160294 0.3038893 0.3156448 0.3200934 0.3264671 0.3145737 0.4123731 0.3172817 0.3111064 0.3354762 0.3382589 0.3064710 0.3345547 0.3273895 0.0089626 0.0089387 0.0023753 0.0093999 0.0076880 0.0081067 0.0081012 0.4121208 0.0081440 0.0073011 0.0072622 0.4110492 0.0052325 0.0081202 0.0098109 0.0098141 0.0098141 0.0077131 0.0072996 0.0019792 0.0123399 0.4123690 0.4117365 0.4123690 0.4090143 0.4117365 0.4113542 0.4071038 0.4113952 0.4107228 0.4119409 0.4115404 0.4113970 0.4093149 0.4099437 0.4120927 0.4113952 0.4085743 0.4103631 0.4103890 0.4122992 0.4133993 0.4133993 0.4103890 0.4111363 0.4109443 0.4097189 0.4077827 0.4113952 0.4090116 0.4090116 0.4145599 0.4139599 0.4149304 0.4077468 0.4147007 0.4080364 0.4097664 0.4124519 0.4115404 0.4129881 0.0031823 0.8647771 
HM585502_Human_herpesvirus_1            0.0072825 0.0056294 0.0052269 0.0072849 0.0072849 0.0044010 0.0000000 0.0080878 0.0085256 0.0047987 0.0119776 0.0048054 0.0052269 0.0097642 0.0101852 0.0093385 0.0101852 0.3209868 0.3283429 0.3234808 0.4907049 0.3214093 0.3094831 0.3209364 0.3259358 0.3308892 0.3199208 0.4123731 0.3218642 0.3156066 0.3401942 0.3411042 0.3124199 0.3388007 0.3319715 0.0060286 0.0060119 0.0043997 0.0081124 0.0047896 0.0051978 0.0051943 0.4172692 0.0052227 0.0044018 0.0102136 0.4179549 0.0048262 0.0052080 0.0085231 0.0085259 0.0085259 0.0048057 0.0044007 0.0039993 0.0110271 0.4192719 0.4186371 0.4192719 0.4158826 0.4186371 0.4182448 0.4139313 0.4182915 0.4175980 0.4188330 0.4184399 0.4182934 0.4161934 0.4168171 0.4189882 0.4182915 0.4154275 0.4172465 0.4172755 0.4192220 0.4203144 0.4203144 0.4172755 0.4180217 0.4178276 0.4165841 0.4146280 0.4182915 0.4158799 0.4158799 0.4214882 0.4208885 0.4218718 0.4146732 0.4216337 0.4148713 0.4166481 0.4193572 0.4184399 0.4199083 0.0011815 0.8640655 
HM585504_Human_herpesvirus_1            0.0106452 0.0115068 0.0102350 0.0106488 0.0106488 0.0093710 0.0080878 0.0000000 0.0119141 0.0106136 0.0102230 0.0114851 0.0102350 0.0131929 0.0136240 0.0127549 0.0136240 0.3138194 0.3210671 0.3163267 0.4808362 0.3142090 0.3020073 0.3138543 0.3193790 0.3245794 0.3127654 0.4241972 0.3136718 0.3090252 0.3348887 0.3351825 0.3061729 0.3327395 0.3254339 0.0119103 0.0118798 0.0102064 0.0123619 0.0106072 0.0110343 0.0110268 0.4134206 0.0101982 0.0093461 0.0136630 0.4108211 0.0106713 0.0110564 0.0119279 0.0119319 0.0119319 0.0097610 0.0093446 0.0097976 0.0144848 0.4121407 0.4115071 0.4121407 0.4087857 0.4115071 0.4111258 0.4068759 0.4111668 0.4104947 0.4117124 0.4113121 0.4111686 0.4090861 0.4097154 0.4118644 0.4111668 0.4083462 0.4101344 0.4101605 0.4120702 0.4131707 0.4131707 0.4101605 0.4109080 0.4107164 0.4094904 0.4075535 0.4111668 0.4087831 0.4087831 0.4143307 0.4137310 0.4147018 0.4075159 0.4144718 0.4078086 0.4095377 0.4122227 0.4113121 0.4127600 0.0068351 0.8712525 
HM585506_Human_herpesvirus_1            0.0011793 0.0115158 0.0106860 0.0011793 0.0011793 0.0098136 0.0085256 0.0119141 0.0000000 0.0102214 0.0168062 0.0060056 0.0106860 0.0110386 0.0110386 0.0101895 0.0110386 0.3211275 0.3268916 0.3220603 0.4797194 0.3186305 0.3066439 0.3195336 0.3243787 0.3291363 0.3200622 0.3947514 0.3219683 0.3159380 0.3397909 0.3417176 0.3080999 0.3369514 0.3316003 0.0072801 0.0072603 0.0106562 0.0093754 0.0060253 0.0072600 0.0064338 0.4122881 0.0115377 0.0106728 0.0119435 0.4166085 0.0093702 0.0064382 0.0106186 0.0106186 0.0106186 0.0106711 0.0102503 0.0102356 0.0118814 0.4179213 0.4172899 0.4179213 0.4145504 0.4172899 0.4169001 0.4113872 0.4169456 0.4162585 0.4174863 0.4170929 0.4169475 0.4148582 0.4154807 0.4176401 0.4169456 0.4140998 0.4159069 0.4159350 0.4178677 0.4189580 0.4189580 0.4159350 0.4154428 0.4164859 0.4152505 0.4133053 0.4169456 0.4145477 0.4145477 0.4201250 0.4195277 0.4205049 0.4120893 0.4202696 0.4135490 0.4155417 0.4180066 0.4170929 0.4185523 0.0072657 0.8762352 
HM585508_Human_herpesvirus_1            0.0089639 0.0052118 0.0023781 0.0089668 0.0089668 0.0031791 0.0047987 0.0106136 0.0102214 0.0000000 0.0106679 0.0072862 0.0023781 0.0114724 0.0118987 0.0110403 0.0118987 0.3172234 0.3245342 0.3197284 0.4782754 0.3176292 0.3055372 0.3172179 0.3218358 0.3281324 0.3161620 0.3989148 0.3175577 0.3113704 0.3372613 0.3385276 0.3082268 0.3361608 0.3291158 0.0085314 0.0085086 0.0015771 0.0098044 0.0072629 0.0076798 0.0076745 0.4159567 0.0077043 0.0077029 0.0072597 0.4123014 0.0044107 0.0076950 0.0102186 0.0102220 0.0102220 0.0072763 0.0068650 0.0011826 0.0127506 0.4136188 0.4129864 0.4136188 0.4102594 0.4129864 0.4126029 0.4083420 0.4126450 0.4119688 0.4131896 0.4127909 0.4126468 0.4105618 0.4111896 0.4133421 0.4126450 0.4098169 0.4116104 0.4116372 0.4135535 0.4146519 0.4146519 0.4116372 0.4123841 0.4121919 0.4109629 0.4090241 0.4126450 0.4102567 0.4102567 0.4158140 0.4152145 0.4161875 0.4090027 0.4159561 0.4092757 0.4110138 0.4137026 0.4127909 0.4142422 0.0035782 0.8655200 
HM585509_Human_herpesvirus_1            0.0154990 0.0106652 0.0098383 0.0154990 0.0154990 0.0089722 0.0119776 0.0102230 0.0168062 0.0106679 0.0000000 0.0154956 0.0098383 0.0177315 0.0181783 0.0167797 0.0181783 0.3142754 0.3215290 0.3167815 0.4773422 0.3146669 0.3024835 0.3143048 0.3173532 0.3238587 0.3132207 0.4241972 0.3148067 0.3086921 0.3326983 0.3360185 0.3053874 0.3335934 0.3246879 0.0150611 0.0158949 0.0098107 0.0159730 0.0145810 0.0150233 0.0150130 0.4186934 0.0141615 0.0132783 0.0141275 0.4133553 0.0128742 0.0150234 0.0168255 0.0168313 0.0168313 0.0137058 0.0132770 0.0093921 0.0176739 0.4146718 0.4140397 0.4146718 0.4113102 0.4140397 0.4136543 0.4093888 0.4136972 0.4130187 0.4142408 0.4138434 0.4136990 0.4116138 0.4122401 0.4143934 0.4136972 0.4108659 0.4126624 0.4126891 0.4146087 0.4157048 0.4157048 0.4126891 0.4134349 0.4132429 0.4120131 0.4100730 0.4136972 0.4113075 0.4113075 0.4168681 0.4162692 0.4172425 0.4100635 0.4170105 0.4103226 0.4120657 0.4147557 0.4138434 0.4152962 0.0106773 0.8723038 
HM585510_Human_herpesvirus_1            0.0047876 0.0081395 0.0085657 0.0047892 0.0047892 0.0077126 0.0048054 0.0114851 0.0060056 0.0072862 0.0154956 0.0000000 0.0085657 0.0089131 0.0089131 0.0080780 0.0089131 0.3261941 0.3320112 0.3270982 0.4953254 0.3236912 0.3119150 0.3245230 0.3298877 0.3332242 0.3251212 0.4390726 0.3257976 0.3210136 0.3441622 0.3445872 0.3150021 0.3410227 0.3358481 0.0043926 0.0043802 0.0077102 0.0072706 0.0031725 0.0027743 0.0035729 0.4213390 0.0077248 0.0068849 0.0097946 0.4206422 0.0064582 0.0035822 0.0085046 0.0085046 0.0085046 0.0077108 0.0072976 0.0073039 0.0097471 0.4219538 0.4213217 0.4219538 0.4185627 0.4213217 0.4209254 0.4153653 0.4209742 0.4202748 0.4215127 0.4211232 0.4209760 0.4188764 0.4194958 0.4216683 0.4209742 0.4181030 0.4199281 0.4199579 0.4219119 0.4229979 0.4229979 0.4199579 0.4194549 0.4205067 0.4192610 0.4173045 0.4209742 0.4185599 0.4185599 0.4241724 0.4235754 0.4245601 0.4161256 0.4243201 0.4175416 0.4195651 0.4220410 0.4211232 0.4225945 0.0043961 0.8703931 
HM585511_Human_herpesvirus_1            0.0094210 0.0044062 0.0000010 0.0094241 0.0094241 0.0023823 0.0052269 0.0102350 0.0106860 0.0023781 0.0098383 0.0085657 0.0000000 0.0119439 0.0123728 0.0115089 0.0123728 0.3183252 0.3256450 0.3208256 0.4830676 0.3187357 0.3066992 0.3183066 0.3230331 0.3292652 0.3172631 0.4123731 0.3188179 0.3126140 0.3384583 0.3395785 0.3094597 0.3372393 0.3302883 0.0098245 0.0097985 0.0015795 0.0102668 0.0085386 0.0089607 0.0089546 0.4141955 0.0081529 0.0081515 0.0072702 0.4105378 0.0044174 0.0089786 0.0106832 0.0106868 0.0106868 0.0077216 0.0073077 0.0011845 0.0132297 0.4118556 0.4112238 0.4118556 0.4085069 0.4112238 0.4108427 0.4066014 0.4108830 0.4102126 0.4114286 0.4110276 0.4108848 0.4088064 0.4094347 0.4115794 0.4108830 0.4080682 0.4098533 0.4098789 0.4117844 0.4128828 0.4128828 0.4098789 0.4106254 0.4104342 0.4092111 0.4072780 0.4108830 0.4085042 0.4085042 0.4140423 0.4134430 0.4144108 0.4072365 0.4141826 0.4075325 0.4092572 0.4119382 0.4110276 0.4124732 0.0039976 0.8650702 
HM585512_Human_herpesvirus_1            0.0097783 0.0132296 0.0119439 0.0097816 0.0097816 0.0110672 0.0097642 0.0131929 0.0110386 0.0114724 0.0177315 0.0089131 0.0119439 0.0000000 0.0003908 0.0043849 0.0003908 0.3215782 0.3273407 0.3222504 0.4903608 0.3190834 0.3085026 0.3197259 0.3248647 0.3295919 0.3205134 0.4270255 0.3150706 0.3145339 0.3399713 0.3422856 0.3113685 0.3376025 0.3320706 0.0093303 0.0093056 0.0119109 0.0056144 0.0080584 0.0084760 0.0084703 0.4198299 0.0127999 0.0119287 0.0056251 0.4180178 0.0097746 0.0084928 0.0043873 0.0043887 0.0043887 0.0123511 0.0119272 0.0114996 0.0068228 0.4222837 0.4186975 0.4222837 0.4188966 0.4186975 0.4212564 0.4157018 0.4213054 0.4206061 0.4218428 0.4214543 0.4213072 0.4192103 0.4198284 0.4219983 0.4213054 0.4210743 0.4202604 0.4202903 0.4192785 0.4203655 0.4203655 0.4202903 0.4197873 0.4208381 0.4195936 0.4176394 0.4213054 0.4188939 0.4188939 0.4244998 0.4239038 0.4248874 0.4164657 0.4246475 0.4178755 0.4198982 0.4223709 0.4214543 0.4199612 0.0084946 0.8648377 
HM585513_Human_herpesvirus_1            0.0097783 0.0136618 0.0123728 0.0097816 0.0097816 0.0114930 0.0101852 0.0136240 0.0110386 0.0118987 0.0181783 0.0089131 0.0123728 0.0003908 0.0000000 0.0039823 0.0000010 0.3215688 0.3273306 0.3222409 0.4903123 0.3190743 0.3084943 0.3197168 0.3248541 0.3295814 0.3205041 0.4270255 0.3150706 0.3145339 0.3399590 0.3422746 0.3113592 0.3375917 0.3320594 0.0097494 0.0097238 0.0123387 0.0060239 0.0084731 0.0088921 0.0088861 0.4198165 0.0132307 0.0123569 0.0060352 0.4180043 0.0097746 0.0089097 0.0047912 0.0043887 0.0043887 0.0119280 0.0115050 0.0119268 0.0064130 0.4222701 0.4186840 0.4222701 0.4188831 0.4186840 0.4212429 0.4156884 0.4212918 0.4205926 0.4218292 0.4214407 0.4212937 0.4191967 0.4198149 0.4219847 0.4212918 0.4210607 0.4202469 0.4202767 0.4192650 0.4203520 0.4203520 0.4202767 0.4197738 0.4208245 0.4195801 0.4176259 0.4212918 0.4188803 0.4188803 0.4244862 0.4238901 0.4248737 0.4164521 0.4246339 0.4178621 0.4198847 0.4223573 0.4214407 0.4199477 0.0089115 0.8673209 
HM585514_Human_herpesvirus_1            0.0089359 0.0127904 0.0115089 0.0089389 0.0089389 0.0106358 0.0093385 0.0127549 0.0101895 0.0110403 0.0167797 0.0080780 0.0115089 0.0043849 0.0039823 0.0000000 0.0039823 0.3229318 0.3287096 0.3235952 0.4903608 0.3204349 0.3099105 0.3210572 0.3263368 0.3309888 0.3218647 0.4270255 0.3168371 0.3162823 0.3414625 0.3431427 0.3128661 0.3382028 0.3335218 0.0085100 0.0088830 0.0114770 0.0056061 0.0076399 0.0080561 0.0080506 0.4189087 0.0123624 0.0114944 0.0060373 0.4205443 0.0080692 0.0080720 0.0039696 0.0035699 0.0035699 0.0110680 0.0106472 0.0110665 0.0047642 0.4218561 0.4212239 0.4218561 0.4184652 0.4212239 0.4208278 0.4152684 0.4208765 0.4201773 0.4214150 0.4210254 0.4208783 0.4187783 0.4193984 0.4215706 0.4208765 0.4206453 0.4198305 0.4198602 0.4218137 0.4229000 0.4229000 0.4198602 0.4193575 0.4204092 0.4191636 0.4172072 0.4208765 0.4184624 0.4184624 0.4240745 0.4234774 0.4244620 0.4160274 0.4242221 0.4174445 0.4194674 0.4219432 0.4210254 0.4224966 0.0080737 0.8713923 
HM585515_Human_herpesvirus_1            0.0097783 0.0136618 0.0123728 0.0097816 0.0097816 0.0114930 0.0101852 0.0136240 0.0110386 0.0118987 0.0181783 0.0089131 0.0123728 0.0003908 0.0000010 0.0039823 0.0000000 0.3215688 0.3273306 0.3222409 0.4903123 0.3190743 0.3084943 0.3197168 0.3248541 0.3295814 0.3205041 0.4270255 0.3150706 0.3145339 0.3399590 0.3422746 0.3113592 0.3375917 0.3320594 0.0097494 0.0097238 0.0123387 0.0060239 0.0084731 0.0088921 0.0088861 0.4198165 0.0132307 0.0123569 0.0060352 0.4180043 0.0097746 0.0089097 0.0047912 0.0043887 0.0043887 0.0119280 0.0115050 0.0119268 0.0064130 0.4222701 0.4186840 0.4222701 0.4188831 0.4186840 0.4212429 0.4156884 0.4212918 0.4205926 0.4218292 0.4214407 0.4212937 0.4191967 0.4198149 0.4219847 0.4212918 0.4210607 0.4202469 0.4202767 0.4192650 0.4203520 0.4203520 0.4202767 0.4197738 0.4208245 0.4195801 0.4176259 0.4212918 0.4188803 0.4188803 0.4244862 0.4238901 0.4248737 0.4164521 0.4246339 0.4178621 0.4198847 0.4223573 0.4214407 0.4199477 0.0089115 0.8673209 
HSV2_1                                  0.3209263 0.3254209 0.3183252 0.3211275 0.3211275 0.3156313 0.3209868 0.3138194 0.3211275 0.3172234 0.3142754 0.3261941 0.3183252 0.3215782 0.3215688 0.3229318 0.3215688 0.0000000 0.0031456 0.0015611 0.0112456 0.0026182 0.0022150 0.0020841 0.0016862 0.0104484 0.0015664 0.0000023 0.0041994 0.0017644 0.0116913 0.0058068 0.0023486 0.0113477 0.0049853 0.3285911 0.3260415 0.3193144 0.3208279 0.3256416 0.3256356 0.3243203 0.0614881 0.3254665 0.3233691 0.3231440 0.0113482 0.3183469 0.3252916 0.3221864 0.3208229 0.3208229 0.3229048 0.3217382 0.3173964 0.3214470 0.0119101 0.0118941 0.0119101 0.0118957 0.0118941 0.0113476 0.0124706 0.0113395 0.0113291 0.0118957 0.0118999 0.0124579 0.0118960 0.0124876 0.0118999 0.0113395 0.0124876 0.0113532 0.0113395 0.0119109 0.0118957 0.0118957 0.0118999 0.0119012 0.0113395 0.0113395 0.0113339 0.0113395 0.0124917 0.0124917 0.0130527 0.0124852 0.0124852 0.0113533 0.0130459 0.0130294 0.0119012 0.0124852 0.0124623 0.0118943 0.3181450 0.6944213 
HSV2_2                                  0.3266857 0.3328493 0.3256450 0.3268916 0.3268916 0.3229103 0.3283429 0.3210671 0.3268916 0.3245342 0.3215290 0.3320112 0.3256450 0.3273407 0.3273306 0.3287096 0.3273306 0.0031456 0.0000000 0.0010355 0.0130053 0.0031341 0.0016507 0.0010358 0.0011174 0.0104278 0.0015599 0.0000023 0.0029746 0.0011674 0.0122480 0.0063567 0.0017492 0.0108033 0.0044034 0.3344290 0.3330474 0.3266385 0.3265920 0.3314463 0.3314401 0.3301128 0.0615810 0.3328600 0.3307495 0.3295511 0.0102283 0.3240826 0.3311039 0.3279631 0.3265835 0.3265835 0.3302668 0.3290883 0.3247064 0.3272043 0.0107860 0.0113448 0.0107860 0.0107730 0.0113448 0.0107944 0.0113475 0.0102205 0.0113417 0.0113376 0.0107768 0.0113310 0.0113275 0.0113583 0.0113416 0.0102205 0.0113583 0.0102328 0.0102205 0.0107867 0.0107730 0.0107730 0.0107768 0.0107874 0.0102205 0.0102205 0.0113464 0.0102205 0.0119303 0.0119303 0.0119194 0.0113559 0.0113559 0.0108093 0.0119128 0.0119030 0.0108016 0.0113609 0.0113350 0.0113401 0.3254569 0.6985875 
HSV2_3                                  0.3218598 0.3279078 0.3208256 0.3220603 0.3220603 0.3181367 0.3234808 0.3163267 0.3220603 0.3197284 0.3167815 0.3270982 0.3208256 0.3222504 0.3222409 0.3235952 0.3222409 0.0015611 0.0010355 0.0000000 0.0128777 0.0020831 0.0005490 0.0000020 0.0000025 0.0092927 0.0005171 0.0000023 0.0017774 0.0000022 0.0109950 0.0052397 0.0005807 0.0096358 0.0032945 0.3294808 0.3269466 0.3218093 0.3217628 0.3265478 0.3265419 0.3252343 0.0610495 0.3279416 0.3258546 0.3242104 0.0090583 0.3192954 0.3262016 0.3228555 0.3215006 0.3215006 0.3253873 0.3242249 0.3198999 0.3221195 0.0096082 0.0101515 0.0096082 0.0095967 0.0101515 0.0096082 0.0101618 0.0090514 0.0095970 0.0101530 0.0096001 0.0101471 0.0101440 0.0101717 0.0101565 0.0090514 0.0101717 0.0090622 0.0090514 0.0096089 0.0095967 0.0095967 0.0096001 0.0096094 0.0090514 0.0090514 0.0101530 0.0090514 0.0112866 0.0112866 0.0107251 0.0101693 0.0101693 0.0096214 0.0107189 0.0107101 0.0096178 0.0101737 0.0101507 0.0101473 0.3206440 0.7046921 
HSV2_4                                  0.4797194 0.5023055 0.4830676 0.4797194 0.4797194 0.4777276 0.4907049 0.4808362 0.4797194 0.4782754 0.4773422 0.4953254 0.4830676 0.4903608 0.4903123 0.4903608 0.4903123 0.0112456 0.0130053 0.0128777 0.0000000 0.0113075 0.0066825 0.0046573 0.0097511 0.0000027 0.0095498 0.0047605 0.0083469 0.0068422 0.0015261 0.0015261 0.0101897 0.0000027 0.0048179 0.4980002 0.4929997 0.4830676 0.4925084 0.4906858 0.4948615 0.4906858 0.0798071 0.4955267 0.4871914 0.4914467 0.0000010 0.4744173 0.4894022 0.4839667 0.4786083 0.4786083 0.4820020 0.4820020 0.4797927 0.4894225 0.0000010 0.0000010 0.0000010 0.0000010 0.0000010 0.0000010 0.0000010 0.0000010 0.0015220 0.0000010 0.0000010 0.0000010 0.0030587 0.0000010 0.0000010 0.0000010 0.0000010 0.0000010 0.0000010 0.0000010 0.0015219 0.0015219 0.0000010 0.0000010 0.0000010 0.0000010 0.0000010 0.0000010 0.0015354 0.0015354 0.0030848 0.0030811 0.0030811 0.0015277 0.0030811 0.0000010 0.0015220 0.0030811 0.0015235 0.0000010 0.4830676 0.9618123 
HSV2_5                                  0.3184307 0.3258643 0.3187357 0.3186305 0.3186305 0.3160294 0.3214093 0.3142090 0.3186305 0.3176292 0.3146669 0.3236912 0.3187357 0.3190834 0.3190743 0.3204349 0.3190743 0.0026182 0.0031341 0.0020831 0.0113075 0.0000000 0.0027728 0.0020853 0.0022529 0.0082056 0.0026145 0.0000023 0.0035905 0.0023563 0.0098731 0.0052923 0.0029390 0.0086044 0.0044194 0.3260873 0.3247185 0.3197289 0.3183299 0.3231423 0.3231363 0.3218218 0.0610032 0.3259080 0.3238020 0.3214532 0.0080555 0.3158528 0.3227878 0.3196875 0.3183264 0.3183264 0.3233348 0.3221632 0.3178028 0.3189540 0.0086080 0.0091506 0.0086080 0.0085976 0.0091506 0.0086080 0.0091560 0.0080493 0.0085978 0.0085976 0.0086007 0.0091506 0.0091478 0.0091733 0.0086007 0.0080493 0.0091733 0.0080590 0.0080493 0.0086086 0.0085976 0.0085976 0.0086007 0.0085978 0.0080493 0.0080493 0.0085976 0.0080493 0.0091763 0.0091763 0.0097294 0.0091708 0.0091708 0.0086086 0.0097235 0.0097112 0.0086091 0.0091708 0.0091539 0.0091508 0.3185544 0.6897033 
HSV2_6                                  0.3064415 0.3141041 0.3066992 0.3066439 0.3066439 0.3038893 0.3094831 0.3020073 0.3066439 0.3055372 0.3024835 0.3119150 0.3066992 0.3085026 0.3084943 0.3099105 0.3084943 0.0022150 0.0016507 0.0005490 0.0066825 0.0027728 0.0000000 0.0005492 0.0005796 0.0068391 0.0011020 0.0000023 0.0024750 0.0006118 0.0078986 0.0027638 0.0011905 0.0073387 0.0040404 0.3145689 0.3131379 0.3077488 0.3076981 0.3115042 0.3127325 0.3101248 0.0605912 0.3142073 0.3119882 0.3107409 0.0067548 0.3038938 0.3111110 0.3091178 0.3077011 0.3077011 0.3115216 0.3102950 0.3057230 0.3071476 0.0073225 0.0079039 0.0073225 0.0073225 0.0079039 0.0073225 0.0079124 0.0067493 0.0073227 0.0079052 0.0073252 0.0079003 0.0078977 0.0079211 0.0079081 0.0067493 0.0079211 0.0067493 0.0067493 0.0073324 0.0073225 0.0073225 0.0073252 0.0073327 0.0067493 0.0067493 0.0079052 0.0067493 0.0085107 0.0085107 0.0079239 0.0079187 0.0079187 0.0073425 0.0084968 0.0084893 0.0073428 0.0079223 0.0079033 0.0079005 0.3065198 0.7122168 
HSV2_7                                  0.3193362 0.3253170 0.3183066 0.3195336 0.3195336 0.3156448 0.3209364 0.3138543 0.3195336 0.3172179 0.3143048 0.3245230 0.3183066 0.3197259 0.3197168 0.3210572 0.3197168 0.0020841 0.0010358 0.0000020 0.0046573 0.0020853 0.0005492 0.0000000 0.0000021 0.0064657 0.0010375 0.0000023 0.0017758 0.0005838 0.0079631 0.0025696 0.0005815 0.0068347 0.0032927 0.3268844 0.3255354 0.3192841 0.3192377 0.3239808 0.3239749 0.3226792 0.0600632 0.3253625 0.3232902 0.3222615 0.0062674 0.3167949 0.3236330 0.3203218 0.3189808 0.3189808 0.3228315 0.3216789 0.3173889 0.3195979 0.0068018 0.0073343 0.0068018 0.0067938 0.0073343 0.0068070 0.0073360 0.0062619 0.0073356 0.0067938 0.0067962 0.0073287 0.0073265 0.0073469 0.0067962 0.0062619 0.0073469 0.0062691 0.0062619 0.0068024 0.0067938 0.0067938 0.0067962 0.0067998 0.0062619 0.0062619 0.0067990 0.0062619 0.0078850 0.0078850 0.0078852 0.0073446 0.0073446 0.0068133 0.0078802 0.0078704 0.0068084 0.0073446 0.0073313 0.0073344 0.3181286 0.7062965 
HSV2_8                                  0.3241584 0.3307829 0.3230331 0.3243787 0.3243787 0.3200934 0.3259358 0.3193790 0.3243787 0.3218358 0.3173532 0.3298877 0.3230331 0.3248647 0.3248541 0.3263368 0.3248541 0.0016862 0.0011174 0.0000025 0.0097511 0.0022529 0.0005796 0.0000021 0.0000000 0.0081067 0.0011219 0.0000023 0.0018013 0.0000026 0.0096954 0.0039661 0.0006043 0.0086901 0.0034459 0.3299335 0.3297223 0.3241053 0.3240549 0.3280043 0.3292757 0.3265703 0.0627586 0.3308051 0.3285286 0.3272374 0.0080795 0.3200891 0.3276292 0.3255307 0.3240473 0.3240473 0.3280131 0.3267435 0.3220223 0.3221800 0.0086744 0.0092701 0.0086744 0.0086632 0.0092701 0.0086817 0.0092725 0.0080728 0.0092674 0.0092638 0.0086665 0.0092580 0.0092549 0.0092816 0.0092673 0.0080728 0.0092816 0.0080832 0.0080728 0.0086742 0.0086632 0.0086632 0.0086665 0.0086757 0.0080728 0.0080728 0.0092716 0.0080728 0.0098907 0.0098907 0.0098809 0.0092800 0.0092800 0.0086947 0.0098746 0.0098658 0.0086879 0.0092843 0.0092615 0.0092660 0.3228328 0.7075832 
HSV2_9                                  0.3289253 0.3354974 0.3292652 0.3291363 0.3291363 0.3264671 0.3308892 0.3245794 0.3291363 0.3281324 0.3238587 0.3332242 0.3292652 0.3295919 0.3295814 0.3309888 0.3295814 0.0104484 0.0104278 0.0092927 0.0000027 0.0082056 0.0068391 0.0064657 0.0081067 0.0000000 0.0087343 0.0047605 0.0072819 0.0072281 0.0011161 0.0037254 0.0084500 0.0005238 0.0055818 0.3344808 0.3342798 0.3302762 0.3288319 0.3326470 0.3326407 0.3312883 0.0676629 0.3354954 0.3333449 0.3322792 0.0000020 0.3262715 0.3323005 0.3302299 0.3288219 0.3288219 0.3328475 0.3316449 0.3283067 0.3282491 0.0005246 0.0010499 0.0005246 0.0005240 0.0010499 0.0005246 0.0010505 0.0000020 0.0005240 0.0005240 0.0005242 0.0010500 0.0010497 0.0010528 0.0005242 0.0000020 0.0010528 0.0000020 0.0000020 0.0005247 0.0005240 0.0005240 0.0005242 0.0005246 0.0000020 0.0000020 0.0005240 0.0000020 0.0010532 0.0010532 0.0015818 0.0010523 0.0010523 0.0005246 0.0015805 0.0015786 0.0005250 0.0010522 0.0010504 0.0010501 0.3290700 0.6841213 
HSV2_10                                 0.3198618 0.3243467 0.3172631 0.3200622 0.3200622 0.3145737 0.3199208 0.3127654 0.3200622 0.3161620 0.3132207 0.3251212 0.3172631 0.3205134 0.3205041 0.3218647 0.3205041 0.0015664 0.0015599 0.0005171 0.0095498 0.0026145 0.0011020 0.0010375 0.0011219 0.0087343 0.0000000 0.0000023 0.0029770 0.0005845 0.0104259 0.0047315 0.0011692 0.0091191 0.0038613 0.3275153 0.3249686 0.3182522 0.3197625 0.3245708 0.3245648 0.3232511 0.0601428 0.3243973 0.3223008 0.3222782 0.0091157 0.3172856 0.3242192 0.3211192 0.3197581 0.3197581 0.3218388 0.3206734 0.3163352 0.3203831 0.0096693 0.0096605 0.0096693 0.0096577 0.0096605 0.0091150 0.0102267 0.0091087 0.0091004 0.0102177 0.0096611 0.0102118 0.0102087 0.0102367 0.0102214 0.0091087 0.0102367 0.0091196 0.0091087 0.0096700 0.0096577 0.0096577 0.0096611 0.0096663 0.0091087 0.0091087 0.0096619 0.0091087 0.0108036 0.0108036 0.0107937 0.0102343 0.0102343 0.0091237 0.0107875 0.0107785 0.0096705 0.0102387 0.0102154 0.0096565 0.3170840 0.6966957 
HSV2_11                                 0.3947514 0.4123731 0.4123731 0.3947514 0.3947514 0.4123731 0.4123731 0.4241972 0.3947514 0.3989148 0.4241972 0.4390726 0.4123731 0.4270255 0.4270255 0.4270255 0.4270255 0.0000023 0.0000023 0.0000023 0.0047605 0.0000023 0.0000023 0.0000023 0.0000023 0.0047605 0.0000023 0.0000000 0.0000023 0.0000023 0.0047605 0.0000023 0.0047075 0.0047605 0.0047605 0.4473809 0.4270255 0.4123731 0.4327807 0.4270255 0.4390726 0.4270255 0.0492781 0.4361856 0.4241972 0.4270255 0.0047605 0.4123731 0.4421569 0.4150655 0.4150655 0.4150655 0.4123731 0.4123731 0.4123731 0.4390726 0.0047605 0.0047605 0.0047605 0.0047605 0.0047605 0.0047605 0.0047605 0.0047605 0.0096505 0.0047605 0.0047605 0.0047605 0.0047605 0.0047605 0.0047605 0.0047605 0.0047605 0.0047605 0.0047605 0.0047605 0.0047605 0.0047605 0.0047605 0.0047605 0.0047605 0.0047605 0.0047605 0.0047605 0.0047605 0.0047605 0.0047605 0.0047605 0.0047605 0.0047605 0.0047605 0.0047605 0.0047605 0.0047605 0.0047605 0.0047605 0.4123731 1.2192504 
HSV2_12                                 0.3219683 0.3251359 0.3188179 0.3219683 0.3219683 0.3172817 0.3218642 0.3136718 0.3219683 0.3175577 0.3148067 0.3257976 0.3188179 0.3150706 0.3150706 0.3168371 0.3150706 0.0041994 0.0029746 0.0017774 0.0083469 0.0035905 0.0024750 0.0017758 0.0018013 0.0072819 0.0029770 0.0000023 0.0000000 0.0019003 0.0082116 0.0035738 0.0026070 0.0078928 0.0049507 0.3245097 0.3229462 0.3199490 0.3155347 0.3224963 0.3238304 0.3209936 0.0602187 0.3256513 0.3232527 0.3170636 0.0072613 0.3168370 0.3240452 0.3168413 0.3168413 0.3168413 0.3229643 0.3216295 0.3186114 0.3194521 0.0078896 0.0085091 0.0078896 0.0078789 0.0085091 0.0078965 0.0085073 0.0072613 0.0085109 0.0078789 0.0078820 0.0085009 0.0072613 0.0085256 0.0078820 0.0072613 0.0085256 0.0072712 0.0072613 0.0078903 0.0078789 0.0078789 0.0078820 0.0072613 0.0072613 0.0072613 0.0078858 0.0072613 0.0085289 0.0085289 0.0085288 0.0085227 0.0085227 0.0078972 0.0091462 0.0091331 0.0078830 0.0085227 0.0078820 0.0085094 0.3186114 0.6804992 
HSV2_13                                 0.3159380 0.3188154 0.3126140 0.3159380 0.3159380 0.3111064 0.3156066 0.3090252 0.3159380 0.3113704 0.3086921 0.3210136 0.3126140 0.3145339 0.3145339 0.3162823 0.3145339 0.0017644 0.0011674 0.0000022 0.0068422 0.0023563 0.0006118 0.0005838 0.0000026 0.0072281 0.0005845 0.0000023 0.0019003 0.0000000 0.0086465 0.0035411 0.0006207 0.0078306 0.0029527 0.3197491 0.3195337 0.3137338 0.3136802 0.3177711 0.3190816 0.3177711 0.0594811 0.3193457 0.3169746 0.3158818 0.0072001 0.3121853 0.3192957 0.3147724 0.3147724 0.3147724 0.3166987 0.3153837 0.3124163 0.3147659 0.0078218 0.0084331 0.0078218 0.0078113 0.0084331 0.0078218 0.0084428 0.0072001 0.0078115 0.0084346 0.0078145 0.0084290 0.0072001 0.0084527 0.0084380 0.0072001 0.0084527 0.0072098 0.0072001 0.0078226 0.0078113 0.0078113 0.0078145 0.0078240 0.0072001 0.0072001 0.0084346 0.0072001 0.0090836 0.0090836 0.0090742 0.0084500 0.0084500 0.0078350 0.0090679 0.0090594 0.0078354 0.0084541 0.0078145 0.0084293 0.3124163 0.6835529 
HSV2_14                                 0.3395606 0.3451147 0.3384583 0.3397909 0.3397909 0.3354762 0.3401942 0.3348887 0.3397909 0.3372613 0.3326983 0.3441622 0.3384583 0.3399713 0.3399590 0.3414625 0.3399590 0.0116913 0.0122480 0.0109950 0.0015261 0.0098731 0.0078986 0.0079631 0.0096954 0.0011161 0.0104259 0.0047605 0.0082116 0.0086465 0.0000000 0.0050488 0.0094149 0.0005536 0.0069591 0.3455008 0.3452843 0.3395209 0.3394729 0.3435329 0.3435260 0.3435329 0.0715958 0.3450622 0.3427957 0.3428698 0.0011032 0.3367368 0.3431859 0.3391782 0.3376786 0.3376786 0.3422499 0.3409758 0.3374420 0.3385392 0.0016593 0.0011031 0.0016593 0.0016572 0.0011031 0.0016593 0.0022162 0.0011024 0.0016572 0.0016572 0.0005507 0.0011023 0.0022123 0.0022192 0.0005507 0.0011024 0.0022192 0.0011037 0.0011024 0.0016594 0.0016572 0.0016572 0.0016578 0.0016588 0.0011024 0.0011024 0.0016572 0.0011024 0.0027801 0.0027801 0.0011096 0.0022182 0.0022182 0.0016610 0.0027779 0.0016588 0.0016610 0.0022188 0.0011028 0.0011024 0.3382430 0.7182808 
HSV2_15                                 0.3405443 0.3454243 0.3395785 0.3407481 0.3407481 0.3382589 0.3411042 0.3351825 0.3417176 0.3385276 0.3360185 0.3445872 0.3395785 0.3422856 0.3422746 0.3431427 0.3422746 0.0058068 0.0063567 0.0052397 0.0015261 0.0052923 0.0027638 0.0025696 0.0039661 0.0037254 0.0047315 0.0000023 0.0035738 0.0035411 0.0050488 0.0000000 0.0041363 0.0040404 0.0061166 0.3468860 0.3455720 0.3405108 0.3392041 0.3440343 0.3440282 0.3427645 0.0675341 0.3453767 0.3433878 0.3434527 0.0034222 0.3380633 0.3437310 0.3415166 0.3401946 0.3401946 0.3429075 0.3417889 0.3386856 0.3414293 0.0044161 0.0044106 0.0044161 0.0044075 0.0044106 0.0044161 0.0054217 0.0034198 0.0044114 0.0044113 0.0039147 0.0044089 0.0044076 0.0044195 0.0044127 0.0034198 0.0044195 0.0039211 0.0034198 0.0039180 0.0044113 0.0044113 0.0039147 0.0044166 0.0039168 0.0044166 0.0054127 0.0034198 0.0054225 0.0054225 0.0054226 0.0054191 0.0049199 0.0044217 0.0054191 0.0059219 0.0039228 0.0049219 0.0044103 0.0044090 0.3393884 0.7542611 
HSV2_16                                 0.3078843 0.3173407 0.3094597 0.3080999 0.3080999 0.3064710 0.3124199 0.3061729 0.3080999 0.3082268 0.3053874 0.3150021 0.3094597 0.3113685 0.3113592 0.3128661 0.3113592 0.0023486 0.0017492 0.0005807 0.0101897 0.0029390 0.0011905 0.0005815 0.0006043 0.0084500 0.0011692 0.0047075 0.0026070 0.0006207 0.0094149 0.0041363 0.0000000 0.0090622 0.0041263 0.3152069 0.3136830 0.3105718 0.3101011 0.3132587 0.3158665 0.3117944 0.0638918 0.3174336 0.3150806 0.3135352 0.0084325 0.3077747 0.3128449 0.3105320 0.3090291 0.3090291 0.3145788 0.3132762 0.3084231 0.3099275 0.0090410 0.0096668 0.0090410 0.0090410 0.0096668 0.0090405 0.0096782 0.0084253 0.0090412 0.0096687 0.0090446 0.0096624 0.0096590 0.0096890 0.0096726 0.0084253 0.0096890 0.0084253 0.0084253 0.0090540 0.0090410 0.0090410 0.0090446 0.0090545 0.0084253 0.0084253 0.0096684 0.0084253 0.0103250 0.0103250 0.0096926 0.0096863 0.0096863 0.0090668 0.0103075 0.0102980 0.0090628 0.0096911 0.0096662 0.0096623 0.3092667 0.7090566 
HSV2_17                                 0.3368953 0.3432242 0.3372393 0.3371009 0.3371009 0.3345547 0.3388007 0.3327395 0.3369514 0.3361608 0.3335934 0.3410227 0.3372393 0.3376025 0.3375917 0.3382028 0.3375917 0.0113477 0.0108033 0.0096358 0.0000027 0.0086044 0.0073387 0.0068347 0.0086901 0.0005238 0.0091191 0.0047605 0.0078928 0.0078306 0.0005536 0.0040404 0.0090622 0.0000000 0.0061404 0.3433755 0.3420307 0.3381975 0.3354771 0.3404613 0.3404552 0.3391623 0.0714136 0.3431859 0.3411432 0.3387798 0.0004955 0.3330269 0.3401442 0.3368112 0.3354636 0.3354636 0.3406547 0.3395073 0.3363241 0.3367231 0.0014924 0.0004951 0.0014924 0.0009909 0.0004951 0.0014924 0.0024965 0.0004951 0.0014907 0.0009909 0.0000029 0.0004951 0.0014894 0.0014936 0.0000029 0.0004951 0.0019953 0.0009929 0.0004951 0.0009921 0.0014907 0.0014907 0.0009912 0.0014907 0.0009918 0.0014925 0.0014912 0.0004951 0.0014941 0.0014941 0.0014949 0.0024974 0.0019945 0.0014925 0.0024974 0.0019938 0.0009929 0.0019945 0.0004953 0.0004951 0.3370464 0.7210199 
HSV2_18                                 0.3313800 0.3367480 0.3302883 0.3316003 0.3316003 0.3273895 0.3319715 0.3254339 0.3316003 0.3291158 0.3246879 0.3358481 0.3302883 0.3320706 0.3320594 0.3335218 0.3320594 0.0049853 0.0044034 0.0032945 0.0048179 0.0044194 0.0040404 0.0032927 0.0034459 0.0055818 0.0038613 0.0047605 0.0049507 0.0029527 0.0069591 0.0061166 0.0041263 0.0061404 0.0000000 0.3371528 0.3369435 0.3313341 0.3312857 0.3352454 0.3352388 0.3338351 0.0662019 0.3367395 0.3345142 0.3344229 0.0055665 0.3286259 0.3348908 0.3312883 0.3298295 0.3298295 0.3339969 0.3327518 0.3292959 0.3306760 0.0061347 0.0066992 0.0061347 0.0061271 0.0066992 0.0061347 0.0067064 0.0055621 0.0061272 0.0067003 0.0061294 0.0066962 0.0066941 0.0067139 0.0067028 0.0055621 0.0067139 0.0055690 0.0055621 0.0061353 0.0061271 0.0061271 0.0061294 0.0061356 0.0055621 0.0055621 0.0067003 0.0055621 0.0072935 0.0072935 0.0072865 0.0067117 0.0067117 0.0061436 0.0072814 0.0072751 0.0061439 0.0067147 0.0066987 0.0066964 0.3300853 0.7141110 
JN400093_Human_herpesvirus_1            0.0060461 0.0102343 0.0098245 0.0060481 0.0060481 0.0089626 0.0060286 0.0119103 0.0072801 0.0085314 0.0150611 0.0043926 0.0098245 0.0093303 0.0097494 0.0085100 0.0097494 0.3285911 0.3344290 0.3294808 0.4980002 0.3260873 0.3145689 0.3268844 0.3299335 0.3344808 0.3275153 0.4473809 0.3245097 0.3197491 0.3455008 0.3468860 0.3152069 0.3433755 0.3371528 0.0000000 0.0023722 0.0089598 0.0072673 0.0011812 0.0039778 0.0015766 0.4237296 0.0081300 0.0072888 0.0102159 0.4244971 0.0077019 0.0015807 0.0089241 0.0089270 0.0089270 0.0077000 0.0072874 0.0085520 0.0105876 0.4258061 0.4251739 0.4258061 0.4223993 0.4251739 0.4247719 0.4191725 0.4248238 0.4241132 0.4253595 0.4249743 0.4248257 0.4227184 0.4233342 0.4255167 0.4248238 0.4219314 0.4237718 0.4238031 0.4257754 0.4268560 0.4268560 0.4238031 0.4232902 0.4243493 0.4230951 0.4211299 0.4248238 0.4223965 0.4223965 0.4280365 0.4274404 0.4284312 0.4199878 0.4281871 0.4213603 0.4234112 0.4258951 0.4249743 0.4264554 0.0056154 0.8664697 
JN420337_Human_herpesvirus_1            0.0060293 0.0102075 0.0097985 0.0060313 0.0060313 0.0089387 0.0060119 0.0118798 0.0072603 0.0085086 0.0158949 0.0043802 0.0097985 0.0093056 0.0097238 0.0088830 0.0097238 0.3260415 0.3330474 0.3269466 0.4929997 0.3247185 0.3131379 0.3255354 0.3297223 0.3342798 0.3249686 0.4270255 0.3229462 0.3195337 0.3452843 0.3455720 0.3136830 0.3420307 0.3369435 0.0023722 0.0000000 0.0089359 0.0072475 0.0011778 0.0039665 0.0015720 0.4210768 0.0081081 0.0072689 0.0097711 0.4218101 0.0076810 0.0015761 0.0089004 0.0089033 0.0089033 0.0076791 0.0072675 0.0085291 0.0105601 0.4231212 0.4224889 0.4231212 0.4197247 0.4224889 0.4220908 0.4165179 0.4221405 0.4214376 0.4226783 0.4222900 0.4221424 0.4200401 0.4206585 0.4228344 0.4221405 0.4192624 0.4210925 0.4211227 0.4230820 0.4241672 0.4241672 0.4211227 0.4206167 0.4216709 0.4204224 0.4184629 0.4221405 0.4197219 0.4197219 0.4253437 0.4247469 0.4257336 0.4172949 0.4254923 0.4186980 0.4197125 0.4232089 0.4222900 0.4237646 0.0055998 0.8706575 
JN420338_Human_herpesvirus_1            0.0093944 0.0043934 0.0015795 0.0093975 0.0093975 0.0023753 0.0043997 0.0102064 0.0106562 0.0015771 0.0098107 0.0077102 0.0015795 0.0119109 0.0123387 0.0114770 0.0123387 0.3193144 0.3266385 0.3218093 0.4830676 0.3197289 0.3077488 0.3192841 0.3241053 0.3302762 0.3182522 0.4123731 0.3199490 0.3137338 0.3395209 0.3405108 0.3105718 0.3381975 0.3313341 0.0089598 0.0089359 0.0000000 0.0102381 0.0076855 0.0081041 0.0080986 0.4164193 0.0073001 0.0072988 0.0072496 0.4127736 0.0035953 0.0081202 0.0106534 0.0106569 0.0106569 0.0068732 0.0064623 0.0003920 0.0131935 0.4140889 0.4134576 0.4140889 0.4107337 0.4134576 0.4130735 0.4088179 0.4131156 0.4124398 0.4136592 0.4132616 0.4131174 0.4110354 0.4116619 0.4138114 0.4131156 0.4102910 0.4120832 0.4121096 0.4140241 0.4151196 0.4151196 0.4121096 0.4128548 0.4126631 0.4114361 0.4094993 0.4131156 0.4107310 0.4107310 0.4162806 0.4156823 0.4166534 0.4094839 0.4164223 0.4097501 0.4114874 0.4141724 0.4132616 0.4147111 0.0031813 0.8625227 
JN420339_Human_herpesvirus_1            0.0081243 0.0115429 0.0102668 0.0081269 0.0081269 0.0093999 0.0081124 0.0123619 0.0093754 0.0098044 0.0159730 0.0072706 0.0102668 0.0056144 0.0060239 0.0056061 0.0060239 0.3208279 0.3265920 0.3217628 0.4925084 0.3183299 0.3076981 0.3192377 0.3240549 0.3288319 0.3197625 0.4327807 0.3155347 0.3136802 0.3394729 0.3392041 0.3101011 0.3354771 0.3312857 0.0072673 0.0072475 0.0102381 0.0000000 0.0060144 0.0068404 0.0064223 0.4114431 0.0106871 0.0098270 0.0064636 0.4130660 0.0076905 0.0064393 0.0047964 0.0047979 0.0047979 0.0102454 0.0098255 0.0098279 0.0072405 0.4143892 0.4137540 0.4143892 0.4110121 0.4137540 0.4133671 0.4078566 0.4134100 0.4127289 0.4139565 0.4135568 0.4134118 0.4113168 0.4119464 0.4141097 0.4134100 0.4131831 0.4123704 0.4123972 0.4143240 0.4154269 0.4154269 0.4123972 0.4119112 0.4129539 0.4117186 0.4097697 0.4134100 0.4110094 0.4110094 0.4165956 0.4159937 0.4169713 0.4085130 0.4167385 0.4100210 0.4120009 0.4144734 0.4135568 0.4150161 0.0068556 0.8705026 
