98
HM585496_Human_herpesvirus_1            0.0000000 0.0003940 0.0044988 0.0015921 0.0015921 0.0023954 0.0079840 0.0011887 0.0088029 0.0011887 0.0044770 0.0065952 0.0053547 0.0044988 0.0070587 0.0070587 0.0036279 0.1662075 0.1673622 0.1650142 0.1734857 0.1660813 0.1662069 0.1982764 0.1705962 0.1643216 0.1644156 0.1662226 0.1658449 0.1673501 0.1623129 0.1806578 0.1629167 0.1811130 0.1683038 0.0074573 0.0053594 0.0070252 0.0066365 0.0032385 0.0036523 0.0066130 0.2170695 0.0075448 0.0075448 0.0079667 0.2155894 0.0053434 0.0080102 0.0079283 0.0079283 0.0088069 0.0044776 0.0048969 0.0053184 0.0052930 0.2171198 0.2159410 0.2159410 0.2123949 0.2171198 0.2171071 0.2159286 0.2146258 0.2159610 0.2123387 0.2171247 0.2124075 0.2147516 0.2124320 0.2159514 0.2147441 0.2167414 0.2159320 0.2147549 0.2171024 0.2171024 0.2159415 0.2159744 0.2146258 0.2147721 0.2159514 0.2206640 0.2206640 0.2147668 0.2124075 0.2147549 0.2135849 0.2147549 0.2135849 0.2135966 0.2135760 0.2147668 0.0079283 0.0074923 0.2135938 0.0080011 0.4932463 
HM585497_Human_herpesvirus_1            0.0003940 0.0000000 0.0040790 0.0011911 0.0011911 0.0019912 0.0075447 0.0007905 0.0083624 0.0007905 0.0040600 0.0061674 0.0049302 0.0040790 0.0066268 0.0066268 0.0032165 0.1650160 0.1661793 0.1638246 0.1734857 0.1648981 0.1649901 0.1970817 0.1694190 0.1631323 0.1632459 0.1662226 0.1646428 0.1661691 0.1610998 0.1794689 0.1617175 0.1799212 0.1671053 0.0070252 0.0049346 0.0065952 0.0062060 0.0028255 0.0032386 0.0061840 0.2158898 0.0071079 0.0071079 0.0075284 0.2144096 0.0049201 0.0075695 0.0074921 0.0074921 0.0083664 0.0040595 0.0044775 0.0048969 0.0048735 0.2159410 0.2147639 0.2147639 0.2112229 0.2159410 0.2159280 0.2147511 0.2134518 0.2147837 0.2111672 0.2159460 0.2112354 0.2135759 0.2112598 0.2147743 0.2135685 0.2155598 0.2147549 0.2135796 0.2159234 0.2159234 0.2147641 0.2147970 0.2134518 0.2135966 0.2147743 0.2194802 0.2194802 0.2135913 0.2112354 0.2135796 0.2124111 0.2135796 0.2124111 0.2124228 0.2124023 0.2135913 0.0074921 0.0070582 0.2124199 0.0075609 0.4917141 
HM585498_Human_herpesvirus_1            0.0044988 0.0040790 0.0000000 0.0053547 0.0053547 0.0036621 0.0040596 0.0049201 0.0083800 0.0049201 0.0032383 0.0070693 0.0007912 0.0000010 0.0066407 0.0066407 0.0049303 0.1638039 0.1649755 0.1626147 0.1754724 0.1660643 0.1637524 0.1923284 0.1682206 0.1643049 0.1620565 0.1662086 0.1634200 0.1673330 0.1598750 0.1782745 0.1604985 0.1799020 0.1682863 0.0070399 0.0044985 0.0066090 0.0070924 0.0045389 0.0058204 0.0053436 0.2135292 0.0036453 0.0036453 0.0075443 0.2144107 0.0049509 0.0075846 0.0075078 0.0075078 0.0083839 0.0066728 0.0071077 0.0075446 0.0066404 0.2159418 0.2147649 0.2147649 0.2112247 0.2159418 0.2159288 0.2147522 0.2134531 0.2124283 0.2111690 0.2159467 0.2112372 0.2135772 0.2112615 0.2147753 0.2135697 0.2155607 0.2147560 0.2135808 0.2159242 0.2159242 0.2147652 0.2147980 0.2134531 0.2135979 0.2147753 0.2194801 0.2194801 0.2135926 0.2112372 0.2135808 0.2124126 0.2135808 0.2124126 0.2124243 0.2124038 0.2135926 0.0075078 0.0070730 0.2124214 0.0040690 0.4905281 
HM585499_Human_herpesvirus_1            0.0015921 0.0011911 0.0053547 0.0000000 0.0000010 0.0032165 0.0088876 0.0003949 0.0097102 0.0003949 0.0053290 0.0074726 0.0062228 0.0053547 0.0079454 0.0079454 0.0044655 0.1673849 0.1685305 0.1661903 0.1754535 0.1672505 0.1674091 0.1994518 0.1717573 0.1654979 0.1655724 0.1681363 0.1670328 0.1685165 0.1635140 0.1818275 0.1641037 0.1822855 0.1694871 0.0083450 0.0062282 0.0079077 0.0075193 0.0040762 0.0044960 0.0074925 0.2182359 0.0084431 0.0084431 0.0088680 0.2167554 0.0062095 0.0089159 0.0088254 0.0088254 0.0097144 0.0053293 0.0057536 0.0061801 0.0061507 0.2182854 0.2171045 0.2171045 0.2135519 0.2182854 0.2182731 0.2170924 0.2157858 0.2171247 0.2134952 0.2182904 0.2135646 0.2159132 0.2135893 0.2171150 0.2159056 0.2179096 0.2170954 0.2159162 0.2182682 0.2182682 0.2171053 0.2171381 0.2157858 0.2159336 0.2171150 0.2218364 0.2218364 0.2159281 0.2135646 0.2159162 0.2147441 0.2159162 0.2147441 0.2147559 0.2147352 0.2159281 0.0088254 0.0083841 0.2147531 0.0089066 0.4950935 
HM585500_Human_herpesvirus_1            0.0015921 0.0011911 0.0053547 0.0000010 0.0000000 0.0032165 0.0088876 0.0003949 0.0097102 0.0003949 0.0053290 0.0074726 0.0062228 0.0053547 0.0079454 0.0079454 0.0044655 0.1673849 0.1685305 0.1661903 0.1754535 0.1672505 0.1674091 0.1994518 0.1717573 0.1654979 0.1655724 0.1681363 0.1670328 0.1685165 0.1635140 0.1818275 0.1641037 0.1822855 0.1694871 0.0083450 0.0062282 0.0079077 0.0075193 0.0040762 0.0044960 0.0074925 0.2182359 0.0084431 0.0084431 0.0088680 0.2167554 0.0062095 0.0089159 0.0088254 0.0088254 0.0097144 0.0053293 0.0057536 0.0061801 0.0061507 0.2182854 0.2171045 0.2171045 0.2135519 0.2182854 0.2182731 0.2170924 0.2157858 0.2171247 0.2134952 0.2182904 0.2135646 0.2159132 0.2135893 0.2171150 0.2159056 0.2179096 0.2170954 0.2159162 0.2182682 0.2182682 0.2171053 0.2171381 0.2157858 0.2159336 0.2171150 0.2218364 0.2218364 0.2159281 0.2135646 0.2159162 0.2147441 0.2159162 0.2147441 0.2147559 0.2147352 0.2159281 0.0088254 0.0083841 0.2147531 0.0089066 0.4950935 
HM585501_Human_herpesvirus_1            0.0023954 0.0019912 0.0036621 0.0032165 0.0032165 0.0000000 0.0071077 0.0028017 0.0079241 0.0028017 0.0036448 0.0057416 0.0045072 0.0036621 0.0061969 0.0061969 0.0019944 0.1661904 0.1673451 0.1649973 0.1754724 0.1684449 0.1661894 0.1982627 0.1705787 0.1666979 0.1643991 0.1662086 0.1658276 0.1697091 0.1623046 0.1830320 0.1629001 0.1834930 0.1706979 0.0074572 0.0045119 0.0061673 0.0057778 0.0024165 0.0028257 0.0049099 0.2170639 0.0066728 0.0066728 0.0070922 0.2179565 0.0044987 0.0071309 0.0070579 0.0070579 0.0079279 0.0036451 0.0040594 0.0044775 0.0036276 0.2194855 0.2183028 0.2183028 0.2147446 0.2194855 0.2194735 0.2182911 0.2169811 0.2159548 0.2146875 0.2194904 0.2147575 0.2171099 0.2147824 0.2183134 0.2171023 0.2191126 0.2182937 0.2171127 0.2194684 0.2194684 0.2183039 0.2183367 0.2169811 0.2171302 0.2183134 0.2230418 0.2230418 0.2171247 0.2147575 0.2171127 0.2159389 0.2171127 0.2159389 0.2159507 0.2159298 0.2171247 0.0070579 0.0066262 0.2159479 0.0071226 0.4936577 
HM585502_Human_herpesvirus_1            0.0079840 0.0075447 0.0040596 0.0088876 0.0088876 0.0071077 0.0000000 0.0084254 0.0084371 0.0084254 0.0075239 0.0071179 0.0049071 0.0040596 0.0066581 0.0066581 0.0066856 0.1649948 0.1661579 0.1638038 0.1734513 0.1660599 0.1649685 0.1935189 0.1693971 0.1631117 0.1632257 0.1642752 0.1646215 0.1661478 0.1610878 0.1770847 0.1616973 0.1787073 0.1670834 0.0079286 0.0053801 0.0066263 0.0071113 0.0089491 0.0076129 0.0079082 0.2147130 0.0045078 0.0045078 0.0084830 0.2132327 0.0093727 0.0085285 0.0075274 0.0075274 0.0084057 0.0067184 0.0071566 0.0084835 0.0084425 0.2147652 0.2135897 0.2135897 0.2100538 0.2147652 0.2147518 0.2135766 0.2122808 0.2136094 0.2099987 0.2147701 0.2100662 0.2124032 0.2100903 0.2136000 0.2123957 0.2143812 0.2135808 0.2124071 0.2147474 0.2147474 0.2135896 0.2136225 0.2122808 0.2124239 0.2136000 0.2182992 0.2182992 0.2124187 0.2100662 0.2124071 0.2112402 0.2124071 0.2112402 0.2112518 0.2112315 0.2124187 0.0075274 0.0070915 0.2112489 0.0049401 0.4902355 
HM585503_Human_herpesvirus_1            0.0011887 0.0007905 0.0049201 0.0003949 0.0003949 0.0028017 0.0084254 0.0000000 0.0092453 0.0000010 0.0048966 0.0070251 0.0057812 0.0049201 0.0074927 0.0074927 0.0040410 0.1661989 0.1673536 0.1650057 0.1734707 0.1660728 0.1661981 0.1982696 0.1705874 0.1643132 0.1644073 0.1662226 0.1658363 0.1673415 0.1623046 0.1806491 0.1629084 0.1811043 0.1682951 0.0078914 0.0057863 0.0074571 0.0070690 0.0036521 0.0040686 0.0070439 0.2170667 0.0079840 0.0079840 0.0084070 0.2155862 0.0057690 0.0084524 0.0083665 0.0083665 0.0092494 0.0048969 0.0053182 0.0057418 0.0057145 0.2171170 0.2159379 0.2159379 0.2123910 0.2171170 0.2171043 0.2159255 0.2146225 0.2159579 0.2123347 0.2171219 0.2124036 0.2147482 0.2124281 0.2159483 0.2147407 0.2167385 0.2159289 0.2147516 0.2170996 0.2170996 0.2159384 0.2159713 0.2146225 0.2147688 0.2159483 0.2206621 0.2206621 0.2147634 0.2124036 0.2147516 0.2135812 0.2147516 0.2135812 0.2135930 0.2135723 0.2147634 0.0083665 0.0079283 0.2135901 0.0084434 0.4933743 
HM585504_Human_herpesvirus_1            0.0088029 0.0083624 0.0083800 0.0097102 0.0097102 0.0079241 0.0084371 0.0092453 0.0000000 0.0092453 0.0074676 0.0028128 0.0092839 0.0083800 0.0066359 0.0066359 0.0075035 0.1697508 0.1708775 0.1709704 0.1794517 0.1732005 0.1722965 0.2006264 0.1740891 0.1702788 0.1702744 0.1700349 0.1694200 0.1732589 0.1684027 0.1865930 0.1689263 0.1870623 0.1742993 0.0079023 0.0075349 0.0066043 0.0079612 0.0088437 0.0084369 0.0079234 0.2228985 0.0079617 0.0079617 0.0075388 0.2226854 0.0093023 0.0084647 0.0083781 0.0083781 0.0092622 0.0075392 0.0079781 0.0084192 0.0092639 0.2242105 0.2230209 0.2230209 0.2194411 0.2242105 0.2242004 0.2230110 0.2216879 0.2230418 0.2193828 0.2242157 0.2194545 0.2218219 0.2194800 0.2230318 0.2218141 0.2238491 0.2230116 0.2218235 0.2241944 0.2241944 0.2230232 0.2230556 0.2216879 0.2218416 0.2230318 0.2277890 0.2277890 0.2218358 0.2194545 0.2218235 0.2206428 0.2218235 0.2206428 0.2206550 0.2206336 0.2218358 0.0083781 0.0079393 0.2206521 0.0075080 0.4970007 
HM585505_Human_herpesvirus_1            0.0011887 0.0007905 0.0049201 0.0003949 0.0003949 0.0028017 0.0084254 0.0000010 0.0092453 0.0000000 0.0048966 0.0070251 0.0057812 0.0049201 0.0074927 0.0074927 0.0040410 0.1661989 0.1673536 0.1650057 0.1734707 0.1660728 0.1661981 0.1982696 0.1705874 0.1643132 0.1644073 0.1662226 0.1658363 0.1673415 0.1623046 0.1806491 0.1629084 0.1811043 0.1682951 0.0078914 0.0057863 0.0074571 0.0070690 0.0036521 0.0040686 0.0070439 0.2170667 0.0079840 0.0079840 0.0084070 0.2155862 0.0057690 0.0084524 0.0083665 0.0083665 0.0092494 0.0048969 0.0053182 0.0057418 0.0057145 0.2171170 0.2159379 0.2159379 0.2123910 0.2171170 0.2171043 0.2159255 0.2146225 0.2159579 0.2123347 0.2171219 0.2124036 0.2147482 0.2124281 0.2159483 0.2147407 0.2167385 0.2159289 0.2147516 0.2170996 0.2170996 0.2159384 0.2159713 0.2146225 0.2147688 0.2159483 0.2206621 0.2206621 0.2147634 0.2124036 0.2147516 0.2135812 0.2147516 0.2135812 0.2135930 0.2135723 0.2147634 0.0083665 0.0079283 0.2135901 0.0084434 0.4933743 
HM585508_Human_herpesvirus_1            0.0044770 0.0040600 0.0032383 0.0053290 0.0053290 0.0036448 0.0075239 0.0048966 0.0074676 0.0048966 0.0000000 0.0070353 0.0032314 0.0032383 0.0057536 0.0057536 0.0049067 0.1661761 0.1673303 0.1649836 0.1774820 0.1684296 0.1661748 0.1970609 0.1705540 0.1666834 0.1643859 0.1681359 0.1658134 0.1696933 0.1622920 0.1830080 0.1628874 0.1834690 0.1706814 0.0053039 0.0066642 0.0048835 0.0070582 0.0045170 0.0040789 0.0036450 0.2157869 0.0070881 0.0070881 0.0057810 0.2191313 0.0024165 0.0066761 0.0057531 0.0057531 0.0066079 0.0066403 0.0070730 0.0075080 0.0066085 0.2206595 0.2194750 0.2194750 0.2159111 0.2206595 0.2206479 0.2194636 0.2181502 0.2171234 0.2158536 0.2206644 0.2159241 0.2182804 0.2159491 0.2194856 0.2182728 0.2202893 0.2194658 0.2182829 0.2206426 0.2206426 0.2194763 0.2195090 0.2181502 0.2183006 0.2194856 0.2242216 0.2242216 0.2182950 0.2159241 0.2182829 0.2171073 0.2182829 0.2171073 0.2171192 0.2170982 0.2182950 0.0057531 0.0053288 0.2171164 0.0075400 0.4958860 
HM585509_Human_herpesvirus_1            0.0065952 0.0061674 0.0070693 0.0074726 0.0074726 0.0057416 0.0071179 0.0070251 0.0028128 0.0070251 0.0070353 0.0000000 0.0079575 0.0070693 0.0062057 0.0062057 0.0053290 0.1649776 0.1661393 0.1661842 0.1754459 0.1684299 0.1674015 0.1970280 0.1693743 0.1654926 0.1655671 0.1681193 0.1646047 0.1685080 0.1635193 0.1818139 0.1640999 0.1822718 0.1694775 0.0074678 0.0062317 0.0061761 0.0066538 0.0075234 0.0062217 0.0074878 0.2205913 0.0075556 0.0075556 0.0071024 0.2191106 0.0088575 0.0080216 0.0079395 0.0079395 0.0088193 0.0053545 0.0057809 0.0062093 0.0070392 0.2206393 0.2194545 0.2194545 0.2158897 0.2206393 0.2206277 0.2194431 0.2169319 0.2194749 0.2146368 0.2206443 0.2159028 0.2182596 0.2159278 0.2194651 0.2182519 0.2202690 0.2194452 0.2182621 0.2206224 0.2206224 0.2194558 0.2194885 0.2169319 0.2182797 0.2194651 0.2242026 0.2242026 0.2182741 0.2159028 0.2182621 0.2170862 0.2182621 0.2170862 0.2170981 0.2170771 0.2182741 0.0079395 0.0075029 0.2170953 0.0071030 0.4918569 
HM585510_Human_herpesvirus_1            0.0053547 0.0049302 0.0007912 0.0062228 0.0062228 0.0045072 0.0049071 0.0057812 0.0092839 0.0057812 0.0032314 0.0079575 0.0000000 0.0007912 0.0075240 0.0075240 0.0057933 0.1649854 0.1661481 0.1637949 0.1754724 0.1672419 0.1649589 0.1935013 0.1693862 0.1654894 0.1632171 0.1662086 0.1646122 0.1685078 0.1610799 0.1794495 0.1616892 0.1810814 0.1694782 0.0079242 0.0053544 0.0074882 0.0079834 0.0054026 0.0058088 0.0062097 0.2158739 0.0044869 0.0044869 0.0084423 0.2167625 0.0049405 0.0084886 0.0084015 0.0084015 0.0092881 0.0075598 0.0080004 0.0084428 0.0075239 0.2182917 0.2171114 0.2171114 0.2135604 0.2182917 0.2182794 0.2170993 0.2157933 0.2147680 0.2135037 0.2182966 0.2135731 0.2159206 0.2135978 0.2171219 0.2159130 0.2179161 0.2171023 0.2159237 0.2182745 0.2182745 0.2171122 0.2171450 0.2157933 0.2159410 0.2171219 0.2218408 0.2218408 0.2159356 0.2135731 0.2159237 0.2147521 0.2159237 0.2147521 0.2147639 0.2147431 0.2159356 0.0084015 0.0079615 0.2147611 0.0049174 0.4937861 
HM585511_Human_herpesvirus_1            0.0044988 0.0040790 0.0000010 0.0053547 0.0053547 0.0036621 0.0040596 0.0049201 0.0083800 0.0049201 0.0032383 0.0070693 0.0007912 0.0000000 0.0066407 0.0066407 0.0049303 0.1638039 0.1649755 0.1626147 0.1754724 0.1660643 0.1637524 0.1923284 0.1682206 0.1643049 0.1620565 0.1662086 0.1634200 0.1673330 0.1598750 0.1782745 0.1604985 0.1799020 0.1682863 0.0070399 0.0044985 0.0066090 0.0070924 0.0045389 0.0058204 0.0053436 0.2135292 0.0036453 0.0036453 0.0075443 0.2144107 0.0049509 0.0075846 0.0075078 0.0075078 0.0083839 0.0066728 0.0071077 0.0075446 0.0066404 0.2159418 0.2147649 0.2147649 0.2112247 0.2159418 0.2159288 0.2147522 0.2134531 0.2124283 0.2111690 0.2159467 0.2112372 0.2135772 0.2112615 0.2147753 0.2135697 0.2155607 0.2147560 0.2135808 0.2159242 0.2159242 0.2147652 0.2147980 0.2134531 0.2135979 0.2147753 0.2194801 0.2194801 0.2135926 0.2112372 0.2135808 0.2124126 0.2135808 0.2124126 0.2124243 0.2124038 0.2135926 0.0075078 0.0070730 0.2124214 0.0040690 0.4905281 
HM585512_Human_herpesvirus_1            0.0070587 0.0066268 0.0066407 0.0079454 0.0079454 0.0061969 0.0066581 0.0074927 0.0066359 0.0074927 0.0057536 0.0062057 0.0075240 0.0066407 0.0000000 0.0000010 0.0057805 0.1673692 0.1685142 0.1661755 0.1794446 0.1684221 0.1673931 0.1982563 0.1717393 0.1654836 0.1655583 0.1700442 0.1670172 0.1685003 0.1635094 0.1818104 0.1640903 0.1822683 0.1694700 0.0053070 0.0066962 0.0032241 0.0045013 0.0079996 0.0075596 0.0061967 0.2181600 0.0071221 0.0071221 0.0058089 0.2191626 0.0075393 0.0067084 0.0049094 0.0049094 0.0057562 0.0066723 0.0071070 0.0066722 0.0075078 0.2206906 0.2195062 0.2195062 0.2159426 0.2206906 0.2206790 0.2194949 0.2181815 0.2195266 0.2158852 0.2206955 0.2159557 0.2183118 0.2159807 0.2195168 0.2183041 0.2203206 0.2194970 0.2183143 0.2206737 0.2206737 0.2195076 0.2195403 0.2181815 0.2183319 0.2195168 0.2242522 0.2242522 0.2183263 0.2159557 0.2183143 0.2171388 0.2183143 0.2171388 0.2171507 0.2171296 0.2183263 0.0049094 0.0044883 0.2171479 0.0075765 0.4927242 
HM585513_Human_herpesvirus_1            0.0070587 0.0066268 0.0066407 0.0079454 0.0079454 0.0061969 0.0066581 0.0074927 0.0066359 0.0074927 0.0057536 0.0062057 0.0075240 0.0066407 0.0000010 0.0000000 0.0057805 0.1673692 0.1685142 0.1661755 0.1794446 0.1684221 0.1673931 0.1982563 0.1717393 0.1654836 0.1655583 0.1700442 0.1670172 0.1685003 0.1635094 0.1818104 0.1640903 0.1822683 0.1694700 0.0053070 0.0066962 0.0032241 0.0045013 0.0079996 0.0075596 0.0061967 0.2181600 0.0071221 0.0071221 0.0058089 0.2191626 0.0075393 0.0067084 0.0049094 0.0049094 0.0057562 0.0066723 0.0071070 0.0066722 0.0075078 0.2206906 0.2195062 0.2195062 0.2159426 0.2206906 0.2206790 0.2194949 0.2181815 0.2195266 0.2158852 0.2206955 0.2159557 0.2183118 0.2159807 0.2195168 0.2183041 0.2203206 0.2194970 0.2183143 0.2206737 0.2206737 0.2195076 0.2195403 0.2181815 0.2183319 0.2195168 0.2242522 0.2242522 0.2183263 0.2159557 0.2183143 0.2171388 0.2183143 0.2171388 0.2171507 0.2171296 0.2183263 0.0049094 0.0044883 0.2171479 0.0075765 0.4927242 
HM585514_Human_herpesvirus_1            0.0036279 0.0032165 0.0049303 0.0044655 0.0044655 0.0019944 0.0066856 0.0040410 0.0075035 0.0040410 0.0049067 0.0053290 0.0057933 0.0049303 0.0057805 0.0057805 0.0000000 0.1638105 0.1649821 0.1626213 0.1754724 0.1672566 0.1625484 0.1958746 0.1682272 0.1643115 0.1620630 0.1662086 0.1634267 0.1673396 0.1598817 0.1806472 0.1605051 0.1811024 0.1682930 0.0070396 0.0032497 0.0057534 0.0053625 0.0028206 0.0032317 0.0061968 0.2146196 0.0062529 0.0062529 0.0066723 0.2155047 0.0049098 0.0067086 0.0066397 0.0066397 0.0075072 0.0024068 0.0028149 0.0032243 0.0015885 0.2170356 0.2158566 0.2158566 0.2123103 0.2170356 0.2170229 0.2158441 0.2145414 0.2135160 0.2122541 0.2170406 0.2123229 0.2146670 0.2123474 0.2158670 0.2146595 0.2166569 0.2158476 0.2146704 0.2170182 0.2170182 0.2158571 0.2158900 0.2145414 0.2146876 0.2158670 0.2205810 0.2205810 0.2146822 0.2123229 0.2146704 0.2135003 0.2146704 0.2135003 0.2135120 0.2134914 0.2146822 0.0066397 0.0062092 0.2135091 0.0067009 0.4923053 
HSV2_1                                  0.1662075 0.1650160 0.1638039 0.1673849 0.1673849 0.1661904 0.1649948 0.1661989 0.1697508 0.1661989 0.1661761 0.1649776 0.1649854 0.1638039 0.1673692 0.1673692 0.1638105 0.0000000 0.0012871 0.0017207 0.0036194 0.0050000 0.0008733 0.0004269 0.0008561 0.0036157 0.0008562 0.0000022 0.0004297 0.0040727 0.0026692 0.0041943 0.0013020 0.0054650 0.0055072 0.1709607 0.1661895 0.1697668 0.1697458 0.1638034 0.1685683 0.1697654 0.0395951 0.1685683 0.1685683 0.1697642 0.0051426 0.1685446 0.1661747 0.1721814 0.1721814 0.1746029 0.1661887 0.1673856 0.1697642 0.1685935 0.0056178 0.0051426 0.0051426 0.0049912 0.0056178 0.0040647 0.0040861 0.0034934 0.0031473 0.0034913 0.0045282 0.0045252 0.0045282 0.0022372 0.0040647 0.0054563 0.0054598 0.0049912 0.0049911 0.0054598 0.0054598 0.0051424 0.0054814 0.0034934 0.0040647 0.0040647 0.0064072 0.0064072 0.0045282 0.0040647 0.0049911 0.0040647 0.0049911 0.0040647 0.0040647 0.0045282 0.0045282 0.1721814 0.1709744 0.0041943 0.1697650 0.3975782 
HSV2_2                                  0.1673622 0.1661793 0.1649755 0.1685305 0.1685305 0.1673451 0.1661579 0.1673536 0.1708775 0.1673536 0.1673303 0.1661393 0.1661481 0.1649755 0.1685142 0.1685142 0.1649821 0.0012871 0.0000000 0.0021568 0.0043629 0.0058884 0.0017562 0.0008475 0.0012751 0.0040737 0.0012747 0.0000022 0.0008631 0.0049468 0.0031228 0.0049460 0.0017408 0.0058694 0.0059787 0.1720791 0.1673436 0.1708942 0.1708719 0.1649756 0.1697042 0.1708937 0.0404067 0.1697042 0.1697042 0.1708911 0.0058733 0.1696800 0.1661457 0.1732903 0.1732903 0.1756931 0.1673422 0.1685306 0.1708911 0.1697306 0.0063386 0.0058733 0.0058733 0.0053980 0.0063386 0.0044772 0.0045006 0.0039000 0.0035656 0.0038977 0.0049380 0.0049348 0.0049380 0.0026610 0.0044772 0.0058602 0.0058639 0.0053980 0.0053979 0.0058639 0.0058639 0.0058732 0.0058868 0.0039000 0.0044772 0.0044772 0.0068058 0.0068058 0.0049380 0.0044772 0.0053979 0.0044772 0.0053979 0.0044772 0.0044772 0.0049380 0.0049380 0.1732903 0.1720924 0.0049460 0.1708917 0.4013759 
HSV2_3                                  0.1650142 0.1638246 0.1626147 0.1661903 0.1661903 0.1649973 0.1638038 0.1650057 0.1709704 0.1650057 0.1649836 0.1661842 0.1637949 0.1626147 0.1661755 0.1661755 0.1626213 0.0017207 0.0021568 0.0000000 0.0051119 0.0054658 0.0013135 0.0012877 0.0008561 0.0036156 0.0004269 0.0000022 0.0012981 0.0045341 0.0026691 0.0045355 0.0004316 0.0054649 0.0055071 0.1697609 0.1649969 0.1685690 0.1685497 0.1626135 0.1673729 0.1685667 0.0382849 0.1673729 0.1673729 0.1685670 0.0054685 0.1673500 0.1649828 0.1709801 0.1709801 0.1733976 0.1649968 0.1661917 0.1685670 0.1673965 0.0059368 0.0054685 0.0054685 0.0049911 0.0059368 0.0040646 0.0040860 0.0034933 0.0031472 0.0034912 0.0045281 0.0045251 0.0045281 0.0022371 0.0040646 0.0054561 0.0054597 0.0049911 0.0049910 0.0054597 0.0054597 0.0054684 0.0054813 0.0034933 0.0040646 0.0040646 0.0064070 0.0064070 0.0045281 0.0040646 0.0049910 0.0040646 0.0049910 0.0040646 0.0040646 0.0045281 0.0045281 0.1709801 0.1697751 0.0045355 0.1685681 0.3990308 
HSV2_4                                  0.1734857 0.1734857 0.1754724 0.1754535 0.1754535 0.1754724 0.1734513 0.1734707 0.1794517 0.1734707 0.1774820 0.1754459 0.1754724 0.1754724 0.1794446 0.1794446 0.1754724 0.0036194 0.0043629 0.0051119 0.0000000 0.0021500 0.0036194 0.0036194 0.0043627 0.0014258 0.0036220 0.0008230 0.0036194 0.0014269 0.0014265 0.0007092 0.0043627 0.0021477 0.0029042 0.1834916 0.1754535 0.1814648 0.1794128 0.1754810 0.1754459 0.1814933 0.0426553 0.1774325 0.1774325 0.1794336 0.0021500 0.1794336 0.1754220 0.1814710 0.1835036 0.1835036 0.1754459 0.1774592 0.1794336 0.1795111 0.0028797 0.0021500 0.0021500 0.0021500 0.0028797 0.0007092 0.0014254 0.0007092 0.0014254 0.0028768 0.0000026 0.0014254 0.0014269 0.0028825 0.0007092 0.0021500 0.0014255 0.0007085 0.0014269 0.0014255 0.0014255 0.0000026 0.0021478 0.0007092 0.0007092 0.0007092 0.0043734 0.0043734 0.0014269 0.0007092 0.0007085 0.0007092 0.0007085 0.0007092 0.0007092 0.0000026 0.0014269 0.1814710 0.1814710 0.0007092 0.1814570 0.3887946 
HSV2_5                                  0.1660813 0.1648981 0.1660643 0.1672505 0.1672505 0.1684449 0.1660599 0.1660728 0.1732005 0.1660728 0.1684296 0.1684299 0.1672419 0.1660643 0.1684221 0.1684221 0.1672566 0.0050000 0.0058884 0.0054658 0.0021500 0.0000000 0.0051032 0.0045010 0.0054261 0.0012916 0.0045040 0.0028034 0.0045722 0.0008518 0.0022163 0.0012807 0.0050565 0.0025882 0.0017388 0.1719965 0.1672486 0.1708083 0.1696043 0.1660650 0.1684258 0.1720104 0.0427073 0.1696151 0.1696151 0.1708052 0.0012800 0.1707889 0.1660478 0.1732111 0.1732111 0.1756209 0.1672472 0.1684385 0.1708052 0.1720378 0.0017113 0.0012800 0.0012800 0.0012800 0.0017113 0.0012807 0.0021565 0.0017726 0.0021476 0.0035750 0.0017134 0.0017123 0.0008507 0.0030259 0.0012807 0.0017113 0.0017124 0.0021476 0.0012800 0.0017124 0.0017124 0.0021476 0.0025958 0.0017726 0.0012807 0.0012807 0.0025866 0.0025866 0.0008507 0.0012807 0.0021476 0.0012807 0.0021476 0.0012807 0.0012807 0.0017134 0.0008507 0.1732111 0.1720098 0.0012807 0.1708058 0.4038402 
HSV2_6                                  0.1662069 0.1649901 0.1637524 0.1674091 0.1674091 0.1661894 0.1649685 0.1661981 0.1722965 0.1661981 0.1661748 0.1674015 0.1649589 0.1637524 0.1673931 0.1673931 0.1625484 0.0008733 0.0017562 0.0013135 0.0036194 0.0051032 0.0000000 0.0008737 0.0013141 0.0032181 0.0004356 0.0000022 0.0008740 0.0041565 0.0022470 0.0036832 0.0008767 0.0051070 0.0051473 0.1710605 0.1661884 0.1698414 0.1698198 0.1637519 0.1686175 0.1698400 0.0390875 0.1686175 0.1686175 0.1698386 0.0046256 0.1685933 0.1661733 0.1723070 0.1723070 0.1747796 0.1661876 0.1674099 0.1698386 0.1674213 0.0050987 0.0046256 0.0046256 0.0046256 0.0050987 0.0036832 0.0037032 0.0031119 0.0027502 0.0031100 0.0041546 0.0041518 0.0041546 0.0018247 0.0036832 0.0050987 0.0051020 0.0046256 0.0046255 0.0051020 0.0051020 0.0046255 0.0051227 0.0031119 0.0036832 0.0036832 0.0060653 0.0060653 0.0041546 0.0036832 0.0046255 0.0036832 0.0046255 0.0036832 0.0036832 0.0041546 0.0041546 0.1723070 0.1710745 0.0036832 0.1698395 0.3962780 
HSV2_7                                  0.1982764 0.1970817 0.1923284 0.1994518 0.1994518 0.1982627 0.1935189 0.1982696 0.2006264 0.1982696 0.1970609 0.1970280 0.1935013 0.1923284 0.1982563 0.1982563 0.1958746 0.0004269 0.0008475 0.0012877 0.0036194 0.0045010 0.0008737 0.0000000 0.0004199 0.0026998 0.0004210 0.0000022 0.0000029 0.0040230 0.0022190 0.0039735 0.0008661 0.0048844 0.0045695 0.2018439 0.1964584 0.2006500 0.2018329 0.1970746 0.2006261 0.2006616 0.0409240 0.1982589 0.1982589 0.2006393 0.0061245 0.1994100 0.1957998 0.2042660 0.2042660 0.2066886 0.1982450 0.1994456 0.2018242 0.2006699 0.0056752 0.0052280 0.0052280 0.0052166 0.0056752 0.0052429 0.0056914 0.0024955 0.0052167 0.0037728 0.0061150 0.0052133 0.0043298 0.0034441 0.0056630 0.0052166 0.0052198 0.0047723 0.0052165 0.0052198 0.0052198 0.0052278 0.0061380 0.0024955 0.0047694 0.0056630 0.0065755 0.0065755 0.0052167 0.0043272 0.0052165 0.0038868 0.0052165 0.0043272 0.0047694 0.0047723 0.0052167 0.2042660 0.2030574 0.0043366 0.1982513 0.4451018 
HSV2_8                                  0.1705962 0.1694190 0.1682206 0.1717573 0.1717573 0.1705787 0.1693971 0.1705874 0.1740891 0.1705874 0.1705540 0.1693743 0.1693862 0.1682206 0.1717393 0.1717393 0.1682272 0.0008561 0.0012751 0.0008561 0.0043627 0.0054261 0.0013141 0.0004199 0.0000000 0.0036156 0.0004217 0.0000022 0.0004299 0.0049401 0.0026691 0.0049157 0.0004318 0.0058308 0.0055097 0.1752785 0.1705760 0.1740992 0.1740822 0.1682225 0.1729226 0.1741009 0.0395248 0.1729226 0.1729226 0.1740947 0.0058346 0.1728968 0.1693834 0.1764829 0.1764829 0.1788745 0.1705731 0.1717557 0.1741035 0.1729526 0.0062968 0.0058346 0.0058346 0.0053626 0.0062968 0.0044479 0.0044710 0.0034354 0.0035423 0.0034333 0.0049057 0.0049025 0.0049057 0.0026437 0.0044479 0.0058217 0.0058254 0.0053626 0.0053625 0.0058254 0.0058254 0.0058345 0.0058480 0.0034354 0.0044479 0.0044479 0.0067609 0.0067609 0.0049057 0.0044479 0.0053625 0.0044479 0.0053625 0.0044479 0.0044479 0.0049057 0.0049057 0.1764829 0.1752907 0.0049135 0.1741036 0.4087843 
HSV2_9                                  0.1643216 0.1631323 0.1643049 0.1654979 0.1654979 0.1666979 0.1631117 0.1643132 0.1702788 0.1643132 0.1666834 0.1654926 0.1654894 0.1643049 0.1654836 0.1654836 0.1643115 0.0036157 0.0040737 0.0036156 0.0014258 0.0012916 0.0032181 0.0026998 0.0036156 0.0000000 0.0027016 0.0013889 0.0027180 0.0004276 0.0013205 0.0008595 0.0031889 0.0017276 0.0013021 0.1690688 0.1643049 0.1678769 0.1678585 0.1643046 0.1666812 0.1702827 0.0403953 0.1666812 0.1666812 0.1678752 0.0012928 0.1690576 0.1642911 0.1702883 0.1702883 0.1727061 0.1643051 0.1654998 0.1678752 0.1691076 0.0017277 0.0012928 0.0012928 0.0008577 0.0017277 0.0004276 0.0004298 0.0008902 0.0012907 0.0017874 0.0008582 0.0008576 0.0004276 0.0012922 0.0004276 0.0012900 0.0012907 0.0012907 0.0008576 0.0012907 0.0012907 0.0017287 0.0017329 0.0008902 0.0004276 0.0004276 0.0021661 0.0021661 0.0004276 0.0004276 0.0012907 0.0004276 0.0012907 0.0004276 0.0004276 0.0008582 0.0004276 0.1702883 0.1690832 0.0008595 0.1678765 0.3984097 
HSV2_10                                 0.1644156 0.1632459 0.1620565 0.1655724 0.1655724 0.1643991 0.1632257 0.1644073 0.1702744 0.1644073 0.1643859 0.1655671 0.1632171 0.1620565 0.1655583 0.1655583 0.1620630 0.0008562 0.0012747 0.0004269 0.0036220 0.0045040 0.0004356 0.0004210 0.0004217 0.0027016 0.0000000 0.0000022 0.0004305 0.0040256 0.0017706 0.0040218 0.0000029 0.0049329 0.0045725 0.1690843 0.1643990 0.1679121 0.1678939 0.1620550 0.1667361 0.1679093 0.0376947 0.1667361 0.1667361 0.1679104 0.0049361 0.1667139 0.1632153 0.1702837 0.1702837 0.1726617 0.1643992 0.1655742 0.1679104 0.1667583 0.0053959 0.0049361 0.0049361 0.0044683 0.0053959 0.0035584 0.0035770 0.0025725 0.0026573 0.0025710 0.0040135 0.0040109 0.0040135 0.0017630 0.0035584 0.0049251 0.0049282 0.0044683 0.0044682 0.0049282 0.0049282 0.0049360 0.0049476 0.0025725 0.0035584 0.0035584 0.0058577 0.0058577 0.0040135 0.0035584 0.0044682 0.0035584 0.0044682 0.0035584 0.0035584 0.0040135 0.0040135 0.1702837 0.1690985 0.0040200 0.1679116 0.3999870 
HSV2_11                                 0.1662226 0.1662226 0.1662086 0.1681363 0.1681363 0.1662086 0.1642752 0.1662226 0.1700349 0.1662226 0.1681359 0.1681193 0.1662086 0.1662086 0.1700442 0.1700442 0.1662086 0.0000022 0.0000022 0.0000022 0.0008230 0.0028034 0.0000022 0.0000022 0.0000022 0.0013889 0.0000022 0.0000000 0.0000022 0.0020934 0.0013892 0.0013882 0.0000022 0.0020914 0.0035487 0.1778414 0.1681222 0.1719826 0.1719672 0.1662102 0.1662086 0.1719848 0.0399337 0.1700541 0.1700541 0.1719894 0.0028034 0.1719672 0.1661860 0.1759001 0.1739438 0.1759001 0.1662086 0.1662086 0.1719894 0.1681426 0.0035194 0.0028034 0.0028034 0.0028034 0.0035194 0.0013882 0.0013882 0.0013882 0.0013882 0.0020914 0.0013882 0.0020913 0.0020934 0.0006896 0.0013882 0.0020934 0.0028034 0.0020914 0.0020934 0.0028034 0.0028034 0.0013882 0.0028007 0.0013882 0.0013882 0.0013882 0.0049882 0.0049882 0.0020934 0.0013882 0.0020913 0.0013882 0.0020913 0.0013882 0.0013882 0.0013882 0.0020934 0.1759001 0.1739438 0.0013882 0.1719899 0.3473711 
HSV2_12                                 0.1658449 0.1646428 0.1634200 0.1670328 0.1670328 0.1658276 0.1646215 0.1658363 0.1694200 0.1658363 0.1658134 0.1646047 0.1646122 0.1634200 0.1670172 0.1670172 0.1634267 0.0004297 0.0008631 0.0012981 0.0036194 0.0045722 0.0008740 0.0000029 0.0004299 0.0027180 0.0004305 0.0000022 0.0000000 0.0036432 0.0022190 0.0036438 0.0008664 0.0045733 0.0046091 0.1706402 0.1658269 0.1694359 0.1694150 0.1634192 0.1682269 0.1694343 0.0393502 0.1682269 0.1682269 0.1694334 0.0045764 0.1682032 0.1658121 0.1718717 0.1718717 0.1743143 0.1658262 0.1670338 0.1694334 0.1670406 0.0050445 0.0045764 0.0045764 0.0041009 0.0050445 0.0031755 0.0031925 0.0026271 0.0027168 0.0030734 0.0036377 0.0036353 0.0036377 0.0018018 0.0031755 0.0045659 0.0045689 0.0041009 0.0041008 0.0045689 0.0045689 0.0045763 0.0045873 0.0026271 0.0031755 0.0031755 0.0055145 0.0055145 0.0036377 0.0031755 0.0041008 0.0031755 0.0041008 0.0031755 0.0031755 0.0036377 0.0036377 0.1718717 0.1706542 0.0036438 0.1694343 0.3899639 
HSV2_13                                 0.1673501 0.1661691 0.1673330 0.1685165 0.1685165 0.1697091 0.1661478 0.1673415 0.1732589 0.1673415 0.1696933 0.1685080 0.1685078 0.1673330 0.1685003 0.1685003 0.1673396 0.0040727 0.0049468 0.0045341 0.0014269 0.0008518 0.0041565 0.0040230 0.0049401 0.0004276 0.0040256 0.0020934 0.0036432 0.0000000 0.0013224 0.0004226 0.0041223 0.0017074 0.0008646 0.1720599 0.1673316 0.1708767 0.1708544 0.1673344 0.1696884 0.1732671 0.0424572 0.1696884 0.1696884 0.1708735 0.0004224 0.1720462 0.1661356 0.1732693 0.1732693 0.1756691 0.1673302 0.1685166 0.1708735 0.1721010 0.0008471 0.0004224 0.0004224 0.0004224 0.0008471 0.0004226 0.0012814 0.0013215 0.0012756 0.0031070 0.0008471 0.0008466 0.0000028 0.0021398 0.0004226 0.0008471 0.0008466 0.0012756 0.0004224 0.0008466 0.0008466 0.0012756 0.0017125 0.0013215 0.0004226 0.0004226 0.0017064 0.0017064 0.0000028 0.0004226 0.0012756 0.0004226 0.0012756 0.0004226 0.0004226 0.0008471 0.0000028 0.1732693 0.1720732 0.0004226 0.1708742 0.4012660 
HSV2_14                                 0.1623129 0.1610998 0.1598750 0.1635140 0.1635140 0.1623046 0.1610878 0.1623046 0.1684027 0.1623046 0.1622920 0.1635193 0.1610799 0.1598750 0.1635094 0.1635094 0.1598817 0.0026692 0.0031228 0.0026691 0.0014265 0.0022163 0.0022470 0.0022190 0.0026691 0.0013205 0.0017706 0.0013892 0.0022190 0.0013224 0.0000000 0.0013227 0.0022239 0.0022167 0.0022326 0.1671667 0.1623056 0.1659508 0.1659348 0.1598720 0.1647317 0.1659462 0.0396230 0.1647317 0.1647317 0.1659501 0.0022182 0.1647101 0.1622928 0.1684115 0.1684115 0.1708784 0.1623070 0.1635257 0.1659501 0.1635290 0.0026693 0.0022182 0.0022182 0.0017656 0.0026693 0.0008773 0.0017739 0.0008773 0.0000010 0.0017635 0.0013205 0.0013197 0.0013205 0.0017656 0.0008773 0.0022132 0.0022145 0.0017656 0.0017655 0.0022145 0.0022145 0.0022181 0.0022236 0.0008773 0.0008773 0.0008773 0.0031228 0.0031228 0.0013205 0.0008773 0.0017655 0.0008773 0.0017655 0.0008773 0.0008773 0.0013205 0.0013205 0.1684115 0.1671822 0.0013227 0.1659517 0.3877117 
HSV2_15                                 0.1806578 0.1794689 0.1782745 0.1818275 0.1818275 0.1830320 0.1770847 0.1806491 0.1865930 0.1806491 0.1830080 0.1818139 0.1794495 0.1782745 0.1818104 0.1818104 0.1806472 0.0041943 0.0049460 0.0045355 0.0007092 0.0012807 0.0036832 0.0039735 0.0049157 0.0008595 0.0040218 0.0013882 0.0036438 0.0004226 0.0013227 0.0000000 0.0041236 0.0016913 0.0017407 0.1853852 0.1776153 0.1841944 0.1841684 0.1806472 0.1829982 0.1866073 0.0439055 0.1806262 0.1806262 0.1841865 0.0012578 0.1853666 0.1794323 0.1878040 0.1878040 0.1902217 0.1806278 0.1818224 0.1841901 0.1854374 0.0012578 0.0008363 0.0008363 0.0012605 0.0012578 0.0004177 0.0016927 0.0013046 0.0016851 0.0035139 0.0012605 0.0012597 0.0008381 0.0025441 0.0008376 0.0016851 0.0016861 0.0012605 0.0012605 0.0016861 0.0016861 0.0008363 0.0021215 0.0013046 0.0008376 0.0008376 0.0025466 0.0025466 0.0012605 0.0004177 0.0012605 0.0004177 0.0012605 0.0004177 0.0008376 0.0008381 0.0012605 0.1878040 0.1865984 0.0000010 0.1818127 0.4197486 
HSV2_16                                 0.1629167 0.1617175 0.1604985 0.1641037 0.1641037 0.1629001 0.1616973 0.1629084 0.1689263 0.1629084 0.1628874 0.1640999 0.1616892 0.1604985 0.1640903 0.1640903 0.1605051 0.0013020 0.0017408 0.0004316 0.0043627 0.0050565 0.0008767 0.0008661 0.0004318 0.0031889 0.0000029 0.0000022 0.0008664 0.0041223 0.0022239 0.0041236 0.0000000 0.0050603 0.0050836 0.1677052 0.1629008 0.1665034 0.1652900 0.1604960 0.1652983 0.1664994 0.0381705 0.1652983 0.1652983 0.1665024 0.0050637 0.1652765 0.1628878 0.1689353 0.1689353 0.1713732 0.1629019 0.1641065 0.1665024 0.1653190 0.0055357 0.0050637 0.0050637 0.0045834 0.0055357 0.0036498 0.0036694 0.0030843 0.0027253 0.0030825 0.0041168 0.0041140 0.0041168 0.0018082 0.0036498 0.0050521 0.0050554 0.0045834 0.0045833 0.0050554 0.0050554 0.0050636 0.0050758 0.0030843 0.0036498 0.0036498 0.0060096 0.0060096 0.0041168 0.0036498 0.0045833 0.0036498 0.0045833 0.0036498 0.0036498 0.0041168 0.0041168 0.1689353 0.1677202 0.0041236 0.1665039 0.3899905 
HSV2_17                                 0.1811130 0.1799212 0.1799020 0.1822855 0.1822855 0.1834930 0.1787073 0.1811043 0.1870623 0.1811043 0.1834690 0.1822718 0.1810814 0.1799020 0.1822683 0.1822683 0.1811024 0.0054650 0.0058694 0.0054649 0.0021477 0.0025882 0.0051070 0.0048844 0.0058308 0.0017276 0.0049329 0.0020914 0.0045733 0.0017074 0.0022167 0.0016913 0.0050603 0.0000000 0.0026263 0.1858518 0.1792434 0.1846582 0.1846318 0.1811026 0.1834588 0.1870771 0.0453509 0.1822620 0.1822620 0.1846501 0.0025510 0.1858329 0.1798846 0.1882764 0.1882764 0.1906999 0.1810827 0.1822802 0.1846536 0.1859042 0.0029841 0.0025510 0.0025510 0.0021156 0.0029841 0.0012619 0.0021251 0.0021867 0.0021156 0.0039677 0.0016880 0.0016869 0.0016880 0.0029812 0.0012619 0.0025455 0.0025470 0.0021156 0.0021155 0.0025470 0.0025470 0.0025509 0.0016956 0.0021867 0.0012619 0.0012619 0.0034195 0.0034195 0.0016880 0.0012619 0.0021155 0.0012619 0.0021155 0.0012619 0.0012619 0.0016880 0.0016880 0.1882764 0.1870678 0.0016906 0.1834529 0.4147212 
HSV2_18                                 0.1683038 0.1671053 0.1682863 0.1694871 0.1694871 0.1706979 0.1670834 0.1682951 0.1742993 0.1682951 0.1706814 0.1694775 0.1694782 0.1682863 0.1694700 0.1694700 0.1682930 0.0055072 0.0059787 0.0055071 0.0029042 0.0017388 0.0051473 0.0045695 0.0055097 0.0013021 0.0045725 0.0035487 0.0046091 0.0008646 0.0022326 0.0017407 0.0050836 0.0026263 0.0000000 0.1730830 0.1682844 0.1718820 0.1706640 0.1682882 0.1706755 0.1743091 0.0433818 0.1706755 0.1706755 0.1718783 0.0017396 0.1730682 0.1682683 0.1743103 0.1743103 0.1767463 0.1682825 0.1694866 0.1718783 0.1731256 0.0021812 0.0017396 0.0017396 0.0012989 0.0021812 0.0012997 0.0021891 0.0018001 0.0021790 0.0036293 0.0017378 0.0017367 0.0008636 0.0030713 0.0012997 0.0017357 0.0017368 0.0021790 0.0012989 0.0017368 0.0017368 0.0026279 0.0026342 0.0018001 0.0012997 0.0012997 0.0026247 0.0026247 0.0008636 0.0012997 0.0021789 0.0012997 0.0021789 0.0012997 0.0012997 0.0017378 0.0008636 0.1743103 0.1730961 0.0017407 0.1718788 0.3916106 
JN400093_Human_herpesvirus_1            0.0074573 0.0070252 0.0070399 0.0083450 0.0083450 0.0074572 0.0079286 0.0078914 0.0079023 0.0078914 0.0053039 0.0074678 0.0079242 0.0070399 0.0053070 0.0053070 0.0070396 0.1709607 0.1720791 0.1697609 0.1834916 0.1719965 0.1710605 0.2018439 0.1752785 0.1690688 0.1690843 0.1778414 0.1706402 0.1720599 0.1671667 0.1853852 0.1677052 0.1858518 0.1730830 0.0000000 0.0079741 0.0044469 0.0048994 0.0084016 0.0088443 0.0048967 0.2205102 0.0084022 0.0084022 0.0036700 0.2214954 0.0079401 0.0079874 0.0061539 0.0061539 0.0070092 0.0079452 0.0083843 0.0053545 0.0087840 0.2230218 0.2218337 0.2218337 0.2182586 0.2230218 0.2230112 0.2218232 0.2205031 0.2218544 0.2182005 0.2230268 0.2182719 0.2206360 0.2182972 0.2218444 0.2206282 0.2226574 0.2218244 0.2206379 0.2230054 0.2230054 0.2218356 0.2194886 0.2205031 0.2206558 0.2218444 0.2265953 0.2265953 0.2206501 0.2182719 0.2206379 0.2194587 0.2206379 0.2194587 0.2194708 0.2194495 0.2206501 0.0061539 0.0057293 0.2194679 0.0088634 0.5017837 
JN420337_Human_herpesvirus_1            0.0053594 0.0049346 0.0044985 0.0062282 0.0062282 0.0045119 0.0053801 0.0057863 0.0075349 0.0057863 0.0066642 0.0062317 0.0053544 0.0044985 0.0066962 0.0066962 0.0032497 0.1661895 0.1673436 0.1649969 0.1754535 0.1672486 0.1661884 0.1964584 0.1705760 0.1643049 0.1643990 0.1681222 0.1658269 0.1673316 0.1623056 0.1776153 0.1629008 0.1792434 0.1682844 0.0079741 0.0000000 0.0066640 0.0062713 0.0045144 0.0049582 0.0079956 0.2164077 0.0032554 0.0032554 0.0067284 0.2137523 0.0075714 0.0067645 0.0071322 0.0071322 0.0080114 0.0041024 0.0045240 0.0041023 0.0049239 0.2152877 0.2141089 0.2141089 0.2105634 0.2152877 0.2152745 0.2140959 0.2127957 0.2141287 0.2105079 0.2152927 0.2105758 0.2129191 0.2106001 0.2141192 0.2129117 0.2149041 0.2140999 0.2129229 0.2152700 0.2152700 0.2141089 0.2141419 0.2127957 0.2129399 0.2141192 0.2188324 0.2188324 0.2129347 0.2105758 0.2129229 0.2117529 0.2129229 0.2117529 0.2117646 0.2117441 0.2129347 0.0071322 0.0066958 0.2117617 0.0036790 0.4889557 
JN420338_Human_herpesvirus_1            0.0070252 0.0065952 0.0066090 0.0079077 0.0079077 0.0061673 0.0066263 0.0074571 0.0066043 0.0074571 0.0048835 0.0061761 0.0074882 0.0066090 0.0032241 0.0032241 0.0057534 0.1697668 0.1708942 0.1685690 0.1814648 0.1708083 0.1698414 0.2006500 0.1740992 0.1678769 0.1679121 0.1719826 0.1694359 0.1708767 0.1659508 0.1841944 0.1665034 0.1846582 0.1718820 0.0044469 0.0066640 0.0000000 0.0053209 0.0079614 0.0075236 0.0053181 0.2169605 0.0070880 0.0070880 0.0049303 0.2179324 0.0075033 0.0058122 0.0048861 0.0048861 0.0057289 0.0066402 0.0070729 0.0066400 0.0074721 0.2194623 0.2182790 0.2182790 0.2170847 0.2194623 0.2218304 0.2206440 0.2193269 0.2206755 0.2170269 0.2218465 0.2170978 0.2194585 0.2171230 0.2206656 0.2194508 0.2190891 0.2182698 0.2194607 0.2194452 0.2194452 0.2206566 0.2206892 0.2193269 0.2194785 0.2206656 0.2230206 0.2230206 0.2194729 0.2170978 0.2194607 0.2182831 0.2194607 0.2182831 0.2182951 0.2182739 0.2194729 0.0048861 0.0044678 0.2182922 0.0066684 0.4971530 
JN420339_Human_herpesvirus_1            0.0066365 0.0062060 0.0070924 0.0075193 0.0075193 0.0057778 0.0071113 0.0070690 0.0079612 0.0070690 0.0070582 0.0066538 0.0079834 0.0070924 0.0045013 0.0045013 0.0053625 0.1697458 0.1708719 0.1685497 0.1794128 0.1696043 0.1698198 0.2018329 0.1740822 0.1678585 0.1678939 0.1719672 0.1694150 0.1708544 0.1659348 0.1841684 0.1652900 0.1846318 0.1706640 0.0048994 0.0062713 0.0053209 0.0000000 0.0075703 0.0071327 0.0066440 0.2217889 0.0075807 0.0075807 0.0053948 0.2203078 0.0088863 0.0080479 0.0070615 0.0070615 0.0079318 0.0062488 0.0066821 0.0045364 0.0070832 0.2218361 0.2206491 0.2206491 0.2170776 0.2218361 0.2218250 0.2206381 0.2193205 0.2206696 0.2170198 0.2218411 0.2170907 0.2194522 0.2171159 0.2206597 0.2194445 0.2214686 0.2206398 0.2194544 0.2218194 0.2218194 0.2206507 0.2206834 0.2193205 0.2194722 0.2206597 0.2254062 0.2254062 0.2194666 0.2170907 0.2194544 0.2182764 0.2194544 0.2182764 0.2182884 0.2182672 0.2194666 0.0070615 0.0066296 0.2182855 0.0080393 0.4977126 
