92
HM585496_Human_herpesvirus_1            0.0000000 0.0138127 0.0142820 0.0000010 0.0133859 0.0146971 0.0003920 0.0142207 0.0104802 0.0142616 0.0147035 0.0154757 0.0154757 0.0146464 0.3409802 0.3442635 0.3450562 0.3192041 0.3361578 0.3386632 0.3509316 0.3323053 0.3358752 0.3432675 0.2186840 0.3273900 0.3305247 0.3370932 0.3433715 0.3275139 0.3419807 0.3382744 0.0129707 0.0134607 0.0129708 0.0162085 0.0155532 0.0159265 0.0150481 0.3866613 0.0142440 0.0143428 0.0129705 0.3670455 0.0142286 0.0154764 0.0163328 0.0163328 0.0146303 0.0146303 0.0138101 0.0163312 0.3661602 0.3659548 0.3661602 0.3668532 0.3659548 0.3657553 0.3641023 0.3670249 0.3639927 0.3686890 0.3637365 0.3652800 0.3653705 0.3652869 0.3644317 0.3662557 0.3665367 0.3648862 0.3669538 0.3653705 0.3645868 0.3638309 0.3638309 0.3637197 0.3638251 0.3644317 0.3654653 0.3654653 0.3646911 0.3654749 0.3654749 0.3659951 0.3655701 0.3666510 0.3646032 0.3641843 0.3660594 0.3640020 0.0146556 0.8889859 
HM585497_Human_herpesvirus_1            0.0138127 0.0000000 0.0039781 0.0138127 0.0051758 0.0047895 0.0142291 0.0043666 0.0071874 0.0027700 0.0043800 0.0055716 0.0055716 0.0047698 0.3400136 0.3408162 0.3418485 0.3212629 0.3339857 0.3376921 0.3479046 0.3299569 0.3348142 0.3411355 0.2225069 0.3249680 0.3284043 0.3351831 0.3412928 0.3270290 0.3398478 0.3363856 0.0031679 0.0035859 0.0031679 0.0060908 0.0056032 0.0059872 0.0051656 0.3763777 0.0043746 0.0047758 0.0031679 0.3626767 0.0051774 0.0055719 0.0072019 0.0072019 0.0047645 0.0047645 0.0039683 0.0063837 0.3617949 0.3615920 0.3617949 0.3624809 0.3615920 0.3613859 0.3597400 0.3619623 0.3596318 0.3636147 0.3593803 0.3609090 0.3610075 0.3609201 0.3600740 0.3618882 0.3621598 0.3605218 0.3625863 0.3610075 0.3602260 0.3594736 0.3594736 0.3593617 0.3594670 0.3600740 0.3611013 0.3611013 0.3603291 0.3611108 0.3611108 0.3616263 0.3612038 0.3622780 0.3602429 0.3598206 0.3616954 0.3596411 0.0047729 0.8970796 
HM585498_Human_herpesvirus_1            0.0142820 0.0039781 0.0000000 0.0142820 0.0060125 0.0047994 0.0147002 0.0051957 0.0072168 0.0043901 0.0003929 0.0064092 0.0064092 0.0056026 0.3410778 0.3404897 0.3451586 0.3220888 0.3350032 0.3373540 0.3497628 0.3296267 0.3334074 0.3430633 0.2206804 0.3246278 0.3294280 0.3376024 0.3422777 0.3256672 0.3408562 0.3387839 0.0039873 0.0044131 0.0039873 0.0069497 0.0064464 0.0068298 0.0060006 0.3797481 0.0043837 0.0047857 0.0039872 0.3643499 0.0060142 0.0064096 0.0080547 0.0080547 0.0055963 0.0055963 0.0047947 0.0072294 0.3634659 0.3632619 0.3634659 0.3641553 0.3632619 0.3630581 0.3614078 0.3636394 0.3612990 0.3652975 0.3610455 0.3625813 0.3626769 0.3625908 0.3617404 0.3635602 0.3638356 0.3621913 0.3642589 0.3626769 0.3618938 0.3611393 0.3611393 0.3610276 0.3611330 0.3617404 0.3627711 0.3627711 0.3619974 0.3627807 0.3627807 0.3632985 0.3628746 0.3639525 0.3619105 0.3614891 0.3633658 0.3613083 0.0056062 0.8925699 
HM585499_Human_herpesvirus_1            0.0000010 0.0138127 0.0142820 0.0000000 0.0133859 0.0146971 0.0003920 0.0142207 0.0104802 0.0142616 0.0147035 0.0154757 0.0154757 0.0146464 0.3409802 0.3442635 0.3450562 0.3192041 0.3361578 0.3386632 0.3509316 0.3323053 0.3358752 0.3432675 0.2186840 0.3273900 0.3305247 0.3370932 0.3433715 0.3275139 0.3419807 0.3382744 0.0129707 0.0134607 0.0129708 0.0162085 0.0155532 0.0159265 0.0150481 0.3866613 0.0142440 0.0143428 0.0129705 0.3670455 0.0142286 0.0154764 0.0163328 0.0163328 0.0146303 0.0146303 0.0138101 0.0163312 0.3661602 0.3659548 0.3661602 0.3668532 0.3659548 0.3657553 0.3641023 0.3670249 0.3639927 0.3686890 0.3637365 0.3652800 0.3653705 0.3652869 0.3644317 0.3662557 0.3665367 0.3648862 0.3669538 0.3653705 0.3645868 0.3638309 0.3638309 0.3637197 0.3638251 0.3644317 0.3654653 0.3654653 0.3646911 0.3654749 0.3654749 0.3659951 0.3655701 0.3666510 0.3646032 0.3641843 0.3660594 0.3640020 0.0146556 0.8889859 
HM585501_Human_herpesvirus_1            0.0133859 0.0051758 0.0060125 0.0133859 0.0000000 0.0060040 0.0138014 0.0055748 0.0092534 0.0047809 0.0064192 0.0067855 0.0067855 0.0059810 0.3367795 0.3376879 0.3387300 0.3188811 0.3308742 0.3344638 0.3462054 0.3248280 0.3305709 0.3380546 0.2170344 0.3217563 0.3252787 0.3320088 0.3382878 0.3236979 0.3367703 0.3332393 0.0043686 0.0047963 0.0043686 0.0073309 0.0068233 0.0072058 0.0063777 0.3764870 0.0055840 0.0059882 0.0043685 0.3611409 0.0055778 0.0059723 0.0076053 0.0076053 0.0059743 0.0059743 0.0051740 0.0076032 0.3602614 0.3600597 0.3602614 0.3609442 0.3600597 0.3598514 0.3582101 0.3611029 0.3581025 0.3618756 0.3578530 0.3593747 0.3594758 0.3593871 0.3585452 0.3603538 0.3606217 0.3589902 0.3610511 0.3594758 0.3586960 0.3579458 0.3579458 0.3578338 0.3579388 0.3585452 0.3595691 0.3595691 0.3587985 0.3595785 0.3595785 0.3600917 0.3596707 0.3607413 0.3587130 0.3582901 0.3601625 0.3581117 0.0059848 0.8909744 
HM585502_Human_herpesvirus_1            0.0146971 0.0047895 0.0047994 0.0146971 0.0060040 0.0000000 0.0151158 0.0035770 0.0088705 0.0052052 0.0052041 0.0064013 0.0064013 0.0039797 0.3451362 0.3444003 0.3467848 0.3277181 0.3389179 0.3413949 0.3526083 0.3335564 0.3373797 0.3460124 0.2226746 0.3286655 0.3333645 0.3402148 0.3460478 0.3308625 0.3447203 0.3413712 0.0023790 0.0035995 0.0031772 0.0069399 0.0064374 0.0068203 0.0059922 0.3823594 0.0035725 0.0039723 0.0039814 0.3669171 0.0043862 0.0055914 0.0080438 0.0080438 0.0055884 0.0055884 0.0047878 0.0055911 0.3660294 0.3658235 0.3660294 0.3667242 0.3658235 0.3656232 0.3639656 0.3662124 0.3638558 0.3678799 0.3635989 0.3651464 0.3652375 0.3651535 0.3642962 0.3661251 0.3664066 0.3647518 0.3668252 0.3652375 0.3644516 0.3636936 0.3636936 0.3635821 0.3636878 0.3642962 0.3653325 0.3653325 0.3645561 0.3653422 0.3653422 0.3658637 0.3654376 0.3665214 0.3644681 0.3640478 0.3659283 0.3638651 0.0055983 0.8899944 
HM585504_Human_herpesvirus_1            0.0003920 0.0142291 0.0147002 0.0003920 0.0138014 0.0151158 0.0000000 0.0146375 0.0108912 0.0146794 0.0151224 0.0158944 0.0158944 0.0150640 0.3409802 0.3442635 0.3450562 0.3192041 0.3361578 0.3386632 0.3509316 0.3323053 0.3358752 0.3432675 0.2186840 0.3273900 0.3305247 0.3370932 0.3433715 0.3275139 0.3419807 0.3382744 0.0133857 0.0138786 0.0133858 0.0166361 0.0159735 0.0163465 0.0154660 0.3874577 0.0146614 0.0147617 0.0133855 0.3678361 0.0146456 0.0158951 0.0167530 0.0167530 0.0150475 0.0150475 0.0142265 0.0167514 0.3669502 0.3667445 0.3669502 0.3676445 0.3667445 0.3665461 0.3648920 0.3678179 0.3647821 0.3694838 0.3645251 0.3660711 0.3661602 0.3660773 0.3652206 0.3670462 0.3673289 0.3656763 0.3677441 0.3661602 0.3653762 0.3646197 0.3646197 0.3645087 0.3646141 0.3652206 0.3662552 0.3662552 0.3654806 0.3662648 0.3662648 0.3667858 0.3663604 0.3674424 0.3653926 0.3649742 0.3668492 0.3647915 0.0150735 0.8904490 
HM585508_Human_herpesvirus_1            0.0142207 0.0043666 0.0051957 0.0142207 0.0055748 0.0035770 0.0146375 0.0000000 0.0084240 0.0047789 0.0056005 0.0059695 0.0059695 0.0035621 0.3427537 0.3434653 0.3444883 0.3236968 0.3366275 0.3404297 0.3504173 0.3326203 0.3364322 0.3437440 0.2201806 0.3277052 0.3310639 0.3378773 0.3438363 0.3298661 0.3424546 0.3390546 0.0019714 0.0031819 0.0027647 0.0064969 0.0060031 0.0063863 0.0055640 0.3803385 0.0039666 0.0043665 0.0035636 0.3649358 0.0039657 0.0051641 0.0072595 0.0072595 0.0051624 0.0051624 0.0043650 0.0051638 0.3640512 0.3638469 0.3640512 0.3647417 0.3638469 0.3636439 0.3619926 0.3642269 0.3618836 0.3658865 0.3616294 0.3631674 0.3632618 0.3631763 0.3623246 0.3641458 0.3644225 0.3627764 0.3648446 0.3632618 0.3624784 0.3617234 0.3617234 0.3616117 0.3617171 0.3623246 0.3633563 0.3633563 0.3625822 0.3633658 0.3633658 0.3638843 0.3634601 0.3645389 0.3624950 0.3620740 0.3639510 0.3618929 0.0051705 0.8943530 
HM585509_Human_herpesvirus_1            0.0104802 0.0071874 0.0072168 0.0104802 0.0092534 0.0088705 0.0108912 0.0084240 0.0000000 0.0076106 0.0076248 0.0096499 0.0096499 0.0088368 0.3408866 0.3416618 0.3426932 0.3245919 0.3348155 0.3385595 0.3487199 0.3307853 0.3345854 0.3419688 0.2246748 0.3237499 0.3292284 0.3360317 0.3421056 0.3268921 0.3406780 0.3372287 0.0072032 0.0076509 0.0072033 0.0102570 0.0097027 0.0100808 0.0092354 0.3788423 0.0084388 0.0088469 0.0072031 0.3634340 0.0092554 0.0096504 0.0113171 0.0113171 0.0088270 0.0088270 0.0080204 0.0104804 0.3625498 0.3623462 0.3625498 0.3632385 0.3623462 0.3621407 0.3604903 0.3627203 0.3603817 0.3643778 0.3601289 0.3616632 0.3617605 0.3616736 0.3608242 0.3626437 0.3629174 0.3612741 0.3633432 0.3617605 0.3609771 0.3602226 0.3602226 0.3601106 0.3602161 0.3608242 0.3618546 0.3618546 0.3610805 0.3618642 0.3618642 0.3623815 0.3619577 0.3630353 0.3609939 0.3605713 0.3624499 0.3603910 0.0088424 0.8939581 
HM585510_Human_herpesvirus_1            0.0142616 0.0027700 0.0043901 0.0142616 0.0047809 0.0052052 0.0146794 0.0047789 0.0076106 0.0000000 0.0047936 0.0059886 0.0059886 0.0051840 0.3410679 0.3418362 0.3424455 0.3257557 0.3349980 0.3387437 0.3484703 0.3309746 0.3347717 0.3417258 0.2253683 0.3260104 0.3294195 0.3362163 0.3422724 0.3281109 0.3408508 0.3374100 0.0035755 0.0035943 0.0035756 0.0065179 0.0060225 0.0064057 0.0055809 0.3758802 0.0047878 0.0051904 0.0035755 0.3621908 0.0055936 0.0059889 0.0076259 0.0076259 0.0051782 0.0051782 0.0043794 0.0068042 0.3613099 0.3611075 0.3613099 0.3619948 0.3611075 0.3609008 0.3592568 0.3614756 0.3591488 0.3631256 0.3588980 0.3604241 0.3605234 0.3604356 0.3595911 0.3614030 0.3616733 0.3600379 0.3621006 0.3605234 0.3597427 0.3589912 0.3589912 0.3588793 0.3589844 0.3595911 0.3606170 0.3606170 0.3598455 0.3606265 0.3606265 0.3611411 0.3607192 0.3617919 0.3597596 0.3593372 0.3612107 0.3591581 0.0051873 0.8979918 
HM585511_Human_herpesvirus_1            0.0147035 0.0043800 0.0003929 0.0147035 0.0064192 0.0052041 0.0151224 0.0056005 0.0076248 0.0047936 0.0000000 0.0068171 0.0068171 0.0060084 0.3406439 0.3400721 0.3447340 0.3220888 0.3350032 0.3369264 0.3493547 0.3292197 0.3329916 0.3426475 0.2206804 0.3242157 0.3294280 0.3371786 0.3418736 0.3252394 0.3404436 0.3383627 0.0043900 0.0048188 0.0043901 0.0073653 0.0068554 0.0072382 0.0064066 0.3806436 0.0047867 0.0051893 0.0043899 0.3639685 0.0064210 0.0068175 0.0084652 0.0084652 0.0060016 0.0060016 0.0051990 0.0076380 0.3630858 0.3628823 0.3630858 0.3637738 0.3628823 0.3626781 0.3610305 0.3632578 0.3609219 0.3649130 0.3606690 0.3622018 0.3622979 0.3622117 0.3613630 0.3631798 0.3634541 0.3618128 0.3638777 0.3622979 0.3615159 0.3607627 0.3607627 0.3606510 0.3607563 0.3613630 0.3623920 0.3623920 0.3616193 0.3624015 0.3624015 0.3629183 0.3624952 0.3635711 0.3615327 0.3611115 0.3629860 0.3609312 0.0060122 0.8950521 
HM585512_Human_herpesvirus_1            0.0154757 0.0055716 0.0064092 0.0154757 0.0067855 0.0064013 0.0158944 0.0059695 0.0096499 0.0059886 0.0068171 0.0000000 0.0000010 0.0063759 0.3403993 0.3411862 0.3422133 0.3223088 0.3343807 0.3380866 0.3486363 0.3303708 0.3341438 0.3414986 0.2183607 0.3254134 0.3288236 0.3355812 0.3420500 0.3274819 0.3402155 0.3367753 0.0047629 0.0051929 0.0047629 0.0036268 0.0039838 0.0043692 0.0051616 0.3804543 0.0051711 0.0055740 0.0039624 0.3633027 0.0067874 0.0063724 0.0080078 0.0080078 0.0055635 0.0055635 0.0047652 0.0079987 0.3624220 0.3622192 0.3624220 0.3631078 0.3622192 0.3620144 0.3603705 0.3625914 0.3602623 0.3642422 0.3600106 0.3615386 0.3616358 0.3615491 0.3607032 0.3625155 0.3627879 0.3611512 0.3632123 0.3616358 0.3608554 0.3601039 0.3601039 0.3599923 0.3600974 0.3607032 0.3617295 0.3617295 0.3609584 0.3617390 0.3617390 0.3622542 0.3618322 0.3629054 0.3608722 0.3604512 0.3623226 0.3602716 0.0055732 0.8868347 
HM585513_Human_herpesvirus_1            0.0154757 0.0055716 0.0064092 0.0154757 0.0067855 0.0064013 0.0158944 0.0059695 0.0096499 0.0059886 0.0068171 0.0000010 0.0000000 0.0063759 0.3403993 0.3411862 0.3422133 0.3223088 0.3343807 0.3380866 0.3486363 0.3303708 0.3341438 0.3414986 0.2183607 0.3254134 0.3288236 0.3355812 0.3420500 0.3274819 0.3402155 0.3367753 0.0047629 0.0051929 0.0047629 0.0036268 0.0039838 0.0043692 0.0051616 0.3804543 0.0051711 0.0055740 0.0039624 0.3633027 0.0067874 0.0063724 0.0080078 0.0080078 0.0055635 0.0055635 0.0047652 0.0079987 0.3624220 0.3622192 0.3624220 0.3631078 0.3622192 0.3620144 0.3603705 0.3625914 0.3602623 0.3642422 0.3600106 0.3615386 0.3616358 0.3615491 0.3607032 0.3625155 0.3627879 0.3611512 0.3632123 0.3616358 0.3608554 0.3601039 0.3601039 0.3599923 0.3600974 0.3607032 0.3617295 0.3617295 0.3609584 0.3617390 0.3617390 0.3622542 0.3618322 0.3629054 0.3608722 0.3604512 0.3623226 0.3602716 0.0055732 0.8868347 
HM585514_Human_herpesvirus_1            0.0146464 0.0047698 0.0056026 0.0146464 0.0059810 0.0039797 0.0150640 0.0035621 0.0088368 0.0051840 0.0060084 0.0063759 0.0063759 0.0000000 0.3373562 0.3382459 0.3392862 0.3215472 0.3314288 0.3350394 0.3454594 0.3273830 0.3311358 0.3386041 0.2178676 0.3223280 0.3258353 0.3325746 0.3388238 0.3242909 0.3373192 0.3338002 0.0015759 0.0035844 0.0023679 0.0069122 0.0064117 0.0067945 0.0059693 0.3767970 0.0043691 0.0047698 0.0039649 0.3614508 0.0043681 0.0055699 0.0080128 0.0080128 0.0055669 0.0055669 0.0047682 0.0015756 0.3605711 0.3603693 0.3605711 0.3612543 0.3603693 0.3601615 0.3585198 0.3607340 0.3584121 0.3623812 0.3581622 0.3596849 0.3597854 0.3596970 0.3588546 0.3606637 0.3609323 0.3593000 0.3613609 0.3597854 0.3590055 0.3582551 0.3582551 0.3581432 0.3582483 0.3588546 0.3598788 0.3598788 0.3591081 0.3598882 0.3598882 0.3604017 0.3599805 0.3610515 0.3590225 0.3585999 0.3604721 0.3584213 0.0047690 0.8950200 
HSV2_1                                  0.3409802 0.3400136 0.3410778 0.3409802 0.3367795 0.3451362 0.3409802 0.3427537 0.3408866 0.3410679 0.3406439 0.3403993 0.3403993 0.3373562 0.0000000 0.0024786 0.0019753 0.0114775 0.0070839 0.0024812 0.0009885 0.0030257 0.0009957 0.0014811 0.0011123 0.0035713 0.0070665 0.0070253 0.0064939 0.0052929 0.0075058 0.0080251 0.3387508 0.3400658 0.3380457 0.3378449 0.3444216 0.3413959 0.3371724 0.0871529 0.3437404 0.3447124 0.3369967 0.0080111 0.3405904 0.3437124 0.3432129 0.3432129 0.3406861 0.3406861 0.3379175 0.3379935 0.0075018 0.0080093 0.0075018 0.0085342 0.0080093 0.0064933 0.0075069 0.0074927 0.0080147 0.0064799 0.0081034 0.0075114 0.0069953 0.0069953 0.0091340 0.0069953 0.0070076 0.0069984 0.0075021 0.0069953 0.0075035 0.0081053 0.0081053 0.0069971 0.0070808 0.0091340 0.0069969 0.0069969 0.0059836 0.0059836 0.0059836 0.0095466 0.0069955 0.0069992 0.0075052 0.0054799 0.0085177 0.0064911 0.3343589 0.6806224 
HSV2_2                                  0.3442635 0.3408162 0.3404897 0.3442635 0.3376879 0.3444003 0.3442635 0.3434653 0.3416618 0.3418362 0.3400721 0.3411862 0.3411862 0.3382459 0.0024786 0.0000000 0.0024041 0.0114727 0.0074333 0.0009874 0.0014385 0.0039483 0.0014777 0.0009562 0.0000022 0.0025455 0.0075277 0.0075253 0.0067819 0.0036920 0.0077764 0.0084591 0.3395950 0.3408685 0.3389127 0.3387181 0.3450779 0.3421516 0.3389319 0.0892846 0.3430568 0.3439938 0.3387657 0.0082537 0.3413726 0.3443916 0.3447890 0.3447890 0.3414654 0.3414654 0.3396583 0.3388611 0.0077596 0.0082520 0.0077596 0.0087615 0.0082520 0.0067813 0.0077647 0.0067678 0.0082573 0.0057890 0.0083452 0.0077692 0.0072682 0.0072682 0.0093447 0.0072682 0.0072806 0.0072714 0.0077600 0.0072682 0.0077614 0.0083471 0.0083471 0.0072701 0.0073535 0.0093447 0.0072698 0.0072698 0.0062865 0.0062865 0.0062865 0.0097434 0.0072685 0.0072721 0.0077630 0.0057978 0.0087452 0.0067791 0.3353461 0.6795490 
HSV2_3                                  0.3450562 0.3418485 0.3451586 0.3450562 0.3387300 0.3467848 0.3450562 0.3444883 0.3426932 0.3424455 0.3447340 0.3422133 0.3422133 0.3392862 0.0019753 0.0024041 0.0000000 0.0114768 0.0068824 0.0024726 0.0019051 0.0034425 0.0019721 0.0014233 0.0000022 0.0035712 0.0069925 0.0069784 0.0062596 0.0052927 0.0072647 0.0079074 0.3406312 0.3419028 0.3399509 0.3397564 0.3460959 0.3431776 0.3399691 0.0883778 0.3454371 0.3463724 0.3398059 0.0081869 0.3424011 0.3454106 0.3458054 0.3458054 0.3424940 0.3424940 0.3406952 0.3398979 0.0076969 0.0081852 0.0076969 0.0086904 0.0081852 0.0067265 0.0077019 0.0076879 0.0081904 0.0067132 0.0072914 0.0077063 0.0072095 0.0072095 0.0082790 0.0072095 0.0072217 0.0072126 0.0076972 0.0072095 0.0076986 0.0072930 0.0072930 0.0072113 0.0067263 0.0082790 0.0072111 0.0072111 0.0062358 0.0062358 0.0062358 0.0096642 0.0072097 0.0072133 0.0077002 0.0057511 0.0086743 0.0067244 0.3363956 0.6792414 
HSV2_4                                  0.3192041 0.3212629 0.3220888 0.3192041 0.3188811 0.3277181 0.3192041 0.3236968 0.3245919 0.3257557 0.3220888 0.3223088 0.3223088 0.3215472 0.0114775 0.0114727 0.0114768 0.0000000 0.0015884 0.0114727 0.0081373 0.0123202 0.0081728 0.0098115 0.0011854 0.0106880 0.0015884 0.0048010 0.0048024 0.0114458 0.0064257 0.0023875 0.3221826 0.3217015 0.3211038 0.3208072 0.3208072 0.3261364 0.3168223 0.0948091 0.3229512 0.3244657 0.3178219 0.0031882 0.3233938 0.3218274 0.3244716 0.3244716 0.3237064 0.3237064 0.3209039 0.3230500 0.0023867 0.0031871 0.0023867 0.0023938 0.0031871 0.0031922 0.0048024 0.0122527 0.0056110 0.0105833 0.0048006 0.0056187 0.0015884 0.0056088 0.0064253 0.0015884 0.0040040 0.0048024 0.0023877 0.0015884 0.0048004 0.0048024 0.0048024 0.0056114 0.0057259 0.0064253 0.0031895 0.0031895 0.0023875 0.0023875 0.0023875 0.0080591 0.0039923 0.0039957 0.0056110 0.0031895 0.0039892 0.0048024 0.3160490 0.5756670 
HSV2_5                                  0.3361578 0.3339857 0.3350032 0.3361578 0.3308742 0.3389179 0.3361578 0.3366275 0.3348155 0.3349980 0.3350032 0.3343807 0.3343807 0.3314288 0.0070839 0.0074333 0.0068824 0.0015884 0.0000000 0.0075939 0.0048894 0.0070976 0.0050110 0.0053904 0.0011116 0.0067397 0.0000010 0.0029766 0.0024167 0.0091110 0.0033891 0.0009783 0.3327699 0.3340231 0.3320930 0.3319025 0.3382318 0.3353280 0.3321177 0.0862471 0.3375850 0.3385253 0.3319359 0.0009630 0.3345525 0.3375557 0.3379604 0.3379604 0.3346427 0.3346427 0.3328274 0.3320511 0.0004803 0.0009627 0.0004803 0.0014485 0.0009627 0.0014469 0.0019308 0.0073444 0.0024157 0.0063521 0.0039265 0.0024176 0.0000010 0.0029008 0.0049171 0.0004805 0.0019335 0.0019308 0.0014458 0.0000010 0.0024151 0.0039274 0.0039274 0.0029016 0.0029412 0.0049171 0.0009632 0.0009632 0.0009630 0.0009630 0.0009630 0.0053477 0.0019300 0.0019309 0.0024157 0.0014461 0.0014455 0.0024157 0.3285429 0.6671229 
HSV2_6                                  0.3386632 0.3376921 0.3373540 0.3386632 0.3344638 0.3413949 0.3386632 0.3404297 0.3385595 0.3387437 0.3369264 0.3380866 0.3380866 0.3350394 0.0024812 0.0009874 0.0024726 0.0114727 0.0075939 0.0000000 0.0014860 0.0035252 0.0014933 0.0009879 0.0000022 0.0025484 0.0075786 0.0075297 0.0070076 0.0036943 0.0080225 0.0085385 0.3364312 0.3377391 0.3357279 0.3355285 0.3420947 0.3390769 0.3348604 0.0885321 0.3400126 0.3409827 0.3346793 0.0085291 0.3382726 0.3413890 0.3408960 0.3408960 0.3383674 0.3383674 0.3355996 0.3356792 0.0080182 0.0085272 0.0080182 0.0090537 0.0085272 0.0070070 0.0080237 0.0069927 0.0085329 0.0059809 0.0086251 0.0080284 0.0075102 0.0075102 0.0096589 0.0075102 0.0075234 0.0075136 0.0080186 0.0075102 0.0080201 0.0086271 0.0086271 0.0075122 0.0075996 0.0096589 0.0075119 0.0075119 0.0064954 0.0064954 0.0064954 0.0100689 0.0075105 0.0075144 0.0080218 0.0059903 0.0090363 0.0070047 0.3320468 0.6752652 
HSV2_7                                  0.3509316 0.3479046 0.3497628 0.3509316 0.3462054 0.3526083 0.3509316 0.3504173 0.3487199 0.3484703 0.3493547 0.3486363 0.3486363 0.3454594 0.0009885 0.0014385 0.0019051 0.0081373 0.0048894 0.0014860 0.0000000 0.0029585 0.0009859 0.0009400 0.0000022 0.0030665 0.0049768 0.0049668 0.0041867 0.0031596 0.0052524 0.0059073 0.3467438 0.3479685 0.3460932 0.3437052 0.3519505 0.3491611 0.3461057 0.0893945 0.3513148 0.3522019 0.3459639 0.0063696 0.3484206 0.3512914 0.3525468 0.3525468 0.3485109 0.3485109 0.3468096 0.3460344 0.0059083 0.0063683 0.0059083 0.0068414 0.0063683 0.0049935 0.0059120 0.0063843 0.0063722 0.0059219 0.0064406 0.0059152 0.0054488 0.0059083 0.0073738 0.0059098 0.0054579 0.0054511 0.0059086 0.0054488 0.0059096 0.0064419 0.0064419 0.0054501 0.0055133 0.0073738 0.0054500 0.0054500 0.0045320 0.0049899 0.0049899 0.0077597 0.0054490 0.0054516 0.0059108 0.0040757 0.0068291 0.0049920 0.3436734 0.6956869 
HSV2_8                                  0.3323053 0.3299569 0.3296267 0.3323053 0.3248280 0.3335564 0.3323053 0.3326203 0.3307853 0.3309746 0.3292197 0.3303708 0.3303708 0.3273830 0.0030257 0.0039483 0.0034425 0.0123202 0.0070976 0.0035252 0.0029585 0.0000000 0.0025055 0.0019634 0.0022302 0.0041117 0.0071299 0.0071230 0.0069586 0.0058425 0.0079949 0.0080784 0.3287325 0.3299857 0.3280521 0.3278623 0.3342357 0.3313165 0.3272241 0.0898499 0.3322277 0.3331758 0.3270298 0.0089733 0.3305355 0.3326138 0.3330988 0.3330988 0.3306250 0.3306250 0.3279270 0.3280157 0.0084660 0.0089713 0.0084660 0.0094966 0.0089713 0.0074605 0.0084718 0.0084561 0.0089774 0.0074455 0.0090731 0.0084768 0.0079608 0.0079608 0.0101011 0.0079608 0.0079746 0.0079644 0.0084664 0.0079608 0.0084680 0.0090752 0.0090752 0.0079629 0.0080536 0.0101011 0.0079626 0.0079626 0.0069514 0.0069514 0.0069514 0.0105059 0.0079611 0.0079652 0.0084698 0.0064490 0.0094786 0.0074581 0.3244775 0.6742222 
HSV2_9                                  0.3358752 0.3348142 0.3334074 0.3358752 0.3305709 0.3373797 0.3358752 0.3364322 0.3345854 0.3347717 0.3329916 0.3341438 0.3341438 0.3311358 0.0009957 0.0014777 0.0019721 0.0081728 0.0050110 0.0014933 0.0009859 0.0025055 0.0000000 0.0009841 0.0000022 0.0025556 0.0050106 0.0050091 0.0044593 0.0042486 0.0054594 0.0059837 0.3325019 0.3337780 0.3318124 0.3316184 0.3380669 0.3351084 0.3309676 0.0881364 0.3360289 0.3369849 0.3307802 0.0059595 0.3343184 0.3373781 0.3369035 0.3369035 0.3344102 0.3344102 0.3316860 0.3317701 0.0054565 0.0059582 0.0054565 0.0064734 0.0059582 0.0044589 0.0054602 0.0054496 0.0059622 0.0044495 0.0060332 0.0054635 0.0049561 0.0049561 0.0070517 0.0049561 0.0049651 0.0049583 0.0054568 0.0049561 0.0054578 0.0060346 0.0060346 0.0049574 0.0050204 0.0070517 0.0049572 0.0049572 0.0039566 0.0039566 0.0039566 0.0074756 0.0049563 0.0044589 0.0054590 0.0034581 0.0064607 0.0044574 0.3281964 0.6742912 
HSV2_10                                 0.3432675 0.3411355 0.3430633 0.3432675 0.3380546 0.3460124 0.3432675 0.3437440 0.3419688 0.3417258 0.3426475 0.3414986 0.3414986 0.3386041 0.0014811 0.0009562 0.0014233 0.0098115 0.0053904 0.0009879 0.0009400 0.0019634 0.0009841 0.0000000 0.0000022 0.0020361 0.0054870 0.0054757 0.0047622 0.0026347 0.0057465 0.0064134 0.3399328 0.3411877 0.3392608 0.3390690 0.3453320 0.3424500 0.3392794 0.0875084 0.3446822 0.3456068 0.3391165 0.0066554 0.3416828 0.3446558 0.3450468 0.3450468 0.3417743 0.3417743 0.3399954 0.3392095 0.0061731 0.0066540 0.0061731 0.0071491 0.0066540 0.0052174 0.0061771 0.0056859 0.0066583 0.0047294 0.0067321 0.0061806 0.0056928 0.0056928 0.0077081 0.0061747 0.0057026 0.0056952 0.0061733 0.0056928 0.0061744 0.0067336 0.0067336 0.0056942 0.0057626 0.0077081 0.0056940 0.0056940 0.0047354 0.0052135 0.0052135 0.0081089 0.0056930 0.0056958 0.0061757 0.0042581 0.0071357 0.0052157 0.3357480 0.6655818 
HSV2_11                                 0.2186840 0.2225069 0.2206804 0.2186840 0.2170344 0.2226746 0.2186840 0.2201806 0.2246748 0.2253683 0.2206804 0.2183607 0.2183607 0.2178676 0.0011123 0.0000022 0.0000022 0.0011854 0.0011116 0.0000022 0.0000022 0.0022302 0.0000022 0.0000022 0.0000000 0.0000022 0.0011116 0.0022291 0.0011132 0.0011116 0.0022291 0.0022289 0.2183607 0.2199744 0.2183607 0.2165450 0.2165450 0.2208292 0.2161555 0.0703430 0.2183607 0.2183607 0.2165450 0.0033507 0.2220016 0.2203726 0.2211842 0.2211842 0.2201819 0.2201819 0.2204747 0.2196808 0.0022277 0.0022277 0.0022277 0.0033642 0.0022277 0.0011116 0.0011122 0.0011116 0.0011122 0.0000022 0.0000022 0.0022330 0.0011116 0.0011116 0.0022289 0.0011116 0.0022385 0.0011122 0.0022291 0.0011116 0.0022289 0.0011122 0.0011122 0.0011116 0.0000022 0.0022289 0.0011122 0.0011122 0.0011116 0.0011116 0.0011116 0.0044849 0.0011116 0.0022317 0.0022289 0.0000022 0.0044748 0.0011122 0.2165450 0.5275680 
HSV2_12                                 0.3273900 0.3249680 0.3246278 0.3273900 0.3217563 0.3286655 0.3273900 0.3277052 0.3237499 0.3260104 0.3242157 0.3254134 0.3254134 0.3223280 0.0035713 0.0025455 0.0035712 0.0106880 0.0067397 0.0025484 0.0030665 0.0041117 0.0025556 0.0020361 0.0000022 0.0000000 0.0067169 0.0077432 0.0072153 0.0053385 0.0082603 0.0082600 0.3237114 0.3249863 0.3230151 0.3228228 0.3293631 0.3263734 0.3221754 0.0863977 0.3273105 0.3282878 0.3219632 0.0082577 0.3255717 0.3276987 0.3282132 0.3282132 0.3256619 0.3256619 0.3228863 0.3229849 0.0077326 0.0082558 0.0077326 0.0087967 0.0082558 0.0072146 0.0082616 0.0077210 0.0087853 0.0066771 0.0088831 0.0082666 0.0072104 0.0077327 0.0099480 0.0072104 0.0077465 0.0077362 0.0077329 0.0072104 0.0082577 0.0088852 0.0088852 0.0077347 0.0078276 0.0099480 0.0072121 0.0072121 0.0066876 0.0066876 0.0066876 0.0103685 0.0077329 0.0077371 0.0082596 0.0061674 0.0087792 0.0072121 0.3193476 0.6631086 
HSV2_13                                 0.3305247 0.3284043 0.3294280 0.3305247 0.3252787 0.3333645 0.3305247 0.3310639 0.3292284 0.3294195 0.3294280 0.3288236 0.3288236 0.3258353 0.0070665 0.0075277 0.0069925 0.0015884 0.0000010 0.0075786 0.0049768 0.0071299 0.0050106 0.0054870 0.0011116 0.0067169 0.0000000 0.0029756 0.0024594 0.0090792 0.0034491 0.0009838 0.3271820 0.3284296 0.3265034 0.3263146 0.3326763 0.3297644 0.3256799 0.0859932 0.3320339 0.3329838 0.3254821 0.0009799 0.3289848 0.3320021 0.3315467 0.3315467 0.3290737 0.3290737 0.3263784 0.3264692 0.0004888 0.0009797 0.0004888 0.0014740 0.0009797 0.0014724 0.0019648 0.0074758 0.0024583 0.0064655 0.0039968 0.0024603 0.0000010 0.0029521 0.0050053 0.0000010 0.0019676 0.0019648 0.0014713 0.0000010 0.0024577 0.0039977 0.0039977 0.0029528 0.0029938 0.0050053 0.0009801 0.0009801 0.0009799 0.0009799 0.0009799 0.0054427 0.0019640 0.0019650 0.0024583 0.0014716 0.0014709 0.0024583 0.3229352 0.6749201 
HSV2_14                                 0.3370932 0.3351831 0.3376024 0.3370932 0.3320088 0.3402148 0.3370932 0.3378773 0.3360317 0.3362163 0.3371786 0.3355812 0.3355812 0.3325746 0.0070253 0.0075253 0.0069784 0.0048010 0.0029766 0.0075297 0.0049668 0.0071230 0.0050091 0.0054757 0.0022291 0.0077432 0.0029756 0.0000000 0.0024545 0.0090511 0.0024536 0.0039386 0.3339429 0.3352238 0.3332519 0.3330571 0.3395144 0.3365500 0.3324033 0.0871689 0.3388525 0.3398109 0.3322192 0.0039360 0.3357589 0.3388231 0.3383444 0.3383444 0.3358514 0.3358514 0.3331256 0.3332076 0.0034397 0.0039351 0.0034397 0.0044404 0.0039351 0.0024543 0.0034420 0.0074608 0.0039377 0.0064525 0.0039885 0.0024554 0.0029463 0.0019601 0.0049951 0.0029463 0.0029518 0.0029476 0.0034399 0.0029463 0.0034405 0.0039894 0.0039894 0.0029470 0.0029870 0.0049951 0.0029469 0.0029469 0.0019601 0.0019601 0.0019601 0.0054317 0.0029464 0.0029479 0.0034413 0.0014685 0.0044314 0.0024535 0.3296311 0.6748795 
HSV2_15                                 0.3433715 0.3412928 0.3422777 0.3433715 0.3382878 0.3460478 0.3433715 0.3438363 0.3421056 0.3422724 0.3418736 0.3420500 0.3420500 0.3388238 0.0064939 0.0067819 0.0062596 0.0048024 0.0024167 0.0070076 0.0041867 0.0069586 0.0044593 0.0047622 0.0011132 0.0072153 0.0024594 0.0024545 0.0000000 0.0085137 0.0018849 0.0034062 0.3401198 0.3413439 0.3394644 0.3364798 0.3453845 0.3425743 0.3394823 0.0903662 0.3447509 0.3456523 0.3393239 0.0032276 0.3418262 0.3447252 0.3460074 0.3460074 0.3419155 0.3419155 0.3401810 0.3394140 0.0027632 0.0032269 0.0027632 0.0036985 0.0032269 0.0018403 0.0009182 0.0065217 0.0013785 0.0055790 0.0023310 0.0018412 0.0023012 0.0013780 0.0023315 0.0027639 0.0023053 0.0004584 0.0027633 0.0023012 0.0009178 0.0013974 0.0013974 0.0013783 0.0013974 0.0023315 0.0013783 0.0013783 0.0013780 0.0018390 0.0018390 0.0027646 0.0023013 0.0023024 0.0009180 0.0009178 0.0036914 0.0000020 0.3370227 0.7039562 
HSV2_16                                 0.3275139 0.3270290 0.3256672 0.3275139 0.3236979 0.3308625 0.3275139 0.3298661 0.3268921 0.3281109 0.3252394 0.3274819 0.3274819 0.3242909 0.0052929 0.0036920 0.0052927 0.0114458 0.0091110 0.0036943 0.0031596 0.0058425 0.0042486 0.0026347 0.0011116 0.0053385 0.0090792 0.0090511 0.0085137 0.0000000 0.0095956 0.0101384 0.3257259 0.3254019 0.3250032 0.3248027 0.3258038 0.3298003 0.3241286 0.0875457 0.3294531 0.3304647 0.3239137 0.0101354 0.3276507 0.3281219 0.3303853 0.3303853 0.3277450 0.3277450 0.3248697 0.3249689 0.0095902 0.0101331 0.0095902 0.0106982 0.0101331 0.0085128 0.0090529 0.0096147 0.0095948 0.0085274 0.0102509 0.0096032 0.0090485 0.0090485 0.0113539 0.0090485 0.0090649 0.0090529 0.0095907 0.0090485 0.0095926 0.0102534 0.0102534 0.0090511 0.0091581 0.0113539 0.0090507 0.0090507 0.0079663 0.0079663 0.0079663 0.0117801 0.0090489 0.0090539 0.0095948 0.0074279 0.0106770 0.0085099 0.3212010 0.6221330 
HSV2_17                                 0.3419807 0.3398478 0.3408562 0.3419807 0.3367703 0.3447203 0.3419807 0.3424546 0.3406780 0.3408508 0.3404436 0.3402155 0.3402155 0.3373192 0.0075058 0.0077764 0.0072647 0.0064257 0.0033891 0.0080225 0.0052524 0.0079949 0.0054594 0.0057465 0.0022291 0.0082603 0.0034491 0.0024536 0.0018849 0.0095956 0.0000000 0.0043869 0.3386463 0.3398972 0.3379753 0.3377842 0.3440409 0.3411634 0.3379949 0.0877821 0.3433935 0.3443182 0.3378292 0.0042592 0.3403970 0.3433667 0.3437590 0.3437590 0.3404880 0.3404880 0.3387078 0.3379258 0.0037818 0.0042583 0.0037818 0.0037884 0.0042583 0.0028328 0.0028325 0.0057122 0.0033075 0.0066809 0.0033494 0.0018856 0.0033061 0.0023568 0.0023881 0.0037828 0.0033120 0.0023578 0.0037820 0.0033061 0.0028313 0.0033501 0.0033501 0.0004689 0.0014299 0.0023881 0.0033069 0.0033069 0.0023568 0.0028307 0.0028307 0.0037836 0.0033063 0.0033079 0.0018841 0.0018838 0.0047357 0.0018842 0.3344659 0.6821110 
HSV2_18                                 0.3382744 0.3363856 0.3387839 0.3382744 0.3332393 0.3413712 0.3382744 0.3390546 0.3372287 0.3374100 0.3383627 0.3367753 0.3367753 0.3338002 0.0080251 0.0084591 0.0079074 0.0023875 0.0009783 0.0085385 0.0059073 0.0080784 0.0059837 0.0064134 0.0022289 0.0082600 0.0009838 0.0039386 0.0034062 0.0101384 0.0043869 0.0000000 0.3351566 0.3364286 0.3344714 0.3342777 0.3406769 0.3377378 0.3336281 0.0886586 0.3400195 0.3409682 0.3334486 0.0009665 0.3369539 0.3399908 0.3395136 0.3395136 0.3370459 0.3370459 0.3343463 0.3344258 0.0014525 0.0019385 0.0014525 0.0024303 0.0019385 0.0024277 0.0034055 0.0083802 0.0038956 0.0073790 0.0049392 0.0034075 0.0009665 0.0038939 0.0059381 0.0014529 0.0029197 0.0029157 0.0024260 0.0009665 0.0034039 0.0049403 0.0049403 0.0038949 0.0039463 0.0059381 0.0019394 0.0019394 0.0019389 0.0019389 0.0019389 0.0063629 0.0029145 0.0029160 0.0034048 0.0024265 0.0024253 0.0034048 0.3308829 0.6795193 
JN400093_Human_herpesvirus_1            0.0129707 0.0031679 0.0039873 0.0129707 0.0043686 0.0023790 0.0133857 0.0019714 0.0072032 0.0035755 0.0043900 0.0047629 0.0047629 0.0015759 0.3387508 0.3395950 0.3406312 0.3221826 0.3327699 0.3364312 0.3467438 0.3287325 0.3325019 0.3399328 0.2183607 0.3237114 0.3271820 0.3339429 0.3401198 0.3257259 0.3386463 0.3351566 0.0000000 0.0019837 0.0007863 0.0052656 0.0047912 0.0051753 0.0043600 0.3779868 0.0027699 0.0031679 0.0023699 0.3626170 0.0027692 0.0039626 0.0063862 0.0063862 0.0039605 0.0039605 0.0031667 0.0031632 0.3617354 0.3615327 0.3617354 0.3624213 0.3615327 0.3613264 0.3596810 0.3619026 0.3595728 0.3635545 0.3593215 0.3608497 0.3609483 0.3608608 0.3600150 0.3618287 0.3621001 0.3604627 0.3625266 0.3609483 0.3601670 0.3594148 0.3594148 0.3593029 0.3594081 0.3600150 0.3610420 0.3610420 0.3602700 0.3610515 0.3610515 0.3615668 0.3611445 0.3622184 0.3601838 0.3597616 0.3616360 0.3595821 0.0031673 0.8906356 
JN420337_Human_herpesvirus_1            0.0134607 0.0035859 0.0044131 0.0134607 0.0047963 0.0035995 0.0138786 0.0031819 0.0076509 0.0035943 0.0048188 0.0051929 0.0051929 0.0035844 0.3400658 0.3408685 0.3419028 0.3217015 0.3340231 0.3377391 0.3479685 0.3299857 0.3337780 0.3411877 0.2199744 0.3249863 0.3284296 0.3352238 0.3413439 0.3254019 0.3398972 0.3364286 0.0019837 0.0000000 0.0027820 0.0052950 0.0043982 0.0056092 0.0039814 0.3759608 0.0039916 0.0043940 0.0027819 0.3619251 0.0039906 0.0035792 0.0068278 0.0068278 0.0043845 0.0043845 0.0019829 0.0051974 0.3610403 0.3608371 0.3610403 0.3617279 0.3608371 0.3606289 0.3589777 0.3612057 0.3588693 0.3628629 0.3586176 0.3601499 0.3602502 0.3601617 0.3593138 0.3611336 0.3614046 0.3597623 0.3618345 0.3602502 0.3594659 0.3587111 0.3587111 0.3585986 0.3587043 0.3593138 0.3603441 0.3603441 0.3595692 0.3603536 0.3603536 0.3608704 0.3604467 0.3615241 0.3594829 0.3590584 0.3609406 0.3588786 0.0039873 0.8874907 
JN420338_Human_herpesvirus_1            0.0129708 0.0031679 0.0039873 0.0129708 0.0043686 0.0031772 0.0133858 0.0027647 0.0072033 0.0035756 0.0043901 0.0047629 0.0047629 0.0023679 0.3380457 0.3389127 0.3399509 0.3211038 0.3320930 0.3357279 0.3460932 0.3280521 0.3318124 0.3392608 0.2183607 0.3230151 0.3265034 0.3332519 0.3394644 0.3250032 0.3379753 0.3344714 0.0007863 0.0027820 0.0000000 0.0048569 0.0047912 0.0051754 0.0043601 0.3764948 0.0027699 0.0031679 0.0023699 0.3628065 0.0035664 0.0047632 0.0063863 0.0063863 0.0039605 0.0039605 0.0031667 0.0039607 0.3619254 0.3617227 0.3619254 0.3626110 0.3617227 0.3615169 0.3598724 0.3620931 0.3597642 0.3637442 0.3595129 0.3610406 0.3611387 0.3610515 0.3602059 0.3620187 0.3622903 0.3606535 0.3627161 0.3611387 0.3603579 0.3596061 0.3596061 0.3594944 0.3595995 0.3602059 0.3612324 0.3612324 0.3604609 0.3612419 0.3612419 0.3617570 0.3613349 0.3624083 0.3603747 0.3599530 0.3618260 0.3597735 0.0023715 0.8901454 
JN420339_Human_herpesvirus_1            0.0162085 0.0060908 0.0069497 0.0162085 0.0073309 0.0069399 0.0166361 0.0064969 0.0102570 0.0065179 0.0073653 0.0036268 0.0036268 0.0069122 0.3378449 0.3387181 0.3397564 0.3208072 0.3319025 0.3355285 0.3437052 0.3278623 0.3316184 0.3390690 0.2165450 0.3228228 0.3263146 0.3330571 0.3364798 0.3248027 0.3377842 0.3342777 0.0052656 0.0052950 0.0048569 0.0000000 0.0044713 0.0048642 0.0056714 0.3688332 0.0056831 0.0060935 0.0044479 0.3526204 0.0073329 0.0069083 0.0085795 0.0085795 0.0060819 0.0060819 0.0052681 0.0085697 0.3517351 0.3515355 0.3517351 0.3524138 0.3515355 0.3513113 0.3496605 0.3518692 0.3495540 0.3535183 0.3493102 0.3508247 0.3509429 0.3508453 0.3500093 0.3518246 0.3520777 0.3504475 0.3525317 0.3509429 0.3501563 0.3494022 0.3494022 0.3492874 0.3493935 0.3500093 0.3510354 0.3510354 0.3502579 0.3510448 0.3510448 0.3515560 0.3511340 0.3522068 0.3501743 0.3497389 0.3516374 0.3495633 0.0056823 0.8648110 
JN420340_Human_herpesvirus_1            0.0155532 0.0056032 0.0064464 0.0155532 0.0068233 0.0064374 0.0159735 0.0060031 0.0097027 0.0060225 0.0068554 0.0039838 0.0039838 0.0064117 0.3444216 0.3450779 0.3460959 0.3208072 0.3382318 0.3420947 0.3519505 0.3342357 0.3380669 0.3453320 0.2165450 0.3293631 0.3326763 0.3395144 0.3453845 0.3258038 0.3440409 0.3406769 0.0047912 0.0043982 0.0047912 0.0044713 0.0000000 0.0043954 0.0043853 0.3826619 0.0043944 0.0047972 0.0039862 0.3663217 0.0068252 0.0055981 0.0080528 0.0080528 0.0047880 0.0047880 0.0047935 0.0080435 0.3654349 0.3652295 0.3654349 0.3661284 0.3652295 0.3650284 0.3633727 0.3656157 0.3632631 0.3672808 0.3630071 0.3645517 0.3646438 0.3645593 0.3637037 0.3655303 0.3658104 0.3641582 0.3662300 0.3646438 0.3638587 0.3631016 0.3631016 0.3629900 0.3630956 0.3637037 0.3647387 0.3647387 0.3639629 0.3647483 0.3647483 0.3652689 0.3648433 0.3659256 0.3638752 0.3634547 0.3653341 0.3632725 0.0056048 0.9011394 
JN420341_Human_herpesvirus_1            0.0159265 0.0059872 0.0068298 0.0159265 0.0072058 0.0068203 0.0163465 0.0063863 0.0100808 0.0064057 0.0072382 0.0043692 0.0043692 0.0067945 0.3413959 0.3421516 0.3431776 0.3261364 0.3353280 0.3390769 0.3491611 0.3313165 0.3351084 0.3424500 0.2208292 0.3263734 0.3297644 0.3365500 0.3425743 0.3298003 0.3411634 0.3377378 0.0051753 0.0056092 0.0051754 0.0048642 0.0043954 0.0000000 0.0055752 0.3800582 0.0055855 0.0059898 0.0043718 0.3637878 0.0072078 0.0064440 0.0084327 0.0084327 0.0059786 0.0059786 0.0051778 0.0084231 0.3629057 0.3627024 0.3629057 0.3635931 0.3627024 0.3624981 0.3608516 0.3630770 0.3607431 0.3647308 0.3604906 0.3620220 0.3621184 0.3620320 0.3611842 0.3629996 0.3632733 0.3616334 0.3636971 0.3621184 0.3613369 0.3605842 0.3605842 0.3604725 0.3605777 0.3611842 0.3622123 0.3622123 0.3614402 0.3622219 0.3622219 0.3627382 0.3623154 0.3633905 0.3613536 0.3609325 0.3628060 0.3607524 0.0059890 0.8921730 
JN420342_Human_herpesvirus_1            0.0150481 0.0051656 0.0060006 0.0150481 0.0063777 0.0059922 0.0154660 0.0055640 0.0092354 0.0055809 0.0064066 0.0051616 0.0051616 0.0059693 0.3371724 0.3389319 0.3399691 0.3168223 0.3321177 0.3348604 0.3461057 0.3272241 0.3309676 0.3392794 0.2161555 0.3221754 0.3256799 0.3324033 0.3394823 0.3241286 0.3379949 0.3336281 0.0043600 0.0039814 0.0043601 0.0056714 0.0043853 0.0055752 0.0000000 0.3766608 0.0047690 0.0051702 0.0027628 0.3610384 0.0059681 0.0051619 0.0067803 0.0067803 0.0043572 0.0043572 0.0027641 0.0075884 0.3601597 0.3599583 0.3601597 0.3608418 0.3599583 0.3597501 0.3581103 0.3603211 0.3580029 0.3619659 0.3577537 0.3592737 0.3593749 0.3592862 0.3584453 0.3602520 0.3605195 0.3588897 0.3609487 0.3593749 0.3585959 0.3578464 0.3578464 0.3577345 0.3578395 0.3584453 0.3594681 0.3594681 0.3586983 0.3594775 0.3594775 0.3599902 0.3595695 0.3606390 0.3586129 0.3581903 0.3600610 0.3580121 0.0051671 0.8850822 
JQ360576_Chimpanzee_alpha-1_herpesvirus 0.3866613 0.3763777 0.3797481 0.3866613 0.3764870 0.3823594 0.3874577 0.3803385 0.3788423 0.3758802 0.3806436 0.3804543 0.3804543 0.3767970 0.0871529 0.0892846 0.0883778 0.0948091 0.0862471 0.0885321 0.0893945 0.0898499 0.0881364 0.0875084 0.0703430 0.0863977 0.0859932 0.0871689 0.0903662 0.0875457 0.0877821 0.0886586 0.3779868 0.3759608 0.3764948 0.3688332 0.3826619 0.3800582 0.3766608 0.0000000 0.3811336 0.3819272 0.3763004 0.0954327 0.3787681 0.3820248 0.3800297 0.3800297 0.3776931 0.3776931 0.3773611 0.3756201 0.0948897 0.0943475 0.0948897 0.0946055 0.0943475 0.0955037 0.0955161 0.0956131 0.0965648 0.0971954 0.0947128 0.0955460 0.0943673 0.0951241 0.0947251 0.0938090 0.0960517 0.0949727 0.0964838 0.0943673 0.0965451 0.0947327 0.0947327 0.0949457 0.0962548 0.0947251 0.0943872 0.0943872 0.0949333 0.0954569 0.0954569 0.0967053 0.0965424 0.0954836 0.0944274 0.0949558 0.0959371 0.0954966 0.3770924 0.8486283 
JQ730035_Human_herpesvirus_1            0.0142440 0.0043746 0.0043837 0.0142440 0.0055840 0.0035725 0.0146614 0.0039666 0.0084388 0.0047878 0.0047867 0.0051711 0.0051711 0.0043691 0.3437404 0.3430568 0.3454371 0.3229512 0.3375850 0.3400126 0.3513148 0.3322277 0.3360289 0.3446822 0.2183607 0.3273105 0.3320339 0.3388525 0.3447509 0.3294531 0.3433935 0.3400195 0.0027699 0.0039916 0.0027699 0.0056831 0.0043944 0.0055855 0.0047690 0.3811336 0.0000000 0.0003926 0.0035703 0.3657314 0.0047756 0.0051737 0.0076156 0.0076156 0.0043681 0.0043681 0.0043731 0.0059803 0.3648465 0.3646418 0.3648465 0.3655379 0.3646418 0.3644401 0.3627880 0.3650249 0.3626788 0.3666859 0.3624238 0.3639640 0.3640569 0.3639721 0.3631191 0.3649414 0.3652198 0.3635719 0.3656400 0.3640569 0.3632734 0.3625180 0.3625180 0.3624065 0.3625119 0.3631191 0.3641515 0.3641515 0.3633773 0.3641611 0.3641611 0.3646802 0.3642557 0.3653354 0.3632899 0.3628697 0.3647460 0.3626881 0.0051800 0.8975989 
