101
HM585496_Human_herpesvirus_1            0.0000000 0.0086754 0.0060882 0.0011859 0.0011859 0.0060572 0.0090595 0.0007876 0.0077818 0.0011829 0.0007885 0.0007876 0.0078281 0.0056758 0.0077864 0.0082578 0.0077949 0.0077949 0.0056914 0.2800875 0.2736663 0.2743255 0.2327337 0.2827858 0.2728812 0.2772951 0.2726407 0.2773617 0.2741471 0.2141322 0.2756679 0.2826071 0.2821412 0.2862622 0.2649195 0.2846405 0.2799103 0.0052707 0.0082180 0.0073760 0.0078072 0.0077633 0.0069484 0.0073756 0.2946668 0.0073777 0.0065369 0.0065112 0.2860814 0.0074059 0.0086342 0.0073973 0.0073973 0.0073858 0.0061329 0.0061159 0.0069239 0.0065253 0.2851731 0.2861211 0.2851731 0.2841352 0.2861211 0.2894062 0.2851895 0.2884371 0.2851255 0.2851010 0.2831497 0.2871962 0.2851396 0.2869803 0.2850507 0.2861459 0.2851407 0.2841609 0.2851497 0.2822280 0.2832294 0.2841759 0.2851407 0.2884371 0.2844812 0.2850507 0.2869903 0.2869903 0.2842423 0.2832312 0.2851497 0.2841520 0.2851497 0.2860980 0.2850846 0.2851497 0.2861550 0.2870621 0.0069644 0.0069644 0.2862457 0.0065258 0.6664860 
HM585497_Human_herpesvirus_1            0.0086754 0.0000000 0.0073956 0.0091029 0.0091029 0.0073809 0.0082211 0.0086532 0.0121743 0.0086532 0.0086665 0.0086532 0.0091563 0.0090801 0.0073991 0.0086986 0.0091173 0.0091173 0.0069815 0.2774434 0.2710502 0.2716905 0.2313513 0.2801539 0.2702540 0.2746645 0.2700097 0.2747430 0.2715187 0.2128753 0.2730271 0.2799698 0.2804474 0.2836228 0.2632334 0.2820108 0.2772810 0.0074354 0.0100292 0.0091687 0.0104604 0.0095530 0.0095923 0.0100291 0.2909484 0.0082668 0.0074164 0.0091312 0.2834509 0.0087282 0.0104529 0.0087181 0.0087181 0.0087046 0.0091894 0.0091642 0.0086947 0.0078277 0.2825454 0.2834915 0.2825454 0.2815115 0.2834915 0.2867633 0.2825592 0.2857972 0.2824966 0.2824727 0.2805267 0.2845601 0.2825102 0.2843496 0.2824242 0.2835140 0.2825120 0.2815346 0.2825209 0.2796063 0.2806044 0.2815485 0.2825120 0.2857972 0.2818521 0.2824242 0.2843584 0.2843584 0.2816164 0.2806086 0.2825209 0.2815257 0.2825209 0.2834674 0.2824566 0.2825209 0.2835229 0.2844307 0.0082769 0.0082769 0.2836128 0.0074038 0.6745370 
HM585498_Human_herpesvirus_1            0.0060882 0.0073956 0.0000000 0.0065045 0.0065045 0.0064887 0.0052441 0.0052478 0.0099369 0.0056586 0.0060819 0.0052478 0.0099956 0.0086354 0.0082311 0.0019908 0.0090938 0.0090938 0.0069636 0.2801487 0.2737229 0.2743829 0.2327239 0.2828484 0.2729376 0.2773543 0.2726971 0.2774207 0.2742043 0.2141722 0.2757262 0.2826697 0.2822037 0.2863272 0.2649711 0.2847042 0.2799710 0.0065364 0.0095224 0.0086706 0.0091084 0.0090574 0.0082366 0.0095269 0.2976099 0.0086724 0.0078215 0.0086395 0.2861461 0.0095661 0.0090837 0.0095552 0.0095552 0.0095404 0.0074153 0.0073949 0.0082077 0.0069624 0.2852371 0.2861858 0.2852371 0.2841985 0.2861858 0.2894733 0.2852536 0.2885035 0.2851895 0.2851649 0.2832123 0.2872616 0.2852037 0.2870455 0.2851146 0.2862107 0.2852047 0.2842243 0.2852137 0.2822900 0.2832921 0.2842392 0.2852047 0.2885035 0.2845447 0.2851146 0.2870556 0.2870556 0.2843057 0.2832938 0.2852137 0.2842153 0.2852137 0.2861627 0.2851486 0.2852137 0.2862197 0.2871274 0.0091111 0.0091111 0.2863105 0.0086586 0.6739677 
HM585499_Human_herpesvirus_1            0.0011859 0.0091029 0.0065045 0.0000000 0.0000010 0.0064715 0.0094864 0.0011833 0.0082045 0.0015798 0.0011847 0.0011833 0.0082532 0.0060909 0.0082093 0.0086844 0.0082182 0.0082182 0.0061077 0.2810342 0.2746034 0.2752692 0.2342782 0.2837279 0.2738223 0.2782372 0.2735832 0.2782995 0.2750885 0.2155194 0.2766136 0.2835512 0.2830887 0.2872067 0.2658601 0.2855817 0.2808516 0.0056852 0.0086427 0.0077983 0.0082312 0.0081851 0.0073689 0.0077978 0.2956133 0.0077999 0.0069566 0.0069293 0.2870227 0.0078298 0.0090598 0.0078208 0.0078208 0.0078086 0.0065521 0.0065340 0.0073429 0.0069442 0.2861135 0.2870621 0.2861135 0.2850742 0.2870621 0.2903517 0.2861309 0.2893817 0.2860664 0.2860416 0.2840886 0.2881394 0.2860807 0.2879216 0.2859907 0.2870878 0.2860814 0.2851010 0.2860904 0.2831665 0.2841690 0.2851162 0.2860814 0.2893817 0.2854221 0.2859907 0.2879321 0.2879321 0.2851821 0.2841699 0.2860904 0.2850920 0.2860904 0.2870394 0.2860252 0.2860904 0.2870968 0.2880037 0.0073858 0.0073858 0.2871879 0.0069447 0.6692107 
HM585500_Human_herpesvirus_1            0.0011859 0.0091029 0.0065045 0.0000010 0.0000000 0.0064715 0.0094864 0.0011833 0.0082045 0.0015798 0.0011847 0.0011833 0.0082532 0.0060909 0.0082093 0.0086844 0.0082182 0.0082182 0.0061077 0.2810342 0.2746034 0.2752692 0.2342782 0.2837279 0.2738223 0.2782372 0.2735832 0.2782995 0.2750885 0.2155194 0.2766136 0.2835512 0.2830887 0.2872067 0.2658601 0.2855817 0.2808516 0.0056852 0.0086427 0.0077983 0.0082312 0.0081851 0.0073689 0.0077978 0.2956133 0.0077999 0.0069566 0.0069293 0.2870227 0.0078298 0.0090598 0.0078208 0.0078208 0.0078086 0.0065521 0.0065340 0.0073429 0.0069442 0.2861135 0.2870621 0.2861135 0.2850742 0.2870621 0.2903517 0.2861309 0.2893817 0.2860664 0.2860416 0.2840886 0.2881394 0.2860807 0.2879216 0.2859907 0.2870878 0.2860814 0.2851010 0.2860904 0.2831665 0.2841690 0.2851162 0.2860814 0.2893817 0.2854221 0.2859907 0.2879321 0.2879321 0.2851821 0.2841699 0.2860904 0.2850920 0.2860904 0.2870394 0.2860252 0.2860904 0.2870968 0.2880037 0.0073858 0.0073858 0.2871879 0.0069447 0.6692107 
HM585501_Human_herpesvirus_1            0.0060572 0.0073809 0.0064887 0.0064715 0.0064715 0.0000000 0.0077657 0.0052210 0.0103366 0.0056297 0.0060510 0.0052210 0.0065226 0.0077715 0.0048333 0.0078121 0.0064950 0.0064950 0.0044245 0.2779717 0.2715830 0.2722262 0.2326802 0.2806754 0.2707904 0.2751946 0.2705472 0.2752706 0.2720533 0.2127238 0.2735618 0.2804927 0.2809718 0.2841402 0.2628431 0.2825289 0.2778066 0.0048449 0.0077747 0.0069370 0.0077788 0.0073239 0.0073506 0.0078027 0.2895474 0.0060832 0.0052551 0.0077752 0.2839668 0.0061065 0.0090380 0.0060994 0.0060994 0.0060899 0.0065357 0.0065177 0.0064892 0.0052458 0.2830623 0.2840072 0.2830623 0.2820292 0.2840072 0.2872763 0.2830765 0.2863111 0.2830138 0.2829898 0.2810458 0.2850753 0.2830274 0.2848641 0.2829410 0.2840301 0.2830291 0.2820528 0.2830380 0.2801267 0.2811238 0.2820669 0.2830291 0.2863111 0.2823703 0.2829410 0.2848731 0.2848731 0.2821343 0.2811275 0.2830380 0.2820439 0.2830380 0.2839833 0.2829736 0.2830380 0.2840390 0.2849452 0.0056748 0.0056748 0.2841290 0.0069278 0.6657400 
HM585502_Human_herpesvirus_1            0.0090595 0.0082211 0.0052441 0.0094864 0.0094864 0.0077657 0.0000000 0.0081877 0.0121214 0.0081877 0.0090503 0.0081877 0.0117842 0.0090367 0.0099772 0.0056748 0.0121602 0.0121602 0.0099733 0.2832393 0.2767786 0.2765069 0.2312680 0.2868707 0.2750548 0.2804282 0.2748172 0.2804730 0.2772744 0.2128030 0.2778555 0.2867003 0.2872080 0.2894141 0.2680331 0.2887236 0.2830365 0.0082487 0.0112839 0.0104195 0.0112845 0.0103722 0.0099771 0.0108482 0.2967387 0.0112921 0.0104225 0.0099463 0.2901669 0.0113479 0.0117083 0.0113352 0.0113352 0.0113177 0.0095760 0.0095499 0.0095084 0.0108386 0.2892535 0.2902052 0.2892535 0.2882084 0.2902052 0.2925653 0.2892742 0.2915918 0.2892078 0.2891821 0.2872211 0.2912914 0.2892228 0.2910667 0.2891291 0.2902338 0.2892225 0.2882385 0.2892316 0.2862966 0.2873040 0.2882550 0.2892225 0.2915918 0.2876191 0.2891291 0.2910789 0.2910789 0.2883191 0.2873019 0.2892316 0.2882294 0.2892316 0.2901837 0.2891656 0.2892316 0.2902430 0.2911498 0.0108814 0.0108814 0.2903351 0.0104049 0.6791341 
HM585503_Human_herpesvirus_1            0.0007876 0.0086532 0.0052478 0.0011833 0.0011833 0.0052210 0.0081877 0.0000000 0.0077619 0.0000010 0.0007867 0.0000010 0.0078117 0.0056611 0.0077665 0.0073886 0.0077786 0.0077786 0.0056793 0.2801793 0.2737585 0.2744182 0.2341914 0.2828766 0.2729739 0.2773871 0.2727336 0.2774533 0.2742396 0.2154532 0.2757605 0.2826981 0.2822327 0.2863525 0.2650135 0.2847308 0.2800016 0.0052595 0.0077775 0.0069398 0.0077872 0.0073268 0.0065148 0.0073567 0.2937592 0.0069413 0.0061050 0.0064945 0.2861714 0.0073904 0.0081920 0.0073818 0.0073818 0.0073704 0.0061169 0.0061001 0.0069061 0.0065115 0.2852633 0.2862111 0.2852633 0.2842254 0.2862111 0.2894959 0.2852798 0.2885269 0.2852157 0.2851911 0.2832401 0.2872861 0.2852298 0.2870701 0.2851409 0.2862360 0.2852308 0.2842513 0.2852398 0.2823186 0.2833199 0.2842662 0.2852308 0.2885269 0.2845715 0.2851409 0.2870802 0.2870802 0.2843326 0.2833216 0.2852398 0.2842423 0.2852398 0.2861880 0.2851748 0.2852398 0.2862450 0.2871519 0.0069497 0.0069497 0.2863358 0.0060946 0.6701506 
HM585504_Human_herpesvirus_1            0.0077818 0.0121743 0.0099369 0.0082045 0.0082045 0.0103366 0.0121214 0.0077619 0.0000000 0.0077619 0.0077739 0.0077619 0.0131180 0.0052349 0.0130435 0.0122063 0.0135203 0.0135203 0.0113055 0.2802736 0.2747941 0.2746012 0.2341162 0.2829715 0.2731548 0.2774798 0.2729145 0.2785849 0.2752802 0.2140085 0.2759454 0.2846977 0.2822710 0.2864491 0.2651854 0.2848264 0.2801906 0.0095179 0.0103654 0.0091196 0.0065133 0.0081869 0.0064992 0.0091141 0.2927854 0.0126424 0.0117621 0.0069308 0.2872168 0.0126776 0.0099241 0.0126634 0.0126634 0.0126441 0.0061022 0.0060854 0.0073446 0.0121814 0.2863073 0.2872561 0.2863073 0.2852675 0.2872561 0.2905473 0.2863248 0.2895769 0.2862602 0.2862353 0.2842816 0.2883341 0.2862745 0.2881158 0.2861843 0.2872820 0.2862752 0.2852944 0.2862842 0.2833592 0.2843622 0.2853098 0.2862752 0.2895769 0.2856158 0.2861843 0.2881265 0.2881265 0.2853756 0.2843629 0.2862842 0.2852854 0.2862842 0.2872335 0.2862189 0.2862842 0.2872911 0.2881980 0.0122033 0.0122033 0.2873822 0.0091074 0.6761074 
HM585505_Human_herpesvirus_1            0.0011829 0.0086532 0.0056586 0.0015798 0.0015798 0.0056297 0.0081877 0.0000010 0.0077619 0.0000000 0.0011816 0.0000010 0.0082330 0.0056611 0.0077665 0.0073886 0.0081981 0.0081981 0.0060925 0.2809951 0.2745685 0.2752337 0.2341914 0.2836874 0.2737877 0.2782000 0.2735487 0.2782624 0.2750532 0.2154532 0.2765772 0.2835107 0.2830484 0.2871640 0.2658299 0.2855401 0.2808129 0.0056711 0.0077745 0.0069371 0.0077872 0.0073241 0.0065123 0.0073567 0.2936161 0.0069387 0.0061027 0.0064945 0.2869803 0.0078105 0.0081889 0.0078015 0.0078015 0.0077894 0.0061169 0.0061001 0.0069061 0.0069271 0.2860717 0.2870196 0.2860717 0.2850331 0.2870196 0.2903070 0.2860890 0.2893376 0.2860245 0.2859997 0.2840480 0.2880961 0.2860388 0.2878785 0.2859489 0.2870453 0.2860395 0.2850597 0.2860485 0.2831265 0.2841284 0.2850750 0.2860395 0.2893376 0.2853806 0.2859489 0.2878891 0.2878891 0.2851409 0.2841293 0.2860485 0.2850507 0.2860485 0.2869969 0.2859834 0.2860485 0.2870543 0.2879606 0.0073676 0.0073676 0.2871453 0.0060923 0.6701506 
HM585506_Human_herpesvirus_1            0.0007885 0.0086665 0.0060819 0.0011847 0.0011847 0.0060510 0.0090503 0.0007867 0.0077739 0.0011816 0.0000000 0.0007867 0.0078201 0.0056699 0.0077784 0.0082493 0.0077869 0.0077869 0.0056855 0.2800639 0.2736445 0.2743033 0.2342566 0.2827618 0.2728595 0.2772724 0.2726190 0.2773391 0.2741251 0.2155036 0.2756454 0.2825831 0.2821172 0.2862373 0.2648995 0.2846161 0.2798869 0.0052652 0.0082096 0.0073684 0.0077992 0.0077554 0.0069412 0.0073680 0.2946397 0.0073701 0.0065301 0.0065045 0.2860566 0.0073983 0.0086254 0.0073897 0.0073897 0.0073782 0.0061264 0.0061095 0.0069167 0.0065185 0.2851486 0.2860963 0.2851486 0.2841109 0.2860963 0.2893805 0.2851650 0.2884117 0.2851010 0.2850764 0.2831256 0.2871710 0.2851151 0.2869552 0.2850262 0.2861211 0.2851161 0.2841366 0.2851251 0.2822042 0.2832053 0.2841516 0.2851161 0.2884117 0.2844567 0.2850262 0.2869653 0.2869653 0.2842180 0.2832071 0.2851251 0.2841277 0.2851251 0.2860732 0.2850601 0.2851251 0.2861301 0.2870371 0.0069572 0.0069572 0.2862208 0.0065190 0.6706285 
HM585507_Human_herpesvirus_1            0.0007876 0.0086532 0.0052478 0.0011833 0.0011833 0.0052210 0.0081877 0.0000010 0.0077619 0.0000010 0.0007867 0.0000000 0.0078117 0.0056611 0.0077665 0.0073886 0.0077786 0.0077786 0.0056793 0.2801793 0.2737585 0.2744182 0.2341914 0.2828766 0.2729739 0.2773871 0.2727336 0.2774533 0.2742396 0.2154532 0.2757605 0.2826981 0.2822327 0.2863525 0.2650135 0.2847308 0.2800016 0.0052595 0.0077775 0.0069398 0.0077872 0.0073268 0.0065148 0.0073567 0.2937592 0.0069413 0.0061050 0.0064945 0.2861714 0.0073904 0.0081920 0.0073818 0.0073818 0.0073704 0.0061169 0.0061001 0.0069061 0.0065115 0.2852633 0.2862111 0.2852633 0.2842254 0.2862111 0.2894959 0.2852798 0.2885269 0.2852157 0.2851911 0.2832401 0.2872861 0.2852298 0.2870701 0.2851409 0.2862360 0.2852308 0.2842513 0.2852398 0.2823186 0.2833199 0.2842662 0.2852308 0.2885269 0.2845715 0.2851409 0.2870802 0.2870802 0.2843326 0.2833216 0.2852398 0.2842423 0.2852398 0.2861880 0.2851748 0.2852398 0.2862450 0.2871519 0.0069497 0.0069497 0.2863358 0.0060946 0.6701506 
HM585508_Human_herpesvirus_1            0.0078281 0.0091563 0.0099956 0.0082532 0.0082532 0.0065226 0.0117842 0.0078117 0.0131180 0.0082330 0.0078201 0.0078117 0.0000000 0.0104670 0.0052685 0.0122841 0.0064948 0.0064948 0.0040092 0.2815367 0.2750897 0.2756992 0.2387559 0.2842326 0.2738447 0.2787324 0.2736056 0.2777838 0.2755780 0.2167948 0.2766362 0.2840567 0.2845531 0.2875779 0.2672764 0.2860892 0.2810118 0.0040342 0.0096021 0.0086950 0.0104771 0.0099962 0.0109041 0.0087216 0.2920455 0.0060830 0.0052549 0.0096029 0.2875328 0.0019860 0.0108961 0.0019836 0.0019836 0.0019815 0.0100648 0.0100373 0.0099974 0.0048267 0.2866215 0.2875721 0.2866215 0.2855797 0.2875721 0.2908699 0.2866395 0.2898976 0.2865745 0.2865495 0.2845922 0.2886525 0.2865890 0.2884332 0.2864983 0.2875983 0.2865895 0.2856070 0.2865986 0.2836684 0.2846732 0.2856225 0.2865895 0.2898976 0.2859292 0.2864983 0.2884440 0.2884440 0.2856882 0.2846736 0.2865986 0.2855980 0.2865986 0.2875495 0.2865331 0.2865986 0.2876074 0.2885156 0.0015818 0.0015818 0.2875581 0.0069493 0.6717866 
HM585509_Human_herpesvirus_1            0.0056758 0.0090801 0.0086354 0.0060909 0.0060909 0.0077715 0.0090367 0.0056611 0.0052349 0.0056611 0.0056699 0.0056611 0.0104670 0.0000000 0.0104067 0.0099496 0.0112933 0.0112933 0.0091192 0.2772782 0.2708881 0.2715272 0.2312145 0.2799890 0.2700914 0.2745008 0.2698469 0.2745800 0.2713558 0.2127602 0.2728631 0.2798045 0.2802814 0.2834567 0.2621343 0.2818456 0.2771168 0.0069599 0.0077932 0.0074065 0.0069502 0.0060870 0.0048382 0.0061386 0.2878897 0.0095637 0.0095647 0.0048483 0.2832854 0.0100347 0.0090597 0.0100233 0.0100233 0.0100077 0.0044418 0.0044295 0.0052566 0.0099798 0.2823803 0.2833261 0.2823803 0.2813469 0.2833261 0.2865965 0.2823939 0.2856306 0.2823314 0.2823076 0.2803622 0.2843940 0.2823449 0.2841839 0.2822592 0.2833484 0.2823468 0.2813697 0.2823557 0.2794421 0.2804398 0.2813836 0.2823468 0.2856306 0.2816870 0.2822592 0.2841926 0.2841926 0.2814515 0.2804442 0.2823557 0.2813608 0.2823557 0.2833019 0.2822914 0.2823557 0.2833573 0.2842649 0.0095756 0.0095756 0.2834472 0.0073966 0.6727351 
HM585510_Human_herpesvirus_1            0.0077864 0.0073991 0.0082311 0.0082093 0.0082093 0.0048333 0.0099772 0.0077665 0.0130435 0.0077665 0.0077784 0.0077665 0.0052685 0.0104067 0.0000000 0.0104605 0.0073526 0.0073526 0.0048543 0.2773068 0.2709238 0.2715038 0.2297000 0.2800143 0.2688623 0.2745325 0.2686166 0.2736110 0.2713911 0.2100390 0.2716212 0.2798301 0.2803065 0.2833394 0.2641976 0.2818686 0.2760050 0.0057026 0.0091202 0.0086968 0.0104167 0.0095129 0.0095473 0.0095266 0.2888948 0.0065183 0.0056851 0.0104118 0.2833067 0.0048564 0.0104042 0.0048507 0.0048507 0.0048432 0.0091426 0.0091176 0.0090814 0.0056816 0.2824026 0.2833473 0.2824026 0.2813704 0.2833473 0.2866137 0.2824162 0.2856490 0.2823538 0.2823300 0.2803869 0.2844139 0.2823673 0.2842041 0.2822817 0.2833696 0.2823692 0.2813932 0.2823781 0.2794679 0.2804644 0.2814071 0.2823692 0.2856490 0.2817101 0.2822817 0.2842127 0.2842127 0.2814750 0.2804688 0.2823781 0.2813844 0.2823781 0.2833231 0.2823139 0.2823781 0.2833785 0.2842850 0.0044324 0.0044324 0.2833302 0.0073687 0.6719590 
HM585511_Human_herpesvirus_1            0.0082578 0.0086986 0.0019908 0.0086844 0.0086844 0.0078121 0.0056748 0.0073886 0.0122063 0.0073886 0.0082493 0.0073886 0.0122841 0.0099496 0.0104605 0.0000000 0.0113514 0.0113514 0.0091668 0.2780506 0.2716599 0.2723037 0.2327239 0.2807546 0.2708674 0.2752726 0.2706243 0.2753482 0.2721307 0.2141722 0.2736398 0.2805719 0.2800992 0.2842202 0.2629185 0.2826083 0.2778851 0.0087270 0.0113508 0.0104816 0.0113642 0.0108694 0.0100367 0.0117903 0.2945695 0.0104835 0.0096145 0.0108747 0.2840465 0.0118446 0.0109006 0.0118313 0.0118313 0.0118130 0.0096334 0.0096070 0.0104309 0.0091652 0.2831417 0.2840869 0.2831417 0.2821084 0.2840869 0.2873570 0.2831561 0.2863916 0.2830933 0.2830692 0.2811248 0.2851554 0.2831069 0.2849440 0.2830204 0.2841099 0.2831086 0.2821320 0.2831175 0.2802054 0.2812028 0.2821461 0.2831086 0.2863916 0.2824496 0.2830204 0.2849530 0.2849530 0.2822136 0.2812065 0.2831175 0.2821231 0.2831175 0.2840630 0.2830531 0.2831175 0.2841188 0.2850251 0.0113733 0.0113733 0.2842088 0.0104668 0.6744470 
HM585512_Human_herpesvirus_1            0.0077949 0.0091173 0.0090938 0.0082182 0.0082182 0.0064950 0.0121602 0.0077786 0.0135203 0.0081981 0.0077869 0.0077786 0.0064948 0.0112933 0.0073526 0.0113514 0.0000000 0.0000010 0.0027848 0.2800492 0.2736301 0.2742888 0.2327444 0.2818058 0.2728450 0.2772578 0.2726045 0.2763876 0.2741106 0.2114177 0.2756308 0.2816251 0.2801153 0.2852787 0.2658256 0.2836609 0.2789317 0.0065293 0.0104268 0.0095177 0.0108793 0.0108189 0.0108577 0.0104107 0.2935927 0.0044124 0.0035985 0.0112988 0.2851013 0.0060803 0.0117228 0.0060733 0.0060733 0.0060639 0.0100257 0.0099984 0.0099550 0.0035920 0.2841942 0.2851413 0.2841942 0.2831580 0.2851413 0.2884208 0.2842096 0.2874530 0.2841461 0.2841218 0.2821729 0.2862137 0.2841600 0.2859999 0.2840723 0.2851652 0.2841614 0.2831827 0.2841703 0.2812518 0.2822518 0.2831972 0.2841614 0.2874530 0.2844419 0.2840723 0.2860095 0.2860095 0.2832642 0.2822545 0.2841703 0.2831737 0.2841703 0.2851178 0.2841056 0.2841703 0.2851742 0.2860814 0.0056505 0.0056505 0.2852646 0.0077597 0.6679156 
HM585513_Human_herpesvirus_1            0.0077949 0.0091173 0.0090938 0.0082182 0.0082182 0.0064950 0.0121602 0.0077786 0.0135203 0.0081981 0.0077869 0.0077786 0.0064948 0.0112933 0.0073526 0.0113514 0.0000010 0.0000000 0.0027848 0.2800492 0.2736301 0.2742888 0.2327444 0.2818058 0.2728450 0.2772578 0.2726045 0.2763876 0.2741106 0.2114177 0.2756308 0.2816251 0.2801153 0.2852787 0.2658256 0.2836609 0.2789317 0.0065293 0.0104268 0.0095177 0.0108793 0.0108189 0.0108577 0.0104107 0.2935927 0.0044124 0.0035985 0.0112988 0.2851013 0.0060803 0.0117228 0.0060733 0.0060733 0.0060639 0.0100257 0.0099984 0.0099550 0.0035920 0.2841942 0.2851413 0.2841942 0.2831580 0.2851413 0.2884208 0.2842096 0.2874530 0.2841461 0.2841218 0.2821729 0.2862137 0.2841600 0.2859999 0.2840723 0.2851652 0.2841614 0.2831827 0.2841703 0.2812518 0.2822518 0.2831972 0.2841614 0.2874530 0.2844419 0.2840723 0.2860095 0.2860095 0.2832642 0.2822545 0.2841703 0.2831737 0.2841703 0.2851178 0.2841056 0.2841703 0.2851742 0.2860814 0.0056505 0.0056505 0.2852646 0.0077597 0.6679156 
HM585514_Human_herpesvirus_1            0.0056914 0.0069815 0.0069636 0.0061077 0.0061077 0.0044245 0.0099733 0.0056793 0.0113055 0.0060925 0.0056855 0.0056793 0.0040092 0.0091192 0.0048543 0.0091668 0.0027848 0.0027848 0.0000000 0.2781108 0.2717143 0.2723590 0.2312992 0.2808166 0.2699178 0.2753302 0.2696733 0.2754056 0.2721857 0.2100870 0.2726863 0.2806340 0.2801611 0.2842854 0.2639049 0.2826719 0.2769374 0.0044479 0.0082661 0.0069489 0.0087082 0.0086593 0.0086908 0.0082535 0.2916499 0.0023846 0.0015838 0.0091236 0.2841113 0.0036032 0.0095430 0.0035990 0.0035990 0.0035934 0.0078657 0.0078441 0.0078097 0.0007853 0.2832057 0.2841517 0.2832057 0.2821714 0.2841517 0.2874249 0.2832201 0.2864586 0.2831572 0.2831332 0.2811869 0.2852212 0.2831709 0.2850096 0.2830843 0.2841747 0.2831725 0.2821951 0.2831815 0.2802668 0.2812651 0.2822093 0.2831725 0.2864586 0.2825131 0.2830843 0.2850186 0.2850186 0.2822767 0.2812687 0.2831815 0.2821862 0.2831815 0.2841278 0.2831170 0.2831815 0.2841837 0.2850908 0.0031889 0.0031889 0.2842738 0.0056654 0.6686754 
HSV2_1                                  0.2800875 0.2774434 0.2801487 0.2810342 0.2810342 0.2779717 0.2832393 0.2801793 0.2802736 0.2809951 0.2800639 0.2801793 0.2815367 0.2772782 0.2773068 0.2780506 0.2800492 0.2800492 0.2781108 0.0000000 0.0036616 0.0036745 0.0088176 0.0096889 0.0028563 0.0008010 0.0041006 0.0075029 0.0020202 0.0018075 0.0028503 0.0088156 0.0097117 0.0092288 0.0045490 0.0087726 0.0084036 0.2775024 0.2806787 0.2816119 0.2805167 0.2811819 0.2791370 0.2823055 0.0742001 0.2780773 0.2761771 0.2822967 0.0092007 0.2806712 0.2849450 0.2805976 0.2805976 0.2805265 0.2776626 0.2775065 0.2803936 0.2800008 0.0092051 0.0096394 0.0092051 0.0092208 0.0096394 0.0118751 0.0100847 0.0105345 0.0100692 0.0096350 0.0087548 0.0101004 0.0096494 0.0087910 0.0100965 0.0096494 0.0087681 0.0092011 0.0087684 0.0087548 0.0092008 0.0100850 0.0087681 0.0105345 0.0091976 0.0100965 0.0105064 0.0105064 0.0092054 0.0083282 0.0100705 0.0092008 0.0100705 0.0109803 0.0096345 0.0096361 0.0092151 0.0100740 0.2795790 0.2795790 0.0092176 0.2811054 0.6268338 
HSV2_2                                  0.2736663 0.2710502 0.2737229 0.2746034 0.2746034 0.2715830 0.2767786 0.2737585 0.2747941 0.2745685 0.2736445 0.2737585 0.2750897 0.2708881 0.2709238 0.2716599 0.2736301 0.2736301 0.2717143 0.0036616 0.0000000 0.0024285 0.0074159 0.0070390 0.0016158 0.0036479 0.0012069 0.0049107 0.0012028 0.0012013 0.0024305 0.0061964 0.0070607 0.0066005 0.0016238 0.0061635 0.0062122 0.2710988 0.2723154 0.2751698 0.2721563 0.2728273 0.2727315 0.2758561 0.0718505 0.2716887 0.2698078 0.2739187 0.0065757 0.2742312 0.2794199 0.2741609 0.2741609 0.2740937 0.2712612 0.2711126 0.2720378 0.2735851 0.0065789 0.0070015 0.0065789 0.0065901 0.0070015 0.0091696 0.0074334 0.0078685 0.0074220 0.0069984 0.0061453 0.0074450 0.0070089 0.0078693 0.0074422 0.0070089 0.0061547 0.0065760 0.0061549 0.0061453 0.0065758 0.0074336 0.0061547 0.0078685 0.0065736 0.0074422 0.0078474 0.0078474 0.0065791 0.0057289 0.0074230 0.0065758 0.0074230 0.0083008 0.0069980 0.0069992 0.0065861 0.0074255 0.2731559 0.2731559 0.0065879 0.2746767 0.6243967 
HSV2_3                                  0.2743255 0.2716905 0.2743829 0.2752692 0.2752692 0.2722262 0.2765069 0.2744182 0.2746012 0.2752337 0.2743033 0.2744182 0.2756992 0.2715272 0.2715038 0.2723037 0.2742888 0.2742888 0.2723590 0.0036745 0.0024285 0.0000000 0.0067396 0.0071010 0.0024342 0.0036667 0.0012103 0.0053687 0.0012087 0.0000021 0.0016137 0.0062513 0.0071210 0.0066582 0.0016332 0.0062167 0.0062412 0.2715478 0.2735717 0.2764457 0.2728052 0.2734799 0.2733834 0.2765315 0.0704840 0.2723325 0.2704382 0.2745800 0.0066386 0.2748352 0.2791656 0.2747642 0.2747642 0.2746963 0.2719037 0.2717534 0.2726856 0.2742433 0.0066418 0.0070686 0.0066418 0.0066533 0.0070686 0.0092582 0.0075048 0.0079442 0.0074932 0.0070654 0.0062039 0.0075166 0.0070761 0.0079450 0.0075138 0.0070761 0.0062135 0.0066389 0.0062137 0.0062039 0.0066387 0.0075050 0.0062135 0.0079442 0.0066364 0.0075138 0.0079227 0.0079227 0.0066420 0.0057835 0.0074941 0.0066387 0.0074941 0.0075168 0.0070650 0.0070662 0.0066491 0.0074967 0.2737523 0.2737523 0.0066510 0.2753428 0.6163201 
HSV2_4                                  0.2327337 0.2313513 0.2327239 0.2342782 0.2342782 0.2326802 0.2312680 0.2341914 0.2341162 0.2341914 0.2342566 0.2341914 0.2387559 0.2312145 0.2297000 0.2327239 0.2327444 0.2327444 0.2312992 0.0088176 0.0074159 0.0067396 0.0000000 0.0019588 0.0088716 0.0102477 0.0053478 0.0013021 0.0074505 0.0020699 0.0081296 0.0026264 0.0046332 0.0019599 0.0060360 0.0019588 0.0019598 0.2329680 0.2343487 0.2371759 0.2327095 0.2356149 0.2326787 0.2372108 0.0611998 0.2327551 0.2312992 0.2356149 0.0026264 0.2357918 0.2370973 0.2357918 0.2357918 0.2372435 0.2312237 0.2326680 0.2328593 0.2341914 0.0026264 0.0026264 0.0026264 0.0019587 0.0026264 0.0053216 0.0039707 0.0032910 0.0039607 0.0026198 0.0032911 0.0026264 0.0032910 0.0053225 0.0032910 0.0026264 0.0026264 0.0026198 0.0019588 0.0026264 0.0026264 0.0032836 0.0026264 0.0032910 0.0046570 0.0032910 0.0046216 0.0046216 0.0026198 0.0026264 0.0032836 0.0039707 0.0032836 0.0046462 0.0039515 0.0026198 0.0019588 0.0026264 0.2357918 0.2357918 0.0026198 0.2357026 0.5099484 
HSV2_5                                  0.2827858 0.2801539 0.2828484 0.2837279 0.2837279 0.2806754 0.2868707 0.2828766 0.2829715 0.2836874 0.2827618 0.2828766 0.2842326 0.2799890 0.2800143 0.2807546 0.2818058 0.2818058 0.2808166 0.0096889 0.0070390 0.0071010 0.0019588 0.0000000 0.0079752 0.0101189 0.0058163 0.0004002 0.0075077 0.0006004 0.0079718 0.0007991 0.0020160 0.0003976 0.0062831 0.0007963 0.0012063 0.2802170 0.2814361 0.2843051 0.2812750 0.2819348 0.2818373 0.2849954 0.0732281 0.2807800 0.2788889 0.2830435 0.0011968 0.2833721 0.2876206 0.2832979 0.2832979 0.2832256 0.2803747 0.2802168 0.2811525 0.2826975 0.0011968 0.0015983 0.0011968 0.0011988 0.0015983 0.0036452 0.0028252 0.0024151 0.0028208 0.0015983 0.0016008 0.0011987 0.0016008 0.0032384 0.0020076 0.0016008 0.0007960 0.0011968 0.0007960 0.0024106 0.0020024 0.0011949 0.0016033 0.0024151 0.0028310 0.0020076 0.0024065 0.0024065 0.0011968 0.0011987 0.0020023 0.0020083 0.0020023 0.0028213 0.0024067 0.0015985 0.0003972 0.0020020 0.2822828 0.2822828 0.0011953 0.2837975 0.6358009 
HSV2_6                                  0.2728812 0.2702540 0.2729376 0.2738223 0.2738223 0.2707904 0.2750548 0.2729739 0.2731548 0.2737877 0.2728595 0.2729739 0.2738447 0.2700914 0.2688623 0.2708674 0.2728450 0.2728450 0.2699178 0.0028563 0.0016158 0.0024342 0.0088716 0.0079752 0.0000000 0.0028456 0.0020272 0.0057991 0.0008068 0.0018139 0.0024337 0.0071210 0.0079973 0.0075245 0.0024642 0.0070795 0.0071016 0.2701107 0.2721293 0.2748599 0.2713641 0.2720392 0.2719432 0.2749444 0.0711294 0.2708966 0.2690077 0.2731344 0.0075039 0.2729839 0.2777070 0.2729139 0.2729139 0.2728472 0.2703321 0.2701838 0.2712454 0.2717945 0.0075075 0.0079377 0.0075075 0.0075204 0.0079377 0.0101475 0.0083782 0.0088220 0.0083652 0.0079341 0.0070644 0.0083914 0.0079461 0.0079557 0.0083882 0.0079461 0.0070753 0.0075042 0.0070755 0.0070644 0.0075039 0.0083785 0.0070753 0.0088220 0.0075014 0.0083882 0.0087982 0.0087982 0.0075077 0.0066409 0.0083663 0.0075039 0.0083663 0.0092625 0.0079336 0.0079350 0.0075158 0.0083692 0.2719073 0.2719073 0.0075149 0.2738963 0.6175703 
HSV2_7                                  0.2772951 0.2746645 0.2773543 0.2782372 0.2782372 0.2751946 0.2804282 0.2773871 0.2774798 0.2782000 0.2772724 0.2773871 0.2787324 0.2745008 0.2745325 0.2752726 0.2772578 0.2772578 0.2753302 0.0008010 0.0036479 0.0036667 0.0102477 0.0101189 0.0028456 0.0000000 0.0040918 0.0074858 0.0020172 0.0024150 0.0028442 0.0092534 0.0101428 0.0096566 0.0045357 0.0091984 0.0092637 0.2747190 0.2778805 0.2788098 0.2777196 0.2783861 0.2763521 0.2794998 0.0739074 0.2753002 0.2734093 0.2794919 0.0096272 0.2778704 0.2821276 0.2777983 0.2777983 0.2777289 0.2748801 0.2747274 0.2775982 0.2772109 0.0096319 0.0100662 0.0096319 0.0096482 0.0100662 0.0123092 0.0105140 0.0109652 0.0104979 0.0100616 0.0091797 0.0105303 0.0100766 0.0092176 0.0105262 0.0100766 0.0091936 0.0096276 0.0091939 0.0091797 0.0096273 0.0105143 0.0091936 0.0109652 0.0096239 0.0105262 0.0109361 0.0109361 0.0096322 0.0087523 0.0104993 0.0096273 0.0104993 0.0114122 0.0100610 0.0100627 0.0096422 0.0105029 0.2767861 0.2767861 0.0100809 0.2783093 0.6272849 
HSV2_8                                  0.2726407 0.2700097 0.2726971 0.2735832 0.2735832 0.2705472 0.2748172 0.2727336 0.2729145 0.2735487 0.2726190 0.2727336 0.2736056 0.2698469 0.2686166 0.2706243 0.2726045 0.2726045 0.2696733 0.0041006 0.0012069 0.0012103 0.0053478 0.0058163 0.0020272 0.0040918 0.0000000 0.0041070 0.0016184 0.0000021 0.0020221 0.0049736 0.0058298 0.0053786 0.0004056 0.0049462 0.0049618 0.2698661 0.2727927 0.2755298 0.2720261 0.2727017 0.2726054 0.2747068 0.0698627 0.2715556 0.2696621 0.2738004 0.0053644 0.2727435 0.2774735 0.2726734 0.2726734 0.2726068 0.2709913 0.2708420 0.2719068 0.2715527 0.0053670 0.0057895 0.0053670 0.0053763 0.0057895 0.0079521 0.0062199 0.0066527 0.0062103 0.0057869 0.0049360 0.0062288 0.0057956 0.0066535 0.0062265 0.0057956 0.0049437 0.0053647 0.0049438 0.0049360 0.0053645 0.0062201 0.0049437 0.0066527 0.0053627 0.0062265 0.0066345 0.0066345 0.0053672 0.0045193 0.0062111 0.0053645 0.0062111 0.0070844 0.0057865 0.0057875 0.0053730 0.0062132 0.2716655 0.2716655 0.0053724 0.2745637 0.6198774 
HSV2_9                                  0.2773617 0.2747430 0.2774207 0.2782995 0.2782995 0.2752706 0.2804730 0.2774533 0.2785849 0.2782624 0.2773391 0.2774533 0.2777838 0.2745800 0.2736110 0.2753482 0.2763876 0.2763876 0.2754056 0.0075029 0.0049107 0.0053687 0.0013021 0.0004002 0.0057991 0.0074858 0.0041070 0.0000000 0.0053590 0.0000025 0.0062218 0.0004010 0.0012092 0.0003998 0.0045609 0.0000022 0.0004007 0.2746629 0.2768842 0.2797423 0.2758536 0.2765191 0.2764229 0.2795564 0.0698830 0.2753757 0.2734933 0.2776159 0.0007984 0.2769265 0.2831208 0.2768551 0.2768551 0.2767866 0.2749577 0.2748055 0.2757336 0.2772779 0.0007988 0.0011997 0.0007988 0.0003986 0.0011997 0.0032422 0.0016047 0.0020134 0.0016022 0.0007972 0.0003978 0.0016073 0.0012010 0.0020119 0.0016067 0.0012010 0.0003984 0.0003978 0.0000029 0.0011974 0.0016025 0.0011991 0.0003984 0.0020134 0.0024276 0.0016067 0.0015997 0.0015997 0.0003980 0.0000029 0.0011974 0.0007984 0.0011974 0.0020096 0.0015999 0.0007973 0.0003984 0.0016029 0.2758493 0.2758493 0.0011996 0.2783713 0.6185833 
HSV2_10                                 0.2741471 0.2715187 0.2742043 0.2750885 0.2750885 0.2720533 0.2772744 0.2742396 0.2752802 0.2750532 0.2741251 0.2742396 0.2755780 0.2713558 0.2713911 0.2721307 0.2741106 0.2741106 0.2721857 0.0020202 0.0012028 0.0012087 0.0074505 0.0075077 0.0008068 0.0020172 0.0016184 0.0053590 0.0000000 0.0005994 0.0008052 0.0066483 0.0075310 0.0070643 0.0020422 0.0066232 0.0066750 0.2715683 0.2727903 0.2756580 0.2726305 0.2733038 0.2732076 0.2763475 0.0708653 0.2721594 0.2702698 0.2744009 0.0070376 0.2747156 0.2799277 0.2746448 0.2746448 0.2745770 0.2717312 0.2715815 0.2725113 0.2740652 0.0070410 0.0074675 0.0070410 0.0070531 0.0074675 0.0092217 0.0079037 0.0079131 0.0078915 0.0074641 0.0066027 0.0079160 0.0074753 0.0074844 0.0074844 0.0074753 0.0066128 0.0070379 0.0066130 0.0066027 0.0070377 0.0079039 0.0066128 0.0079131 0.0070353 0.0074844 0.0083207 0.0083207 0.0070412 0.0061828 0.0074649 0.0070377 0.0074649 0.0087796 0.0074637 0.0074649 0.0070487 0.0078952 0.2736349 0.2736349 0.0070507 0.2751620 0.6211101 
HSV2_11                                 0.2141322 0.2128753 0.2141722 0.2155194 0.2155194 0.2127238 0.2128030 0.2154532 0.2140085 0.2154532 0.2155036 0.2154532 0.2167948 0.2127602 0.2100390 0.2141722 0.2114177 0.2114177 0.2100870 0.0018075 0.0012013 0.0000021 0.0020699 0.0006004 0.0018139 0.0024150 0.0000021 0.0000025 0.0005994 0.0000000 0.0000021 0.0000021 0.0018060 0.0006007 0.0005993 0.0006004 0.0006008 0.2115615 0.2142099 0.2153848 0.2127462 0.2153754 0.2127227 0.2181766 0.0452756 0.2114016 0.2100870 0.2181401 0.0005990 0.2141296 0.2167161 0.2141296 0.2141296 0.2154408 0.2128573 0.2127134 0.2128599 0.2126993 0.0005990 0.0012010 0.0005990 0.0006005 0.0012010 0.0018102 0.0018102 0.0005990 0.0018060 0.0012039 0.0005990 0.0000021 0.0005990 0.0018104 0.0005990 0.0000021 0.0000021 0.0012039 0.0006004 0.0005990 0.0005990 0.0018103 0.0000021 0.0005990 0.0005990 0.0005990 0.0030321 0.0030321 0.0012039 0.0000021 0.0012039 0.0012038 0.0012039 0.0024302 0.0018105 0.0012039 0.0006004 0.0005990 0.2141296 0.2141296 0.0012039 0.2140585 0.4992545 
HSV2_12                                 0.2756679 0.2730271 0.2757262 0.2766136 0.2766136 0.2735618 0.2778555 0.2757605 0.2759454 0.2765772 0.2756454 0.2757605 0.2766362 0.2728631 0.2716212 0.2736398 0.2756308 0.2756308 0.2726863 0.0028503 0.0024305 0.0016137 0.0081296 0.0079718 0.0024337 0.0028442 0.0020221 0.0062218 0.0008052 0.0000021 0.0000000 0.0071152 0.0079880 0.0075212 0.0024608 0.0070764 0.0070984 0.2728849 0.2749129 0.2776558 0.2741455 0.2748194 0.2747226 0.2777427 0.0705452 0.2736681 0.2717698 0.2759235 0.0075006 0.2757719 0.2805188 0.2757005 0.2757005 0.2756320 0.2731071 0.2729555 0.2740251 0.2745723 0.0075042 0.0079343 0.0075042 0.0075171 0.0079343 0.0092665 0.0083747 0.0079511 0.0083618 0.0079307 0.0070612 0.0083879 0.0079427 0.0079519 0.0075202 0.0079427 0.0070721 0.0075009 0.0070723 0.0070612 0.0075007 0.0083750 0.0070721 0.0079511 0.0074981 0.0075202 0.0087947 0.0087947 0.0075044 0.0066378 0.0075005 0.0075007 0.0075005 0.0092589 0.0079303 0.0079316 0.0075125 0.0083657 0.2746874 0.2746874 0.0075117 0.2766868 0.6220389 
HSV2_13                                 0.2826071 0.2799698 0.2826697 0.2835512 0.2835512 0.2804927 0.2867003 0.2826981 0.2846977 0.2835107 0.2825831 0.2826981 0.2840567 0.2798045 0.2798301 0.2805719 0.2816251 0.2816251 0.2806340 0.0088156 0.0061964 0.0062513 0.0026264 0.0007991 0.0071210 0.0092534 0.0049736 0.0004010 0.0066483 0.0000021 0.0071152 0.0000000 0.0012040 0.0003996 0.0054324 0.0008002 0.0004017 0.2800327 0.2812545 0.2841294 0.2820444 0.2817545 0.2816568 0.2848212 0.0733740 0.2805975 0.2787025 0.2828653 0.0003978 0.2831943 0.2884071 0.2831199 0.2831199 0.2830477 0.2801909 0.2800328 0.2809703 0.2825188 0.0003978 0.0007968 0.0003978 0.0003984 0.0007968 0.0028278 0.0020114 0.0016047 0.0020083 0.0016040 0.0007981 0.0000010 0.0003978 0.0024209 0.0012006 0.0003978 0.0000010 0.0012010 0.0007994 0.0016017 0.0011974 0.0011991 0.0007994 0.0016047 0.0020156 0.0012006 0.0024150 0.0024150 0.0012010 0.0003984 0.0020085 0.0012010 0.0020085 0.0028314 0.0024152 0.0016042 0.0003984 0.0011972 0.2821029 0.2821029 0.0011996 0.2836210 0.6356019 
HSV2_14                                 0.2821412 0.2804474 0.2822037 0.2830887 0.2830887 0.2809718 0.2872080 0.2822327 0.2822710 0.2830484 0.2821172 0.2822327 0.2845531 0.2802814 0.2803065 0.2800992 0.2801153 0.2801153 0.2801611 0.0097117 0.0070607 0.0071210 0.0046332 0.0020160 0.0079973 0.0101428 0.0058298 0.0012092 0.0075310 0.0018060 0.0079880 0.0012040 0.0000000 0.0016100 0.0063034 0.0016083 0.0016195 0.2805114 0.2817382 0.2846257 0.2805652 0.2822396 0.2821415 0.2853205 0.0742471 0.2801251 0.2782231 0.2833558 0.0016050 0.2836871 0.2879625 0.2836122 0.2836122 0.2835393 0.2806700 0.2805107 0.2814526 0.2820529 0.0016058 0.0020117 0.0016058 0.0016086 0.0020117 0.0032495 0.0020168 0.0028345 0.0012034 0.0016074 0.0007998 0.0012018 0.0016050 0.0032475 0.0024236 0.0016050 0.0012018 0.0012036 0.0016076 0.0024173 0.0024173 0.0016074 0.0016075 0.0028345 0.0024330 0.0024236 0.0024204 0.0024204 0.0020148 0.0012023 0.0020139 0.0012036 0.0020139 0.0036611 0.0032386 0.0016076 0.0016076 0.0024180 0.2825905 0.2825905 0.0024216 0.2841144 0.6303633 
HSV2_15                                 0.2862622 0.2836228 0.2863272 0.2872067 0.2872067 0.2841402 0.2894141 0.2863525 0.2864491 0.2871640 0.2862373 0.2863525 0.2875779 0.2834567 0.2833394 0.2842202 0.2852787 0.2852787 0.2842854 0.0092288 0.0066005 0.0066582 0.0019599 0.0003976 0.0075245 0.0096566 0.0053786 0.0003998 0.0070643 0.0006007 0.0075212 0.0003996 0.0016100 0.0000000 0.0058430 0.0003973 0.0008009 0.2836916 0.2849122 0.2877882 0.2847503 0.2854060 0.2853078 0.2884806 0.0743903 0.2842443 0.2823483 0.2865220 0.0007955 0.2867165 0.2911110 0.2866408 0.2866408 0.2865666 0.2837086 0.2835471 0.2846261 0.2861711 0.0007959 0.0011954 0.0007959 0.0007973 0.0011954 0.0032275 0.0024137 0.0020042 0.0024099 0.0011949 0.0011967 0.0016014 0.0011967 0.0028243 0.0016008 0.0011967 0.0003970 0.0007956 0.0003970 0.0020021 0.0015966 0.0007943 0.0011986 0.0020042 0.0024157 0.0016008 0.0019987 0.0019987 0.0007959 0.0007972 0.0015966 0.0016014 0.0015966 0.0024104 0.0019988 0.0011950 0.0000026 0.0015971 0.2856219 0.2856219 0.0007943 0.2872748 0.6338470 
HSV2_16                                 0.2649195 0.2632334 0.2649711 0.2658601 0.2658601 0.2628431 0.2680331 0.2650135 0.2651854 0.2658299 0.2648995 0.2650135 0.2672764 0.2621343 0.2641976 0.2629185 0.2658256 0.2658256 0.2639049 0.0045490 0.0016238 0.0016332 0.0060360 0.0062831 0.0024642 0.0045357 0.0004056 0.0045609 0.0020422 0.0005993 0.0024608 0.0054324 0.0063034 0.0058430 0.0000000 0.0054022 0.0054368 0.2623309 0.2644558 0.2673242 0.2642971 0.2649836 0.2648886 0.2681997 0.0687113 0.2647866 0.2628957 0.2660707 0.0058272 0.2664119 0.2697393 0.2663442 0.2663442 0.2662806 0.2633981 0.2632559 0.2641811 0.2657841 0.0058272 0.0062539 0.0058272 0.0058374 0.0062539 0.0080083 0.0066924 0.0071302 0.0066819 0.0062541 0.0053937 0.0067030 0.0062636 0.0071310 0.0067005 0.0062636 0.0054021 0.0058275 0.0054022 0.0053937 0.0058273 0.0066926 0.0054021 0.0071302 0.0058253 0.0067005 0.0071106 0.0071106 0.0058274 0.0049705 0.0066828 0.0058273 0.0066828 0.0075666 0.0062537 0.0062548 0.0058366 0.0066818 0.2653387 0.2653387 0.0058382 0.2677810 0.6179431 
HSV2_17                                 0.2846405 0.2820108 0.2847042 0.2855817 0.2855817 0.2825289 0.2887236 0.2847308 0.2848264 0.2855401 0.2846161 0.2847308 0.2860892 0.2818456 0.2818686 0.2826083 0.2836609 0.2836609 0.2826719 0.0087726 0.0061635 0.0062167 0.0019588 0.0007963 0.0070795 0.0091984 0.0049462 0.0000022 0.0066232 0.0006004 0.0070764 0.0008002 0.0016083 0.0003973 0.0054022 0.0000000 0.0012055 0.2820768 0.2832938 0.2861599 0.2831327 0.2837888 0.2836911 0.2868497 0.0742602 0.2826330 0.2807437 0.2848988 0.0011950 0.2852300 0.2894715 0.2851551 0.2851551 0.2850820 0.2822331 0.2820736 0.2830095 0.2845509 0.0011950 0.0015966 0.0011950 0.0011971 0.0015966 0.0036405 0.0020022 0.0024113 0.0019991 0.0007929 0.0007942 0.0020053 0.0015981 0.0024096 0.0020046 0.0015981 0.0007954 0.0003955 0.0000021 0.0015944 0.0019994 0.0011932 0.0007954 0.0024113 0.0028268 0.0020046 0.0015917 0.0015917 0.0003955 0.0003962 0.0011914 0.0011950 0.0011914 0.0019994 0.0015919 0.0007930 0.0003962 0.0019990 0.2841401 0.2841401 0.0011936 0.2856504 0.6322826 
HSV2_18                                 0.2799103 0.2772810 0.2799710 0.2808516 0.2808516 0.2778066 0.2830365 0.2800016 0.2801906 0.2808129 0.2798869 0.2800016 0.2810118 0.2771168 0.2760050 0.2778851 0.2789317 0.2789317 0.2769374 0.0084036 0.0062122 0.0062412 0.0019598 0.0012063 0.0071016 0.0092637 0.0049618 0.0004007 0.0066750 0.0006008 0.0070984 0.0004017 0.0016195 0.0008009 0.0054368 0.0012055 0.0000000 0.2771422 0.2791598 0.2818879 0.2783984 0.2790623 0.2789653 0.2821156 0.0727366 0.2779117 0.2760221 0.2801665 0.0007999 0.2801523 0.2847400 0.2800795 0.2800795 0.2800091 0.2773630 0.2772081 0.2782770 0.2788145 0.0007999 0.0012012 0.0007999 0.0000021 0.0012012 0.0032480 0.0024269 0.0020168 0.0024231 0.0020160 0.0012031 0.0016094 0.0012031 0.0028397 0.0016088 0.0012031 0.0003993 0.0016094 0.0012051 0.0020131 0.0016045 0.0016068 0.0012050 0.0020168 0.0024319 0.0016088 0.0028316 0.0028316 0.0016094 0.0008002 0.0024234 0.0016094 0.0024234 0.0032522 0.0028318 0.0020162 0.0008002 0.0016042 0.2790685 0.2790685 0.0012031 0.2809225 0.6252257 
JN400093_Human_herpesvirus_1            0.0052707 0.0074354 0.0065364 0.0056852 0.0056852 0.0048449 0.0082487 0.0052595 0.0095179 0.0056711 0.0052652 0.0052595 0.0040342 0.0069599 0.0057026 0.0087270 0.0065293 0.0065293 0.0044479 0.2775024 0.2710988 0.2715478 0.2329680 0.2802170 0.2701107 0.2747190 0.2698661 0.2746629 0.2715683 0.2115615 0.2728849 0.2800327 0.2805114 0.2836916 0.2623309 0.2820768 0.2771422 0.0000000 0.0052890 0.0044399 0.0061266 0.0056827 0.0065400 0.0052811 0.2909189 0.0061154 0.0052830 0.0061238 0.2835192 0.0044463 0.0065354 0.0044410 0.0044410 0.0044341 0.0057244 0.0057085 0.0056833 0.0052735 0.2826122 0.2835599 0.2826122 0.2815766 0.2835599 0.2868374 0.2826261 0.2858696 0.2825634 0.2825394 0.2805901 0.2846303 0.2825770 0.2844194 0.2824908 0.2835825 0.2825788 0.2815997 0.2825877 0.2796682 0.2806680 0.2816137 0.2825788 0.2858696 0.2819178 0.2824908 0.2844282 0.2844282 0.2816816 0.2806722 0.2825877 0.2815908 0.2825877 0.2835357 0.2825232 0.2825877 0.2835914 0.2845006 0.0040245 0.0040245 0.2836815 0.0052575 0.6632066 
