87
HM585496_Human_herpesvirus_1            0.0000000 0.0060167 0.0085177 0.0003908 0.0003908 0.0068400 0.0076789 0.0089329 0.0081154 0.0106586 0.0085177 0.0097851 0.0097851 0.0085213 0.3610425 0.3831342 0.3578014 0.2860457 0.3789175 0.3614084 0.4025502 0.3542914 0.3736844 0.3745776 0.2916958 0.3355829 0.3515974 0.3406772 0.4143211 0.3555351 0.4040279 0.3605363 0.0097699 0.0072540 0.0089313 0.0076719 0.0064521 0.0097699 0.0080880 0.4178750 0.0072954 0.0064446 0.0068561 0.4202219 0.0106387 0.0072686 0.0110568 0.0114807 0.0110568 0.0076849 0.0076849 0.0107089 0.0093768 0.4202283 0.4189761 0.4189761 0.4199283 0.4202283 0.4190694 0.4164153 0.4168804 0.4164153 0.4187882 0.4166190 0.4175106 0.4201154 0.4176356 0.4154594 0.4190694 0.4214195 0.4176205 0.4177267 0.4141913 0.4177267 0.4189878 0.4178384 0.4154594 0.4188831 0.4188831 0.4189761 0.4157682 0.4144444 0.4177267 0.4187776 0.4189772 0.0076626 1.0785363 
HM585497_Human_herpesvirus_1            0.0060167 0.0000000 0.0056158 0.0056084 0.0056084 0.0039792 0.0047963 0.0060234 0.0077333 0.0085377 0.0056158 0.0068546 0.0068546 0.0056184 0.3591956 0.3813293 0.3559638 0.2878980 0.3771290 0.3595089 0.4008249 0.3524228 0.3741596 0.3727112 0.2919474 0.3336215 0.3497052 0.3411223 0.4148557 0.3547389 0.4045466 0.3610052 0.0068441 0.0060367 0.0060224 0.0047919 0.0052220 0.0068441 0.0068482 0.4181579 0.0052252 0.0043937 0.0047993 0.4207623 0.0076886 0.0060336 0.0081002 0.0085160 0.0081002 0.0056252 0.0056252 0.0085781 0.0064515 0.4207690 0.4195138 0.4195138 0.4204695 0.4207690 0.4196076 0.4169467 0.4174138 0.4169467 0.4193250 0.4171510 0.4180446 0.4206556 0.4181699 0.4159891 0.4196076 0.4219626 0.4181549 0.4182615 0.4147182 0.4182615 0.4195255 0.4183736 0.4159891 0.4194204 0.4194204 0.4195138 0.4162994 0.4149734 0.4182615 0.4193144 0.4195147 0.0047862 1.0696728 
HM585498_Human_herpesvirus_1            0.0085177 0.0056158 0.0000000 0.0081018 0.0081018 0.0015779 0.0015779 0.0019728 0.0107100 0.0068585 0.0000010 0.0060182 0.0060182 0.0031773 0.3568800 0.3790170 0.3559511 0.2834780 0.3737735 0.3569672 0.3975145 0.3499452 0.3707891 0.3703403 0.2860119 0.3312205 0.3472050 0.3385523 0.4115436 0.3523138 0.4012266 0.3575175 0.0027690 0.0060337 0.0027690 0.0023712 0.0060387 0.0027690 0.0076708 0.4159689 0.0044072 0.0035833 0.0039797 0.4174750 0.0035784 0.0068533 0.0039796 0.0043831 0.0039796 0.0064431 0.0064431 0.0077226 0.0039906 0.4174801 0.4162301 0.4162301 0.4171747 0.4174801 0.4163222 0.4136758 0.4141356 0.4136758 0.4160450 0.4138784 0.4147689 0.4173682 0.4148932 0.4127194 0.4163222 0.4186706 0.4148779 0.4149830 0.4114529 0.4149830 0.4162423 0.4150941 0.4127194 0.4161384 0.4161384 0.4162301 0.4130232 0.4116976 0.4149830 0.4160339 0.4162325 0.0031719 1.0745019 
HM585499_Human_herpesvirus_1            0.0003908 0.0056084 0.0081018 0.0000000 0.0000010 0.0064295 0.0072655 0.0085160 0.0076998 0.0102357 0.0081018 0.0093654 0.0093654 0.0081052 0.3599425 0.3820396 0.3567099 0.2846307 0.3778366 0.3602769 0.4014863 0.3531846 0.3725998 0.3734537 0.2916958 0.3344379 0.3504790 0.3395250 0.4132596 0.3543831 0.4029627 0.3594125 0.0093509 0.0068423 0.0085145 0.0072589 0.0060412 0.0093509 0.0076739 0.4168384 0.0068814 0.0060341 0.0064446 0.4191690 0.0102164 0.0068561 0.0106337 0.0110566 0.0106337 0.0072712 0.0072712 0.0102841 0.0089578 0.4191749 0.4179242 0.4179242 0.4188730 0.4191749 0.4180170 0.4153672 0.4158301 0.4153672 0.4177375 0.4155704 0.4164611 0.4190624 0.4165857 0.4144116 0.4180170 0.4203652 0.4165706 0.4166763 0.4131448 0.4166763 0.4179361 0.4167878 0.4144116 0.4178318 0.4178318 0.4179242 0.4147184 0.4133946 0.4166763 0.4177267 0.4179258 0.0072500 1.0766004 
HM585500_Human_herpesvirus_1            0.0003908 0.0056084 0.0081018 0.0000010 0.0000000 0.0064295 0.0072655 0.0085160 0.0076998 0.0102357 0.0081018 0.0093654 0.0093654 0.0081052 0.3599425 0.3820396 0.3567099 0.2846307 0.3778366 0.3602769 0.4014863 0.3531846 0.3725998 0.3734537 0.2916958 0.3344379 0.3504790 0.3395250 0.4132596 0.3543831 0.4029627 0.3594125 0.0093509 0.0068423 0.0085145 0.0072589 0.0060412 0.0093509 0.0076739 0.4168384 0.0068814 0.0060341 0.0064446 0.4191690 0.0102164 0.0068561 0.0106337 0.0110566 0.0106337 0.0072712 0.0072712 0.0102841 0.0089578 0.4191749 0.4179242 0.4179242 0.4188730 0.4191749 0.4180170 0.4153672 0.4158301 0.4153672 0.4177375 0.4155704 0.4164611 0.4190624 0.4165857 0.4144116 0.4180170 0.4203652 0.4165706 0.4166763 0.4131448 0.4166763 0.4179361 0.4167878 0.4144116 0.4178318 0.4178318 0.4179242 0.4147184 0.4133946 0.4166763 0.4177267 0.4179258 0.0072500 1.0766004 
HM585501_Human_herpesvirus_1            0.0068400 0.0039792 0.0015779 0.0064295 0.0064295 0.0000000 0.0007855 0.0019745 0.0089898 0.0068526 0.0015779 0.0051970 0.0051970 0.0023745 0.3543220 0.3764251 0.3534105 0.2820130 0.3712262 0.3544945 0.3949575 0.3475351 0.3682358 0.3676984 0.2845368 0.3286105 0.3447733 0.3360535 0.4089589 0.3496431 0.3986554 0.3549006 0.0027714 0.0043894 0.0027713 0.0015752 0.0052149 0.0027714 0.0068388 0.4123963 0.0035931 0.0027771 0.0031724 0.4148983 0.0035814 0.0060254 0.0039830 0.0043868 0.0039830 0.0056175 0.0056175 0.0068851 0.0031811 0.4149022 0.4136587 0.4136587 0.4145929 0.4149022 0.4137492 0.4111192 0.4115724 0.4111192 0.4134768 0.4113200 0.4122064 0.4147918 0.4123296 0.4101654 0.4137492 0.4160881 0.4123143 0.4124180 0.4089048 0.4124180 0.4136712 0.4125282 0.4101654 0.4135685 0.4135685 0.4136587 0.4104637 0.4091408 0.4124180 0.4134654 0.4136622 0.0015733 1.0698631 
HM585502_Human_herpesvirus_1            0.0076789 0.0047963 0.0015779 0.0072655 0.0072655 0.0007855 0.0000000 0.0019745 0.0098508 0.0068526 0.0015779 0.0051970 0.0051970 0.0023745 0.3554804 0.3764209 0.3545616 0.2820130 0.3712222 0.3544905 0.3949533 0.3486980 0.3682318 0.3676942 0.2860119 0.3298060 0.3459472 0.3372613 0.4089545 0.3496390 0.3986511 0.3560853 0.0027714 0.0052105 0.0027713 0.0015752 0.0052148 0.0027714 0.0068388 0.4123920 0.0035931 0.0027771 0.0031724 0.4148940 0.0035814 0.0060253 0.0039830 0.0043868 0.0039830 0.0056175 0.0056175 0.0068850 0.0031811 0.4148978 0.4136543 0.4136543 0.4145885 0.4148978 0.4137449 0.4111149 0.4115681 0.4111149 0.4134725 0.4113157 0.4122021 0.4147874 0.4123253 0.4101612 0.4137449 0.4160837 0.4123099 0.4124136 0.4089006 0.4124136 0.4136669 0.4125238 0.4101612 0.4135642 0.4135642 0.4136543 0.4104594 0.4091366 0.4124136 0.4134610 0.4136579 0.0023704 1.0760554 
HM585508_Human_herpesvirus_1            0.0089329 0.0060234 0.0019728 0.0085160 0.0085160 0.0019745 0.0019745 0.0000000 0.0111337 0.0080995 0.0019728 0.0064263 0.0064263 0.0035783 0.3578064 0.3799211 0.3568726 0.2820130 0.3746700 0.3579192 0.3983782 0.3508821 0.3716923 0.3712757 0.2874302 0.3322842 0.3481539 0.3395388 0.4123955 0.3532885 0.4020895 0.3584643 0.0015754 0.0064428 0.0015754 0.0019727 0.0064481 0.0015754 0.0080832 0.4148527 0.0048130 0.0039858 0.0043824 0.4183154 0.0023711 0.0072642 0.0027736 0.0031738 0.0027736 0.0068531 0.0068531 0.0081377 0.0043943 0.4183209 0.4170707 0.4170707 0.4180173 0.4183209 0.4171631 0.4145153 0.4149765 0.4145153 0.4168848 0.4147181 0.4156087 0.4182087 0.4157331 0.4135594 0.4171631 0.4195112 0.4157179 0.4158233 0.4122928 0.4158233 0.4170827 0.4159346 0.4135594 0.4169786 0.4169786 0.4170707 0.4138646 0.4125400 0.4158233 0.4168738 0.4170727 0.0035722 1.0764467 
HM585509_Human_herpesvirus_1            0.0081154 0.0077333 0.0107100 0.0076998 0.0076998 0.0089898 0.0098508 0.0111337 0.0000000 0.0115138 0.0107100 0.0124234 0.0124234 0.0111276 0.3567021 0.3788201 0.3534933 0.2831573 0.3725662 0.3569034 0.3987466 0.3510891 0.3682433 0.3702225 0.2887189 0.3310586 0.3483599 0.3372117 0.4103730 0.3508759 0.4000570 0.3561246 0.0119887 0.0106713 0.0115455 0.0098418 0.0116018 0.0119887 0.0132971 0.4183239 0.0111925 0.0102999 0.0102682 0.4163110 0.0128816 0.0124481 0.0133072 0.0137401 0.0133072 0.0120202 0.0120202 0.0133624 0.0120078 0.4163156 0.4150679 0.4150679 0.4160083 0.4163156 0.4151593 0.4125190 0.4129760 0.4125190 0.4148842 0.4127209 0.4136100 0.4162043 0.4137339 0.4115633 0.4151593 0.4175046 0.4137185 0.4138230 0.4102989 0.4138230 0.4150802 0.4139338 0.4115633 0.4149768 0.4149768 0.4150679 0.4118648 0.4083334 0.4138230 0.4148729 0.4150708 0.0098297 1.0829992 
HM585510_Human_herpesvirus_1            0.0106586 0.0085377 0.0068585 0.0102357 0.0102357 0.0068526 0.0068526 0.0080995 0.0115138 0.0000000 0.0068585 0.0081107 0.0081107 0.0068617 0.3611178 0.3832280 0.3556894 0.2832120 0.3790065 0.3604602 0.4026585 0.3543617 0.3726443 0.3736503 0.2886942 0.3345965 0.3506499 0.3395647 0.4142618 0.3557102 0.4039684 0.3594557 0.0072559 0.0081169 0.0072559 0.0068464 0.0081237 0.0080840 0.0089372 0.4196588 0.0081428 0.0072832 0.0060338 0.4201631 0.0089380 0.0081129 0.0093520 0.0097708 0.0093520 0.0085324 0.0085324 0.0106907 0.0085390 0.4201695 0.4189173 0.4189173 0.4198694 0.4201695 0.4190106 0.4163568 0.4168218 0.4163568 0.4187295 0.4165604 0.4174520 0.4200566 0.4175769 0.4154009 0.4190106 0.4213606 0.4175619 0.4176680 0.4141329 0.4176680 0.4189291 0.4177797 0.4154009 0.4188244 0.4188244 0.4189173 0.4157096 0.4143858 0.4176680 0.4187189 0.4189185 0.0076767 1.0775150 
HM585511_Human_herpesvirus_1            0.0085177 0.0056158 0.0000010 0.0081018 0.0081018 0.0015779 0.0015779 0.0019728 0.0107100 0.0068585 0.0000000 0.0060182 0.0060182 0.0031773 0.3568800 0.3790170 0.3559511 0.2834780 0.3737735 0.3569672 0.3975145 0.3499452 0.3707891 0.3703403 0.2860119 0.3312205 0.3472050 0.3385523 0.4115436 0.3523138 0.4012266 0.3575175 0.0027690 0.0060337 0.0027690 0.0023712 0.0060387 0.0027690 0.0076708 0.4159689 0.0044072 0.0035833 0.0039797 0.4174750 0.0035784 0.0068533 0.0039796 0.0043831 0.0039796 0.0064431 0.0064431 0.0077226 0.0039906 0.4174801 0.4162301 0.4162301 0.4171747 0.4174801 0.4163222 0.4136758 0.4141356 0.4136758 0.4160450 0.4138784 0.4147689 0.4173682 0.4148932 0.4127194 0.4163222 0.4186706 0.4148779 0.4149830 0.4114529 0.4149830 0.4162423 0.4150941 0.4127194 0.4161384 0.4161384 0.4162301 0.4130232 0.4116976 0.4149830 0.4160339 0.4162325 0.0031719 1.0745019 
HM585512_Human_herpesvirus_1            0.0097851 0.0068546 0.0060182 0.0093654 0.0093654 0.0051970 0.0051970 0.0064263 0.0124234 0.0081107 0.0060182 0.0000000 0.0000010 0.0052040 0.3578376 0.3799571 0.3546192 0.2850752 0.3757779 0.3581115 0.4006203 0.3510626 0.3728048 0.3713108 0.2891041 0.3310881 0.3483333 0.3397143 0.4146440 0.3520999 0.4031872 0.3596141 0.0072481 0.0072778 0.0064252 0.0051923 0.0072838 0.0072481 0.0089280 0.4179497 0.0064609 0.0056181 0.0052003 0.4205492 0.0080949 0.0081044 0.0085069 0.0089232 0.0085069 0.0085236 0.0085236 0.0098319 0.0068560 0.4205558 0.4193015 0.4193015 0.4202560 0.4205558 0.4193952 0.4167366 0.4172030 0.4167366 0.4191131 0.4169406 0.4178336 0.4204425 0.4179588 0.4157795 0.4193952 0.4217486 0.4179438 0.4180502 0.4145095 0.4180502 0.4193133 0.4181621 0.4157795 0.4192083 0.4192083 0.4193015 0.4160893 0.4147639 0.4180502 0.4191025 0.4193025 0.0060107 1.0785519 
HM585513_Human_herpesvirus_1            0.0097851 0.0068546 0.0060182 0.0093654 0.0093654 0.0051970 0.0051970 0.0064263 0.0124234 0.0081107 0.0060182 0.0000010 0.0000000 0.0052040 0.3578376 0.3799571 0.3546192 0.2850752 0.3757779 0.3581115 0.4006203 0.3510626 0.3728048 0.3713108 0.2891041 0.3310881 0.3483333 0.3397143 0.4146440 0.3520999 0.4031872 0.3596141 0.0072481 0.0072778 0.0064252 0.0051923 0.0072838 0.0072481 0.0089280 0.4179497 0.0064609 0.0056181 0.0052003 0.4205492 0.0080949 0.0081044 0.0085069 0.0089232 0.0085069 0.0085236 0.0085236 0.0098319 0.0068560 0.4205558 0.4193015 0.4193015 0.4202560 0.4205558 0.4193952 0.4167366 0.4172030 0.4167366 0.4191131 0.4169406 0.4178336 0.4204425 0.4179588 0.4157795 0.4193952 0.4217486 0.4179438 0.4180502 0.4145095 0.4180502 0.4193133 0.4181621 0.4157795 0.4192083 0.4192083 0.4193015 0.4160893 0.4147639 0.4180502 0.4191025 0.4193025 0.0060107 1.0785519 
HM585514_Human_herpesvirus_1            0.0085213 0.0056184 0.0031773 0.0081052 0.0081052 0.0023745 0.0023745 0.0035783 0.0111276 0.0068617 0.0031773 0.0052040 0.0052040 0.0000000 0.3569060 0.3791586 0.3559773 0.2852768 0.3749867 0.3571532 0.3987087 0.3501242 0.3718872 0.3704853 0.2893081 0.3312577 0.3473848 0.3387339 0.4127362 0.3523430 0.4024237 0.3586611 0.0043846 0.0051951 0.0035777 0.0031717 0.0051994 0.0043846 0.0068187 0.4160890 0.0052250 0.0043936 0.0039816 0.4186577 0.0052083 0.0060076 0.0047784 0.0051831 0.0047784 0.0056009 0.0056009 0.0068647 0.0023711 0.4186634 0.4174118 0.4174118 0.4183602 0.4186634 0.4175044 0.4148533 0.4153156 0.4148533 0.4172254 0.4150565 0.4159480 0.4185510 0.4160726 0.4138966 0.4175044 0.4198549 0.4160574 0.4161630 0.4126287 0.4161630 0.4174238 0.4162744 0.4138966 0.4173195 0.4173195 0.4174118 0.4142027 0.4128772 0.4161630 0.4172145 0.4174136 0.0039775 1.0778215 
HSV2_1                                  0.3610425 0.3591956 0.3568800 0.3599425 0.3599425 0.3543220 0.3554804 0.3578064 0.3567021 0.3611178 0.3568800 0.3578376 0.3578376 0.3569060 0.0000000 0.0013240 0.0017705 0.0056294 0.0031184 0.0018496 0.0008781 0.0004474 0.0087914 0.0013597 0.0012328 0.0009405 0.0022927 0.0083297 0.0096913 0.0014207 0.0096918 0.0084900 0.3600010 0.3588986 0.3566018 0.3566038 0.3616043 0.3589014 0.3647500 0.0691478 0.3627593 0.3601905 0.3599347 0.0096956 0.3610818 0.3638288 0.3623421 0.3611314 0.3623421 0.3605170 0.3605170 0.3577242 0.3592763 0.0092085 0.0087143 0.0087143 0.0091996 0.0092085 0.0092085 0.0091816 0.0092140 0.0091816 0.0101592 0.0091872 0.0096820 0.0092085 0.0087086 0.0087139 0.0092085 0.0092144 0.0096820 0.0092084 0.0096577 0.0092084 0.0096937 0.0096842 0.0087139 0.0087143 0.0087143 0.0097062 0.0092084 0.0097121 0.0096822 0.0096822 0.0101669 0.3565136 0.9041419 
HSV2_2                                  0.3831342 0.3813293 0.3790170 0.3820396 0.3820396 0.3764251 0.3764209 0.3799211 0.3788201 0.3832280 0.3790170 0.3799571 0.3799571 0.3791586 0.0013240 0.0000000 0.0013199 0.0056294 0.0030759 0.0018211 0.0012844 0.0004445 0.0087007 0.0008865 0.0006146 0.0009405 0.0022823 0.0083264 0.0089585 0.0013962 0.0094280 0.0084413 0.3821051 0.3810125 0.3787166 0.3786960 0.3836613 0.3810107 0.3868698 0.0729124 0.3849059 0.3823142 0.3820297 0.0094336 0.3831813 0.3859686 0.3844525 0.3832421 0.3844525 0.3826724 0.3826724 0.3798305 0.3814074 0.0089585 0.0084787 0.0084787 0.0094217 0.0089585 0.0089585 0.0084733 0.0089638 0.0084733 0.0098825 0.0084783 0.0094188 0.0089585 0.0084732 0.0084783 0.0089585 0.0089642 0.0094188 0.0089585 0.0093957 0.0089585 0.0094299 0.0089585 0.0084783 0.0089585 0.0089585 0.0094418 0.0089585 0.0094477 0.0094190 0.0094190 0.0094190 0.3786065 0.9345732 
HSV2_3                                  0.3578014 0.3559638 0.3559511 0.3567099 0.3567099 0.3534105 0.3545616 0.3568726 0.3534933 0.3556894 0.3559511 0.3546192 0.3546192 0.3559773 0.0017705 0.0013199 0.0000000 0.0062892 0.0044769 0.0027650 0.0017575 0.0013422 0.0097228 0.0013504 0.0012317 0.0018898 0.0032066 0.0088490 0.0106603 0.0023613 0.0106523 0.0094400 0.3579609 0.3556723 0.3556756 0.3533993 0.3583496 0.3579609 0.3603779 0.0710252 0.3594960 0.3569520 0.3556116 0.0106605 0.3601279 0.3594614 0.3613797 0.3601767 0.3613797 0.3561770 0.3561770 0.3545086 0.3583325 0.0101691 0.0096697 0.0096697 0.0101639 0.0101691 0.0101691 0.0101397 0.0101752 0.0101397 0.0111259 0.0101459 0.0106456 0.0101691 0.0096634 0.0096694 0.0101691 0.0101756 0.0106456 0.0101690 0.0101436 0.0101690 0.0106585 0.0106479 0.0096694 0.0096697 0.0096697 0.0106721 0.0101690 0.0106793 0.0106458 0.0106458 0.0111390 0.3533099 0.9087564 
HSV2_4                                  0.2860457 0.2878980 0.2834780 0.2846307 0.2846307 0.2820130 0.2820130 0.2820130 0.2831573 0.2832120 0.2834780 0.2850752 0.2850752 0.2852768 0.0056294 0.0056294 0.0062892 0.0000000 0.0037199 0.0069092 0.0062673 0.0056294 0.0000030 0.0056321 0.0020505 0.0049901 0.0049759 0.0000030 0.0000030 0.0049900 0.0006097 0.0000030 0.2834780 0.2847152 0.2834780 0.2834266 0.2877866 0.2848935 0.2920400 0.0402037 0.2879347 0.2862394 0.2847669 0.0000030 0.2863610 0.2907939 0.2892651 0.2877280 0.2892651 0.2849498 0.2849498 0.2878438 0.2866898 0.0000030 0.0000030 0.0000030 0.0006099 0.0000030 0.0000030 0.0000030 0.0000030 0.0000030 0.0012202 0.0000030 0.0000030 0.0000030 0.0000030 0.0000030 0.0000030 0.0006118 0.0006091 0.0000030 0.0000030 0.0000030 0.0000030 0.0000030 0.0000030 0.0000030 0.0000030 0.0006113 0.0000030 0.0012219 0.0000030 0.0000030 0.0006092 0.2848417 0.7575633 
HSV2_5                                  0.3789175 0.3771290 0.3737735 0.3778366 0.3778366 0.3712262 0.3712222 0.3746700 0.3725662 0.3790065 0.3737735 0.3757779 0.3757779 0.3749867 0.0031184 0.0030759 0.0044769 0.0037199 0.0000000 0.0036861 0.0038915 0.0027074 0.0048758 0.0040795 0.0024819 0.0023732 0.0041532 0.0053055 0.0056883 0.0023479 0.0056884 0.0045852 0.3768256 0.3768201 0.3745547 0.3734677 0.3794273 0.3757455 0.3825974 0.0675115 0.3795765 0.3770271 0.3778273 0.0061333 0.3778876 0.3817045 0.3791381 0.3779449 0.3791381 0.3784498 0.3784498 0.3756553 0.3793583 0.0052390 0.0047843 0.0047843 0.0056756 0.0052390 0.0052390 0.0056678 0.0052419 0.0056678 0.0061286 0.0052268 0.0056830 0.0052390 0.0047810 0.0047838 0.0052390 0.0056868 0.0056830 0.0052389 0.0056687 0.0052389 0.0056896 0.0061299 0.0047838 0.0052390 0.0052390 0.0056969 0.0056842 0.0065933 0.0061287 0.0056831 0.0061341 0.3755219 0.9500251 
HSV2_6                                  0.3614084 0.3595089 0.3569672 0.3602769 0.3602769 0.3544945 0.3544905 0.3579192 0.3569034 0.3604602 0.3569672 0.3581115 0.3581115 0.3571532 0.0018496 0.0018211 0.0027650 0.0069092 0.0036861 0.0000000 0.0018208 0.0009170 0.0075042 0.0022833 0.0006119 0.0009430 0.0013798 0.0082983 0.0079956 0.0013997 0.0084802 0.0075539 0.3590446 0.3592031 0.3566811 0.3568418 0.3619876 0.3590446 0.3640874 0.0710309 0.3631759 0.3605324 0.3591380 0.0084749 0.3612858 0.3631398 0.3625813 0.3613368 0.3625813 0.3597344 0.3597344 0.3579946 0.3595919 0.0079926 0.0074924 0.0074924 0.0079850 0.0079926 0.0074924 0.0085025 0.0079975 0.0085025 0.0089603 0.0085078 0.0084747 0.0074924 0.0085024 0.0085078 0.0074924 0.0079980 0.0084747 0.0079925 0.0089931 0.0079925 0.0084852 0.0079925 0.0085078 0.0074924 0.0074924 0.0084966 0.0084834 0.0089837 0.0084749 0.0084749 0.0084782 0.3567491 0.9060055 
HSV2_7                                  0.4025502 0.4008249 0.3975145 0.4014863 0.4014863 0.3949575 0.3949533 0.3983782 0.3987466 0.4026585 0.3975145 0.4006203 0.4006203 0.3987087 0.0008781 0.0012844 0.0017575 0.0062673 0.0038915 0.0018208 0.0000000 0.0004441 0.0098908 0.0013278 0.0006146 0.0009403 0.0022801 0.0083246 0.0103447 0.0013959 0.0098961 0.0089009 0.4004997 0.4003994 0.3982586 0.3971638 0.4031118 0.3994365 0.4061186 0.0754734 0.4032660 0.4007195 0.4013752 0.0108056 0.4015460 0.4052568 0.4027945 0.4016144 0.4027945 0.4020549 0.4020549 0.3993385 0.4030156 0.0094282 0.0089674 0.0089674 0.0098721 0.0094282 0.0094282 0.0089637 0.0094335 0.0089637 0.0103134 0.0094080 0.0103208 0.0094282 0.0089620 0.0089671 0.0094282 0.0098750 0.0098691 0.0094281 0.0098461 0.0094281 0.0098802 0.0094299 0.0089671 0.0094282 0.0094282 0.0098920 0.0089881 0.0094556 0.0094281 0.0098693 0.0107895 0.3991851 0.9787390 
HSV2_8                                  0.3542914 0.3524228 0.3499452 0.3531846 0.3531846 0.3475351 0.3486980 0.3508821 0.3510891 0.3543617 0.3499452 0.3510626 0.3510626 0.3501242 0.0004474 0.0004445 0.0013422 0.0056294 0.0027074 0.0009170 0.0004441 0.0000000 0.0069733 0.0009158 0.0000027 0.0000027 0.0009082 0.0073060 0.0074021 0.0004709 0.0078836 0.0071015 0.3530884 0.3521307 0.3496729 0.3498311 0.3548371 0.3519829 0.3580082 0.0681580 0.3559997 0.3534257 0.3531772 0.0078758 0.3541750 0.3570766 0.3554365 0.3542212 0.3554365 0.3537441 0.3537441 0.3509529 0.3525047 0.0074022 0.0069122 0.0069122 0.0078653 0.0074022 0.0074022 0.0074022 0.0074066 0.0074022 0.0083524 0.0074067 0.0078756 0.0074022 0.0074021 0.0074067 0.0074022 0.0074072 0.0078756 0.0074021 0.0083557 0.0074021 0.0078853 0.0074021 0.0074067 0.0069122 0.0069122 0.0078958 0.0078836 0.0083738 0.0078758 0.0078758 0.0078758 0.3497403 0.8813108 
HSV2_9                                  0.3736844 0.3741596 0.3707891 0.3725998 0.3725998 0.3682358 0.3682318 0.3716923 0.3682433 0.3726443 0.3707891 0.3728048 0.3728048 0.3718872 0.0087914 0.0087007 0.0097228 0.0000030 0.0048758 0.0075042 0.0098908 0.0069733 0.0000000 0.0093523 0.0024694 0.0057898 0.0064950 0.0004694 0.0017269 0.0062192 0.0012892 0.0000020 0.3727729 0.3738521 0.3715772 0.3704880 0.3765594 0.3727729 0.3785623 0.0711279 0.3766149 0.3740579 0.3737806 0.0021617 0.3749252 0.3776628 0.3761795 0.3749812 0.3761795 0.3743942 0.3743942 0.3726835 0.3764001 0.0008577 0.0004269 0.0004269 0.0008571 0.0008577 0.0008577 0.0030486 0.0008582 0.0030486 0.0017208 0.0026102 0.0017220 0.0008577 0.0012926 0.0021724 0.0008577 0.0012893 0.0012884 0.0008577 0.0026096 0.0008577 0.0012899 0.0017211 0.0021724 0.0004269 0.0004269 0.0012916 0.0021584 0.0021603 0.0017208 0.0012884 0.0021617 0.3725521 0.9712164 
HSV2_10                                 0.3745776 0.3727112 0.3703403 0.3734537 0.3734537 0.3676984 0.3676942 0.3712757 0.3702225 0.3736503 0.3703403 0.3713108 0.3713108 0.3704853 0.0013597 0.0008865 0.0013504 0.0056321 0.0040795 0.0022833 0.0013278 0.0009158 0.0093523 0.0000000 0.0006150 0.0014154 0.0018478 0.0088443 0.0102573 0.0018719 0.0102502 0.0094368 0.3723944 0.3723944 0.3700414 0.3700296 0.3750963 0.3723944 0.3772663 0.0740667 0.3763715 0.3737245 0.3723214 0.0102574 0.3746227 0.3763344 0.3759211 0.3746805 0.3759211 0.3729520 0.3729520 0.3711862 0.3727923 0.0097650 0.0092640 0.0092640 0.0092824 0.0097650 0.0092640 0.0097365 0.0097709 0.0097365 0.0107258 0.0097424 0.0102429 0.0092640 0.0092579 0.0092637 0.0092640 0.0097713 0.0102429 0.0097649 0.0097403 0.0097649 0.0102555 0.0102452 0.0092637 0.0097650 0.0097650 0.0102688 0.0102533 0.0102763 0.0102431 0.0102431 0.0107385 0.3699376 0.9408485 
HSV2_11                                 0.2916958 0.2919474 0.2860119 0.2916958 0.2916958 0.2845368 0.2860119 0.2874302 0.2887189 0.2886942 0.2860119 0.2891041 0.2891041 0.2893081 0.0012328 0.0006146 0.0012317 0.0020505 0.0024819 0.0006119 0.0006146 0.0000027 0.0024694 0.0006150 0.0000000 0.0000024 0.0000026 0.0024714 0.0024703 0.0000026 0.0030954 0.0024703 0.2889099 0.2888152 0.2889099 0.2888565 0.2918337 0.2903382 0.2932656 0.0523210 0.2919852 0.2902711 0.2887856 0.0030926 0.2903967 0.2948676 0.2947531 0.2932003 0.2947531 0.2889744 0.2889744 0.2903967 0.2907323 0.0031035 0.0024690 0.0024690 0.0030992 0.0031035 0.0024690 0.0037489 0.0024710 0.0037489 0.0037198 0.0037520 0.0030925 0.0024690 0.0031066 0.0037520 0.0024690 0.0031066 0.0030925 0.0024690 0.0037520 0.0024690 0.0030976 0.0024690 0.0037520 0.0024690 0.0024690 0.0031035 0.0024690 0.0030992 0.0030926 0.0030926 0.0024703 0.2873837 0.7447068 
HSV2_12                                 0.3355829 0.3336215 0.3312205 0.3344379 0.3344379 0.3286105 0.3298060 0.3322842 0.3310586 0.3345965 0.3312205 0.3310881 0.3310881 0.3312577 0.0009405 0.0009405 0.0018898 0.0049901 0.0023732 0.0009430 0.0009403 0.0000027 0.0057898 0.0014154 0.0000024 0.0000000 0.0004728 0.0064555 0.0062967 0.0000027 0.0067983 0.0057882 0.3334246 0.3333379 0.3310368 0.3310625 0.3360931 0.3334246 0.3382401 0.0611431 0.3372970 0.3346638 0.3332877 0.0067912 0.3356956 0.3372631 0.3369879 0.3357337 0.3369879 0.3338179 0.3338179 0.3322707 0.3337078 0.0062967 0.0057875 0.0057875 0.0062877 0.0062967 0.0057875 0.0068144 0.0063006 0.0068144 0.0072885 0.0068188 0.0067910 0.0057875 0.0068143 0.0068188 0.0057875 0.0063012 0.0067910 0.0062966 0.0078156 0.0062966 0.0067997 0.0062966 0.0068188 0.0057875 0.0057875 0.0068094 0.0067982 0.0073081 0.0067912 0.0067912 0.0067912 0.3308912 0.8626292 
HSV2_13                                 0.3515974 0.3497052 0.3472050 0.3504790 0.3504790 0.3447733 0.3459472 0.3481539 0.3483599 0.3506499 0.3472050 0.3483333 0.3483333 0.3473848 0.0022927 0.0022823 0.0032066 0.0049759 0.0041532 0.0013798 0.0022801 0.0009082 0.0064950 0.0018478 0.0000026 0.0004728 0.0000000 0.0067790 0.0069813 0.0009452 0.0074603 0.0060946 0.3492662 0.3494127 0.3469329 0.3470931 0.3521409 0.3492662 0.3542246 0.0707535 0.3533159 0.3507192 0.3493543 0.0074571 0.3514811 0.3532812 0.3527538 0.3515264 0.3527538 0.3499160 0.3499160 0.3482243 0.3497883 0.0069811 0.0064896 0.0064896 0.0069719 0.0069811 0.0060019 0.0074815 0.0069810 0.0074815 0.0079361 0.0074815 0.0074570 0.0060019 0.0074814 0.0074815 0.0060019 0.0069859 0.0074570 0.0069810 0.0084404 0.0069810 0.0074662 0.0069810 0.0074815 0.0064896 0.0064896 0.0074763 0.0079522 0.0079568 0.0074571 0.0074571 0.0074574 0.3470013 0.8847340 
HSV2_14                                 0.3406772 0.3411223 0.3385523 0.3395250 0.3395250 0.3360535 0.3372613 0.3395388 0.3372117 0.3395647 0.3385523 0.3397143 0.3397143 0.3387339 0.0083297 0.0083264 0.0088490 0.0000030 0.0053055 0.0082983 0.0083246 0.0073060 0.0004694 0.0088443 0.0024714 0.0064555 0.0067790 0.0000000 0.0000021 0.0068894 0.0004679 0.0004694 0.3406867 0.3408290 0.3382811 0.3384471 0.3436242 0.3406867 0.3457822 0.0646612 0.3448375 0.3421711 0.3407739 0.0004679 0.3418192 0.3448025 0.3442794 0.3430149 0.3442794 0.3413292 0.3413292 0.3396078 0.3411428 0.0009424 0.0004692 0.0004692 0.0009413 0.0009424 0.0004692 0.0014206 0.0000021 0.0014206 0.0009374 0.0014206 0.0004679 0.0004692 0.0004696 0.0014206 0.0004692 0.0009431 0.0004679 0.0000021 0.0018970 0.0000021 0.0004685 0.0000021 0.0014206 0.0004692 0.0004692 0.0004692 0.0004684 0.0009399 0.0004679 0.0004679 0.0004681 0.3383525 0.8868735 
HSV2_15                                 0.4143211 0.4148557 0.4115436 0.4132596 0.4132596 0.4089589 0.4089545 0.4123955 0.4103730 0.4142618 0.4115436 0.4146440 0.4146440 0.4127362 0.0096913 0.0089585 0.0106603 0.0000030 0.0056883 0.0079956 0.0103447 0.0074021 0.0017269 0.0102573 0.0024703 0.0062967 0.0069813 0.0000021 0.0000000 0.0067034 0.0012274 0.0008986 0.4145150 0.4144119 0.4122725 0.4111630 0.4171557 0.4133486 0.4212144 0.0757893 0.4173140 0.4147474 0.4153776 0.0008049 0.4155613 0.4192964 0.4178838 0.4167007 0.4178838 0.4160974 0.4160974 0.4122951 0.4170421 0.0016248 0.0012142 0.0012142 0.0024438 0.0016248 0.0016248 0.0028652 0.0008069 0.0028652 0.0016175 0.0024527 0.0012084 0.0016248 0.0012150 0.0020410 0.0016248 0.0020350 0.0012113 0.0008065 0.0028656 0.0008065 0.0012126 0.0016178 0.0020410 0.0016248 0.0016248 0.0012142 0.0020285 0.0020300 0.0016175 0.0012113 0.0004013 0.4131821 0.9906565 
HSV2_16                                 0.3555351 0.3547389 0.3523138 0.3543831 0.3543831 0.3496431 0.3496390 0.3532885 0.3508759 0.3557102 0.3523138 0.3520999 0.3520999 0.3523430 0.0014207 0.0013962 0.0023613 0.0049900 0.0023479 0.0013997 0.0013959 0.0004709 0.0062192 0.0018719 0.0000026 0.0000027 0.0009452 0.0068894 0.0067034 0.0000000 0.0072004 0.0062521 0.3544360 0.3544322 0.3520274 0.3520340 0.3572571 0.3544360 0.3594005 0.0670154 0.3584680 0.3557828 0.3543689 0.0071930 0.3555680 0.3584317 0.3580385 0.3567707 0.3580385 0.3536298 0.3536298 0.3532042 0.3547525 0.0067037 0.0061993 0.0061993 0.0066941 0.0067037 0.0061993 0.0072172 0.0067079 0.0072172 0.0076853 0.0072218 0.0071929 0.0061993 0.0072172 0.0072218 0.0061993 0.0067085 0.0071929 0.0067036 0.0082083 0.0067036 0.0072020 0.0067036 0.0072218 0.0061993 0.0061993 0.0072120 0.0072004 0.0077056 0.0071930 0.0071930 0.0071928 0.3519395 0.8944141 
HSV2_17                                 0.4040279 0.4045466 0.4012266 0.4029627 0.4029627 0.3986554 0.3986511 0.4020895 0.4000570 0.4039684 0.4012266 0.4031872 0.4031872 0.4024237 0.0096918 0.0094280 0.0106523 0.0006097 0.0056884 0.0084802 0.0098961 0.0078836 0.0012892 0.0102502 0.0030954 0.0067983 0.0074603 0.0004679 0.0012274 0.0072004 0.0000000 0.0008980 0.4042163 0.4041150 0.4019687 0.4008671 0.4068432 0.4031505 0.4098543 0.0748682 0.4069990 0.4044401 0.4050908 0.0020533 0.4052655 0.4089930 0.4065199 0.4053359 0.4065199 0.4057830 0.4057830 0.4030507 0.4067421 0.0012288 0.0008162 0.0008162 0.0020544 0.0012288 0.0012288 0.0024752 0.0004064 0.0024752 0.0012232 0.0020591 0.0012240 0.0012288 0.0008168 0.0016456 0.0012288 0.0016417 0.0008142 0.0004064 0.0020587 0.0004064 0.0008151 0.0012234 0.0016456 0.0012288 0.0012288 0.0008162 0.0016364 0.0016377 0.0012232 0.0008143 0.0016387 0.4028933 0.9948071 
HSV2_18                                 0.3605363 0.3610052 0.3575175 0.3594125 0.3594125 0.3549006 0.3560853 0.3584643 0.3561246 0.3594557 0.3575175 0.3596141 0.3596141 0.3586611 0.0084900 0.0084413 0.0094400 0.0000030 0.0045852 0.0075539 0.0089009 0.0071015 0.0000020 0.0094368 0.0024703 0.0057882 0.0060946 0.0004694 0.0008986 0.0062521 0.0008980 0.0000000 0.3595840 0.3606996 0.3583487 0.3572337 0.3634728 0.3595840 0.3655600 0.0682372 0.3635312 0.3609030 0.3606339 0.0013503 0.3618137 0.3646184 0.3631031 0.3618648 0.3631031 0.3612314 0.3612314 0.3594968 0.3622078 0.0004476 0.0000010 0.0000010 0.0004471 0.0004476 0.0000010 0.0022737 0.0004479 0.0022737 0.0013488 0.0022751 0.0008977 0.0000010 0.0009007 0.0018171 0.0000010 0.0004480 0.0008977 0.0004476 0.0027333 0.0004476 0.0008988 0.0008979 0.0018171 0.0000010 0.0000010 0.0009000 0.0008986 0.0013526 0.0008977 0.0008977 0.0013498 0.3582567 0.9206464 
JN400093_Human_herpesvirus_1            0.0097699 0.0068441 0.0027690 0.0093509 0.0093509 0.0027714 0.0027714 0.0015754 0.0119887 0.0072559 0.0027690 0.0072481 0.0072481 0.0043846 0.3600010 0.3821051 0.3579609 0.2834780 0.3768256 0.3590446 0.4004997 0.3530884 0.3727729 0.3723944 0.2889099 0.3334246 0.3492662 0.3406867 0.4145150 0.3544360 0.4042163 0.3595840 0.0000000 0.0072666 0.0015724 0.0027689 0.0072726 0.0015725 0.0080818 0.4156401 0.0056294 0.0047951 0.0043816 0.4204177 0.0031695 0.0072629 0.0027684 0.0031679 0.0027684 0.0068519 0.0068519 0.0089742 0.0052065 0.4204242 0.4191709 0.4191709 0.4201244 0.4204242 0.4192645 0.4166080 0.4170738 0.4166080 0.4189828 0.4168119 0.4177042 0.4203111 0.4178293 0.4156515 0.4192645 0.4216162 0.4178143 0.4179205 0.4143824 0.4179205 0.4191827 0.4180324 0.4156515 0.4190778 0.4190778 0.4191709 0.4159609 0.4146363 0.4179205 0.4189721 0.4191720 0.0043772 1.0783979 
JN420337_Human_herpesvirus_1            0.0072540 0.0060367 0.0060337 0.0068423 0.0068423 0.0043894 0.0052105 0.0064428 0.0106713 0.0081169 0.0060337 0.0072778 0.0072778 0.0051951 0.3588986 0.3810125 0.3556723 0.2847152 0.3768201 0.3592031 0.4003994 0.3521307 0.3738521 0.3723944 0.2888152 0.3333379 0.3494127 0.3408290 0.4144119 0.3544322 0.4041150 0.3606996 0.0072666 0.0000000 0.0064417 0.0052058 0.0048001 0.0072666 0.0056007 0.4153649 0.0056527 0.0048150 0.0035902 0.4203143 0.0081154 0.0047935 0.0076627 0.0080762 0.0076627 0.0052015 0.0052015 0.0072890 0.0060228 0.4203208 0.4190679 0.4190679 0.4200208 0.4203208 0.4191613 0.4165058 0.4169713 0.4165058 0.4188798 0.4167096 0.4176017 0.4202077 0.4177267 0.4155495 0.4191613 0.4215125 0.4177117 0.4178179 0.4142808 0.4178179 0.4190796 0.4179297 0.4155495 0.4189748 0.4189748 0.4190679 0.4158586 0.4145343 0.4178179 0.4188692 0.4190690 0.0051995 1.0819049 
JN420338_Human_herpesvirus_1            0.0089313 0.0060224 0.0027690 0.0085145 0.0085145 0.0027713 0.0027713 0.0015754 0.0115455 0.0072559 0.0027690 0.0064252 0.0064252 0.0035777 0.3566018 0.3787166 0.3556756 0.2834780 0.3745547 0.3566811 0.3982586 0.3496729 0.3715772 0.3700414 0.2889099 0.3310368 0.3469329 0.3382811 0.4122725 0.3520274 0.4019687 0.3583487 0.0015724 0.0064417 0.0000000 0.0027688 0.0064470 0.0015724 0.0080818 0.4156333 0.0056293 0.0047950 0.0043816 0.4181920 0.0031695 0.0072629 0.0027684 0.0031678 0.0027684 0.0068519 0.0068519 0.0081363 0.0043935 0.4181974 0.4169477 0.4169477 0.4178937 0.4181974 0.4170400 0.4143934 0.4148542 0.4143934 0.4167620 0.4145961 0.4154863 0.4180854 0.4156107 0.4134377 0.4170400 0.4193873 0.4155955 0.4157008 0.4121717 0.4157008 0.4169597 0.4158120 0.4134377 0.4168557 0.4168557 0.4169477 0.4137427 0.4124184 0.4157008 0.4167510 0.4169497 0.0043771 1.0803149 
JN420339_Human_herpesvirus_1            0.0076719 0.0047919 0.0023712 0.0072589 0.0072589 0.0015752 0.0015752 0.0019727 0.0098418 0.0068464 0.0023712 0.0051923 0.0051923 0.0031717 0.3566038 0.3786960 0.3533993 0.2834266 0.3734677 0.3568418 0.3971638 0.3498311 0.3704880 0.3700296 0.2888565 0.3310625 0.3470931 0.3384471 0.4111630 0.3520340 0.4008671 0.3572337 0.0027689 0.0052058 0.0027688 0.0000000 0.0052101 0.0027689 0.0068326 0.4145470 0.0035898 0.0027746 0.0031696 0.4170847 0.0035782 0.0060199 0.0039794 0.0043829 0.0039794 0.0056124 0.0056124 0.0068787 0.0039835 0.4170896 0.4158429 0.4158429 0.4167842 0.4170896 0.4159345 0.4132955 0.4137534 0.4132955 0.4156586 0.4134974 0.4143857 0.4169782 0.4145096 0.4123412 0.4159345 0.4182773 0.4144944 0.4145990 0.4110779 0.4145990 0.4158551 0.4147098 0.4123412 0.4157516 0.4157516 0.4158429 0.4126437 0.4113209 0.4145990 0.4156475 0.4158455 0.0023683 1.0721615 
JN420340_Human_herpesvirus_1            0.0064521 0.0052220 0.0060387 0.0060412 0.0060412 0.0052149 0.0052148 0.0064481 0.0116018 0.0081237 0.0060387 0.0072838 0.0072838 0.0051994 0.3616043 0.3836613 0.3583496 0.2877866 0.3794273 0.3619876 0.4031118 0.3548371 0.3765594 0.3750963 0.2918337 0.3360931 0.3521409 0.3436242 0.4171557 0.3572571 0.4068432 0.3634728 0.0072726 0.0048001 0.0064470 0.0052101 0.0000000 0.0072726 0.0031661 0.4162346 0.0039951 0.0031760 0.0035776 0.4230501 0.0081221 0.0023711 0.0076691 0.0080829 0.0076691 0.0035721 0.0035721 0.0056433 0.0060278 0.4230580 0.4217980 0.4217980 0.4227622 0.4230580 0.4218931 0.4192198 0.4196924 0.4192198 0.4216065 0.4194255 0.4203221 0.4229434 0.4204482 0.4182605 0.4218931 0.4242548 0.4204333 0.4205410 0.4169854 0.4205410 0.4218094 0.4206538 0.4182605 0.4217033 0.4217033 0.4217980 0.4185757 0.4172482 0.4205410 0.4215963 0.4217979 0.0060311 1.0757976 
JN420341_Human_herpesvirus_1            0.0097699 0.0068441 0.0027690 0.0093509 0.0093509 0.0027714 0.0027714 0.0015754 0.0119887 0.0080840 0.0027690 0.0072481 0.0072481 0.0043846 0.3589014 0.3810107 0.3579609 0.2848935 0.3757455 0.3590446 0.3994365 0.3519829 0.3727729 0.3723944 0.2903382 0.3334246 0.3492662 0.3406867 0.4133486 0.3544360 0.4031505 0.3595840 0.0015725 0.0072666 0.0015724 0.0027689 0.0072726 0.0000000 0.0089143 0.4166827 0.0056294 0.0047951 0.0051924 0.4192585 0.0031695 0.0080919 0.0027684 0.0031679 0.0027684 0.0076789 0.0076789 0.0089742 0.0052065 0.4192645 0.4180133 0.4180133 0.4189627 0.4192645 0.4181062 0.4154556 0.4159187 0.4154556 0.4178265 0.4156588 0.4165498 0.4191519 0.4166745 0.4144997 0.4181062 0.4204551 0.4166594 0.4167651 0.4132326 0.4167651 0.4180252 0.4168766 0.4144997 0.4179209 0.4179209 0.4180133 0.4148067 0.4134827 0.4167651 0.4178157 0.4180149 0.0043772 1.0758651 
JN420342_Human_herpesvirus_1            0.0080880 0.0068482 0.0076708 0.0076739 0.0076739 0.0068388 0.0068388 0.0080832 0.0132971 0.0089372 0.0076708 0.0089280 0.0089280 0.0068187 0.3647500 0.3868698 0.3603779 0.2920400 0.3825974 0.3640874 0.4061186 0.3580082 0.3785623 0.3772663 0.2932656 0.3382401 0.3542246 0.3457822 0.4212144 0.3594005 0.4098543 0.3655600 0.0080818 0.0056007 0.0080818 0.0068326 0.0031661 0.0089143 0.0000000 0.4180026 0.0064550 0.0056130 0.0043920 0.4270707 0.0097747 0.0023649 0.0084777 0.0088926 0.0084777 0.0035628 0.0035628 0.0072762 0.0076570 0.4270805 0.4258158 0.4258158 0.4267923 0.4270805 0.4259129 0.4232251 0.4237062 0.4232251 0.4256199 0.4234326 0.4243319 0.4269642 0.4244592 0.4222656 0.4259129 0.4282794 0.4244447 0.4245540 0.4209867 0.4245540 0.4258265 0.4246678 0.4222656 0.4257191 0.4257191 0.4258158 0.4225884 0.4212622 0.4245540 0.4256103 0.4258137 0.0076612 1.0806230 
JQ360576_Chimpanzee_alpha-1_herpesvirus 0.4178750 0.4181579 0.4159689 0.4168384 0.4168384 0.4123963 0.4123920 0.4148527 0.4183239 0.4196588 0.4159689 0.4179497 0.4179497 0.4160890 0.0691478 0.0729124 0.0710252 0.0402037 0.0675115 0.0710309 0.0754734 0.0681580 0.0711279 0.0740667 0.0523210 0.0611431 0.0707535 0.0646612 0.0757893 0.0670154 0.0748682 0.0682372 0.4156401 0.4153649 0.4156333 0.4145470 0.4162346 0.4166827 0.4180026 0.0000000 0.4205606 0.4180516 0.4154379 0.0766209 0.4168938 0.4150915 0.4211109 0.4221432 0.4211109 0.4139284 0.4139284 0.4145746 0.4193937 0.0751286 0.0744250 0.0744250 0.0746441 0.0751286 0.0751286 0.0730239 0.0745471 0.0730239 0.0751278 0.0730551 0.0764059 0.0757418 0.0744094 0.0724324 0.0751286 0.0757566 0.0757410 0.0751278 0.0724160 0.0751278 0.0758074 0.0751432 0.0724324 0.0743760 0.0743760 0.0758329 0.0745153 0.0747676 0.0751278 0.0757418 0.0765298 0.4156222 1.0144869 
JQ730035_Human_herpesvirus_1            0.0072954 0.0052252 0.0044072 0.0068814 0.0068814 0.0035931 0.0035931 0.0048130 0.0111925 0.0081428 0.0044072 0.0064609 0.0064609 0.0052250 0.3627593 0.3849059 0.3594960 0.2879347 0.3795765 0.3631759 0.4032660 0.3559997 0.3766149 0.3763715 0.2919852 0.3372970 0.3533159 0.3448375 0.4173140 0.3584680 0.4069990 0.3635312 0.0056294 0.0056527 0.0056293 0.0035898 0.0039951 0.0056294 0.0064550 0.4205606 0.0000000 0.0007862 0.0027769 0.4232089 0.0064665 0.0056399 0.0068766 0.0072902 0.0068766 0.0060526 0.0060526 0.0081815 0.0060574 0.4232168 0.4219563 0.4219563 0.4229213 0.4232168 0.4220515 0.4193767 0.4198498 0.4193767 0.4217645 0.4195825 0.4204795 0.4231021 0.4206057 0.4184171 0.4220515 0.4244141 0.4205909 0.4206986 0.4171414 0.4206986 0.4219676 0.4208115 0.4184171 0.4218615 0.4218615 0.4219563 0.4187327 0.4174049 0.4206986 0.4217543 0.4219560 0.0044018 1.0820899 
JX142173_Human_herpesvirus_1            0.0064446 0.0043937 0.0035833 0.0060341 0.0060341 0.0027771 0.0027771 0.0039858 0.0102999 0.0072832 0.0035833 0.0056181 0.0056181 0.0043936 0.3601905 0.3823142 0.3569520 0.2862394 0.3770271 0.3605324 0.4007195 0.3534257 0.3740579 0.3737245 0.2902711 0.3346638 0.3507192 0.3421711 0.4147474 0.3557828 0.4044401 0.3609030 0.0047951 0.0048150 0.0047950 0.0027746 0.0031760 0.0047951 0.0056130 0.4180516 0.0007862 0.0000000 0.0019710 0.4206536 0.0056229 0.0048041 0.0060299 0.0064400 0.0060299 0.0052129 0.0052129 0.0073178 0.0052171 0.4206602 0.4194054 0.4194054 0.4203606 0.4206602 0.4194992 0.4168393 0.4173061 0.4168393 0.4192168 0.4170435 0.4179369 0.4205469 0.4180621 0.4158819 0.4194992 0.4218535 0.4180471 0.4181536 0.4146114 0.4181536 0.4194171 0.4182656 0.4158819 0.4193121 0.4193121 0.4194054 0.4161920 0.4148662 0.4181536 0.4192062 0.4194064 0.0035789 1.0781610 
KF498959_Human_herpesvirus_1            0.0068561 0.0047993 0.0039797 0.0064446 0.0064446 0.0031724 0.0031724 0.0043824 0.0102682 0.0060338 0.0039797 0.0052003 0.0052003 0.0039816 0.3599347 0.3820297 0.3556116 0.2847669 0.3778273 0.3591380 0.4013752 0.3531772 0.3737806 0.3723214 0.2887856 0.3332877 0.3493543 0.3407739 0.4153776 0.3543689 0.4050908 0.3606339 0.0043816 0.0035902 0.0043816 0.0031696 0.0035776 0.0051924 0.0043920 0.4154379 0.0027769 0.0019710 0.0000000 0.4212682 0.0060218 0.0035882 0.0064289 0.0068393 0.0064289 0.0039933 0.0039933 0.0068893 0.0048006 0.4212752 0.4200217 0.4200217 0.4209771 0.4212752 0.4201156 0.4174578 0.4179251 0.4174578 0.4198327 0.4176620 0.4185543 0.4211617 0.4186795 0.4165019 0.4201156 0.4224668 0.4186646 0.4187711 0.4152329 0.4187711 0.4200333 0.4188831 0.4165019 0.4199282 0.4199282 0.4200217 0.4168127 0.4154893 0.4187711 0.4198222 0.4200224 0.0039748 1.0806649 
