99
HM585496_Human_herpesvirus_1            0.0000000 0.0003962 0.0121600 0.0000010 0.0091257 0.0087233 0.0091339 0.0003962 0.0091339 0.0145579 0.0158066 0.0104833 0.0117157 0.0200365 0.0200111 0.0195953 0.0200184 0.6617335 0.6516516 0.6617578 0.8319940 0.6728746 0.6253680 0.6734376 0.6439325 0.6623869 0.6599780 0.8407622 0.6364978 0.6564138 0.6525138 0.6760217 0.6466778 0.6729331 0.6692331 0.0108205 0.0156728 0.0112636 0.0086859 0.0104120 0.0099724 0.0127059 0.6637701 0.0103935 0.0108764 0.0095400 0.6950485 0.0145607 0.0112932 0.0145391 0.0149845 0.0149845 0.0112549 0.0108246 0.0241139 0.0219107 0.6956141 0.6968099 0.6953923 0.6951274 0.6968099 0.6956141 0.6863287 0.6913700 0.6921359 0.6913700 0.6945380 0.6896257 0.6903540 0.6938128 0.6921359 0.6931374 0.6974680 0.6933641 0.6928087 0.6950211 0.6920288 0.6938237 0.6891693 0.6937240 0.6940134 0.6891072 0.6931374 0.6938684 0.6948592 0.6939168 0.6897111 0.6893853 0.6939332 0.6880124 0.6923366 0.6959975 0.6929651 0.6948126 0.6952830 0.0145391 0.6941725 0.0141048 1.4616070 
HM585497_Human_herpesvirus_1            0.0003962 0.0000000 0.0125949 0.0003962 0.0095522 0.0091499 0.0095607 0.0007945 0.0095607 0.0150038 0.0162535 0.0109157 0.0121491 0.0204966 0.0204706 0.0200547 0.0204781 0.6629738 0.6529173 0.6630111 0.8319940 0.6741064 0.6266415 0.6746648 0.6452264 0.6636329 0.6612185 0.8407622 0.6379026 0.6576897 0.6538708 0.6772422 0.6479792 0.6741503 0.6704922 0.0112505 0.0161163 0.0116952 0.0091107 0.0108417 0.0104008 0.0131450 0.6650032 0.0108226 0.0113084 0.0099670 0.6962432 0.0150066 0.0117258 0.0149845 0.0154310 0.0154310 0.0116861 0.0112548 0.0245820 0.0223757 0.6968099 0.6980060 0.6965877 0.6963221 0.6980060 0.6968099 0.6875179 0.6925637 0.6933319 0.6925637 0.6957318 0.6908173 0.6915451 0.6950070 0.6933319 0.6943302 0.6986633 0.6945574 0.6940033 0.6962160 0.6932211 0.6950180 0.6903600 0.6949215 0.6952137 0.6903008 0.6943302 0.6950626 0.6960534 0.6951106 0.6909033 0.6905784 0.6951274 0.6892045 0.6935291 0.6971920 0.6941601 0.6960067 0.6964782 0.0149845 0.6953674 0.0145491 1.4637762 
HM585498_Human_herpesvirus_1            0.0121600 0.0125949 0.0000000 0.0121600 0.0069641 0.0082329 0.0078114 0.0125949 0.0078114 0.0100486 0.0190680 0.0082842 0.0003977 0.0122443 0.0122291 0.0100772 0.0122334 0.6533238 0.6425459 0.6534918 0.8185755 0.6637252 0.6168347 0.6653300 0.6346531 0.6541681 0.6517981 0.8276257 0.6294908 0.6463991 0.6406983 0.6669534 0.6375688 0.6638922 0.6593132 0.0077748 0.0103367 0.0090489 0.0056926 0.0069374 0.0078304 0.0082816 0.6559019 0.0073576 0.0078161 0.0056935 0.6859247 0.0096112 0.0073834 0.0095962 0.0100259 0.0100259 0.0090418 0.0086199 0.0144039 0.0122564 0.6864821 0.6876737 0.6862635 0.6860045 0.6876737 0.6864821 0.6772575 0.6822586 0.6816127 0.6822586 0.6854221 0.6791454 0.6812636 0.6846949 0.6816127 0.6840305 0.6887572 0.6842530 0.6836890 0.6858966 0.6829269 0.6847050 0.6800829 0.6831854 0.6834504 0.6799991 0.6840305 0.6847503 0.6857400 0.6848017 0.6806127 0.6802807 0.6848144 0.6789169 0.6832328 0.6868744 0.6838422 0.6856942 0.6861557 0.0095962 0.6850483 0.0096142 1.4545069 
HM585499_Human_herpesvirus_1            0.0000010 0.0003962 0.0121600 0.0000000 0.0091257 0.0087233 0.0091339 0.0003962 0.0091339 0.0145579 0.0158066 0.0104833 0.0117157 0.0200365 0.0200111 0.0195953 0.0200184 0.6617335 0.6516516 0.6617578 0.8319940 0.6728746 0.6253680 0.6734376 0.6439325 0.6623869 0.6599780 0.8407622 0.6364978 0.6564138 0.6525138 0.6760217 0.6466778 0.6729331 0.6692331 0.0108205 0.0156728 0.0112636 0.0086859 0.0104120 0.0099724 0.0127059 0.6637701 0.0103935 0.0108764 0.0095400 0.6950485 0.0145607 0.0112932 0.0145391 0.0149845 0.0149845 0.0112549 0.0108246 0.0241139 0.0219107 0.6956141 0.6968099 0.6953923 0.6951274 0.6968099 0.6956141 0.6863287 0.6913700 0.6921359 0.6913700 0.6945380 0.6896257 0.6903540 0.6938128 0.6921359 0.6931374 0.6974680 0.6933641 0.6928087 0.6950211 0.6920288 0.6938237 0.6891693 0.6937240 0.6940134 0.6891072 0.6931374 0.6938684 0.6948592 0.6939168 0.6897111 0.6893853 0.6939332 0.6880124 0.6923366 0.6959975 0.6929651 0.6948126 0.6952830 0.0145391 0.6941725 0.0141048 1.4616070 
HM585501_Human_herpesvirus_1            0.0091257 0.0095522 0.0069641 0.0091257 0.0000000 0.0028104 0.0015965 0.0095522 0.0015965 0.0083500 0.0157701 0.0028232 0.0065405 0.0162691 0.0162486 0.0140505 0.0162544 0.6546232 0.6471774 0.6573031 0.8254681 0.6657832 0.6179923 0.6663710 0.6365658 0.6579565 0.6528713 0.8260148 0.6299001 0.6491149 0.6435860 0.6689867 0.6392609 0.6659256 0.6619956 0.0048659 0.0094943 0.0069474 0.0028206 0.0044643 0.0040483 0.0066070 0.6555209 0.0044557 0.0048925 0.0036369 0.6881118 0.0083516 0.0044439 0.0083384 0.0087660 0.0087660 0.0061088 0.0056944 0.0175332 0.0162841 0.6886702 0.6898608 0.6884512 0.6881913 0.6898608 0.6886702 0.6794471 0.6844492 0.6838070 0.6844492 0.6876082 0.6813352 0.6834508 0.6868827 0.6838070 0.6862169 0.6909427 0.6864400 0.6885053 0.6880839 0.6877352 0.6895190 0.6848880 0.6853801 0.6856497 0.6821928 0.6862169 0.6869381 0.6905525 0.6869887 0.6828030 0.6824731 0.6870022 0.6811095 0.6854199 0.6890597 0.6860327 0.6878804 0.6883432 0.0083384 0.6872371 0.0079202 1.4418241 
HM585502_Human_herpesvirus_1            0.0087233 0.0091499 0.0082329 0.0087233 0.0028104 0.0000000 0.0036264 0.0091500 0.0036264 0.0092148 0.0171647 0.0048855 0.0078045 0.0167665 0.0167453 0.0145361 0.0167513 0.6578964 0.6501341 0.6606208 0.8319940 0.6690626 0.6214310 0.6696397 0.6395755 0.6612566 0.6561405 0.8346510 0.6333619 0.6520941 0.6467500 0.6722442 0.6422905 0.6691664 0.6649468 0.0069590 0.0095125 0.0090764 0.0048813 0.0065549 0.0061302 0.0074565 0.6587763 0.0065426 0.0061566 0.0057112 0.6913481 0.0087789 0.0065256 0.0087651 0.0091938 0.0091938 0.0082226 0.0078016 0.0189441 0.0167819 0.6919106 0.6931051 0.6916900 0.6914275 0.6931051 0.6919106 0.6826469 0.6876735 0.6870339 0.6876735 0.6908407 0.6845440 0.6866657 0.6901144 0.6870339 0.6894433 0.6937656 0.6896683 0.6891093 0.6913204 0.6883364 0.6901250 0.6854823 0.6886150 0.6888926 0.6854113 0.6894433 0.6901700 0.6911607 0.6902196 0.6860193 0.6856909 0.6902345 0.6843213 0.6886435 0.6922977 0.6892644 0.6911144 0.6915813 0.0087651 0.6904717 0.0087819 1.4506054 
HM585503_Human_herpesvirus_1            0.0091339 0.0095607 0.0078114 0.0091339 0.0015965 0.0036264 0.0000000 0.0095608 0.0000010 0.0092172 0.0157844 0.0020129 0.0073845 0.0162838 0.0162633 0.0149548 0.0162692 0.6574948 0.6501042 0.6602098 0.8310449 0.6686443 0.6209082 0.6692219 0.6395454 0.6608468 0.6557419 0.8394917 0.6315501 0.6506197 0.6451847 0.6718243 0.6407922 0.6687529 0.6649165 0.0056972 0.0103571 0.0077926 0.0036395 0.0052948 0.0048753 0.0074589 0.6583756 0.0052846 0.0057281 0.0044610 0.6909050 0.0092190 0.0052708 0.0092046 0.0096347 0.0096347 0.0069482 0.0065312 0.0184537 0.0172018 0.6914662 0.6926585 0.6912461 0.6909842 0.6926585 0.6914662 0.6822204 0.6872369 0.6865978 0.6872369 0.6903988 0.6841137 0.6862317 0.6896736 0.6865978 0.6890040 0.6937415 0.6892285 0.6886700 0.6908773 0.6878992 0.6896841 0.6850504 0.6881757 0.6884519 0.6849785 0.6890040 0.6897291 0.6907181 0.6897787 0.6855860 0.6852579 0.6897934 0.6838909 0.6882057 0.6918531 0.6888247 0.6906719 0.6911376 0.0092046 0.6900300 0.0087844 1.4471963 
HM585504_Human_herpesvirus_1            0.0003962 0.0007945 0.0125949 0.0003962 0.0095522 0.0091500 0.0095608 0.0000000 0.0095608 0.0150039 0.0162537 0.0109158 0.0121492 0.0204968 0.0204708 0.0200549 0.0204783 0.6629896 0.6529332 0.6630271 0.8319940 0.6741222 0.6266570 0.6746806 0.6452425 0.6636487 0.6612342 0.8407622 0.6379200 0.6577058 0.6538878 0.6772580 0.6479954 0.6741659 0.6705083 0.0112506 0.0161164 0.0116953 0.0091108 0.0108418 0.0104009 0.0131451 0.6623205 0.0108226 0.0113085 0.0099671 0.6962589 0.0150068 0.0117259 0.0149846 0.0154311 0.0154311 0.0116862 0.0112549 0.0245822 0.0223759 0.6968257 0.6980218 0.6966034 0.6963378 0.6980218 0.6968257 0.6875334 0.6925793 0.6933476 0.6925793 0.6957475 0.6908329 0.6915607 0.6950226 0.6933476 0.6943459 0.6986790 0.6945731 0.6940190 0.6962317 0.6932368 0.6950337 0.6903756 0.6949372 0.6952294 0.6903164 0.6943459 0.6950783 0.6960691 0.6951262 0.6909189 0.6905940 0.6951431 0.6892200 0.6935448 0.6972077 0.6941758 0.6960224 0.6964939 0.0149846 0.6953831 0.0145492 1.4638203 
HM585505_Human_herpesvirus_1            0.0091339 0.0095607 0.0078114 0.0091339 0.0015965 0.0036264 0.0000010 0.0095608 0.0000000 0.0092172 0.0157844 0.0020129 0.0073845 0.0162838 0.0162633 0.0149548 0.0162692 0.6574948 0.6501042 0.6602098 0.8310449 0.6686443 0.6209082 0.6692219 0.6395454 0.6608468 0.6557419 0.8394917 0.6315501 0.6506197 0.6451847 0.6718243 0.6407922 0.6687529 0.6649165 0.0056972 0.0103571 0.0077926 0.0036395 0.0052948 0.0048753 0.0074589 0.6583756 0.0052846 0.0057281 0.0044610 0.6909050 0.0092190 0.0052708 0.0092046 0.0096347 0.0096347 0.0069482 0.0065312 0.0184537 0.0172018 0.6914662 0.6926585 0.6912461 0.6909842 0.6926585 0.6914662 0.6822204 0.6872369 0.6865978 0.6872369 0.6903988 0.6841137 0.6862317 0.6896736 0.6865978 0.6890040 0.6937415 0.6892285 0.6886700 0.6908773 0.6878992 0.6896841 0.6850504 0.6881757 0.6884519 0.6849785 0.6890040 0.6897291 0.6907181 0.6897787 0.6855860 0.6852579 0.6897934 0.6838909 0.6882057 0.6918531 0.6888247 0.6906719 0.6911376 0.0092046 0.6900300 0.0087844 1.4471963 
HM585508_Human_herpesvirus_1            0.0145579 0.0150038 0.0100486 0.0145579 0.0083500 0.0092148 0.0092172 0.0150039 0.0092172 0.0000000 0.0188395 0.0086415 0.0096094 0.0162381 0.0164780 0.0144782 0.0166862 0.6618724 0.6557854 0.6646090 0.8703102 0.6725074 0.6259380 0.6734359 0.6460329 0.6648731 0.6604754 0.8883963 0.6432626 0.6593854 0.6556782 0.6759894 0.6487518 0.6734912 0.6681510 0.0090684 0.0099063 0.0094996 0.0069628 0.0082197 0.0082938 0.0023881 0.6643974 0.0086445 0.0056698 0.0069640 0.6945655 0.0015838 0.0078279 0.0031948 0.0035987 0.0035987 0.0103447 0.0099189 0.0159425 0.0158169 0.6948961 0.6960771 0.6949050 0.6958239 0.6963055 0.6948961 0.6871258 0.6921103 0.6903030 0.6921103 0.6940614 0.6890067 0.6911047 0.6945245 0.6903030 0.6926777 0.6985596 0.6940807 0.6935326 0.6957190 0.6927606 0.6945354 0.6899338 0.6930519 0.6921512 0.6898743 0.6926777 0.6945795 0.6935378 0.6946271 0.6904702 0.6901488 0.6946435 0.6887914 0.6930648 0.6966836 0.6936874 0.6941052 0.6947970 0.0031948 0.6934724 0.0019891 1.4517773 
HM585509_Human_herpesvirus_1            0.0158066 0.0162535 0.0190680 0.0158066 0.0157701 0.0171647 0.0157844 0.0162537 0.0157844 0.0188395 0.0000000 0.0151050 0.0185950 0.0176310 0.0174162 0.0171957 0.0176151 0.6751599 0.6685237 0.6767999 0.8906736 0.6872468 0.6378710 0.6854240 0.6580301 0.6773388 0.6725073 0.9203761 0.6546674 0.6713655 0.6692131 0.6910405 0.6595269 0.6880611 0.6837807 0.0183466 0.0215468 0.0197174 0.0161102 0.0179234 0.0165052 0.0169406 0.6781978 0.0178959 0.0164432 0.0170051 0.7096763 0.0188430 0.0178543 0.0188168 0.0192679 0.0192679 0.0197020 0.0192503 0.0205407 0.0194718 0.7100169 0.7112120 0.7100263 0.7105132 0.7114476 0.7100169 0.7016841 0.7067606 0.7049544 0.7067606 0.7087232 0.7035982 0.7057157 0.7091986 0.7049544 0.7073174 0.7132879 0.7087414 0.7082042 0.7104106 0.7073991 0.7092108 0.7045318 0.7077462 0.7068678 0.7045068 0.7073174 0.7092541 0.7082035 0.7092971 0.7050905 0.7045801 0.7093197 0.7032010 0.7077081 0.7109433 0.7083648 0.7087655 0.7099152 0.0188168 0.7085714 0.0183754 1.4764746 
HM585510_Human_herpesvirus_1            0.0104833 0.0109157 0.0082842 0.0104833 0.0028232 0.0048855 0.0020129 0.0109158 0.0020129 0.0086415 0.0151050 0.0000000 0.0078533 0.0148547 0.0146755 0.0135412 0.0148413 0.6698204 0.6630932 0.6726564 0.8707910 0.6794362 0.6338213 0.6813373 0.6525306 0.6732172 0.6684243 0.9011648 0.6472779 0.6633396 0.6592917 0.6828624 0.6552997 0.6797809 0.6753810 0.0069180 0.0115912 0.0090182 0.0048518 0.0065143 0.0061037 0.0069193 0.6685877 0.0065021 0.0052247 0.0056763 0.7015893 0.0086431 0.0064854 0.0086297 0.0090517 0.0090517 0.0081706 0.0077525 0.0168519 0.0157603 0.7019245 0.7031120 0.7019337 0.7028537 0.7033437 0.7019245 0.6940920 0.6991210 0.6973140 0.6991210 0.7010779 0.6959890 0.6980966 0.7015469 0.6973140 0.6996835 0.7056084 0.7010967 0.7005537 0.7027499 0.6997658 0.7015584 0.6969193 0.7000837 0.6991935 0.6968762 0.6996835 0.7016022 0.7005561 0.7016475 0.6974664 0.6971488 0.7016669 0.6957807 0.7000723 0.7037159 0.7007113 0.7011210 0.7018242 0.0086297 0.7004908 0.0082171 1.4624397 
HM585511_Human_herpesvirus_1            0.0117157 0.0121491 0.0003977 0.0117157 0.0065405 0.0078045 0.0073845 0.0121492 0.0073845 0.0096094 0.0185950 0.0078533 0.0000000 0.0117969 0.0117822 0.0096368 0.0117864 0.6519062 0.6411084 0.6520588 0.8130618 0.6623113 0.6153988 0.6639206 0.6331880 0.6527431 0.6503805 0.8203074 0.6279019 0.6449474 0.6391575 0.6655507 0.6360931 0.6624950 0.6578738 0.0073498 0.0099018 0.0086190 0.0052746 0.0065153 0.0074025 0.0078508 0.6544902 0.0069340 0.0073890 0.0052755 0.6845425 0.0091738 0.0069583 0.0091594 0.0095877 0.0095877 0.0086123 0.0081918 0.0139504 0.0118085 0.6850984 0.6862890 0.6848804 0.6846223 0.6862890 0.6850984 0.6758860 0.6808794 0.6802320 0.6808794 0.6840412 0.6777711 0.6798879 0.6833139 0.6802320 0.6826514 0.6873718 0.6828731 0.6823080 0.6845141 0.6815489 0.6833238 0.6787082 0.6818023 0.6820640 0.6786211 0.6826514 0.6833693 0.6843585 0.6834211 0.6792360 0.6789032 0.6834332 0.6775413 0.6818545 0.6854919 0.6824607 0.6843128 0.6847728 0.0091594 0.6836663 0.0091768 1.4563727 
HM585512_Human_herpesvirus_1            0.0200365 0.0204966 0.0122443 0.0200365 0.0162691 0.0167665 0.0162838 0.0204968 0.0162838 0.0162381 0.0176310 0.0148547 0.0117969 0.0000000 0.0007974 0.0053065 0.0007974 0.6595121 0.6508376 0.6606447 0.8366874 0.6690376 0.6202236 0.6700343 0.6384070 0.6622228 0.6564902 0.8599020 0.6340928 0.6507159 0.6468446 0.6720639 0.6413136 0.6691383 0.6644435 0.0171027 0.0193996 0.0175787 0.0148727 0.0162042 0.0172180 0.0148227 0.6592204 0.0166638 0.0152172 0.0148805 0.6916149 0.0162411 0.0167185 0.0162176 0.0166651 0.0166651 0.0184709 0.0180189 0.0147898 0.0073990 0.6921803 0.6933806 0.6919586 0.6912704 0.6933806 0.6921803 0.6824539 0.6875008 0.6860180 0.6875008 0.6906812 0.6843586 0.6878644 0.6899519 0.6860180 0.6892781 0.6936182 0.6895040 0.6873575 0.6911629 0.6881667 0.6883770 0.6853008 0.6876007 0.6878766 0.6852291 0.6892781 0.6900077 0.6910025 0.6900576 0.6858399 0.6853184 0.6900724 0.6839438 0.6884751 0.6917201 0.6890982 0.6909560 0.6918493 0.0162176 0.6907343 0.0162421 1.4615251 
HM585513_Human_herpesvirus_1            0.0200111 0.0204706 0.0122291 0.0200111 0.0162486 0.0167453 0.0162633 0.0204708 0.0162633 0.0164780 0.0174162 0.0146755 0.0117822 0.0007974 0.0000000 0.0053019 0.0007967 0.6728101 0.6648478 0.6740722 0.8722738 0.6817968 0.6342144 0.6830913 0.6524565 0.6755776 0.6701586 0.9096683 0.6494251 0.6640789 0.6616537 0.6850418 0.6541288 0.6826750 0.6769387 0.0168803 0.0191388 0.0173435 0.0146753 0.0159884 0.0170197 0.0146265 0.6717533 0.0164416 0.0150162 0.0146829 0.7041516 0.0164811 0.0164948 0.0164576 0.0169004 0.0169004 0.0182234 0.0177777 0.0146222 0.0073900 0.7044894 0.7056823 0.7044987 0.7049911 0.7059159 0.7044894 0.6961905 0.7012443 0.6985690 0.7012443 0.7032073 0.6980966 0.7015864 0.7036791 0.6985690 0.7018065 0.7073256 0.7032259 0.7010955 0.7048874 0.7018888 0.7021026 0.6990300 0.7013435 0.7004549 0.6989918 0.7018065 0.7037346 0.7026848 0.7037794 0.6995815 0.6990695 0.7037997 0.6976955 0.7021967 0.7054256 0.7028421 0.7032502 0.7043884 0.0164576 0.7030482 0.0160254 1.4748208 
HM585514_Human_herpesvirus_1            0.0195953 0.0200547 0.0100772 0.0195953 0.0140505 0.0145361 0.0149548 0.0200549 0.0149548 0.0144782 0.0171957 0.0135412 0.0096368 0.0053065 0.0053019 0.0000000 0.0053019 0.6548356 0.6473512 0.6559180 0.8383924 0.6643848 0.6154581 0.6654027 0.6363348 0.6575157 0.6518164 0.8604083 0.6318370 0.6472045 0.6415144 0.6674528 0.6377249 0.6645408 0.6609662 0.0148813 0.0171472 0.0162443 0.0126773 0.0139937 0.0149835 0.0126339 0.6562386 0.0144463 0.0130293 0.0126838 0.6870879 0.0144810 0.0144947 0.0144595 0.0149033 0.0149033 0.0162316 0.0157849 0.0126054 0.0020055 0.6876492 0.6888474 0.6874291 0.6867473 0.6888474 0.6876492 0.6779566 0.6829835 0.6815071 0.6829835 0.6861617 0.6798542 0.6833530 0.6854314 0.6815071 0.6847631 0.6890913 0.6849869 0.6828425 0.6866390 0.6836541 0.6838626 0.6807960 0.6830834 0.6833488 0.6807135 0.6847631 0.6854871 0.6864813 0.6855384 0.6813291 0.6808063 0.6855515 0.6794362 0.6839616 0.6872005 0.6845752 0.6864352 0.6873205 0.0144595 0.6862071 0.0140269 1.4616192 
HM585515_Human_herpesvirus_1            0.0200184 0.0204781 0.0122334 0.0200184 0.0162544 0.0167513 0.0162692 0.0204783 0.0162692 0.0166862 0.0176151 0.0148413 0.0117864 0.0007974 0.0007967 0.0053019 0.0000000 0.6593405 0.6506669 0.6604707 0.8309922 0.6688622 0.6200682 0.6698592 0.6382395 0.6620488 0.6563202 0.8522143 0.6339129 0.6505440 0.6466637 0.6718887 0.6411435 0.6689650 0.6642666 0.0170874 0.0193822 0.0175629 0.0148593 0.0161896 0.0172024 0.0148094 0.6590502 0.0166488 0.0152035 0.0148671 0.6914336 0.0166894 0.0167034 0.0166653 0.0171140 0.0171140 0.0184542 0.0180027 0.0147765 0.0073926 0.6919986 0.6931982 0.6917770 0.6910894 0.6931982 0.6919986 0.6822781 0.6873218 0.6858400 0.6873218 0.6905007 0.6841817 0.6876855 0.6897716 0.6858400 0.6890984 0.6934359 0.6893241 0.6871787 0.6909819 0.6879876 0.6881977 0.6851234 0.6874217 0.6876970 0.6850513 0.6890984 0.6898274 0.6908217 0.6898773 0.6856620 0.6851407 0.6898921 0.6837669 0.6882958 0.6915390 0.6889183 0.6907753 0.6916678 0.0166653 0.6905534 0.0162275 1.4586679 
HSV2_1                                  0.6617335 0.6629738 0.6533238 0.6617335 0.6546232 0.6578964 0.6574948 0.6629896 0.6574948 0.6618724 0.6751599 0.6698204 0.6519062 0.6595121 0.6728101 0.6548356 0.6593405 0.0000000 0.0043635 0.0047784 0.0156448 0.0157345 0.0031347 0.0016816 0.0035778 0.0021312 0.0038581 0.0017922 0.0014580 0.0145277 0.0139984 0.0141724 0.0013418 0.0160831 0.0137114 0.6699372 0.6637172 0.6660939 0.6669779 0.6692462 0.6704586 0.6677746 0.1309130 0.6703453 0.6668106 0.6701627 0.0146177 0.6618287 0.6682323 0.6662605 0.6674895 0.6674895 0.6725626 0.6713186 0.6664980 0.6579629 0.0150927 0.0155573 0.0146230 0.0160012 0.0150894 0.0150927 0.0155247 0.0155601 0.0151196 0.0155601 0.0170024 0.0169234 0.0160622 0.0159992 0.0151196 0.0165175 0.0178754 0.0150640 0.0150643 0.0150608 0.0150269 0.0155280 0.0145664 0.0160910 0.0142277 0.0150839 0.0165175 0.0150638 0.0150530 0.0155460 0.0160535 0.0165370 0.0155361 0.0160535 0.0145927 0.0155244 0.0160535 0.0146042 0.0150809 0.6662605 0.0146264 0.6651603 1.2876767 
HSV2_2                                  0.6516516 0.6529173 0.6425459 0.6516516 0.6471774 0.6501341 0.6501042 0.6529332 0.6501042 0.6557854 0.6685237 0.6630932 0.6411084 0.6508376 0.6648478 0.6473512 0.6506669 0.0043635 0.0000000 0.0017539 0.0156763 0.0141470 0.0027274 0.0030459 0.0035789 0.0021806 0.0030486 0.0000028 0.0024316 0.0125883 0.0140582 0.0117406 0.0040956 0.0141512 0.0123298 0.6632243 0.6583168 0.6592943 0.6602086 0.6625275 0.6633125 0.6612153 0.1281889 0.6636411 0.6602278 0.6634528 0.0126711 0.6573857 0.6614875 0.6604614 0.6617160 0.6617160 0.6659180 0.6646469 0.6592818 0.6505469 0.0131518 0.0136236 0.0126758 0.0140770 0.0131489 0.0131518 0.0135939 0.0136261 0.0131753 0.0136261 0.0150872 0.0145397 0.0141325 0.0140752 0.0131753 0.0145964 0.0159806 0.0131262 0.0131265 0.0126417 0.0130927 0.0135974 0.0126242 0.0141586 0.0127390 0.0131440 0.0145964 0.0126563 0.0131160 0.0136135 0.0141246 0.0146140 0.0136046 0.0141246 0.0126484 0.0135942 0.0141246 0.0126591 0.0131413 0.6604614 0.0126788 0.6585468 1.2776893 
HSV2_3                                  0.6617578 0.6630111 0.6534918 0.6617578 0.6573031 0.6606208 0.6602098 0.6630271 0.6602098 0.6646090 0.6767999 0.6726564 0.6520588 0.6606447 0.6740722 0.6559180 0.6604707 0.0047784 0.0017539 0.0000000 0.0201539 0.0153375 0.0017879 0.0034346 0.0031532 0.0034609 0.0030034 0.0017966 0.0024181 0.0135657 0.0150942 0.0129260 0.0045508 0.0148581 0.0132923 0.6709270 0.6649852 0.6673900 0.6679366 0.6702276 0.6714585 0.6705789 0.1325330 0.6713211 0.6696048 0.6711369 0.0138597 0.6645648 0.6695496 0.6676178 0.6688596 0.6688596 0.6739250 0.6726678 0.6695363 0.6590782 0.0143291 0.0147958 0.0138648 0.0152440 0.0143259 0.0143291 0.0147730 0.0148067 0.0143627 0.0148067 0.0162580 0.0157108 0.0153116 0.0152507 0.0143627 0.0157705 0.0166626 0.0143098 0.0143132 0.0143099 0.0138088 0.0147796 0.0138088 0.0153392 0.0139330 0.0143288 0.0157705 0.0143096 0.0142990 0.0147934 0.0153032 0.0157893 0.0147756 0.0153032 0.0138353 0.0147729 0.0148336 0.0138466 0.0143260 0.6676178 0.0138600 0.6679333 1.3126082 
HSV2_4                                  0.8319940 0.8319940 0.8185755 0.8319940 0.8254681 0.8319940 0.8310449 0.8319940 0.8310449 0.8703102 0.8906736 0.8707910 0.8130618 0.8366874 0.8722738 0.8383924 0.8309922 0.0156448 0.0156763 0.0201539 0.0000000 0.0041519 0.0137021 0.0116640 0.0190859 0.0058742 0.0120400 0.0059185 0.0135426 0.0027555 0.0000022 0.0013805 0.0167881 0.0027811 0.0013705 0.8683389 0.8731619 0.8733159 0.8731619 0.8722357 0.8675501 0.8752318 0.1690286 0.8709821 0.8718846 0.8731619 0.0027626 0.8703102 0.8703015 0.8758077 0.8803132 0.8758077 0.8757005 0.8757005 0.8829391 0.8342722 0.0027626 0.0027626 0.0027658 0.0013705 0.0027626 0.0027626 0.0013745 0.0027628 0.0028307 0.0027628 0.0027553 0.0013755 0.0027628 0.0027555 0.0028307 0.0027553 0.0055600 0.0013705 0.0071112 0.0085963 0.0027575 0.0086438 0.0013715 0.0043024 0.0028393 0.0013755 0.0027553 0.0013705 0.0027696 0.0013737 0.0013713 0.0013762 0.0013705 0.0013762 0.0013778 0.0041490 0.0056110 0.0013705 0.0027626 0.8758077 0.0013705 0.8771841 1.4961084 
HSV2_5                                  0.6728746 0.6741064 0.6637252 0.6728746 0.6657832 0.6690626 0.6686443 0.6741222 0.6686443 0.6725074 0.6872468 0.6794362 0.6623113 0.6690376 0.6817968 0.6643848 0.6688622 0.0157345 0.0141470 0.0153375 0.0041519 0.0000000 0.0115017 0.0117694 0.0144590 0.0123842 0.0137269 0.0110607 0.0083961 0.0004336 0.0056689 0.0042072 0.0150180 0.0037835 0.0043034 0.6805387 0.6743371 0.6767229 0.6775847 0.6798376 0.6806935 0.6783764 0.1295470 0.6809447 0.6774217 0.6807659 0.0025020 0.6724640 0.6801136 0.6754738 0.6766941 0.6766941 0.6831315 0.6818949 0.6776265 0.6670702 0.0029251 0.0033467 0.0025029 0.0029213 0.0029245 0.0029251 0.0050644 0.0033479 0.0055330 0.0033479 0.0046224 0.0059240 0.0033473 0.0004136 0.0055330 0.0041929 0.0020801 0.0012445 0.0059441 0.0050720 0.0050545 0.0068276 0.0042001 0.0059818 0.0046583 0.0037700 0.0041929 0.0029204 0.0042062 0.0025165 0.0033455 0.0037768 0.0025006 0.0033491 0.0033584 0.0046243 0.0046322 0.0020805 0.0029229 0.6754738 0.0041961 0.6757721 1.3201269 
HSV2_6                                  0.6253680 0.6266415 0.6168347 0.6253680 0.6179923 0.6214310 0.6209082 0.6266570 0.6209082 0.6259380 0.6378710 0.6338213 0.6153988 0.6202236 0.6342144 0.6154581 0.6200682 0.0031347 0.0027274 0.0017879 0.0137021 0.0115017 0.0000000 0.0022170 0.0022885 0.0035747 0.0022185 0.0000023 0.0009784 0.0099384 0.0111883 0.0096101 0.0032407 0.0105523 0.0083510 0.6336692 0.6269542 0.6298637 0.6306787 0.6331907 0.6338381 0.6316476 0.1256808 0.6346021 0.6310090 0.6342251 0.0100580 0.6255585 0.6321004 0.6286063 0.6298657 0.6298657 0.6369381 0.6356617 0.6298425 0.6186658 0.0105384 0.0110118 0.0100618 0.0109962 0.0105360 0.0105384 0.0105144 0.0110138 0.0105476 0.0110138 0.0114885 0.0114608 0.0105383 0.0114687 0.0105476 0.0110029 0.0133806 0.0105176 0.0095511 0.0105278 0.0100198 0.0100198 0.0095511 0.0115270 0.0105734 0.0105320 0.0110029 0.0105174 0.0105087 0.0110035 0.0105323 0.0110164 0.0105234 0.0105323 0.0100393 0.0100176 0.0105323 0.0100484 0.0105299 0.6286063 0.0095840 0.6289872 1.2930723 
HSV2_7                                  0.6734376 0.6746648 0.6653300 0.6734376 0.6663710 0.6696397 0.6692219 0.6746806 0.6692219 0.6734359 0.6854240 0.6813373 0.6639206 0.6700343 0.6830913 0.6654027 0.6698592 0.0016816 0.0030459 0.0034346 0.0116640 0.0117694 0.0022170 0.0000000 0.0031295 0.0012649 0.0025441 0.0017895 0.0019287 0.0099685 0.0106677 0.0093853 0.0013332 0.0116435 0.0092862 0.6814334 0.6752573 0.6776346 0.6784913 0.6807341 0.6820043 0.6792795 0.1272761 0.6818376 0.6783292 0.6816598 0.0102638 0.6733927 0.6797372 0.6763904 0.6776054 0.6776054 0.6840134 0.6827822 0.6795350 0.6684943 0.0107136 0.0111566 0.0102674 0.0115854 0.0107113 0.0107136 0.0116049 0.0111586 0.0112031 0.0111586 0.0125248 0.0124967 0.0116294 0.0115841 0.0112031 0.0120658 0.0133723 0.0106938 0.0116107 0.0111361 0.0111361 0.0120554 0.0106938 0.0121267 0.0107609 0.0107075 0.0120658 0.0106937 0.0111548 0.0116213 0.0116232 0.0120798 0.0111419 0.0116232 0.0107134 0.0116056 0.0120685 0.0102546 0.0107055 0.6763904 0.0102698 0.6766860 1.3263478 
HSV2_8                                  0.6439325 0.6452264 0.6346531 0.6439325 0.6365658 0.6395755 0.6395454 0.6452425 0.6395454 0.6460329 0.6580301 0.6525306 0.6331880 0.6384070 0.6524565 0.6363348 0.6382395 0.0035778 0.0035789 0.0031532 0.0190859 0.0144590 0.0022885 0.0031295 0.0000000 0.0040457 0.0017792 0.0036309 0.0014713 0.0136466 0.0147332 0.0120252 0.0031827 0.0134828 0.0125573 0.6523340 0.6473138 0.6484762 0.6492718 0.6518278 0.6521840 0.6491544 0.1328308 0.6538600 0.6498201 0.6534754 0.0129791 0.6476583 0.6507266 0.6507857 0.6520664 0.6520664 0.6556401 0.6543426 0.6482543 0.6395983 0.0134727 0.0139568 0.0129840 0.0139368 0.0134696 0.0134727 0.0134425 0.0139594 0.0134978 0.0139594 0.0144448 0.0144105 0.0134725 0.0144197 0.0134978 0.0139454 0.0163757 0.0134458 0.0129642 0.0129610 0.0129299 0.0134461 0.0124504 0.0145071 0.0125573 0.0134644 0.0139454 0.0129636 0.0134351 0.0139462 0.0134648 0.0139627 0.0134534 0.0134648 0.0129554 0.0129270 0.0134648 0.0129665 0.0134617 0.6507857 0.0129872 0.6464405 1.2676255 
HSV2_9                                  0.6623869 0.6636329 0.6541681 0.6623869 0.6579565 0.6612566 0.6608468 0.6636487 0.6608468 0.6648731 0.6773388 0.6732172 0.6527431 0.6622228 0.6755776 0.6575157 0.6620488 0.0021312 0.0021806 0.0034609 0.0058742 0.0123842 0.0035747 0.0012649 0.0040457 0.0000000 0.0025554 0.0000021 0.0024219 0.0105691 0.0113148 0.0109971 0.0017860 0.0119016 0.0098620 0.6733287 0.6670680 0.6694654 0.6703489 0.6726293 0.6738696 0.6711500 0.1280803 0.6737393 0.6701817 0.6735565 0.0109784 0.6648292 0.6732735 0.6678633 0.6690973 0.6690973 0.6759634 0.6747124 0.6701160 0.6604279 0.0114417 0.0118975 0.0109784 0.0123377 0.0114392 0.0114417 0.0118719 0.0118997 0.0114688 0.0118997 0.0128149 0.0127855 0.0118974 0.0123362 0.0114688 0.0123449 0.0141765 0.0114200 0.0118778 0.0118751 0.0113913 0.0123341 0.0109385 0.0124152 0.0110305 0.0114351 0.0123449 0.0114199 0.0114109 0.0118889 0.0118910 0.0123595 0.0118813 0.0118910 0.0109590 0.0113889 0.0123477 0.0109683 0.0114328 0.6678633 0.0109849 0.6685193 1.3207758 
HSV2_10                                 0.6599780 0.6612185 0.6517981 0.6599780 0.6528713 0.6561405 0.6557419 0.6612342 0.6557419 0.6604754 0.6725073 0.6684243 0.6503805 0.6564902 0.6701586 0.6518164 0.6563202 0.0038581 0.0030486 0.0030034 0.0120400 0.0137269 0.0022185 0.0025441 0.0017792 0.0025554 0.0000000 0.0000026 0.0024196 0.0119816 0.0133956 0.0118773 0.0036000 0.0128076 0.0112439 0.6685436 0.6623219 0.6646971 0.6655839 0.6678540 0.6690585 0.6663811 0.1284502 0.6689519 0.6654160 0.6687689 0.0123200 0.6604316 0.6681252 0.6634474 0.6646761 0.6646761 0.6711730 0.6699281 0.6653302 0.6545285 0.0127868 0.0132451 0.0123245 0.0136859 0.0127840 0.0127868 0.0132168 0.0132474 0.0128094 0.0132474 0.0141675 0.0141354 0.0132449 0.0136842 0.0128094 0.0136939 0.0155346 0.0127626 0.0127656 0.0127627 0.0122756 0.0132231 0.0122756 0.0137632 0.0123847 0.0127793 0.0136939 0.0127624 0.0127527 0.0132355 0.0132377 0.0137100 0.0132270 0.0132377 0.0122985 0.0127281 0.0127797 0.0123087 0.0127769 0.6634474 0.0123273 0.6637659 1.2966225 
HSV2_11                                 0.8407622 0.8407622 0.8276257 0.8407622 0.8260148 0.8346510 0.8394917 0.8407622 0.8394917 0.8883963 0.9203761 0.9011648 0.8203074 0.8599020 0.9096683 0.8604083 0.8522143 0.0017922 0.0000028 0.0017966 0.0059185 0.0110607 0.0000023 0.0017895 0.0036309 0.0000021 0.0000026 0.0000000 0.0017837 0.0091636 0.0054521 0.0054311 0.0017922 0.0091781 0.0054393 0.8895688 0.8920458 0.8920458 0.8920458 0.8920458 0.8921339 0.8948609 0.1704517 0.8904840 0.8917445 0.8920458 0.0054055 0.8883963 0.8920458 0.8896372 0.8955385 0.8896372 0.9039758 0.9039758 0.9112560 0.8515010 0.0072560 0.0072560 0.0054135 0.0091142 0.0054055 0.0072560 0.0091500 0.0110536 0.0074277 0.0110536 0.0091214 0.0091581 0.0110536 0.0110105 0.0074277 0.0091214 0.0148521 0.0091142 0.0111293 0.0091142 0.0091226 0.0111293 0.0091226 0.0113903 0.0074632 0.0091581 0.0091214 0.0091145 0.0072735 0.0091142 0.0091214 0.0091214 0.0091142 0.0091214 0.0091500 0.0091142 0.0091214 0.0091226 0.0054055 0.8896372 0.0072560 0.8974922 1.6275380 
HSV2_12                                 0.6364978 0.6379026 0.6294908 0.6364978 0.6299001 0.6333619 0.6315501 0.6379200 0.6315501 0.6432626 0.6546674 0.6472779 0.6279019 0.6340928 0.6494251 0.6318370 0.6339129 0.0014580 0.0024316 0.0024181 0.0135426 0.0083961 0.0009784 0.0019287 0.0014713 0.0024219 0.0024196 0.0017837 0.0000000 0.0079274 0.0074068 0.0058827 0.0014672 0.0073930 0.0058836 0.6455980 0.6413696 0.6426327 0.6436894 0.6462599 0.6468445 0.6466497 0.1236921 0.6484593 0.6457364 0.6482467 0.0068741 0.6450261 0.6454727 0.6484212 0.6498130 0.6484212 0.6489875 0.6489875 0.6441003 0.6337834 0.0073829 0.0078864 0.0068769 0.0078743 0.0073811 0.0073829 0.0073843 0.0078880 0.0074232 0.0078880 0.0073748 0.0083946 0.0073828 0.0083789 0.0074232 0.0078795 0.0099029 0.0073672 0.0078949 0.0073673 0.0073672 0.0084017 0.0068656 0.0084635 0.0059114 0.0068742 0.0078795 0.0068654 0.0078849 0.0084106 0.0073784 0.0078900 0.0073716 0.0073784 0.0073827 0.0073655 0.0078815 0.0068671 0.0073765 0.6484212 0.0063708 0.6437024 1.2870038 
HSV2_13                                 0.6564138 0.6576897 0.6463991 0.6564138 0.6491149 0.6520941 0.6506197 0.6577058 0.6506197 0.6593854 0.6713655 0.6633396 0.6449474 0.6507159 0.6640789 0.6472045 0.6505440 0.0145277 0.0125883 0.0135657 0.0027555 0.0004336 0.0099384 0.0099685 0.0136466 0.0105691 0.0119816 0.0091636 0.0079274 0.0000000 0.0052438 0.0039617 0.0141478 0.0035177 0.0039608 0.6641646 0.6593810 0.6605570 0.6611278 0.6634619 0.6642573 0.6624902 0.1288037 0.6654780 0.6614960 0.6652890 0.0021805 0.6610017 0.6640877 0.6641073 0.6653722 0.6653722 0.6672255 0.6659453 0.6608353 0.6499993 0.0026223 0.0030634 0.0021813 0.0026188 0.0026217 0.0026223 0.0048574 0.0030645 0.0053465 0.0030645 0.0043963 0.0057568 0.0030639 0.0000029 0.0053465 0.0039475 0.0017399 0.0008673 0.0057773 0.0048651 0.0048474 0.0067022 0.0039547 0.0058157 0.0044312 0.0035055 0.0039475 0.0021786 0.0039606 0.0021937 0.0030623 0.0035122 0.0021793 0.0030657 0.0030746 0.0043982 0.0044051 0.0017403 0.0026203 0.6641073 0.0039507 0.6598019 1.2892262 
HSV2_14                                 0.6525138 0.6538708 0.6406983 0.6525138 0.6435860 0.6467500 0.6451847 0.6538878 0.6451847 0.6556782 0.6692131 0.6592917 0.6391575 0.6468446 0.6616537 0.6415144 0.6466637 0.0139984 0.0140582 0.0150942 0.0000022 0.0056689 0.0111883 0.0106677 0.0147332 0.0113148 0.0133956 0.0054521 0.0074068 0.0052438 0.0000000 0.0037578 0.0131678 0.0028093 0.0042394 0.6601794 0.6553017 0.6579214 0.6569574 0.6594386 0.6585220 0.6585885 0.1290114 0.6615770 0.6573438 0.6613751 0.0047019 0.6570091 0.6600991 0.6603062 0.6616515 0.6603062 0.6634373 0.6620768 0.6570148 0.6444935 0.0042255 0.0047019 0.0047037 0.0046950 0.0051797 0.0042255 0.0047192 0.0037497 0.0037863 0.0037497 0.0042236 0.0037550 0.0037488 0.0056547 0.0037863 0.0032719 0.0075860 0.0046963 0.0061864 0.0061747 0.0051885 0.0071799 0.0042317 0.0047604 0.0033025 0.0032760 0.0032719 0.0042203 0.0056781 0.0061798 0.0042255 0.0047125 0.0042193 0.0042307 0.0052032 0.0051861 0.0056758 0.0032726 0.0051798 0.6603062 0.0037496 0.6557324 1.2966431 
HSV2_15                                 0.6760217 0.6772422 0.6669534 0.6760217 0.6689867 0.6722442 0.6718243 0.6772580 0.6718243 0.6759894 0.6910405 0.6828624 0.6655507 0.6720639 0.6850418 0.6674528 0.6718887 0.0141724 0.0117406 0.0129260 0.0013805 0.0042072 0.0096101 0.0093853 0.0120252 0.0109971 0.0118773 0.0054311 0.0058827 0.0039617 0.0037578 0.0000000 0.0125721 0.0029050 0.0017074 0.6839473 0.6778001 0.6801701 0.6810182 0.6832486 0.6845271 0.6818021 0.1249221 0.6843496 0.6808578 0.6841733 0.0020563 0.6759465 0.6835237 0.6803322 0.6815417 0.6815417 0.6865096 0.6852850 0.6814994 0.6701107 0.0024707 0.0028868 0.0020570 0.0024697 0.0024702 0.0024707 0.0037382 0.0037288 0.0046119 0.0037288 0.0041581 0.0050031 0.0033173 0.0041420 0.0046119 0.0037341 0.0058300 0.0033037 0.0037503 0.0041616 0.0028937 0.0046072 0.0020612 0.0054781 0.0033325 0.0033078 0.0037341 0.0033036 0.0037331 0.0045920 0.0033156 0.0037423 0.0020559 0.0033192 0.0037403 0.0045817 0.0045895 0.0028874 0.0024702 0.6803322 0.0024730 0.6792212 1.3211190 
HSV2_16                                 0.6466778 0.6479792 0.6375688 0.6466778 0.6392609 0.6422905 0.6407922 0.6479954 0.6407922 0.6487518 0.6595269 0.6552997 0.6360931 0.6413136 0.6541288 0.6377249 0.6411435 0.0013418 0.0040956 0.0045508 0.0167881 0.0150180 0.0032407 0.0013332 0.0031827 0.0017860 0.0036000 0.0017922 0.0014672 0.0141478 0.0131678 0.0125721 0.0000000 0.0135604 0.0131312 0.6535517 0.6485043 0.6496754 0.6504728 0.6530417 0.6534057 0.6518956 0.1314772 0.6550852 0.6525681 0.6546986 0.0135258 0.6503887 0.6519355 0.6535375 0.6548256 0.6548256 0.6568733 0.6555693 0.6512368 0.6410060 0.0140236 0.0145114 0.0135310 0.0144905 0.0140203 0.0140236 0.0139922 0.0145141 0.0140489 0.0145141 0.0150032 0.0149675 0.0140233 0.0149770 0.0140489 0.0144995 0.0169479 0.0139955 0.0135134 0.0135101 0.0129915 0.0139990 0.0129915 0.0150677 0.0131106 0.0140149 0.0144995 0.0135096 0.0139844 0.0145003 0.0140153 0.0145175 0.0140034 0.0140153 0.0135012 0.0125042 0.0140153 0.0135127 0.0140121 0.6535375 0.0135343 0.6491646 1.2840310 
HSV2_17                                 0.6729331 0.6741503 0.6638922 0.6729331 0.6659256 0.6691664 0.6687529 0.6741659 0.6687529 0.6734912 0.6880611 0.6797809 0.6624950 0.6691383 0.6826750 0.6645408 0.6689650 0.0160831 0.0141512 0.0148581 0.0027811 0.0037835 0.0105523 0.0116435 0.0134828 0.0119016 0.0128076 0.0091781 0.0073930 0.0035177 0.0028093 0.0029050 0.0135604 0.0000000 0.0034372 0.6814304 0.6752993 0.6776594 0.6785098 0.6807363 0.6819972 0.6792923 0.1267148 0.6818318 0.6783489 0.6816552 0.0037369 0.6734483 0.6810096 0.6778216 0.6790288 0.6790288 0.6839917 0.6827695 0.6785517 0.6671941 0.0041590 0.0045808 0.0037369 0.0033129 0.0041581 0.0041590 0.0045950 0.0020625 0.0054846 0.0020625 0.0016430 0.0058718 0.0016430 0.0041545 0.0054846 0.0004084 0.0058477 0.0033137 0.0045985 0.0033166 0.0041635 0.0050222 0.0037417 0.0063614 0.0041923 0.0033179 0.0004084 0.0041537 0.0050184 0.0046026 0.0033094 0.0037309 0.0028951 0.0033094 0.0045949 0.0028945 0.0037276 0.0028963 0.0041581 0.6778216 0.0037370 0.6767176 1.3173637 
HSV2_18                                 0.6692331 0.6704922 0.6593132 0.6692331 0.6619956 0.6649468 0.6649165 0.6705083 0.6649165 0.6681510 0.6837807 0.6753810 0.6578738 0.6644435 0.6769387 0.6609662 0.6642666 0.0137114 0.0123298 0.0132923 0.0013705 0.0043034 0.0083510 0.0092862 0.0125573 0.0098620 0.0112439 0.0054393 0.0058836 0.0039608 0.0042394 0.0017074 0.0131312 0.0034372 0.0000000 0.6765149 0.6716207 0.6726175 0.6735040 0.6758047 0.6766566 0.6745081 0.1262858 0.6765602 0.6735317 0.6763766 0.0025629 0.6697519 0.6760842 0.6728246 0.6740718 0.6740718 0.6791685 0.6779060 0.6735410 0.6637160 0.0025629 0.0029946 0.0025638 0.0029913 0.0029946 0.0025629 0.0043128 0.0034312 0.0047855 0.0034312 0.0047370 0.0051885 0.0034305 0.0038590 0.0047855 0.0042966 0.0056050 0.0029921 0.0043271 0.0051977 0.0034333 0.0052195 0.0025670 0.0052408 0.0034572 0.0029959 0.0042966 0.0025606 0.0043105 0.0043228 0.0034287 0.0038705 0.0025600 0.0034325 0.0034422 0.0047390 0.0047472 0.0025606 0.0029947 0.6728246 0.0012737 0.6718505 1.3045352 
JN400093_Human_herpesvirus_1            0.0108205 0.0112505 0.0077748 0.0108205 0.0048659 0.0069590 0.0056972 0.0112506 0.0056972 0.0090684 0.0183466 0.0069180 0.0073498 0.0171027 0.0168803 0.0148813 0.0170874 0.6699372 0.6632243 0.6709270 0.8683389 0.6805387 0.6336692 0.6814334 0.6523340 0.6733287 0.6685436 0.8895688 0.6455980 0.6641646 0.6601794 0.6839473 0.6535517 0.6814304 0.6765149 0.0000000 0.0093511 0.0068429 0.0027775 0.0027824 0.0048331 0.0073392 0.6712849 0.0027779 0.0040050 0.0035824 0.7038004 0.0090701 0.0052190 0.0090561 0.0094792 0.0094792 0.0043888 0.0039848 0.0191143 0.0171184 0.7041360 0.7053218 0.7041452 0.7050628 0.7055539 0.7041360 0.6963078 0.7013355 0.6995341 0.7013355 0.7032882 0.6982041 0.7003083 0.7037576 0.6995341 0.7018946 0.7078149 0.7033067 0.7027670 0.7049596 0.7019765 0.7037693 0.6991326 0.7023019 0.7014178 0.6990949 0.7018946 0.7038128 0.7027685 0.7038573 0.6996814 0.6993660 0.7038776 0.6979986 0.7022829 0.7059230 0.7029250 0.7033309 0.7040356 0.0090561 0.7027035 0.0086426 1.4597267 
JN420337_Human_herpesvirus_1            0.0156728 0.0161163 0.0103367 0.0156728 0.0094943 0.0095125 0.0103571 0.0161164 0.0103571 0.0099063 0.0215468 0.0115912 0.0099018 0.0193996 0.0191388 0.0171472 0.0193822 0.6637172 0.6583168 0.6649852 0.8731619 0.6743371 0.6269542 0.6752573 0.6473138 0.6670680 0.6623219 0.8920458 0.6413696 0.6593810 0.6553017 0.6778001 0.6485043 0.6752993 0.6716207 0.0093511 0.0000000 0.0072614 0.0072700 0.0085120 0.0085877 0.0073167 0.6636888 0.0089320 0.0093962 0.0072712 0.6976951 0.0090425 0.0072809 0.0090286 0.0094506 0.0094506 0.0106130 0.0101920 0.0124636 0.0194168 0.6980272 0.6992094 0.6980363 0.6989543 0.6994389 0.6980272 0.6902408 0.6952378 0.6934332 0.6952378 0.6971885 0.6921261 0.6942253 0.6976536 0.6934332 0.6958021 0.7016944 0.6972075 0.6966625 0.6988500 0.6958846 0.6976647 0.6930533 0.6961873 0.6952926 0.6930011 0.6958021 0.6977086 0.6966665 0.6977551 0.6935936 0.6932744 0.6977728 0.6919142 0.6961894 0.6998138 0.6968183 0.6972319 0.6979278 0.0090286 0.6966012 0.0094783 1.4573099 
JN420338_Human_herpesvirus_1            0.0112636 0.0116952 0.0090489 0.0112636 0.0069474 0.0090764 0.0077926 0.0116953 0.0077926 0.0094996 0.0197174 0.0090182 0.0086190 0.0175787 0.0173435 0.0162443 0.0175629 0.6660939 0.6592943 0.6673900 0.8733159 0.6767229 0.6298637 0.6776346 0.6484762 0.6694654 0.6646971 0.8920458 0.6426327 0.6605570 0.6579214 0.6801701 0.6496754 0.6776594 0.6726175 0.0068429 0.0072614 0.0000000 0.0047985 0.0052029 0.0052499 0.0077624 0.6715990 0.0064314 0.0077063 0.0047993 0.6998745 0.0095014 0.0048144 0.0094867 0.0099112 0.0099112 0.0080827 0.0076689 0.0159806 0.0185020 0.7002083 0.7013930 0.7002174 0.7011363 0.7016237 0.7002083 0.6923985 0.6974119 0.6956065 0.6974119 0.6993654 0.6942898 0.6963930 0.6998325 0.6956065 0.6979750 0.7038837 0.6993843 0.6988406 0.7010323 0.6980573 0.6998439 0.6952185 0.6983685 0.6974766 0.6951714 0.6979750 0.6998877 0.6988437 0.6999336 0.6957624 0.6954442 0.6999522 0.6940800 0.6983631 0.7019970 0.6989973 0.6994087 0.7001084 0.0094867 0.6987784 0.0090721 1.4537995 
