93
HM585496_Human_herpesvirus_1            0.0000000 0.0061855 0.0044365 0.0000010 0.0065795 0.0052689 0.0007893 0.0134993 0.0007893 0.0052602 0.0130968 0.0087094 0.0044365 0.0094959 0.0094959 0.0077787 0.4612921 0.4533333 0.4624734 0.5437528 0.4617619 0.4496603 0.4562361 0.4440973 0.4279274 0.4549141 0.5112103 0.4486628 0.4443446 0.4449749 0.4570159 0.4557628 0.4441529 0.4517860 0.0077858 0.0049090 0.0065126 0.0065261 0.0052775 0.0052453 0.0052709 0.4705750 0.0061004 0.0057389 0.0077775 0.4670602 0.0052659 0.0040100 0.0086446 0.0086446 0.0095148 0.0082361 0.0040228 0.0073580 0.4659267 0.4660815 0.4649497 0.4658176 0.4660815 0.4659267 0.4617065 0.4572470 0.4653719 0.4642184 0.4650607 0.4603960 0.4660849 0.4676079 0.4630318 0.4693935 0.4671165 0.4649497 0.4659267 0.4660988 0.4626546 0.4648407 0.4645161 0.4588359 0.4683102 0.4683102 0.4644620 0.4693935 0.4638155 0.4647781 0.4647054 0.4669935 0.4649120 0.4659267 0.4658765 0.4675954 0.4649629 0.0065104 0.8853923 
HM585497_Human_herpesvirus_1            0.0061855 0.0000000 0.0057549 0.0061855 0.0044561 0.0088144 0.0070299 0.0117754 0.0070299 0.0065974 0.0113730 0.0101354 0.0057549 0.0105144 0.0105144 0.0096451 0.4523011 0.4454785 0.4545411 0.5467614 0.4538667 0.4465531 0.4490779 0.4365282 0.4230789 0.4470952 0.5050053 0.4452249 0.4365332 0.4372290 0.4519451 0.4525963 0.4376276 0.4461984 0.0087696 0.0089143 0.0078790 0.0070285 0.0096759 0.0083102 0.0096637 0.4632335 0.0109991 0.0093100 0.0087602 0.4620389 0.0066045 0.0087630 0.0096467 0.0096467 0.0123444 0.0110205 0.0061820 0.0092125 0.4609124 0.4610585 0.4599403 0.4608068 0.4610585 0.4609124 0.4567162 0.4502308 0.4571681 0.4571433 0.4579630 0.4554185 0.4610684 0.4604838 0.4559699 0.4622610 0.4599905 0.4599403 0.4609124 0.4610819 0.4555825 0.4577508 0.4595055 0.4538719 0.4611873 0.4611873 0.4562640 0.4622610 0.4588132 0.4597712 0.4596953 0.4619719 0.4598990 0.4609124 0.4608588 0.4625619 0.4599532 0.0078764 0.8769217 
HM585498_Human_herpesvirus_1            0.0044365 0.0057549 0.0000000 0.0044365 0.0028222 0.0036350 0.0052589 0.0099804 0.0052589 0.0015859 0.0095802 0.0048796 0.0000010 0.0061029 0.0061029 0.0044381 0.4558095 0.4479410 0.4581353 0.5467614 0.4574420 0.4457310 0.4513324 0.4414578 0.4278150 0.4503376 0.5112514 0.4452950 0.4404248 0.4419714 0.4542227 0.4529843 0.4399755 0.4486926 0.0044420 0.0045136 0.0027920 0.0027977 0.0065579 0.0048475 0.0065497 0.4641742 0.0057001 0.0040693 0.0044373 0.4643184 0.0015876 0.0052638 0.0052736 0.0052736 0.0069682 0.0057125 0.0011887 0.0040284 0.4631860 0.4633365 0.4622094 0.4630787 0.4633365 0.4631860 0.4589690 0.4524438 0.4594195 0.4593940 0.4602231 0.4576625 0.4633435 0.4627593 0.4582131 0.4645441 0.4622652 0.4622094 0.4631860 0.4633572 0.4578279 0.4600078 0.4617741 0.4561061 0.4634643 0.4634643 0.4585113 0.4645441 0.4610765 0.4620388 0.4619642 0.4642514 0.4621697 0.4631860 0.4631339 0.4648482 0.4622225 0.0027910 0.8864250 
HM585499_Human_herpesvirus_1            0.0000010 0.0061855 0.0044365 0.0000000 0.0065795 0.0052689 0.0007893 0.0134993 0.0007893 0.0052602 0.0130968 0.0087094 0.0044365 0.0094959 0.0094959 0.0077787 0.4612921 0.4533333 0.4624734 0.5437528 0.4617619 0.4496603 0.4562361 0.4440973 0.4279274 0.4549141 0.5112103 0.4486628 0.4443446 0.4449749 0.4570159 0.4557628 0.4441529 0.4517860 0.0077858 0.0049090 0.0065126 0.0065261 0.0052775 0.0052453 0.0052709 0.4705750 0.0061004 0.0057389 0.0077775 0.4670602 0.0052659 0.0040100 0.0086446 0.0086446 0.0095148 0.0082361 0.0040228 0.0073580 0.4659267 0.4660815 0.4649497 0.4658176 0.4660815 0.4659267 0.4617065 0.4572470 0.4653719 0.4642184 0.4650607 0.4603960 0.4660849 0.4676079 0.4630318 0.4693935 0.4671165 0.4649497 0.4659267 0.4660988 0.4626546 0.4648407 0.4645161 0.4588359 0.4683102 0.4683102 0.4644620 0.4693935 0.4638155 0.4647781 0.4647054 0.4669935 0.4649120 0.4659267 0.4658765 0.4675954 0.4649629 0.0065104 0.8853923 
HM585501_Human_herpesvirus_1            0.0065795 0.0044561 0.0028222 0.0065795 0.0000000 0.0057656 0.0074233 0.0122843 0.0074233 0.0036399 0.0118800 0.0070463 0.0028222 0.0082952 0.0082952 0.0065823 0.4512948 0.4433863 0.4535135 0.5467614 0.4528423 0.4454057 0.4471746 0.4365733 0.4231211 0.4458009 0.5085987 0.4449358 0.4353920 0.4369794 0.4500326 0.4526457 0.4356027 0.4440824 0.0065883 0.0066960 0.0048814 0.0048915 0.0087720 0.0070013 0.0087609 0.4600265 0.0078864 0.0062258 0.0065813 0.4601595 0.0036439 0.0074301 0.0074447 0.0074447 0.0091906 0.0079029 0.0032338 0.0061619 0.4590340 0.4591770 0.4580624 0.4589296 0.4591770 0.4590340 0.4548407 0.4483664 0.4552954 0.4552711 0.4560858 0.4535459 0.4591895 0.4586024 0.4540999 0.4603795 0.4581081 0.4580624 0.4590340 0.4592029 0.4537094 0.4558754 0.4576264 0.4520023 0.4593071 0.4593071 0.4543917 0.4603795 0.4569363 0.4578940 0.4578168 0.4600923 0.4580197 0.4590340 0.4589791 0.4606787 0.4580752 0.0048797 0.8800897 
HM585502_Human_herpesvirus_1            0.0052689 0.0088144 0.0036350 0.0052689 0.0057656 0.0000000 0.0060980 0.0091008 0.0060980 0.0044570 0.0087018 0.0053171 0.0036350 0.0069535 0.0069535 0.0052732 0.4555753 0.4464644 0.4566375 0.5503992 0.4559513 0.4428783 0.4499851 0.4387028 0.4260479 0.4488670 0.5112514 0.4421440 0.4385258 0.4391562 0.4536312 0.4500784 0.4380678 0.4480485 0.0052780 0.0062075 0.0057060 0.0057179 0.0074141 0.0056833 0.0074048 0.4651365 0.0048585 0.0049093 0.0052724 0.4637200 0.0036316 0.0061036 0.0061175 0.0061175 0.0078289 0.0065631 0.0040495 0.0048603 0.4625899 0.4627391 0.4616151 0.4624831 0.4627391 0.4625899 0.4583809 0.4511226 0.4592044 0.4588062 0.4596323 0.4570775 0.4627469 0.4621629 0.4576280 0.4639446 0.4616694 0.4616151 0.4625899 0.4627605 0.4572425 0.4594180 0.4611802 0.4547766 0.4628671 0.4628671 0.4582970 0.4639446 0.4604843 0.4614450 0.4613700 0.4636531 0.4615750 0.4625899 0.4625374 0.4642477 0.4616281 0.0057041 0.8817594 
HM585503_Human_herpesvirus_1            0.0007893 0.0070299 0.0052589 0.0007893 0.0074233 0.0060980 0.0000000 0.0143857 0.0000010 0.0060877 0.0139828 0.0095664 0.0052589 0.0103531 0.0103531 0.0086237 0.4621700 0.4542291 0.4633689 0.5437528 0.4626542 0.4508597 0.4570495 0.4452576 0.4290558 0.4547362 0.5112103 0.4486628 0.4455421 0.4449749 0.4578323 0.4569793 0.4450237 0.4526922 0.0086316 0.0057449 0.0073487 0.0073640 0.0061075 0.0060707 0.0060999 0.4713722 0.0069349 0.0065790 0.0086224 0.4678583 0.0060943 0.0048266 0.0094967 0.0094967 0.0103731 0.0090868 0.0048419 0.0082005 0.4667248 0.4668809 0.4657480 0.4666153 0.4668809 0.4667248 0.4625050 0.4580432 0.4661690 0.4650152 0.4658593 0.4611939 0.4668832 0.4684072 0.4638281 0.4701921 0.4679164 0.4657480 0.4667248 0.4668971 0.4634524 0.4656386 0.4653151 0.4596331 0.4691087 0.4691087 0.4652592 0.4701921 0.4646139 0.4655762 0.4655040 0.4677917 0.4657110 0.4667248 0.4666752 0.4683948 0.4657612 0.0073463 0.8869403 
HM585504_Human_herpesvirus_1            0.0134993 0.0117754 0.0099804 0.0134993 0.0122843 0.0091008 0.0143857 0.0000000 0.0143857 0.0108467 0.0036084 0.0100350 0.0099804 0.0121545 0.0121545 0.0112820 0.4504109 0.4425159 0.4536843 0.5539155 0.4519492 0.4400152 0.4473433 0.4359503 0.4247284 0.4459882 0.5005786 0.4420552 0.4370739 0.4377146 0.4509592 0.4471390 0.4355927 0.4453079 0.0104018 0.0137450 0.0121690 0.0112947 0.0153679 0.0130297 0.0153489 0.4641230 0.0130655 0.0123259 0.0103907 0.4621156 0.0099711 0.0143983 0.0112840 0.0112840 0.0139994 0.0126706 0.0104238 0.0108480 0.4609912 0.4611372 0.4600210 0.4608858 0.4611372 0.4609912 0.4568030 0.4495848 0.4555471 0.4572291 0.4580475 0.4555076 0.4611470 0.4605636 0.4560579 0.4623375 0.4600713 0.4600210 0.4609912 0.4611605 0.4556714 0.4578356 0.4595871 0.4532186 0.4612657 0.4612657 0.4546446 0.4623375 0.4588960 0.4598522 0.4597765 0.4620488 0.4599799 0.4609912 0.4609379 0.4626378 0.4600339 0.0121651 0.8867807 
HM585505_Human_herpesvirus_1            0.0007893 0.0070299 0.0052589 0.0007893 0.0074233 0.0060980 0.0000010 0.0143857 0.0000000 0.0060877 0.0139828 0.0095664 0.0052589 0.0103531 0.0103531 0.0086237 0.4621700 0.4542291 0.4633689 0.5437528 0.4626542 0.4508597 0.4570495 0.4452576 0.4290558 0.4547362 0.5112103 0.4486628 0.4455421 0.4449749 0.4578323 0.4569793 0.4450237 0.4526922 0.0086316 0.0057449 0.0073487 0.0073640 0.0061075 0.0060707 0.0060999 0.4713722 0.0069349 0.0065790 0.0086224 0.4678583 0.0060943 0.0048266 0.0094967 0.0094967 0.0103731 0.0090868 0.0048419 0.0082005 0.4667248 0.4668809 0.4657480 0.4666153 0.4668809 0.4667248 0.4625050 0.4580432 0.4661690 0.4650152 0.4658593 0.4611939 0.4668832 0.4684072 0.4638281 0.4701921 0.4679164 0.4657480 0.4667248 0.4668971 0.4634524 0.4656386 0.4653151 0.4596331 0.4691087 0.4691087 0.4652592 0.4701921 0.4646139 0.4655762 0.4655040 0.4677917 0.4657110 0.4667248 0.4666752 0.4683948 0.4657612 0.0073463 0.8869403 
HM585508_Human_herpesvirus_1            0.0052602 0.0065974 0.0015859 0.0052602 0.0036399 0.0044570 0.0060877 0.0108467 0.0060877 0.0000000 0.0104462 0.0057108 0.0015859 0.0069393 0.0069393 0.0044373 0.4545505 0.4466658 0.4568478 0.5423933 0.4561602 0.4443105 0.4501708 0.4400856 0.4264876 0.4490690 0.5054536 0.4424026 0.4390103 0.4405692 0.4530537 0.4515381 0.4387467 0.4474023 0.0052669 0.0053520 0.0019874 0.0036088 0.0074011 0.0056738 0.0073919 0.4609319 0.0065357 0.0048994 0.0052613 0.4631638 0.0015873 0.0060934 0.0061049 0.0061049 0.0069682 0.0057125 0.0019877 0.0040277 0.4620327 0.4621811 0.4610569 0.4619261 0.4621811 0.4620327 0.4578199 0.4513053 0.4582719 0.4582467 0.4590722 0.4565159 0.4621897 0.4616043 0.4570678 0.4633880 0.4611100 0.4610569 0.4620327 0.4622033 0.4566809 0.4588582 0.4606212 0.4549623 0.4623097 0.4623097 0.4573644 0.4633880 0.4599252 0.4608868 0.4608114 0.4630967 0.4610164 0.4620327 0.4619798 0.4636909 0.4610700 0.0019867 0.8847660 
HM585509_Human_herpesvirus_1            0.0130968 0.0113730 0.0095802 0.0130968 0.0118800 0.0087018 0.0139828 0.0036084 0.0139828 0.0104462 0.0000000 0.0105028 0.0095802 0.0117535 0.0117535 0.0108813 0.4543222 0.4464718 0.4576880 0.5574971 0.4558073 0.4431019 0.4509542 0.4389302 0.4248983 0.4499288 0.5036564 0.4437252 0.4372616 0.4379009 0.4545952 0.4516306 0.4394025 0.4480512 0.0100018 0.0133354 0.0117675 0.0108936 0.0149625 0.0126283 0.0149439 0.4653085 0.0126630 0.0119194 0.0099911 0.4646416 0.0095713 0.0139951 0.0108832 0.0108832 0.0135956 0.0122674 0.0100230 0.0104475 0.4635139 0.4636642 0.4625413 0.4634068 0.4636642 0.4635139 0.4593142 0.4520691 0.4580529 0.4597367 0.4605633 0.4580126 0.4636707 0.4630894 0.4585605 0.4648667 0.4625977 0.4625413 0.4635139 0.4636844 0.4581775 0.4603486 0.4621081 0.4557164 0.4637913 0.4637913 0.4571483 0.4648667 0.4614130 0.4623713 0.4622972 0.4645750 0.4625020 0.4635139 0.4634622 0.4651698 0.4625544 0.0117638 0.8862968 
HM585510_Human_herpesvirus_1            0.0087094 0.0101354 0.0048796 0.0087094 0.0070463 0.0053171 0.0095664 0.0100350 0.0095664 0.0057108 0.0105028 0.0000000 0.0048796 0.0095722 0.0095722 0.0078433 0.4519148 0.4439962 0.4543308 0.5460206 0.4536542 0.4415277 0.4487119 0.4373952 0.4246036 0.4465856 0.5084604 0.4421950 0.4369899 0.4378204 0.4523505 0.4487089 0.4369916 0.4455520 0.0078505 0.0088650 0.0069748 0.0069894 0.0109515 0.0091380 0.0109378 0.4629136 0.0091626 0.0074968 0.0078420 0.4624570 0.0057170 0.0095752 0.0087152 0.0087152 0.0104787 0.0091812 0.0053001 0.0074196 0.4613280 0.4614751 0.4603540 0.4612220 0.4614751 0.4613280 0.4571229 0.4498750 0.4568272 0.4575502 0.4583726 0.4558221 0.4614846 0.4608992 0.4563740 0.4626801 0.4604052 0.4603540 0.4613280 0.4614981 0.4559866 0.4581596 0.4599185 0.4535238 0.4616039 0.4616039 0.4559210 0.4626801 0.4592244 0.4601844 0.4601086 0.4623899 0.4603129 0.4613280 0.4612747 0.4629819 0.4603669 0.0069725 0.8842679 
HM585511_Human_herpesvirus_1            0.0044365 0.0057549 0.0000010 0.0044365 0.0028222 0.0036350 0.0052589 0.0099804 0.0052589 0.0015859 0.0095802 0.0048796 0.0000000 0.0061029 0.0061029 0.0044381 0.4558095 0.4479410 0.4581353 0.5467614 0.4574420 0.4457310 0.4513324 0.4414578 0.4278150 0.4503376 0.5112514 0.4452950 0.4404248 0.4419714 0.4542227 0.4529843 0.4399755 0.4486926 0.0044420 0.0045136 0.0027920 0.0027977 0.0065579 0.0048475 0.0065497 0.4641742 0.0057001 0.0040693 0.0044373 0.4643184 0.0015876 0.0052638 0.0052736 0.0052736 0.0069682 0.0057125 0.0011887 0.0040284 0.4631860 0.4633365 0.4622094 0.4630787 0.4633365 0.4631860 0.4589690 0.4524438 0.4594195 0.4593940 0.4602231 0.4576625 0.4633435 0.4627593 0.4582131 0.4645441 0.4622652 0.4622094 0.4631860 0.4633572 0.4578279 0.4600078 0.4617741 0.4561061 0.4634643 0.4634643 0.4585113 0.4645441 0.4610765 0.4620388 0.4619642 0.4642514 0.4621697 0.4631860 0.4631339 0.4648482 0.4622225 0.0027910 0.8864250 
HM585512_Human_herpesvirus_1            0.0094959 0.0105144 0.0061029 0.0094959 0.0082952 0.0069535 0.0103531 0.0121545 0.0103531 0.0069393 0.0117535 0.0095722 0.0061029 0.0000000 0.0000010 0.0065195 0.4532757 0.4464553 0.4578266 0.5465920 0.4568356 0.4442056 0.4510590 0.4401692 0.4285270 0.4500397 0.5074674 0.4436086 0.4398484 0.4414597 0.4547119 0.4516293 0.4405117 0.4480394 0.0040223 0.0087951 0.0082128 0.0065278 0.0108703 0.0081836 0.0108567 0.4659260 0.0082217 0.0074601 0.0040181 0.4645106 0.0060973 0.0095021 0.0040267 0.0040267 0.0073878 0.0061286 0.0056926 0.0061027 0.4633805 0.4635309 0.4624058 0.4632732 0.4635309 0.4633805 0.4591719 0.4519120 0.4579081 0.4595956 0.4604236 0.4578677 0.4635376 0.4629549 0.4584170 0.4647360 0.4624620 0.4624058 0.4633805 0.4635513 0.4580330 0.4602086 0.4619716 0.4555668 0.4636584 0.4636584 0.4570016 0.4647360 0.4612751 0.4622355 0.4624356 0.4644437 0.4626411 0.4633805 0.4636042 0.4650396 0.4624189 0.0082101 0.8829633 
HM585513_Human_herpesvirus_1            0.0094959 0.0105144 0.0061029 0.0094959 0.0082952 0.0069535 0.0103531 0.0121545 0.0103531 0.0069393 0.0117535 0.0095722 0.0061029 0.0000010 0.0000000 0.0065195 0.4532757 0.4464553 0.4578266 0.5465920 0.4568356 0.4442056 0.4510590 0.4401692 0.4285270 0.4500397 0.5074674 0.4436086 0.4398484 0.4414597 0.4547119 0.4516293 0.4405117 0.4480394 0.0040223 0.0087951 0.0082128 0.0065278 0.0108703 0.0081836 0.0108567 0.4659260 0.0082217 0.0074601 0.0040181 0.4645106 0.0060973 0.0095021 0.0040267 0.0040267 0.0073878 0.0061286 0.0056926 0.0061027 0.4633805 0.4635309 0.4624058 0.4632732 0.4635309 0.4633805 0.4591719 0.4519120 0.4579081 0.4595956 0.4604236 0.4578677 0.4635376 0.4629549 0.4584170 0.4647360 0.4624620 0.4624058 0.4633805 0.4635513 0.4580330 0.4602086 0.4619716 0.4555668 0.4636584 0.4636584 0.4570016 0.4647360 0.4612751 0.4622355 0.4624356 0.4644437 0.4626411 0.4633805 0.4636042 0.4650396 0.4624189 0.0082101 0.8829633 
HM585514_Human_herpesvirus_1            0.0077787 0.0096451 0.0044381 0.0077787 0.0065823 0.0052732 0.0086237 0.0112820 0.0086237 0.0044373 0.0108813 0.0078433 0.0044381 0.0065195 0.0065195 0.0000000 0.4528201 0.4458055 0.4558235 0.5431277 0.4551401 0.4431072 0.4505261 0.4391036 0.4262466 0.4483894 0.5089283 0.4428019 0.4387501 0.4393786 0.4541811 0.4505175 0.4387284 0.4473845 0.0048531 0.0079161 0.0056813 0.0065289 0.0099835 0.0082012 0.0099711 0.4635934 0.0073617 0.0065970 0.0048479 0.4642779 0.0036153 0.0086316 0.0056877 0.0056877 0.0073890 0.0061295 0.0048545 0.0011894 0.4631456 0.4632959 0.4621689 0.4630382 0.4632959 0.4631456 0.4589284 0.4516545 0.4576622 0.4593535 0.4601825 0.4576219 0.4633030 0.4627187 0.4581726 0.4645036 0.4622246 0.4621689 0.4631456 0.4633167 0.4577873 0.4599673 0.4617336 0.4553163 0.4634238 0.4634238 0.4567538 0.4645036 0.4610359 0.4619983 0.4619236 0.4642109 0.4621292 0.4631456 0.4630934 0.4648077 0.4621820 0.0056794 0.8833202 
HSV2_1                                  0.4612921 0.4523011 0.4558095 0.4612921 0.4512948 0.4555753 0.4621700 0.4504109 0.4621700 0.4545505 0.4543222 0.4519148 0.4558095 0.4532757 0.4532757 0.4528201 0.0000000 0.0018510 0.0023001 0.0184986 0.0037591 0.0025365 0.0021915 0.0019591 0.0102478 0.0031992 0.0021010 0.0022229 0.0111977 0.0079487 0.0114719 0.0035979 0.0125721 0.0121264 0.4542462 0.4636755 0.4580339 0.4573311 0.4599405 0.4581706 0.4596346 0.0943497 0.4582033 0.4564322 0.4532756 0.0129204 0.4533847 0.4602411 0.4512482 0.4512482 0.4548127 0.4551871 0.4552647 0.4528225 0.0119508 0.0123940 0.0114710 0.0123974 0.0123940 0.0119508 0.0129168 0.0048878 0.0021925 0.0090690 0.0095374 0.0071988 0.0119531 0.0109611 0.0095340 0.0129562 0.0109722 0.0114710 0.0119508 0.0129203 0.0104830 0.0104830 0.0119662 0.0044410 0.0124594 0.0124594 0.0044319 0.0129562 0.0119498 0.0119508 0.0119269 0.0129543 0.0119269 0.0124355 0.0124066 0.0124584 0.0114719 0.4578353 0.8192184 
HSV2_2                                  0.4533333 0.4454785 0.4479410 0.4533333 0.4433863 0.4464644 0.4542291 0.4425159 0.4542291 0.4466658 0.4464718 0.4439962 0.4479410 0.4464553 0.4464553 0.4458055 0.0018510 0.0000000 0.0004573 0.0185183 0.0032735 0.0020124 0.0013420 0.0014566 0.0101268 0.0013891 0.0010457 0.0016673 0.0110665 0.0078271 0.0112910 0.0030644 0.0119507 0.0116229 0.4474462 0.4533941 0.4502005 0.4482045 0.4519684 0.4491132 0.4516645 0.0925370 0.4459442 0.4446711 0.4467384 0.0122565 0.4454833 0.4522681 0.4429191 0.4429191 0.4490809 0.4494563 0.4473755 0.4458077 0.0117581 0.0112663 0.0112685 0.0117259 0.0112663 0.0117581 0.0127463 0.0045468 0.0022453 0.0083323 0.0107866 0.0073865 0.0112685 0.0117543 0.0097812 0.0128042 0.0117676 0.0112685 0.0117581 0.0122564 0.0107598 0.0102588 0.0117791 0.0040899 0.0122953 0.0122953 0.0050023 0.0128042 0.0117571 0.0117581 0.0117349 0.0127844 0.0117349 0.0122539 0.0122245 0.0128068 0.0112694 0.4489284 0.8014244 
HSV2_3                                  0.4624734 0.4545411 0.4581353 0.4624734 0.4535135 0.4566375 0.4633689 0.4536843 0.4633689 0.4568478 0.4576880 0.4543308 0.4581353 0.4578266 0.4578266 0.4558235 0.0023001 0.0004573 0.0000000 0.0185183 0.0032430 0.0025261 0.0017894 0.0019505 0.0107803 0.0018310 0.0010457 0.0022318 0.0117297 0.0083595 0.0117448 0.0035909 0.0127102 0.0123962 0.4576171 0.4649302 0.4604085 0.4584095 0.4621707 0.4592840 0.4618565 0.0993598 0.4583387 0.4559717 0.4569162 0.0132249 0.4556561 0.4624791 0.4533625 0.4533625 0.4592819 0.4596696 0.4575822 0.4558259 0.0122313 0.0126847 0.0117398 0.0126883 0.0126847 0.0122313 0.0132211 0.0050025 0.0026949 0.0087960 0.0102551 0.0078495 0.0122337 0.0112168 0.0102487 0.0132622 0.0112285 0.0117398 0.0122313 0.0132248 0.0112296 0.0107270 0.0122521 0.0045450 0.0127528 0.0127528 0.0054590 0.0132622 0.0122303 0.0122313 0.0122112 0.0132602 0.0122112 0.0127280 0.0127029 0.0127518 0.0117408 0.4579248 0.8151151 
HSV2_4                                  0.5437528 0.5467614 0.5467614 0.5437528 0.5467614 0.5503992 0.5437528 0.5539155 0.5437528 0.5423933 0.5574971 0.5460206 0.5467614 0.5465920 0.5465920 0.5431277 0.0184986 0.0185183 0.0185183 0.0000000 0.0185596 0.0202212 0.0168566 0.0184986 0.0014257 0.0168414 0.0096314 0.0168566 0.0028588 0.0135627 0.0014199 0.0184986 0.0058511 0.0014199 0.5554084 0.5525903 0.5479924 0.5516571 0.5465635 0.5510858 0.5501391 0.1143225 0.5525903 0.5525903 0.5467614 0.0028563 0.5431277 0.5526537 0.5465920 0.5465920 0.5445850 0.5489752 0.5480669 0.5431277 0.0014199 0.0014199 0.0014199 0.0014199 0.0014199 0.0014199 0.0043123 0.0202214 0.0168451 0.0103834 0.0072751 0.0088418 0.0014199 0.0028588 0.0088105 0.0058511 0.0028588 0.0014199 0.0014199 0.0014199 0.0028588 0.0028588 0.0014199 0.0119767 0.0058511 0.0058511 0.0151595 0.0058511 0.0028563 0.0028572 0.0014199 0.0043085 0.0014199 0.0028572 0.0014199 0.0028905 0.0014199 0.5466994 0.8681381 
HSV2_5                                  0.4617619 0.4538667 0.4574420 0.4617619 0.4528423 0.4559513 0.4626542 0.4519492 0.4626542 0.4561602 0.4558073 0.4536542 0.4574420 0.4568356 0.4568356 0.4551401 0.0037591 0.0032735 0.0032430 0.0185596 0.0000000 0.0040805 0.0031669 0.0024591 0.0109028 0.0032628 0.0010484 0.0022749 0.0111726 0.0066723 0.0118704 0.0052104 0.0128022 0.0120543 0.4569282 0.4630455 0.4597063 0.4577144 0.4600763 0.4585877 0.4611490 0.0961219 0.4554588 0.4551346 0.4562286 0.0142144 0.4549737 0.4617679 0.4552641 0.4552641 0.4585846 0.4589692 0.4568901 0.4551425 0.0127200 0.0127174 0.0122269 0.0136718 0.0127174 0.0127200 0.0137130 0.0022372 0.0049854 0.0082969 0.0127305 0.0068813 0.0127225 0.0127164 0.0082814 0.0137745 0.0127164 0.0122269 0.0127200 0.0137168 0.0102267 0.0112095 0.0127416 0.0026997 0.0132623 0.0132623 0.0068593 0.0137745 0.0127190 0.0127200 0.0126958 0.0137533 0.0127007 0.0132184 0.0131941 0.0142766 0.0122279 0.4584293 0.8266501 
HSV2_6                                  0.4496603 0.4465531 0.4457310 0.4496603 0.4454057 0.4428783 0.4508597 0.4400152 0.4508597 0.4443105 0.4431019 0.4415277 0.4457310 0.4442056 0.4442056 0.4431072 0.0025365 0.0020124 0.0025261 0.0202212 0.0040805 0.0000000 0.0025172 0.0025528 0.0120506 0.0036238 0.0021054 0.0028368 0.0128424 0.0093991 0.0138302 0.0041857 0.0144259 0.0139511 0.4453126 0.4514074 0.4482494 0.4460228 0.4493388 0.4475571 0.4490023 0.0982240 0.4461559 0.4490217 0.4445207 0.0143939 0.4429926 0.4496713 0.4415827 0.4415827 0.4459338 0.4463495 0.4450967 0.4431095 0.0143893 0.0143412 0.0138284 0.0137829 0.0143412 0.0143893 0.0155202 0.0056252 0.0030296 0.0104703 0.0115652 0.0088401 0.0138284 0.0132268 0.0115605 0.0150069 0.0132268 0.0138284 0.0143893 0.0143938 0.0126677 0.0126677 0.0143938 0.0051110 0.0144254 0.0144254 0.0061469 0.0150069 0.0143881 0.0143893 0.0137829 0.0155701 0.0137829 0.0149571 0.0143412 0.0144242 0.0138296 0.4468325 0.8183494 
HSV2_7                                  0.4562361 0.4490779 0.4513324 0.4562361 0.4471746 0.4499851 0.4570495 0.4473433 0.4570495 0.4501708 0.4509542 0.4487119 0.4513324 0.4510590 0.4510590 0.4505261 0.0021915 0.0013420 0.0017894 0.0168566 0.0031669 0.0025172 0.0000000 0.0009668 0.0094179 0.0017797 0.0010466 0.0011065 0.0104976 0.0077362 0.0102039 0.0035755 0.0109579 0.0108661 0.4508762 0.4573517 0.4533883 0.4515749 0.4549920 0.4523900 0.4547132 0.0930185 0.4495215 0.4483964 0.4499788 0.0114897 0.4490941 0.4552666 0.4470203 0.4470203 0.4523697 0.4527139 0.4508228 0.4495520 0.0106003 0.0110384 0.0101598 0.0110129 0.0110384 0.0106003 0.0114867 0.0041120 0.0024442 0.0070924 0.0097260 0.0070985 0.0106022 0.0110490 0.0092606 0.0119801 0.0110595 0.0101598 0.0106003 0.0114896 0.0101426 0.0092551 0.0106166 0.0036990 0.0115229 0.0115229 0.0041065 0.0119801 0.0105995 0.0110422 0.0105800 0.0115183 0.0105800 0.0114884 0.0110204 0.0119823 0.0101606 0.4532063 0.8454432 
HSV2_8                                  0.4440973 0.4365282 0.4414578 0.4440973 0.4365733 0.4387028 0.4452576 0.4359503 0.4452576 0.4400856 0.4389302 0.4373952 0.4414578 0.4401692 0.4401692 0.4391036 0.0019591 0.0014566 0.0019505 0.0184986 0.0024591 0.0025528 0.0009668 0.0000000 0.0099125 0.0019653 0.0010459 0.0011179 0.0107277 0.0073560 0.0117255 0.0035948 0.0122880 0.0119060 0.4412440 0.4487438 0.4438948 0.4431082 0.4437923 0.4420654 0.4434718 0.0953788 0.4418638 0.4446309 0.4404730 0.0122616 0.4388114 0.4441098 0.4376308 0.4376308 0.4429964 0.4433961 0.4408370 0.4391058 0.0122578 0.0122169 0.0117242 0.0116858 0.0122169 0.0122578 0.0133329 0.0039259 0.0024343 0.0085337 0.0095752 0.0069858 0.0117242 0.0111567 0.0095715 0.0128397 0.0111567 0.0117242 0.0122578 0.0122615 0.0106297 0.0106254 0.0122805 0.0034338 0.0122888 0.0122888 0.0044241 0.0128397 0.0122567 0.0122578 0.0122169 0.0133757 0.0122169 0.0127973 0.0127500 0.0122877 0.0117253 0.4425244 0.8209675 
HSV2_9                                  0.4279274 0.4230789 0.4278150 0.4279274 0.4231211 0.4260479 0.4290558 0.4247284 0.4290558 0.4264876 0.4248983 0.4246036 0.4278150 0.4285270 0.4285270 0.4262466 0.0102478 0.0101268 0.0107803 0.0014257 0.0109028 0.0120506 0.0094179 0.0099125 0.0000000 0.0087662 0.0053570 0.0093085 0.0010117 0.0057019 0.0009505 0.0121593 0.0019162 0.0000026 0.4283417 0.4346118 0.4301829 0.4280727 0.4300896 0.4284255 0.4297906 0.0933925 0.4290902 0.4305199 0.4275788 0.0019201 0.4252514 0.4303884 0.4235913 0.4235913 0.4300166 0.4303933 0.4271892 0.4262484 0.0004733 0.0009519 0.0000026 0.0004753 0.0009519 0.0004733 0.0014259 0.0104637 0.0088865 0.0043594 0.0028798 0.0058350 0.0000026 0.0009521 0.0038674 0.0024007 0.0009531 0.0000026 0.0004733 0.0000026 0.0014338 0.0009521 0.0000026 0.0078474 0.0019149 0.0019149 0.0068504 0.0024007 0.0004733 0.0004733 0.0014332 0.0014311 0.0014332 0.0004733 0.0019147 0.0009530 0.0009483 0.4287422 0.7731146 
HSV2_10                                 0.4549141 0.4470952 0.4503376 0.4549141 0.4458009 0.4488670 0.4547362 0.4459882 0.4547362 0.4490690 0.4499288 0.4465856 0.4503376 0.4500397 0.4500397 0.4483894 0.0031992 0.0013891 0.0018310 0.0168414 0.0032628 0.0036238 0.0017797 0.0019653 0.0087662 0.0000000 0.0010457 0.0022260 0.0096749 0.0083387 0.0097254 0.0041467 0.0107174 0.0103546 0.4498412 0.4571994 0.4525837 0.4518685 0.4535550 0.4517774 0.4532515 0.0946122 0.4484988 0.4460688 0.4491401 0.0111521 0.4468148 0.4538543 0.4456281 0.4456281 0.4514708 0.4518461 0.4497793 0.4483917 0.0101824 0.0106370 0.0097022 0.0106331 0.0106370 0.0101824 0.0111490 0.0049702 0.0017750 0.0077731 0.0087405 0.0077982 0.0101844 0.0096858 0.0092209 0.0111845 0.0096957 0.0097022 0.0101824 0.0111521 0.0092063 0.0087179 0.0101995 0.0045159 0.0106887 0.0106887 0.0035810 0.0111845 0.0101815 0.0101824 0.0101609 0.0111827 0.0101609 0.0106672 0.0106410 0.0111867 0.0097031 0.4501350 0.8219673 
HSV2_11                                 0.5112103 0.5050053 0.5112514 0.5112103 0.5085987 0.5112514 0.5112103 0.5005786 0.5112103 0.5054536 0.5036564 0.5084604 0.5112514 0.5074674 0.5074674 0.5089283 0.0021010 0.0010457 0.0010457 0.0096314 0.0010484 0.0021054 0.0010466 0.0010459 0.0053570 0.0010457 0.0000000 0.0000024 0.0064499 0.0064840 0.0053530 0.0010459 0.0087444 0.0064499 0.5129370 0.5118479 0.5115765 0.5110768 0.5075956 0.5107134 0.5102002 0.1032599 0.5148336 0.5148336 0.5076085 0.0053530 0.5059483 0.5118891 0.5048230 0.5048230 0.5086748 0.5092209 0.5085987 0.5089283 0.0064499 0.0064499 0.0064499 0.0064499 0.0064499 0.0064499 0.0075560 0.0031815 0.0010459 0.0075959 0.0053530 0.0010457 0.0064499 0.0064499 0.0064670 0.0087444 0.0064499 0.0064499 0.0075576 0.0064499 0.0064499 0.0064499 0.0064499 0.0010457 0.0087444 0.0087444 0.0010459 0.0087444 0.0075560 0.0075576 0.0075625 0.0086708 0.0075625 0.0075576 0.0086782 0.0076193 0.0053530 0.5080613 0.8747046 
HSV2_12                                 0.4486628 0.4452249 0.4452950 0.4486628 0.4449358 0.4421440 0.4486628 0.4420552 0.4486628 0.4424026 0.4437252 0.4421950 0.4452950 0.4436086 0.4436086 0.4428019 0.0022229 0.0016673 0.0022318 0.0168566 0.0022749 0.0028368 0.0011065 0.0011179 0.0093085 0.0022260 0.0000024 0.0000000 0.0101295 0.0069604 0.0110414 0.0033768 0.0116965 0.0110552 0.4448330 0.4541067 0.4467565 0.4471875 0.4483081 0.4478770 0.4479367 0.0967205 0.4442943 0.4459877 0.4439568 0.0110409 0.4422674 0.4486754 0.4407088 0.4407088 0.4441943 0.4446520 0.4445925 0.4428045 0.0116479 0.0109942 0.0110408 0.0103929 0.0109942 0.0116479 0.0128719 0.0039311 0.0027881 0.0086228 0.0080093 0.0062504 0.0110408 0.0097950 0.0091959 0.0123245 0.0097950 0.0110408 0.0116479 0.0110408 0.0097950 0.0097950 0.0110408 0.0039369 0.0116970 0.0116970 0.0039267 0.0123245 0.0116467 0.0116479 0.0109991 0.0129194 0.0109991 0.0116479 0.0116032 0.0116958 0.0110420 0.4437250 0.7990777 
HSV2_13                                 0.4443446 0.4365332 0.4404248 0.4443446 0.4353920 0.4385258 0.4455421 0.4370739 0.4455421 0.4390103 0.4372616 0.4369899 0.4404248 0.4398484 0.4398484 0.4387501 0.0111977 0.0110665 0.0117297 0.0028588 0.0111726 0.0128424 0.0104976 0.0107277 0.0010117 0.0096749 0.0064499 0.0101295 0.0000000 0.0063967 0.0020220 0.0143363 0.0020332 0.0010180 0.4409564 0.4454567 0.4429391 0.4391885 0.4425042 0.4410537 0.4436986 0.0981744 0.4404607 0.4419858 0.4401614 0.0020178 0.4376962 0.4443574 0.4372325 0.4372325 0.4427619 0.4431737 0.4397831 0.4387523 0.0015100 0.0004989 0.0010046 0.0004989 0.0004989 0.0015100 0.0025273 0.0110310 0.0099155 0.0040668 0.0025172 0.0067075 0.0010046 0.0000021 0.0030332 0.0025436 0.0000021 0.0010046 0.0015100 0.0010046 0.0000021 0.0000021 0.0010061 0.0099490 0.0020285 0.0020285 0.0077530 0.0025436 0.0015099 0.0015100 0.0015058 0.0025369 0.0015058 0.0015100 0.0020118 0.0020283 0.0020180 0.4402048 0.7736998 
HSV2_14                                 0.4449749 0.4372290 0.4419714 0.4449749 0.4369794 0.4391562 0.4449749 0.4377146 0.4449749 0.4405692 0.4379009 0.4378204 0.4419714 0.4414597 0.4414597 0.4393786 0.0079487 0.0078271 0.0083595 0.0135627 0.0066723 0.0093991 0.0077362 0.0073560 0.0057019 0.0083387 0.0064840 0.0069604 0.0063967 0.0000000 0.0072553 0.0112154 0.0072562 0.0074361 0.4415635 0.4480747 0.4444613 0.4436583 0.4446621 0.4428947 0.4443334 0.0996661 0.4410744 0.4425853 0.4407767 0.0082315 0.4380712 0.4449874 0.4365720 0.4365720 0.4433535 0.4437620 0.4413380 0.4393808 0.0082323 0.0076721 0.0077024 0.0076721 0.0076721 0.0082323 0.0092993 0.0060844 0.0092805 0.0045290 0.0061007 0.0103990 0.0077024 0.0066238 0.0045388 0.0082621 0.0066313 0.0077024 0.0082323 0.0077024 0.0066321 0.0066238 0.0077144 0.0082298 0.0077217 0.0077217 0.0071499 0.0082621 0.0082315 0.0082323 0.0082224 0.0093316 0.0082259 0.0082323 0.0087568 0.0077209 0.0077032 0.4417521 0.7922877 
HSV2_15                                 0.4570159 0.4519451 0.4542227 0.4570159 0.4500326 0.4536312 0.4578323 0.4509592 0.4578323 0.4530537 0.4545952 0.4523505 0.4542227 0.4547119 0.4547119 0.4541811 0.0114719 0.0112910 0.0117448 0.0014199 0.0118704 0.0138302 0.0102039 0.0117255 0.0009505 0.0097254 0.0053530 0.0110414 0.0020220 0.0072553 0.0000000 0.0139747 0.0030865 0.0008990 0.4545246 0.4603236 0.4562898 0.4544689 0.4578978 0.4552783 0.4576153 0.0947330 0.4529695 0.4518703 0.4536227 0.0028781 0.4519708 0.4581756 0.4506525 0.4506525 0.4560323 0.4563812 0.4537144 0.4532025 0.0012171 0.0024602 0.0008096 0.0024555 0.0024602 0.0012171 0.0020356 0.0115345 0.0101731 0.0062475 0.0045548 0.0049638 0.0012173 0.0032955 0.0045511 0.0041316 0.0032986 0.0008096 0.0012171 0.0020361 0.0020452 0.0016314 0.0012189 0.0084013 0.0037090 0.0037090 0.0084125 0.0041316 0.0012170 0.0016253 0.0020445 0.0020419 0.0020445 0.0020360 0.0024571 0.0032947 0.0000023 0.4561059 0.8504292 
HSV2_16                                 0.4557628 0.4525963 0.4529843 0.4557628 0.4526457 0.4500784 0.4569793 0.4471390 0.4569793 0.4515381 0.4516306 0.4487089 0.4529843 0.4516293 0.4516293 0.4505175 0.0035979 0.0030644 0.0035909 0.0184986 0.0052104 0.0041857 0.0035755 0.0035948 0.0121593 0.0041467 0.0010459 0.0033768 0.0143363 0.0112154 0.0139747 0.0000000 0.0145770 0.0140834 0.4527480 0.4608960 0.4555432 0.4547319 0.4554296 0.4534027 0.4550822 0.1019263 0.4534247 0.4563439 0.4519518 0.0157265 0.4501984 0.4557718 0.4489625 0.4489625 0.4546131 0.4550444 0.4523528 0.4505201 0.0157215 0.0156695 0.0151490 0.0150997 0.0156695 0.0157215 0.0168759 0.0078371 0.0041100 0.0128353 0.0128346 0.0111546 0.0151490 0.0145322 0.0128294 0.0163549 0.0145322 0.0151490 0.0157215 0.0157264 0.0139613 0.0139613 0.0157264 0.0073093 0.0157603 0.0157603 0.0072960 0.0163549 0.0157202 0.0157215 0.0150997 0.0169295 0.0150997 0.0163013 0.0156695 0.0157590 0.0151503 0.4541011 0.8426764 
HSV2_17                                 0.4441529 0.4376276 0.4399755 0.4441529 0.4356027 0.4380678 0.4450237 0.4355927 0.4450237 0.4387467 0.4394025 0.4369916 0.4399755 0.4405117 0.4405117 0.4387284 0.0125721 0.0119507 0.0127102 0.0058511 0.0128022 0.0144259 0.0109579 0.0122880 0.0019162 0.0107174 0.0087444 0.0116965 0.0020332 0.0072562 0.0030865 0.0145770 0.0000000 0.0022926 0.4403288 0.4451144 0.4421586 0.4402234 0.4428421 0.4400958 0.4425560 0.0946578 0.4408945 0.4431783 0.4396380 0.0039955 0.4376052 0.4431256 0.4359532 0.4359532 0.4418946 0.4422512 0.4394171 0.4387304 0.0026306 0.0026397 0.0021876 0.0026405 0.0026397 0.0026306 0.0035200 0.0124065 0.0109369 0.0057944 0.0039811 0.0076347 0.0021876 0.0017541 0.0053521 0.0004329 0.0017547 0.0021876 0.0026306 0.0021880 0.0026438 0.0021958 0.0017499 0.0099657 0.0000022 0.0000022 0.0081060 0.0004329 0.0026304 0.0026306 0.0035348 0.0035314 0.0035348 0.0021876 0.0039833 0.0008666 0.0030749 0.4419696 0.8154427 
HSV2_18                                 0.4517860 0.4461984 0.4486926 0.4517860 0.4440824 0.4480485 0.4526922 0.4453079 0.4526922 0.4474023 0.4480512 0.4455520 0.4486926 0.4480394 0.4480394 0.4473845 0.0121264 0.0116229 0.0123962 0.0014199 0.0120543 0.0139511 0.0108661 0.0119060 0.0000026 0.0103546 0.0064499 0.0110552 0.0010180 0.0074361 0.0008990 0.0140834 0.0022926 0.0000000 0.4490403 0.4553495 0.4509784 0.4489599 0.4527655 0.4498761 0.4524574 0.0927649 0.4488784 0.4476209 0.4483261 0.0027378 0.4462059 0.4530693 0.4456601 0.4456601 0.4506968 0.4510780 0.4481217 0.4473868 0.0004484 0.0013569 0.0000027 0.0013564 0.0013569 0.0004484 0.0013508 0.0118607 0.0108485 0.0055301 0.0045909 0.0050456 0.0000027 0.0018139 0.0036568 0.0027331 0.0018157 0.0000027 0.0004484 0.0008992 0.0009027 0.0009023 0.0004491 0.0083816 0.0022704 0.0022704 0.0088857 0.0027331 0.0004484 0.0004484 0.0013574 0.0013555 0.0013574 0.0008991 0.0018127 0.0018154 0.0008990 0.4507770 0.8032273 
JN400093_Human_herpesvirus_1            0.0077858 0.0087696 0.0044420 0.0077858 0.0065883 0.0052780 0.0086316 0.0104018 0.0086316 0.0052669 0.0100018 0.0078505 0.0044420 0.0040223 0.0040223 0.0048531 0.4542462 0.4474462 0.4576171 0.5554084 0.4569282 0.4453126 0.4508762 0.4412440 0.4283417 0.4498412 0.5129370 0.4448330 0.4409564 0.4415635 0.4545246 0.4527480 0.4403288 0.4490403 0.0000000 0.0070657 0.0061230 0.0048593 0.0091306 0.0056671 0.0091192 0.4666046 0.0065281 0.0057585 0.0023928 0.4645930 0.0044380 0.0077910 0.0040316 0.0040316 0.0057038 0.0044612 0.0040357 0.0044419 0.4634630 0.4636135 0.4624884 0.4633557 0.4636135 0.4634630 0.4592547 0.4519950 0.4579909 0.4596782 0.4605063 0.4579505 0.4636201 0.4630376 0.4584996 0.4648185 0.4625448 0.4624884 0.4634630 0.4636338 0.4581157 0.4602912 0.4620542 0.4556496 0.4637409 0.4637409 0.4570845 0.4648185 0.4613578 0.4623181 0.4622438 0.4645262 0.4624490 0.4634630 0.4634111 0.4651222 0.4625015 0.0061210 0.8860967 
JN420337_Human_herpesvirus_1            0.0049090 0.0089143 0.0045136 0.0049090 0.0066960 0.0062075 0.0057449 0.0137450 0.0057449 0.0053520 0.0133354 0.0088650 0.0045136 0.0087951 0.0087951 0.0079161 0.4636755 0.4533941 0.4649302 0.5525903 0.4630455 0.4514074 0.4573517 0.4487438 0.4346118 0.4571994 0.5118479 0.4541067 0.4454567 0.4480747 0.4603236 0.4608960 0.4451144 0.4553495 0.0070657 0.0000000 0.0066269 0.0053629 0.0049439 0.0053366 0.0053640 0.4729642 0.0045216 0.0037221 0.0070581 0.4704878 0.0053578 0.0032526 0.0079336 0.0079336 0.0088133 0.0075193 0.0032632 0.0074878 0.4693323 0.4685124 0.4683372 0.4692192 0.4685124 0.4693323 0.4650318 0.4583567 0.4666281 0.4654535 0.4663137 0.4636929 0.4694945 0.4689080 0.4642449 0.4707247 0.4684088 0.4683372 0.4693323 0.4695087 0.4638633 0.4660887 0.4678979 0.4621000 0.4696216 0.4696216 0.4657022 0.4707247 0.4671810 0.4681613 0.4680896 0.4704204 0.4683015 0.4693323 0.4692837 0.4710395 0.4683508 0.0066247 0.8856968 
JN420338_Human_herpesvirus_1            0.0065126 0.0078790 0.0027920 0.0065126 0.0048814 0.0057060 0.0073487 0.0121690 0.0073487 0.0019874 0.0117675 0.0069748 0.0027920 0.0082128 0.0082128 0.0056813 0.4580339 0.4502005 0.4604085 0.5479924 0.4597063 0.4482494 0.4533883 0.4438948 0.4301829 0.4525837 0.5115765 0.4467565 0.4429391 0.4444613 0.4562898 0.4555432 0.4421586 0.4509784 0.0061230 0.0066269 0.0000000 0.0048406 0.0086851 0.0069305 0.0086742 0.4631269 0.0078074 0.0061614 0.0065143 0.4663533 0.0027945 0.0073554 0.0073697 0.0073697 0.0082462 0.0069775 0.0031993 0.0052674 0.4652194 0.4653732 0.4642420 0.4651108 0.4653732 0.4652194 0.4609976 0.4544578 0.4614453 0.4614192 0.4622541 0.4596874 0.4653776 0.4647957 0.4602355 0.4665814 0.4643026 0.4642420 0.4652194 0.4653914 0.4598536 0.4620368 0.4638077 0.4581273 0.4654998 0.4654998 0.4605363 0.4665814 0.4631075 0.4640706 0.4639973 0.4662866 0.4642038 0.4652194 0.4651687 0.4668874 0.4642552 0.0023900 0.8858392 
JN420339_Human_herpesvirus_1            0.0065261 0.0070285 0.0027977 0.0065261 0.0048915 0.0057179 0.0073640 0.0112947 0.0073640 0.0036088 0.0108936 0.0069894 0.0027977 0.0065278 0.0065278 0.0065289 0.4573311 0.4482045 0.4584095 0.5516571 0.4577144 0.4460228 0.4515749 0.4431082 0.4280727 0.4518685 0.5110768 0.4471875 0.4391885 0.4436583 0.4544689 0.4547319 0.4402234 0.4489599 0.0048593 0.0053629 0.0048406 0.0000000 0.0078494 0.0052659 0.0078395 0.4651714 0.0069774 0.0053333 0.0048541 0.4645685 0.0036127 0.0065305 0.0056950 0.0056950 0.0082635 0.0069922 0.0023966 0.0061115 0.4634351 0.4635861 0.4624576 0.4633275 0.4635861 0.4634351 0.4592142 0.4526822 0.4596647 0.4596391 0.4604696 0.4579062 0.4635927 0.4630084 0.4584570 0.4647947 0.4625141 0.4624576 0.4634351 0.4636065 0.4580719 0.4602539 0.4620221 0.4563482 0.4637139 0.4637139 0.4587557 0.4647947 0.4613236 0.4622868 0.4622123 0.4645015 0.4624181 0.4634351 0.4633831 0.4650992 0.4624708 0.0048390 0.8858381 
JN420340_Human_herpesvirus_1            0.0052775 0.0096759 0.0065579 0.0052775 0.0087720 0.0074141 0.0061075 0.0153679 0.0061075 0.0074011 0.0149625 0.0109515 0.0065579 0.0108703 0.0108703 0.0099835 0.4599405 0.4519684 0.4621707 0.5465635 0.4600763 0.4493388 0.4549920 0.4437923 0.4300896 0.4535550 0.5075956 0.4483081 0.4425042 0.4446621 0.4578978 0.4554296 0.4428421 0.4527655 0.0091306 0.0049439 0.0086851 0.0078494 0.0000000 0.0073807 0.0007895 0.4714217 0.0074153 0.0070600 0.0091208 0.4679212 0.0074091 0.0028052 0.0100053 0.0100053 0.0081826 0.0069230 0.0052978 0.0095532 0.4667878 0.4669440 0.4658112 0.4666783 0.4669440 0.4667878 0.4625686 0.4560274 0.4641381 0.4629869 0.4638251 0.4612575 0.4669462 0.4663671 0.4618029 0.4681508 0.4658755 0.4658112 0.4667878 0.4669601 0.4614240 0.4636065 0.4653783 0.4596969 0.4670694 0.4670694 0.4632293 0.4681508 0.4646772 0.4656394 0.4655673 0.4678546 0.4657742 0.4667878 0.4667383 0.4684578 0.4658244 0.0086823 0.8911567 
JN420341_Human_herpesvirus_1            0.0052453 0.0083102 0.0048475 0.0052453 0.0070013 0.0056833 0.0060707 0.0130297 0.0060707 0.0056738 0.0126283 0.0091380 0.0048475 0.0081836 0.0081836 0.0082012 0.4581706 0.4491132 0.4592840 0.5510858 0.4585877 0.4475571 0.4523900 0.4420654 0.4284255 0.4517774 0.5107134 0.4478770 0.4410537 0.4428947 0.4552783 0.4534027 0.4400958 0.4498761 0.0056671 0.0053366 0.0069305 0.0052659 0.0073807 0.0000000 0.0073715 0.4678683 0.0073711 0.0070173 0.0064911 0.4653309 0.0056799 0.0060763 0.0082026 0.0082026 0.0099440 0.0086614 0.0052654 0.0077792 0.4642007 0.4643524 0.4632263 0.4640930 0.4643524 0.4642007 0.4599924 0.4534770 0.4615615 0.4604146 0.4612444 0.4586875 0.4643581 0.4637766 0.4592354 0.4655572 0.4632844 0.4632263 0.4642007 0.4643718 0.4588529 0.4610287 0.4627926 0.4571334 0.4644793 0.4644793 0.4606546 0.4655572 0.4620955 0.4630557 0.4629819 0.4652642 0.4631874 0.4642007 0.4641495 0.4658614 0.4632394 0.0069283 0.8895033 
JN420342_Human_herpesvirus_1            0.0052709 0.0096637 0.0065497 0.0052709 0.0087609 0.0074048 0.0060999 0.0153489 0.0060999 0.0073919 0.0149439 0.0109378 0.0065497 0.0108567 0.0108567 0.0099711 0.4596346 0.4516645 0.4618565 0.5501391 0.4611490 0.4490023 0.4547132 0.4434718 0.4297906 0.4532515 0.5102002 0.4479367 0.4436986 0.4443334 0.4576153 0.4550822 0.4425560 0.4524574 0.0091192 0.0053640 0.0086742 0.0078395 0.0007895 0.0073715 0.0000000 0.4711331 0.0074060 0.0070510 0.0091094 0.4676356 0.0073999 0.0028017 0.0099928 0.0099928 0.0081724 0.0069143 0.0052912 0.0095413 0.4665033 0.4666589 0.4655275 0.4663941 0.4666589 0.4665033 0.4622879 0.4557535 0.4638564 0.4627064 0.4635431 0.4609783 0.4666615 0.4660825 0.4615236 0.4678647 0.4655911 0.4655275 0.4665033 0.4666754 0.4611446 0.4633250 0.4650949 0.4594193 0.4667844 0.4667844 0.4629484 0.4678647 0.4643946 0.4653560 0.4652837 0.4675691 0.4654904 0.4665033 0.4664536 0.4681712 0.4655407 0.0086714 0.8901469 
