99
HM585496_Human_herpesvirus_1            0.0000000 0.0027660 0.0035601 0.0007872 0.0007872 0.0043573 0.0031618 0.0003932 0.0031623 0.0003932 0.0059587 0.0035614 0.0063574 0.0031628 0.0047593 0.0051587 0.0055607 0.0047593 0.1555114 0.1568659 0.1663846 0.1197685 0.1664482 0.1464930 0.1556222 0.1578980 0.1403411 0.1617066 0.1594133 0.1557224 0.1136239 0.1401215 0.1444194 0.1544778 0.1396874 0.1275417 0.0043566 0.0055570 0.0051587 0.0031623 0.0051567 0.0059569 0.0031623 0.1785602 0.0067619 0.0063583 0.0059563 0.1456944 0.0055581 0.0035609 0.0047551 0.0051541 0.0047551 0.0063575 0.0055568 0.0051501 0.0059636 0.1450892 0.1443800 0.1450892 0.1437477 0.1436772 0.1418742 0.1455422 0.1451421 0.1461474 0.1443552 0.1431083 0.1443563 0.1426335 0.1444355 0.1449291 0.1426362 0.1443681 0.1442414 0.1448673 0.1430464 0.1430464 0.1457728 0.1443552 0.1451421 0.1447054 0.1445372 0.1449291 0.1430507 0.1430507 0.1437161 0.1437452 0.1444530 0.1442480 0.1444530 0.1436455 0.1443455 0.1437521 0.1442480 0.1456944 0.1443525 0.0063546 0.3618794 
HM585497_Human_herpesvirus_1            0.0027660 0.0000000 0.0039581 0.0027663 0.0027663 0.0047524 0.0027628 0.0023687 0.0051579 0.0023687 0.0063544 0.0055606 0.0059517 0.0035604 0.0051547 0.0055542 0.0059565 0.0051547 0.1559286 0.1572828 0.1667944 0.1228172 0.1668571 0.1469228 0.1560397 0.1583133 0.1407583 0.1621191 0.1605143 0.1561401 0.1154452 0.1405414 0.1448334 0.1549109 0.1401030 0.1279645 0.0047515 0.0067593 0.0055542 0.0051579 0.0047534 0.0071605 0.0051579 0.1797545 0.0063552 0.0059526 0.0063519 0.1461080 0.0059537 0.0047563 0.0051502 0.0055493 0.0051502 0.0075625 0.0067591 0.0063495 0.0063597 0.1455031 0.1447938 0.1455031 0.1441618 0.1440911 0.1422887 0.1459555 0.1455561 0.1465604 0.1447691 0.1435226 0.1447701 0.1430480 0.1448496 0.1453425 0.1430507 0.1447820 0.1446550 0.1452806 0.1434604 0.1434604 0.1461866 0.1447691 0.1455561 0.1451200 0.1449515 0.1453425 0.1434648 0.1434648 0.1441301 0.1441593 0.1448671 0.1446615 0.1448671 0.1440593 0.1447593 0.1441662 0.1446615 0.1461080 0.1447663 0.0059492 0.3640245 
HM585498_Human_herpesvirus_1            0.0035601 0.0039581 0.0000000 0.0035604 0.0035604 0.0055549 0.0027648 0.0031616 0.0051573 0.0031616 0.0063591 0.0055600 0.0059561 0.0003929 0.0051584 0.0055583 0.0059609 0.0051584 0.1589555 0.1603248 0.1699090 0.1258512 0.1699739 0.1492906 0.1590693 0.1613603 0.1423722 0.1651948 0.1634236 0.1591730 0.1149090 0.1421635 0.1464668 0.1580393 0.1417052 0.1295027 0.0047550 0.0074047 0.0055583 0.0049552 0.0047569 0.0087787 0.0049552 0.1821753 0.0063599 0.0059570 0.0063566 0.1477504 0.0059581 0.0045453 0.0051540 0.0055534 0.0051540 0.0083745 0.0075687 0.0078029 0.0063644 0.1471416 0.1464265 0.1471416 0.1457901 0.1457181 0.1439037 0.1475953 0.1471957 0.1482040 0.1464014 0.1451465 0.1464024 0.1446692 0.1464835 0.1469782 0.1446719 0.1464144 0.1462853 0.1469150 0.1450832 0.1450832 0.1478307 0.1464014 0.1471957 0.1467583 0.1465873 0.1469782 0.1450877 0.1450877 0.1457577 0.1457877 0.1465013 0.1462919 0.1465013 0.1456858 0.1463915 0.1457947 0.1462919 0.1477504 0.1463986 0.0059536 0.3641438 
HM585499_Human_herpesvirus_1            0.0007872 0.0027663 0.0035604 0.0000000 0.0000010 0.0043577 0.0031621 0.0003932 0.0031626 0.0003932 0.0059592 0.0035617 0.0063579 0.0031631 0.0047597 0.0051592 0.0055612 0.0047597 0.1548871 0.1562388 0.1657494 0.1197685 0.1658129 0.1458680 0.1549971 0.1572713 0.1396464 0.1610765 0.1596215 0.1550970 0.1129521 0.1401398 0.1444382 0.1538320 0.1397054 0.1268717 0.0043570 0.0055575 0.0051592 0.0031626 0.0051571 0.0059574 0.0031626 0.1779130 0.0067625 0.0063589 0.0059569 0.1457134 0.0055586 0.0035613 0.0047556 0.0051546 0.0047556 0.0063581 0.0055573 0.0051506 0.0059642 0.1451081 0.1443987 0.1451081 0.1437664 0.1436958 0.1418926 0.1455612 0.1451610 0.1461664 0.1443740 0.1431269 0.1443751 0.1426520 0.1444543 0.1449479 0.1426547 0.1443869 0.1442601 0.1448861 0.1430649 0.1430649 0.1457918 0.1443740 0.1451610 0.1447243 0.1445560 0.1449479 0.1430692 0.1430692 0.1437348 0.1437639 0.1444718 0.1442667 0.1444718 0.1436641 0.1443643 0.1437708 0.1442667 0.1457134 0.1443712 0.0063552 0.3649473 
HM585500_Human_herpesvirus_1            0.0007872 0.0027663 0.0035604 0.0000010 0.0000000 0.0043577 0.0031621 0.0003932 0.0031626 0.0003932 0.0059592 0.0035617 0.0063579 0.0031631 0.0047597 0.0051592 0.0055612 0.0047597 0.1548871 0.1562388 0.1657494 0.1197685 0.1658129 0.1458680 0.1549971 0.1572713 0.1396464 0.1610765 0.1596215 0.1550970 0.1129521 0.1401398 0.1444382 0.1538320 0.1397054 0.1268717 0.0043570 0.0055575 0.0051592 0.0031626 0.0051571 0.0059574 0.0031626 0.1779130 0.0067625 0.0063589 0.0059569 0.1457134 0.0055586 0.0035613 0.0047556 0.0051546 0.0047556 0.0063581 0.0055573 0.0051506 0.0059642 0.1451081 0.1443987 0.1451081 0.1437664 0.1436958 0.1418926 0.1455612 0.1451610 0.1461664 0.1443740 0.1431269 0.1443751 0.1426520 0.1444543 0.1449479 0.1426547 0.1443869 0.1442601 0.1448861 0.1430649 0.1430649 0.1457918 0.1443740 0.1451610 0.1447243 0.1445560 0.1449479 0.1430692 0.1430692 0.1437348 0.1437639 0.1444718 0.1442667 0.1444718 0.1436641 0.1443643 0.1437708 0.1442667 0.1457134 0.1443712 0.0063552 0.3649473 
HM585501_Human_herpesvirus_1            0.0043573 0.0047524 0.0055549 0.0043577 0.0043577 0.0000000 0.0035567 0.0039576 0.0035630 0.0039576 0.0039551 0.0039632 0.0051488 0.0051554 0.0027641 0.0031607 0.0035591 0.0027641 0.1508929 0.1522297 0.1616749 0.1170179 0.1617366 0.1418800 0.1509990 0.1532586 0.1359503 0.1570378 0.1537487 0.1510955 0.1105631 0.1357067 0.1400058 0.1497023 0.1353233 0.1232632 0.0023660 0.0027654 0.0031607 0.0027659 0.0031595 0.0047540 0.0027659 0.1737450 0.0039556 0.0035568 0.0031592 0.1412660 0.0035575 0.0023684 0.0027618 0.0031580 0.0027618 0.0043552 0.0035594 0.0039552 0.0039584 0.1406667 0.1399679 0.1406667 0.1393427 0.1392751 0.1374915 0.1411196 0.1407171 0.1417189 0.1399439 0.1387104 0.1399452 0.1382396 0.1400206 0.1405130 0.1382423 0.1399565 0.1398346 0.1404540 0.1386513 0.1386513 0.1413406 0.1399439 0.1407171 0.1402809 0.1401181 0.1405130 0.1386551 0.1386551 0.1393127 0.1393400 0.1400373 0.1398413 0.1400373 0.1392446 0.1399345 0.1393466 0.1398413 0.1412660 0.1399412 0.0051506 0.3554568 
HM585502_Human_herpesvirus_1            0.0031618 0.0027628 0.0027648 0.0031621 0.0031621 0.0035567 0.0000000 0.0027640 0.0039591 0.0027640 0.0051520 0.0043597 0.0047513 0.0023685 0.0039567 0.0043547 0.0047550 0.0039567 0.1554178 0.1567715 0.1662848 0.1214171 0.1663473 0.1457764 0.1555286 0.1578029 0.1390435 0.1616092 0.1583154 0.1556287 0.1130348 0.1388169 0.1431147 0.1543816 0.1383978 0.1262787 0.0035561 0.0055546 0.0043547 0.0039592 0.0035575 0.0067562 0.0039592 0.1784510 0.0043549 0.0039554 0.0051499 0.1443852 0.0047529 0.0035597 0.0039533 0.0043509 0.0039533 0.0063549 0.0055545 0.0059469 0.0051562 0.1437818 0.1430757 0.1437818 0.1424456 0.1423760 0.1405789 0.1442347 0.1438339 0.1448381 0.1430512 0.1418084 0.1430524 0.1413348 0.1431304 0.1436236 0.1413375 0.1430640 0.1429388 0.1435626 0.1417473 0.1417473 0.1444624 0.1430512 0.1438339 0.1433974 0.1432309 0.1436236 0.1417515 0.1417515 0.1424145 0.1424430 0.1431476 0.1429454 0.1431476 0.1423446 0.1430416 0.1424499 0.1429454 0.1443852 0.1430485 0.0047492 0.3610078 
HM585503_Human_herpesvirus_1            0.0003932 0.0023687 0.0031616 0.0003932 0.0003932 0.0039576 0.0027640 0.0000000 0.0027645 0.0000010 0.0055562 0.0031628 0.0059545 0.0027649 0.0043586 0.0047574 0.0051587 0.0043586 0.1547720 0.1561228 0.1656242 0.1197685 0.1656875 0.1457595 0.1548814 0.1571540 0.1396464 0.1609557 0.1594133 0.1549816 0.1129521 0.1394231 0.1437189 0.1537138 0.1389973 0.1268717 0.0039568 0.0051552 0.0047574 0.0027645 0.0047556 0.0055546 0.0027645 0.1777760 0.0063582 0.0059554 0.0055541 0.1449909 0.0051563 0.0031623 0.0043548 0.0047532 0.0043548 0.0059546 0.0051551 0.0047496 0.0055609 0.1443869 0.1436797 0.1443869 0.1430489 0.1429789 0.1411800 0.1448397 0.1444394 0.1454436 0.1436551 0.1424110 0.1436562 0.1419371 0.1437348 0.1442279 0.1419398 0.1436680 0.1435421 0.1441666 0.1423495 0.1423495 0.1450686 0.1436551 0.1444394 0.1440030 0.1438358 0.1442279 0.1423538 0.1423538 0.1430176 0.1430464 0.1437521 0.1435487 0.1437521 0.1429474 0.1436455 0.1430532 0.1435487 0.1449909 0.1436524 0.0059520 0.3634094 
HM585504_Human_herpesvirus_1            0.0031623 0.0051579 0.0051573 0.0031626 0.0031626 0.0035630 0.0039591 0.0027645 0.0000000 0.0027645 0.0059621 0.0019726 0.0063610 0.0047580 0.0047620 0.0051617 0.0055639 0.0047620 0.1529016 0.1542465 0.1637257 0.1169973 0.1637874 0.1438849 0.1530099 0.1552768 0.1392489 0.1590697 0.1561286 0.1531081 0.1125157 0.1390230 0.1433262 0.1517790 0.1386011 0.1264636 0.0043591 0.0047603 0.0051617 0.0015764 0.0043607 0.0059604 0.0015764 0.1758442 0.0059629 0.0055603 0.0059598 0.1445989 0.0055613 0.0019723 0.0047579 0.0051571 0.0047579 0.0047558 0.0039589 0.0051532 0.0059671 0.1439945 0.1432870 0.1439945 0.1426558 0.1425860 0.1407857 0.1444480 0.1440468 0.1450524 0.1432625 0.1420175 0.1432636 0.1415431 0.1433419 0.1438358 0.1415458 0.1432753 0.1431496 0.1437746 0.1419561 0.1419561 0.1446764 0.1432625 0.1440468 0.1436098 0.1434427 0.1438358 0.1419604 0.1419604 0.1426246 0.1426532 0.1433592 0.1431563 0.1433592 0.1425545 0.1432528 0.1426601 0.1431563 0.1445989 0.1432597 0.0063583 0.3604309 
HM585505_Human_herpesvirus_1            0.0003932 0.0023687 0.0031616 0.0003932 0.0003932 0.0039576 0.0027640 0.0000010 0.0027645 0.0000000 0.0055562 0.0031628 0.0059545 0.0027649 0.0043586 0.0047574 0.0051587 0.0043586 0.1547720 0.1561228 0.1656242 0.1197685 0.1656875 0.1457595 0.1548814 0.1571540 0.1396464 0.1609557 0.1594133 0.1549816 0.1129521 0.1394231 0.1437189 0.1537138 0.1389973 0.1268717 0.0039568 0.0051552 0.0047574 0.0027645 0.0047556 0.0055546 0.0027645 0.1777760 0.0063582 0.0059554 0.0055541 0.1449909 0.0051563 0.0031623 0.0043548 0.0047532 0.0043548 0.0059546 0.0051551 0.0047496 0.0055609 0.1443869 0.1436797 0.1443869 0.1430489 0.1429789 0.1411800 0.1448397 0.1444394 0.1454436 0.1436551 0.1424110 0.1436562 0.1419371 0.1437348 0.1442279 0.1419398 0.1436680 0.1435421 0.1441666 0.1423495 0.1423495 0.1450686 0.1436551 0.1444394 0.1440030 0.1438358 0.1442279 0.1423538 0.1423538 0.1430176 0.1430464 0.1437521 0.1435487 0.1437521 0.1429474 0.1436455 0.1430532 0.1435487 0.1449909 0.1436524 0.0059520 0.3634094 
HM585508_Human_herpesvirus_1            0.0059587 0.0063544 0.0063591 0.0059592 0.0059592 0.0039551 0.0051520 0.0055562 0.0059621 0.0055562 0.0000000 0.0063664 0.0059508 0.0059585 0.0035598 0.0039575 0.0027664 0.0035598 0.1561318 0.1574891 0.1670178 0.1228021 0.1670806 0.1464850 0.1562431 0.1585216 0.1397143 0.1623338 0.1607443 0.1563444 0.1136889 0.1394913 0.1437906 0.1551200 0.1390643 0.1269274 0.0015756 0.0059562 0.0023690 0.0051572 0.0039560 0.0063565 0.0051572 0.1792339 0.0039576 0.0035586 0.0031608 0.1450638 0.0027651 0.0047556 0.0019704 0.0023669 0.0019704 0.0067575 0.0059560 0.0071560 0.0031646 0.1444593 0.1437513 0.1444593 0.1431199 0.1430498 0.1412491 0.1449124 0.1445118 0.1455169 0.1437267 0.1424814 0.1437278 0.1420070 0.1438065 0.1443000 0.1420097 0.1437396 0.1436135 0.1442386 0.1424198 0.1424198 0.1451417 0.1437267 0.1445118 0.1440751 0.1439076 0.1443000 0.1424241 0.1424241 0.1430885 0.1431174 0.1438238 0.1436201 0.1438238 0.1430183 0.1437171 0.1431242 0.1436201 0.1450638 0.1437240 0.0059529 0.3615911 
HM585509_Human_herpesvirus_1            0.0035614 0.0055606 0.0055600 0.0035617 0.0035617 0.0039632 0.0043597 0.0031628 0.0019726 0.0031628 0.0063664 0.0000000 0.0067659 0.0051601 0.0051644 0.0055647 0.0059678 0.0051644 0.1537518 0.1551015 0.1653881 0.1171856 0.1654504 0.1447229 0.1538610 0.1561336 0.1393604 0.1607084 0.1561286 0.1539600 0.1119183 0.1391349 0.1434417 0.1526566 0.1387114 0.1258766 0.0047604 0.0051626 0.0055647 0.0019726 0.0055625 0.0063646 0.0019726 0.1775671 0.0063673 0.0059639 0.0063639 0.1447159 0.0059650 0.0023704 0.0051599 0.0055598 0.0051599 0.0051577 0.0043594 0.0055555 0.0063718 0.1441108 0.1434025 0.1441108 0.1427705 0.1427005 0.1408983 0.1445647 0.1441632 0.1451698 0.1433779 0.1421314 0.1433790 0.1416566 0.1434575 0.1439518 0.1416593 0.1433907 0.1432648 0.1438905 0.1420700 0.1420700 0.1447936 0.1433779 0.1441632 0.1437258 0.1435585 0.1439518 0.1420742 0.1420742 0.1427392 0.1427680 0.1434748 0.1432714 0.1434748 0.1426690 0.1433682 0.1427748 0.1432714 0.1447159 0.1433751 0.0067630 0.3607784 
HM585510_Human_herpesvirus_1            0.0063574 0.0059517 0.0059561 0.0063579 0.0063579 0.0051488 0.0047513 0.0059545 0.0063610 0.0059545 0.0059508 0.0067659 0.0000000 0.0055561 0.0047530 0.0051519 0.0055534 0.0047530 0.1579381 0.1593002 0.1688444 0.1198313 0.1689087 0.1470353 0.1580514 0.1603325 0.1414461 0.1641511 0.1570160 0.1581533 0.1136334 0.1412328 0.1455264 0.1556826 0.1407863 0.1286292 0.0043509 0.0071575 0.0051519 0.0055551 0.0043526 0.0083643 0.0055551 0.1810561 0.0059516 0.0055498 0.0059485 0.1468039 0.0055508 0.0051531 0.0047489 0.0051474 0.0047489 0.0071567 0.0063546 0.0083603 0.0059558 0.1461978 0.1454866 0.1461978 0.1448531 0.1447820 0.1429758 0.1466504 0.1462512 0.1472565 0.1454617 0.1442126 0.1454627 0.1437372 0.1455428 0.1460362 0.1437399 0.1454747 0.1453468 0.1459737 0.1441500 0.1441500 0.1468832 0.1454617 0.1462512 0.1458149 0.1456455 0.1460362 0.1441544 0.1441544 0.1448212 0.1448507 0.1455604 0.1453534 0.1455604 0.1447500 0.1454519 0.1448577 0.1453534 0.1468039 0.1454589 0.0063513 0.3630956 
HM585511_Human_herpesvirus_1            0.0031628 0.0035604 0.0003929 0.0031631 0.0031631 0.0051554 0.0023685 0.0027649 0.0047580 0.0027649 0.0059585 0.0051601 0.0055561 0.0000000 0.0047591 0.0051585 0.0055605 0.0047591 0.1583239 0.1596911 0.1692671 0.1258512 0.1693318 0.1486584 0.1584378 0.1607264 0.1417702 0.1645577 0.1623148 0.1585403 0.1143107 0.1415582 0.1458626 0.1573857 0.1411069 0.1289139 0.0043564 0.0069973 0.0051585 0.0045476 0.0043582 0.0083752 0.0045476 0.1815221 0.0059593 0.0055569 0.0059561 0.1471444 0.0055580 0.0041377 0.0047550 0.0051540 0.0047550 0.0079715 0.0071665 0.0073950 0.0059634 0.1465363 0.1458225 0.1465363 0.1451869 0.1451153 0.1433032 0.1469901 0.1465901 0.1475981 0.1457975 0.1445442 0.1457985 0.1440673 0.1458791 0.1463738 0.1440701 0.1458105 0.1456820 0.1463110 0.1444812 0.1444812 0.1472242 0.1457975 0.1465901 0.1461526 0.1459823 0.1463738 0.1444857 0.1444857 0.1451547 0.1451845 0.1458968 0.1456886 0.1458968 0.1450832 0.1457877 0.1451915 0.1456886 0.1471444 0.1457947 0.0055537 0.3631315 
HM585512_Human_herpesvirus_1            0.0047593 0.0051547 0.0051584 0.0047597 0.0047597 0.0027641 0.0039567 0.0043586 0.0047620 0.0043586 0.0035598 0.0051644 0.0047530 0.0047591 0.0000000 0.0003930 0.0031639 0.0000010 0.1521056 0.1534463 0.1629050 0.1184032 0.1629670 0.1424742 0.1522129 0.1544754 0.1359064 0.1582600 0.1547813 0.1523104 0.1106204 0.1356627 0.1399604 0.1509568 0.1352798 0.1232244 0.0019708 0.0047573 0.0027658 0.0039607 0.0027647 0.0059566 0.0039607 0.1749946 0.0043565 0.0039568 0.0035584 0.1412201 0.0023671 0.0035610 0.0023674 0.0027634 0.0023674 0.0055561 0.0047572 0.0059538 0.0035627 0.1406210 0.1399226 0.1406210 0.1392976 0.1392301 0.1374472 0.1410738 0.1406714 0.1416728 0.1398985 0.1386656 0.1398998 0.1381950 0.1399752 0.1404674 0.1381976 0.1399112 0.1397894 0.1404085 0.1386065 0.1386065 0.1412946 0.1398985 0.1406714 0.1402353 0.1400727 0.1404674 0.1386104 0.1386104 0.1392677 0.1392949 0.1399919 0.1397960 0.1399919 0.1391996 0.1398892 0.1393015 0.1397960 0.1412201 0.1398959 0.0047547 0.3555168 
HM585513_Human_herpesvirus_1            0.0051587 0.0055542 0.0055583 0.0051592 0.0051592 0.0031607 0.0043547 0.0047574 0.0051617 0.0047574 0.0039575 0.0055647 0.0051519 0.0051585 0.0003930 0.0000000 0.0035613 0.0003930 0.1527307 0.1540734 0.1635402 0.1184032 0.1636024 0.1424742 0.1528386 0.1551028 0.1365020 0.1588905 0.1547813 0.1529365 0.1112158 0.1362616 0.1405584 0.1509568 0.1358720 0.1238074 0.0023674 0.0051566 0.0031626 0.0043591 0.0031614 0.0063572 0.0043591 0.1756413 0.0047551 0.0043549 0.0039559 0.1418199 0.0027631 0.0039588 0.0027634 0.0031599 0.0027634 0.0059562 0.0051564 0.0063542 0.0039608 0.1412201 0.1405204 0.1412201 0.1398945 0.1398267 0.1380415 0.1416728 0.1412708 0.1422725 0.1404963 0.1392617 0.1404975 0.1387907 0.1405734 0.1410657 0.1387933 0.1405089 0.1403865 0.1410064 0.1392022 0.1392022 0.1418949 0.1404963 0.1412708 0.1408347 0.1406714 0.1410657 0.1392062 0.1392062 0.1398644 0.1398919 0.1405902 0.1403931 0.1405902 0.1397960 0.1404869 0.1398985 0.1403931 0.1418199 0.1404936 0.0051537 0.3565216 
HM585514_Human_herpesvirus_1            0.0055607 0.0059565 0.0059609 0.0055612 0.0055612 0.0035591 0.0047550 0.0051587 0.0055639 0.0051587 0.0027664 0.0059678 0.0055534 0.0055605 0.0031639 0.0035613 0.0000000 0.0031639 0.1547470 0.1560981 0.1656002 0.1184032 0.1656623 0.1451077 0.1548571 0.1571282 0.1385050 0.1609309 0.1596166 0.1549567 0.1131629 0.1389784 0.1432815 0.1536880 0.1385570 0.1264200 0.0011816 0.0055584 0.0019730 0.0047598 0.0035599 0.0067608 0.0047598 0.1786804 0.0035614 0.0031628 0.0027653 0.1445541 0.0023698 0.0043587 0.0015762 0.0019712 0.0015762 0.0063592 0.0055583 0.0067576 0.0003931 0.1439497 0.1432424 0.1439497 0.1426112 0.1425414 0.1407414 0.1444032 0.1440020 0.1450075 0.1432178 0.1419730 0.1432189 0.1414987 0.1432972 0.1437910 0.1415014 0.1432306 0.1431050 0.1437299 0.1419117 0.1419117 0.1446315 0.1432178 0.1440020 0.1435650 0.1433980 0.1437910 0.1419159 0.1419159 0.1425800 0.1426087 0.1433145 0.1431116 0.1433145 0.1425100 0.1432082 0.1426155 0.1431116 0.1445541 0.1432151 0.0055554 0.3591039 
HM585515_Human_herpesvirus_1            0.0047593 0.0051547 0.0051584 0.0047597 0.0047597 0.0027641 0.0039567 0.0043586 0.0047620 0.0043586 0.0035598 0.0051644 0.0047530 0.0047591 0.0000010 0.0003930 0.0031639 0.0000000 0.1521056 0.1534463 0.1629050 0.1184032 0.1629670 0.1424742 0.1522129 0.1544754 0.1359064 0.1582600 0.1547813 0.1523104 0.1106204 0.1356627 0.1399604 0.1509568 0.1352798 0.1232244 0.0019708 0.0047573 0.0027658 0.0039607 0.0027647 0.0059566 0.0039607 0.1749946 0.0043565 0.0039568 0.0035584 0.1412201 0.0023671 0.0035610 0.0023674 0.0027634 0.0023674 0.0055561 0.0047572 0.0059538 0.0035627 0.1406210 0.1399226 0.1406210 0.1392976 0.1392301 0.1374472 0.1410738 0.1406714 0.1416728 0.1398985 0.1386656 0.1398998 0.1381950 0.1399752 0.1404674 0.1381976 0.1399112 0.1397894 0.1404085 0.1386065 0.1386065 0.1412946 0.1398985 0.1406714 0.1402353 0.1400727 0.1404674 0.1386104 0.1386104 0.1392677 0.1392949 0.1399919 0.1397960 0.1399919 0.1391996 0.1398892 0.1393015 0.1397960 0.1412201 0.1398959 0.0047547 0.3555168 
HSV2_1                                  0.1555114 0.1559286 0.1589555 0.1548871 0.1548871 0.1508929 0.1554178 0.1547720 0.1529016 0.1547720 0.1561318 0.1537518 0.1579381 0.1583239 0.1521056 0.1527307 0.1547470 0.1521056 0.0000000 0.0020071 0.0024100 0.0049612 0.0024118 0.0016464 0.0012029 0.0036233 0.0161831 0.0024134 0.0013960 0.0020099 0.0153738 0.0215394 0.0216969 0.0033376 0.0212582 0.0192397 0.1533833 0.1528095 0.1542336 0.1529008 0.1541369 0.1533435 0.1529008 0.0432954 0.1554060 0.1547771 0.1540066 0.0212695 0.1531303 0.1536621 0.1540066 0.1546312 0.1540066 0.1547300 0.1534753 0.1546110 0.1554943 0.0208406 0.0208406 0.0208406 0.0208295 0.0212798 0.0216973 0.0229856 0.0230093 0.0234165 0.0216973 0.0225567 0.0216969 0.0208472 0.0225668 0.0229869 0.0208476 0.0204016 0.0221159 0.0212678 0.0208295 0.0208295 0.0225778 0.0216973 0.0230093 0.0225932 0.0225780 0.0229869 0.0212580 0.0212580 0.0212664 0.0212670 0.0217060 0.0216870 0.0217060 0.0203994 0.0216962 0.0212678 0.0208276 0.0212695 0.0216969 0.1574035 0.3184558 
HSV2_2                                  0.1568659 0.1572828 0.1603248 0.1562388 0.1562388 0.1522297 0.1567715 0.1561228 0.1542465 0.1561228 0.1574891 0.1551015 0.1593002 0.1596911 0.1534463 0.1540734 0.1560981 0.1534463 0.0020071 0.0000000 0.0012019 0.0059613 0.0012028 0.0008215 0.0008012 0.0024090 0.0161837 0.0012040 0.0000028 0.0008013 0.0167252 0.0210949 0.0216979 0.0020796 0.0212592 0.0196793 0.1547285 0.1541531 0.1555838 0.1542455 0.1554869 0.1546878 0.1542455 0.0437619 0.1567595 0.1561285 0.1553543 0.0225642 0.1544724 0.1550110 0.1553543 0.1559807 0.1553543 0.1560804 0.1548214 0.1559599 0.1568489 0.0221337 0.0221337 0.0221337 0.0212612 0.0225752 0.0216900 0.0229778 0.0230015 0.0234088 0.0216900 0.0225492 0.0216896 0.0221408 0.0225595 0.0229791 0.0221412 0.0216924 0.0221086 0.0225624 0.0208225 0.0208225 0.0225702 0.0216900 0.0230015 0.0225855 0.0225704 0.0229791 0.0212511 0.0212511 0.0212593 0.0212600 0.0216991 0.0216798 0.0216991 0.0203926 0.0216889 0.0212607 0.0208206 0.0225642 0.0216896 0.1587642 0.3200974 
HSV2_3                                  0.1663846 0.1667944 0.1699090 0.1657494 0.1657494 0.1616749 0.1662848 0.1656242 0.1637257 0.1656242 0.1670178 0.1653881 0.1688444 0.1692671 0.1629050 0.1635402 0.1656002 0.1629050 0.0024100 0.0012019 0.0000000 0.0069641 0.0015839 0.0012334 0.0012028 0.0028130 0.0163942 0.0011929 0.0006966 0.0012035 0.0167236 0.0212308 0.0218245 0.0008302 0.0214733 0.0201094 0.1642054 0.1636224 0.1650867 0.1637241 0.1649831 0.1655730 0.1637241 0.0459415 0.1669330 0.1662931 0.1655970 0.0222525 0.1639292 0.1645107 0.1648390 0.1654733 0.1648390 0.1655786 0.1643041 0.1654483 0.1663690 0.0218281 0.0218281 0.0218281 0.0209682 0.0222632 0.0218459 0.0230965 0.0231200 0.0235222 0.0218248 0.0226732 0.0222508 0.0218561 0.0226834 0.0230977 0.0218565 0.0213933 0.0222381 0.0222508 0.0209682 0.0209682 0.0226941 0.0218248 0.0231200 0.0227094 0.0226943 0.0230977 0.0213914 0.0213914 0.0213996 0.0214003 0.0218339 0.0218147 0.0218339 0.0205429 0.0218238 0.0214010 0.0209663 0.0222525 0.0218245 0.1689739 0.3411185 
HSV2_4                                  0.1197685 0.1228172 0.1258512 0.1197685 0.1197685 0.1170179 0.1214171 0.1197685 0.1169973 0.1197685 0.1228021 0.1171856 0.1198313 0.1258512 0.1184032 0.1184032 0.1184032 0.1184032 0.0049612 0.0059613 0.0069641 0.0000000 0.0059613 0.0059609 0.0059613 0.0079771 0.0019695 0.0049657 0.0025277 0.0059670 0.0009846 0.0019695 0.0009834 0.0079707 0.0019696 0.0000030 0.1184032 0.1182011 0.1201794 0.1168149 0.1214171 0.1167880 0.1168149 0.0363032 0.1214363 0.1214363 0.1184032 0.0009846 0.1195960 0.1184032 0.1184032 0.1184032 0.1184032 0.1181961 0.1168098 0.1253675 0.1199949 0.0009846 0.0009846 0.0009846 0.0009834 0.0009846 0.0009834 0.0029579 0.0019714 0.0019695 0.0009834 0.0029609 0.0019695 0.0000030 0.0019714 0.0019714 0.0009834 0.0000030 0.0009834 0.0009844 0.0009834 0.0009834 0.0019695 0.0009834 0.0019714 0.0019714 0.0019714 0.0019714 0.0019696 0.0019696 0.0019696 0.0019714 0.0019714 0.0019695 0.0019714 0.0019695 0.0019714 0.0009834 0.0019695 0.0009846 0.0009834 0.1272720 0.2506134 
HSV2_5                                  0.1664482 0.1668571 0.1699739 0.1658129 0.1658129 0.1617366 0.1663473 0.1656875 0.1637874 0.1656875 0.1670806 0.1654504 0.1689087 0.1693318 0.1629670 0.1636024 0.1656623 0.1629670 0.0024118 0.0012028 0.0015839 0.0059613 0.0000000 0.0012339 0.0012037 0.0028152 0.0155620 0.0015940 0.0006967 0.0012044 0.0162874 0.0203816 0.0209918 0.0024988 0.0206385 0.0192631 0.1642679 0.1636840 0.1651495 0.1637857 0.1650449 0.1656363 0.1637857 0.0464595 0.1669958 0.1663555 0.1656591 0.0218455 0.1639906 0.1645734 0.1649008 0.1655354 0.1649008 0.1656419 0.1643661 0.1655115 0.1664314 0.0214212 0.0214212 0.0214212 0.0205617 0.0218559 0.0210045 0.0222537 0.0222763 0.0226785 0.0209844 0.0218311 0.0214094 0.0214486 0.0218410 0.0222549 0.0214490 0.0209866 0.0213973 0.0218437 0.0201297 0.0201297 0.0218512 0.0209844 0.0222763 0.0218659 0.0218514 0.0222549 0.0205521 0.0205521 0.0205521 0.0205606 0.0209931 0.0209746 0.0209931 0.0197061 0.0209833 0.0205613 0.0201280 0.0218455 0.0209840 0.1690384 0.3438975 
HSV2_6                                  0.1464930 0.1469228 0.1492906 0.1458680 0.1458680 0.1418800 0.1457764 0.1457595 0.1438849 0.1457595 0.1464850 0.1447229 0.1470353 0.1486584 0.1424742 0.1424742 0.1451077 0.1424742 0.0016464 0.0008215 0.0012334 0.0059609 0.0012339 0.0000000 0.0004101 0.0024722 0.0100849 0.0012352 0.0006961 0.0008226 0.0110372 0.0149491 0.0151959 0.0020933 0.0151962 0.0135689 0.1437508 0.1438009 0.1445866 0.1438847 0.1444964 0.1443402 0.1438847 0.0425894 0.1457653 0.1451361 0.1443749 0.0165027 0.1435146 0.1446363 0.1443749 0.1449998 0.1443749 0.1457200 0.1444631 0.1456084 0.1458472 0.0160702 0.0160702 0.0160702 0.0151976 0.0165107 0.0151903 0.0169228 0.0164996 0.0173559 0.0151903 0.0164916 0.0151901 0.0160756 0.0160595 0.0169237 0.0160758 0.0156301 0.0160520 0.0165013 0.0147598 0.0147598 0.0160671 0.0151903 0.0164996 0.0160783 0.0160673 0.0169237 0.0151903 0.0151903 0.0151963 0.0151967 0.0151967 0.0156210 0.0151967 0.0143286 0.0156276 0.0147598 0.0147585 0.0165027 0.0151901 0.1477566 0.3072762 
HSV2_7                                  0.1556222 0.1560397 0.1590693 0.1549971 0.1549971 0.1509990 0.1555286 0.1548814 0.1530099 0.1548814 0.1562431 0.1538610 0.1580514 0.1584378 0.1522129 0.1528386 0.1548571 0.1522129 0.0012029 0.0008012 0.0012028 0.0059613 0.0012037 0.0004101 0.0000000 0.0024117 0.0153402 0.0012050 0.0000030 0.0008022 0.0153736 0.0206609 0.0208369 0.0020813 0.0203996 0.0188180 0.1534919 0.1529173 0.1543432 0.1530090 0.1542472 0.1534519 0.1530090 0.0423760 0.1555168 0.1548873 0.1541161 0.0212693 0.1532385 0.1537712 0.1541161 0.1547411 0.1541161 0.1548391 0.1535839 0.1547208 0.1556051 0.0208404 0.0208404 0.0208404 0.0199716 0.0212796 0.0208372 0.0221220 0.0221453 0.0225529 0.0208372 0.0216947 0.0208369 0.0208471 0.0217046 0.0221233 0.0208474 0.0204005 0.0212554 0.0212676 0.0199716 0.0199716 0.0217149 0.0208372 0.0221453 0.0217297 0.0217151 0.0221233 0.0203986 0.0203986 0.0203986 0.0204075 0.0208460 0.0208274 0.0208460 0.0195428 0.0208362 0.0204082 0.0199697 0.0212693 0.0208369 0.1575161 0.3168532 
HSV2_8                                  0.1578980 0.1583133 0.1613603 0.1572713 0.1572713 0.1532586 0.1578029 0.1571540 0.1552768 0.1571540 0.1585216 0.1561336 0.1603325 0.1607264 0.1544754 0.1551028 0.1571282 0.1544754 0.0036233 0.0024090 0.0028130 0.0079771 0.0028152 0.0024722 0.0024117 0.0000000 0.0179004 0.0028181 0.0027969 0.0024112 0.0185482 0.0228562 0.0234410 0.0037543 0.0229999 0.0214229 0.1557583 0.1551827 0.1566155 0.1552758 0.1565180 0.1557164 0.1552758 0.0456473 0.1577909 0.1571598 0.1563842 0.0243129 0.1555003 0.1560429 0.1563842 0.1570105 0.1563842 0.1571112 0.1558516 0.1569897 0.1578807 0.0238803 0.0238803 0.0238803 0.0230020 0.0243249 0.0234331 0.0247281 0.0247537 0.0251616 0.0234331 0.0242963 0.0234327 0.0238877 0.0243077 0.0247294 0.0238881 0.0234357 0.0238528 0.0243109 0.0225601 0.0225601 0.0243195 0.0234331 0.0247537 0.0243365 0.0243197 0.0247294 0.0229910 0.0229910 0.0230000 0.0230007 0.0234431 0.0234219 0.0234431 0.0221277 0.0234319 0.0230015 0.0225581 0.0243129 0.0234327 0.1597978 0.3220693 
HSV2_9                                  0.1403411 0.1407583 0.1423722 0.1396464 0.1396464 0.1359503 0.1390435 0.1396464 0.1392489 0.1396464 0.1397143 0.1393604 0.1414461 0.1417702 0.1359064 0.1365020 0.1385050 0.1359064 0.0161831 0.0161837 0.0163942 0.0019695 0.0155620 0.0100849 0.0153402 0.0179004 0.0000000 0.0156467 0.0007006 0.0157660 0.0056044 0.0016105 0.0015910 0.0176836 0.0011961 0.0012127 0.1371212 0.1377829 0.1379074 0.1378583 0.1378251 0.1396076 0.1378583 0.0533103 0.1396502 0.1390501 0.1384059 0.0023896 0.1369072 0.1385679 0.1377157 0.1383109 0.1377157 0.1396103 0.1384118 0.1395089 0.1392045 0.0019903 0.0019903 0.0019903 0.0011922 0.0023906 0.0015919 0.0027875 0.0027901 0.0031874 0.0015904 0.0023881 0.0019892 0.0019928 0.0023891 0.0027876 0.0019928 0.0015906 0.0019882 0.0023894 0.0007940 0.0007940 0.0023901 0.0015904 0.0027901 0.0023917 0.0023901 0.0027876 0.0011917 0.0011917 0.0011921 0.0011921 0.0015910 0.0015897 0.0015910 0.0003967 0.0015903 0.0011922 0.0007939 0.0023896 0.0015904 0.1415442 0.3255357 
HSV2_10                                 0.1617066 0.1621191 0.1651948 0.1610765 0.1610765 0.1570378 0.1616092 0.1609557 0.1590697 0.1609557 0.1623338 0.1607084 0.1641511 0.1645577 0.1582600 0.1588905 0.1609309 0.1582600 0.0024134 0.0012040 0.0011929 0.0049657 0.0015940 0.0012352 0.0012050 0.0028181 0.0156467 0.0000000 0.0006978 0.0012051 0.0140364 0.0187664 0.0193881 0.0012485 0.0189749 0.0175404 0.1595501 0.1589715 0.1604175 0.1590684 0.1603173 0.1601584 0.1590684 0.0429917 0.1622524 0.1616172 0.1601791 0.0198151 0.1592841 0.1598437 0.1601791 0.1608088 0.1601791 0.1609117 0.1596458 0.1607863 0.1616899 0.0193914 0.0193914 0.0193914 0.0185341 0.0198246 0.0194071 0.0210855 0.0206795 0.0215111 0.0193884 0.0202357 0.0198136 0.0194163 0.0202447 0.0206597 0.0194166 0.0189584 0.0198023 0.0198136 0.0185341 0.0185341 0.0202542 0.0193884 0.0206795 0.0202679 0.0202544 0.0206597 0.0189567 0.0189567 0.0189640 0.0189645 0.0193964 0.0193794 0.0193964 0.0185341 0.0193875 0.0189652 0.0189567 0.0198151 0.0193881 0.1642755 0.3320049 
HSV2_11                                 0.1594133 0.1605143 0.1634236 0.1596215 0.1596215 0.1537487 0.1583154 0.1594133 0.1561286 0.1594133 0.1607443 0.1561286 0.1570160 0.1623148 0.1547813 0.1547813 0.1596166 0.1547813 0.0013960 0.0000028 0.0006966 0.0025277 0.0006967 0.0006961 0.0000030 0.0027969 0.0007006 0.0006978 0.0000000 0.0000030 0.0052239 0.0064658 0.0063369 0.0013947 0.0070483 0.0042381 0.1570160 0.1558110 0.1585164 0.1548378 0.1559265 0.1545689 0.1548378 0.0418475 0.1583293 0.1583293 0.1592012 0.0091990 0.1565629 0.1561703 0.1570160 0.1581075 0.1570160 0.1535149 0.1535149 0.1613555 0.1609383 0.0084840 0.0084840 0.0084840 0.0070493 0.0092065 0.0070437 0.0070425 0.0084814 0.0063323 0.0063332 0.0077609 0.0070436 0.0077629 0.0077609 0.0077609 0.0077629 0.0077629 0.0063332 0.0084831 0.0063332 0.0063332 0.0070436 0.0063332 0.0084814 0.0077761 0.0084814 0.0077609 0.0063332 0.0063332 0.0070484 0.0063332 0.0063332 0.0070436 0.0063332 0.0056223 0.0070486 0.0063332 0.0063323 0.0084840 0.0063332 0.1618377 0.3431931 
HSV2_12                                 0.1557224 0.1561401 0.1591730 0.1550970 0.1550970 0.1510955 0.1556287 0.1549816 0.1531081 0.1549816 0.1563444 0.1539600 0.1581533 0.1585403 0.1523104 0.1529365 0.1549567 0.1523104 0.0020099 0.0008013 0.0012035 0.0059670 0.0012044 0.0008226 0.0008022 0.0024112 0.0157660 0.0012051 0.0000030 0.0000000 0.0158312 0.0198004 0.0204165 0.0020815 0.0199798 0.0183967 0.1535903 0.1530159 0.1544424 0.1531072 0.1543463 0.1535503 0.1531072 0.0438250 0.1556168 0.1549869 0.1542150 0.0212799 0.1533366 0.1538700 0.1542150 0.1548404 0.1542150 0.1536632 0.1536825 0.1548201 0.1557053 0.0208507 0.0208507 0.0208507 0.0199817 0.0212902 0.0204092 0.0221250 0.0217155 0.0225554 0.0204092 0.0212658 0.0204089 0.0208575 0.0212755 0.0216945 0.0208578 0.0204115 0.0208272 0.0212782 0.0195450 0.0195450 0.0212855 0.0204092 0.0217155 0.0213001 0.0212857 0.0216945 0.0199723 0.0199723 0.0199800 0.0199806 0.0204178 0.0203997 0.0204178 0.0195450 0.0204082 0.0199813 0.0199723 0.0212799 0.0204089 0.1576179 0.3171211 
HSV2_13                                 0.1136239 0.1154452 0.1149090 0.1129521 0.1129521 0.1105631 0.1130348 0.1129521 0.1125157 0.1129521 0.1136889 0.1119183 0.1136334 0.1143107 0.1106204 0.1112158 0.1131629 0.1106204 0.0153738 0.0167252 0.0167236 0.0009846 0.0162874 0.0110372 0.0153736 0.0185482 0.0056044 0.0140364 0.0052239 0.0158312 0.0000000 0.0052287 0.0051576 0.0176471 0.0047228 0.0038606 0.1111427 0.1123964 0.1118892 0.1111708 0.1118219 0.1123319 0.1111708 0.0472830 0.1130267 0.1124289 0.1123303 0.0042917 0.1116580 0.1118451 0.1117362 0.1123303 0.1117362 0.1136147 0.1124191 0.1141302 0.1138423 0.0042917 0.0042917 0.0042917 0.0042894 0.0042917 0.0055913 0.0073287 0.0069001 0.0077644 0.0055913 0.0064590 0.0055912 0.0042894 0.0064619 0.0068934 0.0042894 0.0038582 0.0060220 0.0047232 0.0047234 0.0047234 0.0060276 0.0055913 0.0069001 0.0064696 0.0064650 0.0068934 0.0051558 0.0051558 0.0051579 0.0051580 0.0055937 0.0051558 0.0055937 0.0051558 0.0055910 0.0051582 0.0055887 0.0047236 0.0055912 0.1148952 0.2642717 
HSV2_14                                 0.1401215 0.1405414 0.1421635 0.1401398 0.1401398 0.1357067 0.1388169 0.1394231 0.1390230 0.1394231 0.1394913 0.1391349 0.1412328 0.1415582 0.1356627 0.1362616 0.1389784 0.1356627 0.0215394 0.0210949 0.0212308 0.0019695 0.0203816 0.0149491 0.0206609 0.0228562 0.0016105 0.0187664 0.0064658 0.0198004 0.0052287 0.0000000 0.0007982 0.0219038 0.0012038 0.0012243 0.1368841 0.1375494 0.1376743 0.1376250 0.1375918 0.1393841 0.1376250 0.0546273 0.1394919 0.1388235 0.1381757 0.0020014 0.1366693 0.1383384 0.1374819 0.1380804 0.1374819 0.1393868 0.1381817 0.1392850 0.1396837 0.0015999 0.0020024 0.0015999 0.0007982 0.0024053 0.0007984 0.0036095 0.0015988 0.0040130 0.0007978 0.0024026 0.0003989 0.0016019 0.0015988 0.0028045 0.0016019 0.0011989 0.0020002 0.0020012 0.0007982 0.0007982 0.0015995 0.0007978 0.0015988 0.0015994 0.0011987 0.0028045 0.0011988 0.0011988 0.0011988 0.0011993 0.0007981 0.0015990 0.0007981 0.0011988 0.0015996 0.0003989 0.0015990 0.0020014 0.0007977 0.1413313 0.3246509 
HSV2_15                                 0.1444194 0.1448334 0.1464668 0.1444382 0.1444382 0.1400058 0.1431147 0.1437189 0.1433262 0.1437189 0.1437906 0.1434417 0.1455264 0.1458626 0.1399604 0.1405584 0.1432815 0.1399604 0.0216969 0.0216979 0.0218245 0.0009834 0.0209918 0.0151959 0.0208369 0.0234410 0.0015910 0.0193881 0.0063369 0.0204165 0.0051576 0.0007982 0.0000000 0.0225296 0.0011888 0.0012095 0.1411807 0.1418452 0.1419760 0.1419239 0.1418912 0.1424610 0.1419239 0.0557736 0.1437905 0.1431215 0.1424734 0.0019764 0.1409591 0.1426412 0.1417775 0.1423750 0.1417775 0.1436816 0.1424783 0.1435765 0.1439891 0.0015800 0.0019774 0.0015800 0.0007887 0.0023752 0.0007891 0.0027685 0.0019759 0.0031666 0.0007883 0.0023726 0.0011834 0.0015820 0.0015790 0.0019758 0.0015820 0.0011840 0.0011838 0.0019762 0.0007887 0.0007887 0.0015797 0.0007883 0.0019759 0.0015813 0.0015797 0.0019758 0.0011839 0.0011839 0.0011843 0.0011844 0.0007886 0.0015791 0.0007886 0.0011839 0.0007890 0.0003939 0.0015791 0.0019764 0.0000024 0.1456284 0.3265864 
HSV2_16                                 0.1544778 0.1549109 0.1580393 0.1538320 0.1538320 0.1497023 0.1543816 0.1537138 0.1517790 0.1537138 0.1551200 0.1526566 0.1556826 0.1573857 0.1509568 0.1509568 0.1536880 0.1509568 0.0033376 0.0020796 0.0008302 0.0079707 0.0024988 0.0020933 0.0020813 0.0037543 0.0176836 0.0012485 0.0013947 0.0020815 0.0176471 0.0219038 0.0225296 0.0000000 0.0220732 0.0204365 0.1522781 0.1516850 0.1531559 0.1517782 0.1530575 0.1522376 0.1517782 0.0440304 0.1543695 0.1537189 0.1529232 0.0234303 0.1520185 0.1525642 0.1529232 0.1535690 0.1529232 0.1536707 0.1523727 0.1535485 0.1544600 0.0229828 0.0229828 0.0229828 0.0220753 0.0234421 0.0225210 0.0234008 0.0238852 0.0238483 0.0225210 0.0234141 0.0225206 0.0229904 0.0234252 0.0238610 0.0229908 0.0225236 0.0229557 0.0234283 0.0216189 0.0216189 0.0234368 0.0225210 0.0238852 0.0234534 0.0234370 0.0238610 0.0220644 0.0220644 0.0220644 0.0220740 0.0225309 0.0225100 0.0225309 0.0211721 0.0225198 0.0220748 0.0216169 0.0234303 0.0225206 0.1564353 0.3175911 
HSV2_17                                 0.1396874 0.1401030 0.1417052 0.1397054 0.1397054 0.1353233 0.1383978 0.1389973 0.1386011 0.1389973 0.1390643 0.1387114 0.1407863 0.1411069 0.1352798 0.1358720 0.1385570 0.1352798 0.0212582 0.0212592 0.0214733 0.0019696 0.0206385 0.0151962 0.0203996 0.0229999 0.0011961 0.0189749 0.0070483 0.0199798 0.0047228 0.0012038 0.0011888 0.0220732 0.0000000 0.0008052 0.1364874 0.1371452 0.1372681 0.1372196 0.1371867 0.1382711 0.1372196 0.0535353 0.1390650 0.1384044 0.1370785 0.0015859 0.1362756 0.1379244 0.1370785 0.1376702 0.1370785 0.1389616 0.1377701 0.1388612 0.1392539 0.0011890 0.0011890 0.0011890 0.0003956 0.0015866 0.0011888 0.0031780 0.0023835 0.0035777 0.0011888 0.0019834 0.0011888 0.0011894 0.0019842 0.0023814 0.0011894 0.0007914 0.0015849 0.0015857 0.0003956 0.0003956 0.0019851 0.0011888 0.0023835 0.0019871 0.0019851 0.0023814 0.0007913 0.0007913 0.0007916 0.0007916 0.0011892 0.0011883 0.0011892 0.0007913 0.0011887 0.0007917 0.0011883 0.0015859 0.0011888 0.1408833 0.3219745 
HSV2_18                                 0.1275417 0.1279645 0.1295027 0.1268717 0.1268717 0.1232632 0.1262787 0.1268717 0.1264636 0.1268717 0.1269274 0.1258766 0.1286292 0.1289139 0.1232244 0.1238074 0.1264200 0.1232244 0.0192397 0.0196793 0.0201094 0.0000030 0.0192631 0.0135689 0.0188180 0.0214229 0.0012127 0.0175404 0.0042381 0.0183967 0.0038606 0.0012243 0.0012095 0.0204365 0.0008052 0.0000000 0.1244109 0.1250576 0.1251617 0.1251221 0.1250882 0.1255702 0.1251221 0.0506907 0.1262698 0.1256834 0.1249923 0.0008059 0.1242216 0.1258014 0.1249923 0.1255740 0.1249923 0.1268396 0.1256674 0.1267504 0.1270959 0.0004026 0.0004026 0.0004026 0.0004024 0.0004026 0.0012089 0.0032342 0.0024250 0.0036403 0.0012089 0.0020176 0.0012089 0.0004024 0.0020185 0.0024228 0.0004024 0.0000021 0.0016119 0.0008059 0.0004024 0.0004024 0.0020194 0.0012089 0.0024250 0.0020214 0.0020194 0.0024228 0.0008055 0.0008055 0.0008058 0.0008059 0.0012094 0.0012084 0.0012094 0.0008055 0.0012089 0.0008059 0.0012084 0.0008059 0.0012089 0.1281104 0.2993373 
JN400093_Human_herpesvirus_1            0.0043566 0.0047515 0.0047550 0.0043570 0.0043570 0.0023660 0.0035561 0.0039568 0.0043591 0.0039568 0.0015756 0.0047604 0.0043509 0.0043564 0.0019708 0.0023674 0.0011816 0.0019708 0.1533833 0.1547285 0.1642054 0.1184032 0.1642679 0.1437508 0.1534919 0.1557583 0.1371212 0.1595501 0.1570160 0.1535903 0.1111427 0.1368841 0.1411807 0.1522781 0.1364874 0.1244109 0.0000000 0.0043548 0.0007870 0.0035596 0.0023665 0.0055517 0.0035596 0.1763208 0.0023675 0.0019701 0.0015749 0.1424442 0.0011810 0.0031609 0.0003930 0.0007863 0.0003930 0.0051520 0.0043547 0.0055491 0.0015769 0.1418436 0.1411424 0.1418436 0.1405156 0.1404473 0.1386595 0.1422964 0.1418946 0.1428969 0.1411182 0.1398818 0.1411195 0.1394102 0.1411958 0.1416883 0.1394129 0.1411309 0.1410078 0.1416286 0.1398220 0.1398220 0.1425197 0.1411182 0.1418946 0.1414585 0.1412944 0.1416883 0.1398260 0.1398260 0.1404853 0.1405130 0.1412128 0.1410144 0.1412128 0.1404165 0.1411088 0.1405197 0.1410144 0.1424442 0.1411155 0.0043524 0.3584972 
JN420337_Human_herpesvirus_1            0.0055570 0.0067593 0.0074047 0.0055575 0.0055575 0.0027654 0.0055546 0.0051552 0.0047603 0.0051552 0.0059562 0.0051626 0.0071575 0.0069973 0.0047573 0.0051566 0.0055584 0.0047573 0.1528095 0.1541531 0.1636224 0.1182011 0.1636840 0.1438009 0.1529173 0.1551827 0.1377829 0.1589715 0.1558110 0.1530159 0.1123964 0.1375494 0.1418452 0.1516850 0.1371452 0.1250576 0.0043548 0.0000000 0.0051566 0.0031638 0.0051546 0.0043530 0.0031638 0.1757272 0.0059570 0.0055548 0.0051541 0.1431107 0.0055559 0.0035625 0.0047532 0.0051520 0.0047532 0.0039549 0.0031605 0.0043545 0.0059612 0.1425094 0.1418067 0.1425094 0.1411789 0.1411102 0.1393197 0.1429620 0.1425607 0.1435633 0.1417824 0.1405441 0.1417836 0.1400720 0.1418605 0.1423531 0.1400746 0.1417951 0.1416713 0.1422930 0.1404839 0.1404839 0.1431868 0.1417824 0.1425607 0.1421246 0.1419597 0.1423531 0.1404879 0.1404879 0.1411483 0.1411763 0.1418775 0.1416779 0.1418775 0.1410792 0.1417729 0.1411831 0.1416779 0.1431107 0.1417797 0.0071600 0.3595629 
