89
HM585496_Human_herpesvirus_1            0.0000000 0.0031649 0.0003929 0.0007866 0.0007869 0.0080144 0.0076117 0.0003929 0.0067975 0.0007864 0.0088337 0.0063832 0.0080090 0.0059712 0.0104807 0.0108868 0.0084322 0.0104706 0.1632537 0.1624327 0.1643274 0.1338976 0.1650549 0.1511370 0.1700755 0.1533153 0.1666295 0.1702292 0.1280208 0.1470525 0.1542314 0.1656778 0.1723675 0.1486576 0.1705032 0.1649158 0.0067881 0.0063786 0.0071909 0.0076073 0.0055738 0.0088297 0.0088504 0.1705550 0.0084266 0.0084266 0.0080183 0.1715997 0.0084322 0.0084256 0.0096589 0.0092476 0.0096561 0.0084248 0.0084248 0.0096795 0.0092414 0.1724824 0.1722929 0.1715997 0.1716741 0.1735691 0.1744845 0.1732414 0.1737575 0.1723675 0.1722929 0.1723675 0.1730175 0.1732414 0.1745149 0.1737129 0.1746954 0.1722929 0.1746003 0.1717755 0.1745149 0.1730619 0.1738086 0.1730923 0.1716741 0.1730923 0.1725570 0.1723978 0.1730619 0.0092476 0.1738119 0.0084199 0.5403775 
HM585497_Human_herpesvirus_1            0.0031649 0.0000000 0.0035618 0.0039613 0.0039629 0.0063887 0.0067958 0.0035618 0.0067925 0.0039614 0.0071977 0.0063785 0.0063845 0.0051640 0.0088316 0.0092357 0.0067978 0.0088231 0.1615988 0.1607835 0.1626669 0.1296186 0.1633831 0.1494911 0.1684345 0.1516664 0.1649513 0.1685592 0.1243034 0.1446389 0.1525702 0.1639997 0.1707698 0.1462334 0.1688281 0.1633121 0.0051694 0.0055692 0.0063782 0.0067919 0.0047673 0.0063898 0.0080311 0.1717613 0.0067933 0.0067933 0.0072010 0.1700053 0.0067978 0.0067965 0.0080157 0.0076077 0.0080134 0.0076061 0.0076061 0.0072236 0.0076026 0.1708840 0.1706956 0.1700053 0.1700794 0.1719682 0.1728782 0.1716396 0.1721541 0.1707698 0.1706956 0.1707698 0.1714174 0.1716396 0.1729086 0.1721099 0.1730878 0.1706956 0.1729933 0.1701743 0.1729086 0.1714614 0.1722049 0.1714917 0.1700794 0.1714917 0.1709582 0.1708001 0.1714614 0.0076077 0.1722082 0.0067919 0.5370719 
HM585498_Human_herpesvirus_1            0.0003929 0.0035618 0.0000000 0.0003929 0.0003931 0.0084179 0.0080150 0.0000010 0.0069474 0.0003929 0.0092384 0.0067845 0.0084123 0.0063715 0.0108874 0.0112938 0.0088367 0.0108770 0.1647360 0.1639116 0.1658153 0.1352144 0.1665524 0.1526201 0.1715422 0.1547993 0.1681308 0.1717218 0.1291446 0.1477767 0.1557263 0.1671796 0.1737939 0.1493847 0.1720002 0.1665006 0.0071898 0.0067795 0.0075930 0.0080104 0.0059740 0.0092342 0.0092589 0.1719690 0.0088309 0.0088309 0.0084221 0.1730236 0.0088367 0.0088298 0.0100647 0.0096529 0.0100618 0.0088290 0.0088290 0.0100862 0.0096464 0.1739094 0.1737190 0.1730236 0.1730984 0.1749977 0.1759175 0.1746710 0.1751883 0.1737939 0.1737190 0.1737939 0.1744458 0.1746710 0.1759479 0.1751434 0.1761295 0.1737190 0.1760339 0.1732054 0.1759479 0.1744905 0.1752396 0.1745209 0.1730984 0.1745209 0.1739843 0.1738242 0.1744905 0.0096529 0.1752429 0.0088238 0.5413410 
HM585499_Human_herpesvirus_1            0.0007866 0.0039613 0.0003929 0.0000000 0.0000010 0.0088272 0.0084237 0.0003929 0.0073596 0.0007865 0.0096492 0.0071904 0.0088213 0.0067761 0.0113014 0.0117083 0.0092472 0.0112906 0.1654914 0.1646651 0.1665733 0.1365961 0.1673155 0.1533755 0.1722896 0.1555554 0.1688959 0.1724825 0.1303232 0.1485351 0.1564877 0.1679449 0.1745209 0.1501462 0.1727631 0.1672684 0.0075965 0.0071851 0.0080002 0.0084190 0.0063783 0.0096448 0.0096706 0.1726895 0.0092411 0.0092411 0.0088316 0.1737493 0.0092472 0.0092400 0.0104773 0.0100647 0.0104742 0.0092391 0.0092391 0.0104996 0.0100579 0.1746367 0.1744458 0.1737493 0.1738242 0.1757258 0.1766479 0.1753997 0.1759175 0.1745209 0.1744458 0.1745209 0.1751738 0.1753997 0.1766783 0.1758725 0.1768604 0.1744458 0.1767646 0.1739342 0.1766783 0.1752186 0.1759690 0.1752490 0.1738242 0.1752490 0.1747118 0.1745512 0.1752186 0.0100647 0.1759723 0.0092337 0.5398054 
HM585500_Human_herpesvirus_1            0.0007869 0.0039629 0.0003931 0.0000010 0.0000000 0.0088308 0.0084272 0.0003931 0.0073626 0.0007869 0.0096532 0.0071934 0.0088249 0.0067789 0.0113061 0.0117132 0.0092510 0.0112952 0.1655946 0.1647678 0.1666776 0.1365961 0.1674207 0.1534726 0.1723952 0.1556537 0.1690022 0.1725900 0.1304554 0.1486300 0.1565874 0.1680508 0.1746246 0.1502423 0.1728711 0.1673742 0.0075996 0.0071881 0.0080035 0.0084224 0.0063809 0.0096488 0.0096746 0.1727915 0.0092449 0.0092449 0.0088352 0.1738525 0.0092510 0.0092438 0.0104816 0.0100688 0.0104786 0.0092429 0.0092429 0.0105040 0.0100621 0.1747405 0.1745495 0.1738525 0.1739275 0.1758303 0.1767531 0.1755040 0.1760222 0.1746246 0.1745495 0.1746246 0.1752779 0.1755040 0.1767835 0.1759772 0.1769658 0.1745495 0.1768699 0.1740379 0.1767835 0.1753228 0.1760737 0.1753532 0.1739275 0.1753532 0.1748157 0.1746549 0.1753228 0.0100688 0.1760771 0.0092375 0.5402590 
HM585501_Human_herpesvirus_1            0.0080144 0.0063887 0.0084179 0.0088272 0.0088308 0.0000000 0.0027706 0.0084179 0.0043640 0.0088275 0.0039671 0.0039661 0.0015763 0.0035702 0.0055756 0.0059756 0.0035703 0.0055703 0.1640195 0.1631965 0.1650969 0.1308457 0.1649065 0.1509900 0.1708375 0.1531680 0.1664807 0.1710048 0.1253517 0.1469717 0.1548419 0.1655289 0.1738059 0.1470933 0.1712812 0.1648447 0.0051830 0.0047767 0.0047800 0.0027690 0.0047770 0.0055881 0.0039758 0.1731748 0.0035680 0.0035680 0.0055899 0.1730351 0.0035703 0.0051873 0.0047714 0.0043696 0.0047700 0.0059932 0.0059932 0.0064177 0.0043667 0.1739215 0.1737309 0.1730351 0.1731099 0.1750106 0.1759310 0.1746837 0.1752013 0.1738059 0.1737309 0.1738059 0.1744583 0.1746837 0.1759614 0.1751564 0.1761431 0.1737309 0.1760475 0.1732171 0.1759614 0.1745030 0.1752527 0.1745334 0.1731099 0.1745334 0.1739965 0.1738363 0.1745030 0.0043696 0.1752560 0.0051898 0.5304964 
HM585502_Human_herpesvirus_1            0.0076117 0.0067958 0.0080150 0.0084237 0.0084272 0.0027706 0.0000000 0.0080150 0.0031685 0.0084241 0.0019763 0.0035706 0.0019749 0.0023761 0.0043735 0.0047725 0.0023762 0.0043694 0.1652932 0.1644665 0.1663776 0.1312921 0.1661912 0.1522402 0.1721075 0.1544230 0.1677711 0.1722975 0.1260535 0.1482231 0.1561115 0.1668183 0.1750470 0.1483456 0.1725782 0.1661371 0.0039802 0.0035765 0.0035790 0.0015788 0.0035768 0.0059976 0.0027784 0.1744063 0.0023747 0.0023747 0.0047893 0.1742730 0.0023762 0.0055960 0.0035725 0.0031725 0.0035715 0.0055954 0.0055954 0.0060031 0.0031705 0.1751633 0.1749717 0.1742730 0.1743481 0.1762552 0.1771808 0.1759288 0.1764481 0.1750470 0.1749717 0.1750470 0.1757019 0.1759288 0.1772112 0.1764029 0.1773941 0.1749717 0.1766160 0.1744604 0.1772112 0.1757470 0.1764997 0.1757774 0.1743481 0.1757774 0.1752386 0.1750774 0.1757470 0.0031725 0.1765031 0.0047893 0.5372107 
HM585503_Human_herpesvirus_1            0.0003929 0.0035618 0.0000010 0.0003929 0.0003931 0.0084179 0.0080150 0.0000000 0.0069474 0.0003929 0.0092384 0.0067845 0.0084123 0.0063715 0.0108874 0.0112938 0.0088367 0.0108770 0.1647360 0.1639116 0.1658153 0.1352144 0.1665524 0.1526201 0.1715422 0.1547993 0.1681308 0.1717218 0.1291446 0.1477767 0.1557263 0.1671796 0.1737939 0.1493847 0.1720002 0.1665006 0.0071898 0.0067795 0.0075930 0.0080104 0.0059740 0.0092342 0.0092589 0.1719690 0.0088309 0.0088309 0.0084221 0.1730236 0.0088367 0.0088298 0.0100647 0.0096529 0.0100618 0.0088290 0.0088290 0.0100862 0.0096464 0.1739094 0.1737190 0.1730236 0.1730984 0.1749977 0.1759175 0.1746710 0.1751883 0.1737939 0.1737190 0.1737939 0.1744458 0.1746710 0.1759479 0.1751434 0.1761295 0.1737190 0.1760339 0.1732054 0.1759479 0.1744905 0.1752396 0.1745209 0.1730984 0.1745209 0.1739843 0.1738242 0.1744905 0.0096529 0.1752429 0.0088238 0.5413410 
HM585504_Human_herpesvirus_1            0.0067975 0.0067925 0.0069474 0.0073596 0.0073626 0.0043640 0.0031685 0.0069474 0.0000000 0.0073598 0.0043666 0.0027719 0.0035631 0.0031711 0.0059778 0.0063782 0.0039696 0.0059721 0.1653473 0.1645192 0.1664324 0.1313956 0.1662461 0.1522893 0.1721635 0.1544729 0.1678267 0.1723546 0.1261398 0.1482709 0.1561625 0.1668736 0.1744034 0.1483935 0.1726356 0.1661923 0.0055854 0.0051781 0.0051817 0.0031667 0.0043756 0.0059947 0.0043762 0.1751775 0.0039670 0.0039670 0.0051898 0.1736303 0.0039696 0.0055932 0.0051723 0.0047699 0.0051709 0.0055927 0.0055927 0.0068272 0.0047668 0.1745194 0.1743282 0.1736303 0.1737053 0.1756109 0.1765347 0.1752839 0.1758029 0.1744034 0.1743282 0.1744034 0.1750576 0.1752839 0.1765652 0.1757578 0.1767476 0.1743282 0.1766517 0.1738151 0.1765652 0.1751025 0.1758544 0.1751330 0.1737053 0.1751330 0.1745947 0.1744338 0.1751025 0.0047699 0.1758578 0.0064007 0.5357927 
HM585506_Human_herpesvirus_1            0.0007864 0.0039614 0.0003929 0.0007865 0.0007869 0.0088275 0.0084241 0.0003929 0.0073598 0.0000000 0.0096496 0.0071907 0.0088216 0.0067764 0.0113019 0.0117088 0.0092476 0.0112910 0.1646967 0.1638730 0.1657767 0.1365354 0.1665129 0.1525787 0.1715043 0.1547586 0.1680915 0.1716832 0.1302714 0.1485021 0.1556859 0.1671401 0.1737575 0.1501131 0.1719616 0.1663823 0.0075967 0.0071854 0.0080005 0.0084193 0.0063786 0.0096452 0.0096678 0.1719326 0.0092414 0.0092414 0.0088319 0.1729872 0.0092476 0.0092403 0.0104777 0.0100651 0.0104746 0.0092395 0.0092395 0.0105000 0.0100583 0.1738730 0.1736826 0.1729872 0.1730619 0.1749615 0.1758813 0.1746347 0.1751520 0.1737575 0.1736826 0.1737575 0.1744095 0.1746347 0.1759117 0.1751071 0.1760933 0.1736826 0.1759977 0.1731688 0.1759117 0.1744542 0.1752033 0.1744845 0.1730619 0.1744845 0.1739480 0.1737878 0.1744542 0.0100651 0.1752067 0.0092341 0.5429705 
HM585508_Human_herpesvirus_1            0.0088337 0.0071977 0.0092384 0.0096492 0.0096532 0.0039671 0.0019763 0.0092384 0.0043666 0.0096496 0.0000000 0.0047717 0.0031671 0.0035724 0.0031652 0.0035619 0.0011817 0.0023683 0.1668178 0.1659872 0.1679083 0.1323313 0.1677278 0.1537575 0.1736182 0.1559414 0.1693123 0.1738350 0.1269472 0.1497472 0.1576444 0.1683597 0.1765193 0.1498706 0.1741205 0.1676831 0.0035718 0.0039703 0.0039730 0.0019728 0.0039706 0.0063916 0.0031724 0.1758681 0.0011809 0.0011809 0.0051836 0.1757424 0.0011817 0.0059901 0.0023701 0.0019732 0.0023694 0.0051837 0.0051837 0.0072257 0.0019719 0.1766362 0.1764436 0.1757424 0.1758179 0.1777302 0.1786606 0.1774047 0.1779254 0.1765193 0.1764436 0.1765193 0.1771764 0.1774047 0.1786910 0.1778799 0.1788751 0.1764436 0.1780943 0.1759362 0.1786910 0.1772218 0.1779773 0.1772522 0.1758179 0.1772522 0.1767119 0.1765497 0.1772218 0.0019732 0.1779807 0.0051836 0.5367100 
HM585509_Human_herpesvirus_1            0.0063832 0.0063785 0.0067845 0.0071904 0.0071934 0.0039661 0.0035706 0.0067845 0.0027719 0.0071907 0.0047717 0.0000000 0.0039658 0.0027685 0.0063871 0.0067883 0.0043740 0.0063811 0.1614353 0.1606175 0.1625041 0.1285716 0.1623034 0.1483988 0.1682867 0.1505770 0.1638714 0.1684091 0.1225649 0.1443612 0.1522295 0.1629188 0.1706309 0.1444815 0.1686781 0.1622258 0.0051747 0.0047690 0.0039690 0.0035686 0.0039689 0.0047754 0.0047822 0.1720896 0.0043712 0.0043712 0.0039752 0.1698651 0.0043740 0.0043760 0.0055797 0.0051762 0.0055781 0.0043756 0.0043756 0.0055985 0.0051728 0.1707452 0.1705566 0.1698651 0.1699392 0.1718315 0.1727430 0.1715021 0.1720176 0.1706309 0.1705566 0.1706309 0.1712796 0.1715021 0.1727734 0.1719733 0.1729529 0.1705566 0.1728583 0.1700338 0.1727734 0.1713237 0.1720685 0.1713541 0.1699392 0.1713541 0.1708196 0.1706613 0.1713237 0.0051762 0.1720718 0.0059871 0.5335433 
HM585510_Human_herpesvirus_1            0.0080090 0.0063845 0.0084123 0.0088213 0.0088249 0.0015763 0.0019749 0.0084123 0.0035631 0.0088216 0.0031671 0.0039658 0.0000000 0.0027711 0.0047692 0.0051682 0.0027712 0.0047647 0.1650436 0.1642177 0.1661268 0.1309263 0.1659394 0.1519957 0.1718591 0.1541768 0.1675183 0.1720445 0.1268639 0.1479780 0.1558626 0.1665657 0.1748045 0.1481003 0.1723245 0.1658839 0.0043765 0.0039723 0.0039750 0.0019738 0.0039726 0.0055877 0.0031741 0.1741657 0.0027694 0.0027694 0.0055895 0.1740311 0.0027712 0.0043827 0.0039679 0.0035677 0.0039667 0.0059927 0.0059927 0.0064171 0.0035654 0.1749207 0.1747293 0.1740311 0.1741062 0.1760122 0.1769369 0.1756856 0.1762047 0.1748045 0.1747293 0.1748045 0.1754590 0.1756856 0.1769673 0.1761595 0.1771499 0.1747293 0.1770539 0.1742175 0.1769673 0.1755040 0.1762563 0.1755344 0.1741062 0.1755344 0.1749960 0.1748349 0.1755040 0.0035677 0.1762596 0.0043822 0.5339190 
HM585511_Human_herpesvirus_1            0.0059712 0.0051640 0.0063715 0.0067761 0.0067789 0.0035702 0.0023761 0.0063715 0.0031711 0.0067764 0.0035724 0.0027685 0.0027711 0.0000000 0.0051803 0.0055804 0.0031754 0.0051754 0.1617922 0.1609739 0.1628611 0.1296607 0.1635800 0.1496663 0.1686346 0.1518452 0.1651519 0.1687629 0.1246620 0.1456379 0.1535089 0.1641991 0.1716605 0.1457589 0.1690329 0.1635102 0.0031686 0.0027681 0.0027700 0.0023748 0.0019746 0.0043705 0.0035802 0.1713133 0.0031733 0.0031733 0.0035719 0.1708934 0.0031754 0.0039718 0.0043762 0.0039746 0.0043749 0.0039715 0.0039715 0.0051903 0.0039720 0.1717752 0.1715860 0.1708934 0.1709677 0.1728621 0.1737762 0.1725336 0.1730496 0.1716605 0.1715860 0.1716605 0.1723102 0.1725336 0.1738065 0.1730051 0.1739867 0.1715860 0.1738918 0.1710663 0.1738065 0.1723545 0.1731006 0.1723849 0.1709677 0.1723849 0.1718498 0.1716909 0.1723545 0.0039746 0.1731039 0.0039714 0.5335433 
HM585512_Human_herpesvirus_1            0.0104807 0.0088316 0.0108874 0.0113014 0.0113061 0.0055756 0.0043735 0.0108874 0.0059778 0.0113019 0.0031652 0.0063871 0.0047692 0.0051803 0.0000000 0.0011816 0.0027695 0.0007867 0.1685412 0.1677060 0.1696389 0.1337031 0.1694651 0.1554688 0.1753271 0.1576554 0.1710550 0.1755744 0.1281204 0.1514658 0.1593752 0.1701023 0.1789208 0.1515903 0.1758653 0.1694309 0.0051794 0.0055801 0.0055839 0.0035648 0.0055805 0.0080207 0.0047772 0.1774552 0.0027677 0.0027677 0.0072108 0.1781393 0.0027695 0.0076172 0.0039655 0.0035656 0.0039644 0.0076165 0.0076165 0.0088659 0.0035632 0.1790388 0.1788446 0.1781393 0.1782153 0.1801362 0.1810745 0.1798122 0.1803351 0.1789208 0.1788446 0.1789208 0.1795815 0.1798122 0.1811050 0.1802891 0.1812908 0.1788446 0.1811934 0.1783434 0.1811050 0.1796274 0.1803874 0.1796579 0.1782153 0.1796579 0.1791150 0.1789512 0.1796274 0.0035656 0.1803909 0.0068051 0.5424752 
HM585513_Human_herpesvirus_1            0.0108868 0.0092357 0.0112938 0.0117083 0.0117132 0.0059756 0.0047725 0.0112938 0.0063782 0.0117088 0.0035619 0.0067883 0.0051682 0.0055804 0.0011816 0.0000000 0.0031661 0.0011804 0.1676000 0.1683136 0.1702494 0.1337031 0.1700780 0.1560827 0.1759262 0.1582685 0.1716689 0.1761840 0.1281204 0.1520854 0.1599930 0.1707167 0.1795037 0.1522102 0.1764767 0.1700476 0.0055795 0.0059804 0.0059845 0.0039621 0.0059809 0.0084241 0.0051768 0.1780335 0.0031641 0.0031641 0.0076136 0.1787215 0.0031661 0.0080204 0.0043634 0.0039629 0.0043621 0.0080197 0.0080197 0.0092715 0.0039603 0.1796219 0.1794274 0.1787215 0.1787976 0.1807195 0.1816593 0.1803961 0.1809193 0.1795037 0.1794274 0.1795037 0.1801649 0.1803961 0.1816898 0.1808732 0.1818760 0.1794274 0.1817784 0.1789280 0.1816898 0.1802109 0.1809717 0.1802414 0.1787976 0.1802414 0.1796982 0.1795341 0.1802109 0.0039629 0.1809752 0.0072075 0.5409118 
HM585514_Human_herpesvirus_1            0.0084322 0.0067978 0.0088367 0.0092472 0.0092510 0.0035703 0.0023762 0.0088367 0.0039696 0.0092476 0.0011817 0.0043740 0.0027712 0.0031754 0.0027695 0.0031661 0.0000000 0.0027669 0.1652459 0.1644193 0.1663301 0.1308884 0.1661435 0.1521930 0.1720607 0.1543758 0.1677233 0.1722499 0.1257159 0.1481757 0.1560638 0.1667705 0.1750014 0.1482982 0.1725304 0.1660892 0.0031749 0.0035732 0.0035757 0.0015773 0.0035735 0.0059921 0.0027758 0.1743611 0.0007873 0.0007873 0.0051875 0.1742275 0.0000010 0.0055908 0.0011806 0.0007863 0.0011802 0.0055903 0.0055903 0.0068242 0.0015766 0.1751177 0.1749261 0.1742275 0.1743027 0.1762096 0.1771350 0.1758831 0.1764024 0.1750014 0.1749261 0.1750014 0.1756563 0.1758831 0.1771655 0.1763572 0.1773483 0.1749261 0.1772522 0.1744148 0.1771655 0.1757014 0.1764541 0.1757318 0.1743027 0.1757318 0.1751931 0.1750319 0.1757014 0.0007863 0.1764574 0.0047849 0.5351046 
HM585515_Human_herpesvirus_1            0.0104706 0.0088231 0.0108770 0.0112906 0.0112952 0.0055703 0.0043694 0.0108770 0.0059721 0.0112910 0.0023683 0.0063811 0.0047647 0.0051754 0.0007867 0.0011804 0.0027669 0.0000000 0.1683543 0.1675199 0.1694509 0.1350190 0.1692764 0.1552882 0.1751396 0.1574735 0.1708652 0.1753834 0.1292453 0.1512860 0.1591909 0.1699128 0.1787367 0.1514104 0.1756737 0.1692411 0.0051745 0.0055748 0.0055786 0.0035615 0.0055752 0.0080130 0.0047727 0.1772733 0.0027651 0.0027651 0.0072039 0.1779558 0.0027669 0.0076099 0.0039618 0.0035622 0.0039606 0.0067987 0.0067987 0.0088574 0.0035599 0.1788546 0.1786606 0.1779558 0.1780318 0.1799514 0.1808889 0.1796274 0.1801500 0.1787367 0.1786606 0.1787367 0.1793970 0.1796274 0.1809193 0.1801041 0.1811050 0.1786606 0.1810076 0.1781591 0.1809193 0.1794428 0.1802023 0.1794733 0.1780318 0.1794733 0.1789308 0.1787672 0.1794428 0.0035622 0.1802058 0.0067986 0.5419969 
HSV2_1                                  0.1632537 0.1615988 0.1647360 0.1654914 0.1655946 0.1640195 0.1652932 0.1647360 0.1653473 0.1646967 0.1668178 0.1614353 0.1650436 0.1617922 0.1685412 0.1676000 0.1652459 0.1683543 0.0000000 0.0008419 0.0008414 0.0075620 0.0064557 0.0004332 0.0008399 0.0004310 0.0064594 0.0016867 0.0000028 0.0004399 0.0061623 0.0069184 0.0068235 0.0004397 0.0068360 0.0060606 0.1658769 0.1650011 0.1650746 0.1652490 0.1628020 0.1632951 0.1660310 0.0401520 0.1660906 0.1660906 0.1641540 0.0059620 0.1652459 0.1641098 0.1674587 0.1666984 0.1674266 0.1640360 0.1640360 0.1644612 0.1675463 0.0064008 0.0059657 0.0059620 0.0063924 0.0076898 0.0081228 0.0072625 0.0076874 0.0068235 0.0063924 0.0068235 0.0068256 0.0072625 0.0081253 0.0072574 0.0076976 0.0063924 0.0081285 0.0072859 0.0081253 0.0072552 0.0076905 0.0072574 0.0063924 0.0072574 0.0068324 0.0068256 0.0068235 0.1666984 0.0072580 0.1666013 0.4531099 
HSV2_2                                  0.1624327 0.1607835 0.1639116 0.1646651 0.1647678 0.1631965 0.1644665 0.1639116 0.1645192 0.1638730 0.1659872 0.1606175 0.1642177 0.1609739 0.1677060 0.1683136 0.1644193 0.1675199 0.0008419 0.0000000 0.0008410 0.0084194 0.0064608 0.0004332 0.0008390 0.0004309 0.0064559 0.0016849 0.0007167 0.0004397 0.0061623 0.0069001 0.0068160 0.0004397 0.0068184 0.0060573 0.1650491 0.1641756 0.1642484 0.1644223 0.1619810 0.1624738 0.1652023 0.0406472 0.1652617 0.1652617 0.1633307 0.0059555 0.1644193 0.1632864 0.1666268 0.1658683 0.1665946 0.1632132 0.1632132 0.1636358 0.1667139 0.0063938 0.0059591 0.0059555 0.0063854 0.0076814 0.0081139 0.0072546 0.0076790 0.0068160 0.0063854 0.0068160 0.0068181 0.0072546 0.0081164 0.0072494 0.0076892 0.0063854 0.0081196 0.0072745 0.0081164 0.0072472 0.0076820 0.0072494 0.0063854 0.0072494 0.0068250 0.0068181 0.0068160 0.1658683 0.0072501 0.1657715 0.4601807 
HSV2_3                                  0.1643274 0.1626669 0.1658153 0.1665733 0.1666776 0.1650969 0.1663776 0.1658153 0.1664324 0.1657767 0.1679083 0.1625041 0.1661268 0.1628611 0.1696389 0.1702494 0.1663301 0.1694509 0.0008414 0.0008410 0.0000000 0.0075620 0.0064572 0.0004332 0.0008406 0.0004309 0.0064552 0.0016881 0.0000028 0.0004397 0.0061623 0.0069139 0.0068292 0.0004397 0.0068316 0.0060545 0.1669630 0.1660837 0.1661581 0.1663335 0.1638754 0.1643710 0.1671186 0.0412247 0.1671783 0.1671783 0.1652333 0.0059670 0.1663301 0.1651891 0.1685515 0.1677883 0.1685192 0.1651146 0.1651146 0.1655411 0.1686396 0.0064062 0.0059707 0.0059670 0.0063978 0.0076963 0.0081297 0.0072687 0.0076939 0.0068292 0.0063978 0.0068292 0.0068313 0.0072687 0.0081322 0.0072635 0.0077041 0.0063978 0.0081353 0.0072920 0.0081322 0.0072613 0.0076969 0.0072635 0.0063978 0.0072635 0.0068382 0.0068313 0.0068292 0.1677883 0.0072642 0.1676906 0.4576349 
HSV2_4                                  0.1338976 0.1296186 0.1352144 0.1365961 0.1365961 0.1308457 0.1312921 0.1352144 0.1313956 0.1365354 0.1323313 0.1285716 0.1309263 0.1296607 0.1337031 0.1337031 0.1308884 0.1350190 0.0075620 0.0084194 0.0075620 0.0000000 0.0008227 0.0075620 0.0075620 0.0075620 0.0000025 0.0058527 0.0008907 0.0075620 0.0008227 0.0008242 0.0000025 0.0075620 0.0000025 0.0008227 0.1310238 0.1309639 0.1297407 0.1309639 0.1283615 0.1309210 0.1323313 0.0341226 0.1323914 0.1323914 0.1283615 0.0008227 0.1308884 0.1295889 0.1321945 0.1321945 0.1321945 0.1310238 0.1310238 0.1298844 0.1350190 0.0008227 0.0016478 0.0008227 0.0000025 0.0008231 0.0008231 0.0008242 0.0000025 0.0000025 0.0008227 0.0000025 0.0008227 0.0008242 0.0008231 0.0016478 0.0016511 0.0016478 0.0008226 0.0008242 0.0008231 0.0000025 0.0000025 0.0000025 0.0000025 0.0000025 0.0000025 0.0008231 0.0000025 0.1321945 0.0000025 0.1308316 0.3678959 
HSV2_5                                  0.1650549 0.1633831 0.1665524 0.1673155 0.1674207 0.1649065 0.1661912 0.1665524 0.1662461 0.1665129 0.1677278 0.1623034 0.1659394 0.1635800 0.1694651 0.1700780 0.1661435 0.1692764 0.0064557 0.0064608 0.0064572 0.0008227 0.0000000 0.0057124 0.0064435 0.0056823 0.0012707 0.0042702 0.0007175 0.0058009 0.0000010 0.0012743 0.0008450 0.0057998 0.0008450 0.0012784 0.1677080 0.1668229 0.1668981 0.1661468 0.1646010 0.1650989 0.1669350 0.0414795 0.1669949 0.1669949 0.1659669 0.0008451 0.1661435 0.1659225 0.1683735 0.1676073 0.1683411 0.1658473 0.1658473 0.1662780 0.1684620 0.0012702 0.0012685 0.0008451 0.0012685 0.0016929 0.0021177 0.0012697 0.0016924 0.0008450 0.0004214 0.0016926 0.0000010 0.0012697 0.0021183 0.0004212 0.0016946 0.0012685 0.0012688 0.0012729 0.0021183 0.0012684 0.0008447 0.0004212 0.0012685 0.0004212 0.0016948 0.0016931 0.0008450 0.1676073 0.0012689 0.1684407 0.4544284 
HSV2_6                                  0.1511370 0.1494911 0.1526201 0.1533755 0.1534726 0.1509900 0.1522402 0.1526201 0.1522893 0.1525787 0.1537575 0.1483988 0.1519957 0.1496663 0.1554688 0.1560827 0.1521930 0.1552882 0.0004332 0.0004332 0.0004332 0.0075620 0.0057124 0.0000000 0.0004332 0.0000010 0.0057196 0.0013051 0.0000028 0.0000010 0.0057436 0.0061708 0.0057106 0.0000025 0.0057106 0.0052699 0.1537409 0.1528679 0.1529345 0.1521938 0.1506693 0.1504449 0.1529724 0.0385332 0.1530317 0.1530317 0.1513001 0.0048249 0.1521930 0.1512537 0.1544001 0.1536416 0.1543674 0.1511854 0.1511854 0.1516003 0.1544837 0.0052746 0.0048281 0.0048249 0.0052674 0.0066008 0.0070460 0.0061608 0.0065987 0.0057106 0.0052674 0.0057106 0.0057124 0.0061608 0.0070482 0.0061563 0.0066078 0.0052674 0.0070511 0.0061608 0.0070482 0.0061543 0.0066014 0.0061563 0.0052674 0.0061563 0.0057183 0.0057124 0.0057106 0.1536416 0.0061569 0.1544604 0.4307671 
HSV2_7                                  0.1700755 0.1684345 0.1715422 0.1722896 0.1723952 0.1708375 0.1721075 0.1715422 0.1721635 0.1715043 0.1736182 0.1682867 0.1718591 0.1686346 0.1753271 0.1759262 0.1720607 0.1751396 0.0008399 0.0008390 0.0008406 0.0075620 0.0064435 0.0004332 0.0000000 0.0004309 0.0064357 0.0016661 0.0007172 0.0004398 0.0061648 0.0068855 0.0066307 0.0004397 0.0067715 0.0060438 0.1726823 0.1718143 0.1718907 0.1720651 0.1696373 0.1701246 0.1728400 0.0409398 0.1728983 0.1728983 0.1709752 0.0057938 0.1720607 0.1709327 0.1742510 0.1734988 0.1742196 0.1716914 0.1716914 0.1712821 0.1743394 0.0062199 0.0057973 0.0057938 0.0062120 0.0074722 0.0078929 0.0070570 0.0074700 0.0066307 0.0062120 0.0066307 0.0066327 0.0070570 0.0078952 0.0070522 0.0074796 0.0062120 0.0078982 0.0070791 0.0078952 0.0070501 0.0074728 0.0070522 0.0062120 0.0070522 0.0066392 0.0066327 0.0070501 0.1734988 0.0074729 0.1734019 0.4637314 
HSV2_8                                  0.1533153 0.1516664 0.1547993 0.1555554 0.1556537 0.1531680 0.1544230 0.1547993 0.1544729 0.1547586 0.1559414 0.1505770 0.1541768 0.1518452 0.1576554 0.1582685 0.1543758 0.1574735 0.0004310 0.0004309 0.0004309 0.0075620 0.0056823 0.0000010 0.0004309 0.0000000 0.0056885 0.0012983 0.0000028 0.0000010 0.0057457 0.0061412 0.0056805 0.0000025 0.0056805 0.0052422 0.1559243 0.1550501 0.1551179 0.1543769 0.1528501 0.1533451 0.1551557 0.0383156 0.1552159 0.1552159 0.1542037 0.0047996 0.1543758 0.1541576 0.1565838 0.1558248 0.1565511 0.1540880 0.1540880 0.1545060 0.1566682 0.0052468 0.0048026 0.0047996 0.0052397 0.0065661 0.0070090 0.0061284 0.0065640 0.0056805 0.0052397 0.0056805 0.0056823 0.0061284 0.0070112 0.0061239 0.0065730 0.0052397 0.0070140 0.0061284 0.0070112 0.0061220 0.0065667 0.0061239 0.0052397 0.0061239 0.0056882 0.0056823 0.0056805 0.1558248 0.0061245 0.1566452 0.4362001 
HSV2_9                                  0.1666295 0.1649513 0.1681308 0.1688959 0.1690022 0.1664807 0.1677711 0.1681308 0.1678267 0.1680915 0.1693123 0.1638714 0.1675183 0.1651519 0.1710550 0.1716689 0.1677233 0.1708652 0.0064594 0.0064559 0.0064552 0.0000025 0.0012707 0.0057196 0.0064357 0.0056885 0.0000000 0.0042649 0.0014378 0.0058089 0.0013028 0.0008488 0.0004210 0.0058064 0.0004210 0.0012772 0.1692922 0.1684043 0.1684807 0.1677270 0.1661764 0.1666755 0.1685175 0.0424877 0.1685774 0.1685774 0.1675459 0.0008440 0.1677233 0.1675017 0.1699594 0.1691912 0.1699270 0.1674256 0.1674256 0.1678585 0.1700485 0.0012684 0.0012668 0.0008440 0.0004210 0.0012671 0.0016909 0.0008448 0.0012667 0.0004210 0.0008440 0.0008440 0.0012672 0.0008448 0.0016914 0.0016910 0.0012683 0.0012668 0.0016920 0.0008472 0.0016914 0.0008440 0.0012672 0.0008442 0.0004210 0.0008442 0.0008451 0.0008442 0.0004210 0.1691912 0.0008443 0.1700274 0.4592042 
HSV2_10                                 0.1702292 0.1685592 0.1717218 0.1724825 0.1725900 0.1710048 0.1722975 0.1717218 0.1723546 0.1716832 0.1738350 0.1684091 0.1720445 0.1687629 0.1755744 0.1761840 0.1722499 0.1753834 0.0016867 0.0016849 0.0016881 0.0058527 0.0042702 0.0013051 0.0016661 0.0012983 0.0042649 0.0000000 0.0007175 0.0013253 0.0039393 0.0047057 0.0046064 0.0013247 0.0046281 0.0038622 0.1728823 0.1719989 0.1720767 0.1722543 0.1697834 0.1702791 0.1730429 0.0411921 0.1731023 0.1731023 0.1711449 0.0037634 0.1722499 0.1711016 0.1744789 0.1737134 0.1744469 0.1710246 0.1710246 0.1714574 0.1745690 0.0041893 0.0037657 0.0037634 0.0041840 0.0050285 0.0054517 0.0050336 0.0054517 0.0046064 0.0041840 0.0046064 0.0046078 0.0050336 0.0054533 0.0050300 0.0054588 0.0041840 0.0058807 0.0050490 0.0054533 0.0050285 0.0054538 0.0050300 0.0041840 0.0050300 0.0046118 0.0046078 0.0046064 0.1737134 0.0050305 0.1736147 0.4633419 
HSV2_11                                 0.1280208 0.1243034 0.1291446 0.1303232 0.1304554 0.1253517 0.1260535 0.1291446 0.1261398 0.1302714 0.1269472 0.1225649 0.1268639 0.1246620 0.1281204 0.1281204 0.1257159 0.1292453 0.0000028 0.0007167 0.0000028 0.0008907 0.0007175 0.0000028 0.0007172 0.0000028 0.0014378 0.0007175 0.0000000 0.0000028 0.0007175 0.0021629 0.0014378 0.0000028 0.0014378 0.0007175 0.1271125 0.1257774 0.1247287 0.1257774 0.1235496 0.1234655 0.1269472 0.0325973 0.1269986 0.1269986 0.1235496 0.0007175 0.1257159 0.1245509 0.1268335 0.1268335 0.1279542 0.1246620 0.1246620 0.1250747 0.1280689 0.0007175 0.0007175 0.0007175 0.0014378 0.0014378 0.0014378 0.0021629 0.0014378 0.0014378 0.0007175 0.0014378 0.0007175 0.0021629 0.0014378 0.0014378 0.0028887 0.0014378 0.0021592 0.0021629 0.0014378 0.0014378 0.0021595 0.0014378 0.0014378 0.0014378 0.0014378 0.0021604 0.0014378 0.1268335 0.0021607 0.1256657 0.3869733 
HSV2_12                                 0.1470525 0.1446389 0.1477767 0.1485351 0.1486300 0.1469717 0.1482231 0.1477767 0.1482709 0.1485021 0.1497472 0.1443612 0.1479780 0.1456379 0.1514658 0.1520854 0.1481757 0.1512860 0.0004399 0.0004397 0.0004397 0.0075620 0.0058009 0.0000010 0.0004398 0.0000010 0.0058089 0.0013253 0.0000028 0.0000000 0.0058225 0.0062627 0.0057991 0.0000025 0.0057991 0.0049020 0.1496547 0.1487780 0.1488457 0.1481758 0.1465681 0.1463470 0.1488078 0.0386611 0.1490182 0.1490182 0.1472791 0.0048997 0.1481757 0.1472318 0.1503946 0.1496317 0.1503615 0.1471651 0.1471651 0.1474505 0.1504774 0.0053565 0.0049029 0.0048997 0.0053490 0.0067046 0.0071569 0.0062575 0.0067024 0.0057991 0.0053490 0.0057991 0.0058009 0.0062575 0.0071593 0.0062529 0.0067117 0.0053490 0.0071621 0.0062575 0.0071593 0.0062509 0.0067052 0.0062529 0.0053490 0.0062529 0.0058071 0.0058009 0.0057991 0.1496317 0.0062535 0.1504534 0.4231405 
HSV2_13                                 0.1542314 0.1525702 0.1557263 0.1564877 0.1565874 0.1548419 0.1561115 0.1557263 0.1561625 0.1556859 0.1576444 0.1522295 0.1558626 0.1535089 0.1593752 0.1599930 0.1560638 0.1591909 0.0061623 0.0061623 0.0061623 0.0008227 0.0000010 0.0057436 0.0061648 0.0057457 0.0013028 0.0039393 0.0007175 0.0058225 0.0000000 0.0013040 0.0008669 0.0058398 0.0008669 0.0013059 0.1576267 0.1567441 0.1568136 0.1560653 0.1545230 0.1542959 0.1568515 0.0400407 0.1569121 0.1569121 0.1551609 0.0008669 0.1560638 0.1551147 0.1582923 0.1575263 0.1582594 0.1550441 0.1550441 0.1554651 0.1583779 0.0013031 0.0013014 0.0008669 0.0013014 0.0017368 0.0021726 0.0013026 0.0017363 0.0008669 0.0004331 0.0017364 0.0000010 0.0013026 0.0021733 0.0004329 0.0017386 0.0013014 0.0013016 0.0013026 0.0021733 0.0013013 0.0008666 0.0004329 0.0013014 0.0004329 0.0017388 0.0017370 0.0008669 0.1575263 0.0013018 0.1583550 0.4356407 
HSV2_14                                 0.1656778 0.1639997 0.1671796 0.1679449 0.1680508 0.1655289 0.1668183 0.1671796 0.1668736 0.1671401 0.1683597 0.1629188 0.1665657 0.1641991 0.1701023 0.1707167 0.1667705 0.1699128 0.0069184 0.0069001 0.0069139 0.0008242 0.0012743 0.0061708 0.0068855 0.0061412 0.0008488 0.0047057 0.0021629 0.0062627 0.0013040 0.0000000 0.0004218 0.0062604 0.0004218 0.0017102 0.1683397 0.1674518 0.1675276 0.1667740 0.1652234 0.1649924 0.1675646 0.0430518 0.1676246 0.1676246 0.1658615 0.0012696 0.1667705 0.1658170 0.1690071 0.1682387 0.1689747 0.1657417 0.1657417 0.1661729 0.1690960 0.0016966 0.0016943 0.0012696 0.0008459 0.0012698 0.0016946 0.0000024 0.0012694 0.0004218 0.0008459 0.0012695 0.0012699 0.0000024 0.0016951 0.0016947 0.0012711 0.0016943 0.0016957 0.0008491 0.0016951 0.0008458 0.0012699 0.0008461 0.0008459 0.0008461 0.0012712 0.0012699 0.0004218 0.1682387 0.0008461 0.1690747 0.4587245 
HSV2_15                                 0.1723675 0.1707698 0.1737939 0.1745209 0.1746246 0.1738059 0.1750470 0.1737939 0.1744034 0.1737575 0.1765193 0.1706309 0.1748045 0.1716605 0.1789208 0.1795037 0.1750014 0.1787367 0.0068235 0.0068160 0.0068292 0.0000025 0.0008450 0.0057106 0.0066307 0.0056805 0.0004210 0.0046064 0.0014378 0.0057991 0.0008669 0.0004218 0.0000000 0.0057979 0.0000010 0.0012756 0.1756058 0.1747598 0.1748358 0.1750062 0.1733649 0.1724180 0.1757615 0.0461223 0.1758179 0.1758179 0.1732454 0.0007891 0.1750014 0.1732045 0.1771350 0.1764024 0.1771046 0.1739421 0.1739421 0.1735447 0.1772218 0.0011859 0.0011844 0.0007891 0.0003943 0.0007892 0.0011846 0.0003946 0.0007890 0.0000010 0.0003943 0.0007890 0.0007893 0.0003946 0.0011849 0.0011847 0.0011860 0.0011844 0.0011853 0.0007923 0.0011849 0.0003942 0.0007893 0.0003943 0.0003943 0.0003943 0.0007900 0.0007893 0.0003942 0.1764024 0.0007893 0.1763079 0.4801542 
HSV2_16                                 0.1486576 0.1462334 0.1493847 0.1501462 0.1502423 0.1470933 0.1483456 0.1493847 0.1483935 0.1501131 0.1498706 0.1444815 0.1481003 0.1457589 0.1515903 0.1522102 0.1482982 0.1514104 0.0004397 0.0004397 0.0004397 0.0075620 0.0057998 0.0000025 0.0004397 0.0000025 0.0058064 0.0013247 0.0000028 0.0000025 0.0058398 0.0062604 0.0057979 0.0000000 0.0057979 0.0049008 0.1497780 0.1489008 0.1489686 0.1482983 0.1466896 0.1464684 0.1498516 0.0391707 0.1491412 0.1491412 0.1474011 0.0048985 0.1482982 0.1473538 0.1505184 0.1497550 0.1504853 0.1472869 0.1472869 0.1475725 0.1506013 0.0053552 0.0049017 0.0048985 0.0053479 0.0067021 0.0071543 0.0062552 0.0067000 0.0057979 0.0053479 0.0057979 0.0057998 0.0062552 0.0071566 0.0062506 0.0067093 0.0053479 0.0071595 0.0062552 0.0071566 0.0062486 0.0067027 0.0062506 0.0053479 0.0062506 0.0058059 0.0057998 0.0057979 0.1497550 0.0062512 0.1505773 0.4281540 
HSV2_17                                 0.1705032 0.1688281 0.1720002 0.1727631 0.1728711 0.1712812 0.1725782 0.1720002 0.1726356 0.1719616 0.1741205 0.1686781 0.1723245 0.1690329 0.1758653 0.1764767 0.1725304 0.1756737 0.0068360 0.0068184 0.0068316 0.0000025 0.0008450 0.0057106 0.0067715 0.0056805 0.0004210 0.0046281 0.0014378 0.0057991 0.0008669 0.0004218 0.0000010 0.0057979 0.0000000 0.0012756 0.1731647 0.1722786 0.1723569 0.1725350 0.1700565 0.1705538 0.1733261 0.0433230 0.1733855 0.1733855 0.1714221 0.0008312 0.1725304 0.1713787 0.1747663 0.1739984 0.1747343 0.1713014 0.1713014 0.1717355 0.1748567 0.0012507 0.0012491 0.0008312 0.0004153 0.0008313 0.0012493 0.0004157 0.0008310 0.0000010 0.0004153 0.0008311 0.0008314 0.0004157 0.0012497 0.0012494 0.0008322 0.0012491 0.0012502 0.0008358 0.0012497 0.0004152 0.0008314 0.0004154 0.0004153 0.0004154 0.0008322 0.0008314 0.0000010 0.1739984 0.0004154 0.1738995 0.4643705 
HSV2_18                                 0.1649158 0.1633121 0.1665006 0.1672684 0.1673742 0.1648447 0.1661371 0.1665006 0.1661923 0.1663823 0.1676831 0.1622258 0.1658839 0.1635102 0.1694309 0.1700476 0.1660892 0.1692411 0.0060606 0.0060573 0.0060545 0.0008227 0.0012784 0.0052699 0.0060438 0.0052422 0.0012772 0.0038622 0.0007175 0.0049020 0.0013059 0.0017102 0.0012756 0.0049008 0.0012756 0.0000000 0.1676632 0.1667727 0.1668484 0.1660925 0.1645374 0.1650383 0.1668066 0.0422649 0.1669458 0.1669458 0.1659115 0.0004237 0.1660892 0.1658668 0.1683327 0.1675619 0.1683002 0.1657912 0.1657912 0.1662245 0.1684217 0.0008509 0.0008498 0.0004237 0.0008498 0.0021298 0.0025576 0.0017038 0.0021291 0.0012756 0.0008498 0.0012756 0.0012760 0.0017038 0.0025584 0.0017026 0.0021319 0.0008498 0.0025593 0.0017087 0.0025584 0.0017020 0.0021299 0.0017026 0.0008498 0.0017026 0.0012773 0.0012760 0.0012756 0.1675619 0.0017027 0.1684003 0.4493917 
JN400093_Human_herpesvirus_1            0.0067881 0.0051694 0.0071898 0.0075965 0.0075996 0.0051830 0.0039802 0.0071898 0.0055854 0.0075967 0.0035718 0.0051747 0.0043765 0.0031686 0.0051794 0.0055795 0.0031749 0.0051745 0.1658769 0.1650491 0.1669630 0.1310238 0.1677080 0.1537409 0.1726823 0.1559243 0.1692922 0.1728823 0.1271125 0.1496547 0.1576267 0.1683397 0.1756058 0.1497780 0.1731647 0.1676632 0.0000000 0.0011815 0.0019743 0.0031722 0.0019743 0.0059790 0.0043839 0.1752364 0.0031728 0.0031728 0.0051762 0.1748310 0.0031749 0.0055786 0.0043755 0.0039739 0.0043742 0.0055781 0.0055781 0.0068093 0.0039713 0.1757222 0.1755303 0.1748310 0.1749063 0.1768145 0.1777414 0.1764885 0.1770081 0.1756058 0.1755303 0.1756058 0.1762612 0.1764885 0.1777718 0.1769628 0.1779550 0.1755303 0.1778588 0.1750208 0.1777718 0.1763064 0.1770598 0.1763368 0.1749063 0.1763368 0.1757977 0.1756362 0.1763064 0.0039739 0.1770632 0.0031703 0.5391527 
JN420337_Human_herpesvirus_1            0.0063786 0.0055692 0.0067795 0.0071851 0.0071881 0.0047767 0.0035765 0.0067795 0.0051781 0.0071854 0.0039703 0.0047690 0.0039723 0.0027681 0.0055801 0.0059804 0.0035732 0.0055748 0.1650011 0.1641756 0.1660837 0.1309639 0.1668229 0.1528679 0.1718143 0.1550501 0.1684043 0.1719989 0.1257774 0.1487780 0.1567441 0.1674518 0.1747598 0.1489008 0.1722786 0.1667727 0.0011815 0.0000000 0.0015760 0.0027712 0.0015760 0.0055715 0.0039790 0.1743952 0.0035709 0.0035709 0.0047704 0.1739867 0.0035732 0.0051719 0.0047752 0.0043731 0.0047738 0.0051714 0.0051714 0.0063985 0.0043702 0.1748759 0.1746846 0.1739867 0.1740618 0.1759670 0.1768911 0.1756405 0.1761593 0.1747598 0.1746846 0.1747598 0.1754140 0.1756405 0.1769215 0.1761141 0.1771041 0.1746846 0.1770081 0.1741729 0.1769215 0.1754590 0.1762108 0.1754894 0.1740618 0.1754894 0.1749512 0.1747902 0.1754590 0.0043731 0.1762142 0.0027696 0.5375921 
JN420338_Human_herpesvirus_1            0.0071909 0.0063782 0.0075930 0.0080002 0.0080035 0.0047800 0.0035790 0.0075930 0.0051817 0.0080005 0.0039730 0.0039690 0.0039750 0.0027700 0.0055839 0.0059845 0.0035757 0.0055786 0.1650746 0.1642484 0.1661581 0.1297407 0.1668981 0.1529345 0.1718907 0.1551179 0.1684807 0.1720767 0.1247287 0.1488457 0.1568136 0.1675276 0.1748358 0.1489686 0.1723569 0.1668484 0.0019743 0.0015760 0.0000000 0.0027731 0.0023703 0.0055736 0.0039817 0.1744706 0.0035733 0.0035733 0.0047737 0.1740622 0.0035757 0.0051754 0.0047785 0.0043761 0.0047771 0.0051750 0.0051750 0.0064029 0.0043732 0.1749520 0.1747606 0.1740622 0.1741373 0.1760437 0.1769686 0.1757171 0.1762363 0.1748358 0.1747606 0.1748358 0.1754905 0.1757171 0.1769990 0.1761911 0.1771818 0.1747606 0.1770857 0.1742488 0.1769990 0.1755355 0.1762879 0.1755659 0.1741373 0.1755659 0.1750273 0.1748662 0.1755355 0.0043761 0.1762912 0.0019769 0.5376427 
JN420339_Human_herpesvirus_1            0.0076073 0.0067919 0.0080104 0.0084190 0.0084224 0.0027690 0.0015788 0.0080104 0.0031667 0.0084193 0.0019728 0.0035686 0.0019738 0.0023748 0.0035648 0.0039621 0.0015773 0.0035615 0.1652490 0.1644223 0.1663335 0.1309639 0.1661468 0.1521938 0.1720651 0.1543769 0.1677270 0.1722543 0.1257774 0.1481758 0.1560653 0.1667740 0.1750062 0.1482983 0.1725350 0.1660925 0.0031722 0.0027712 0.0027731 0.0000000 0.0027715 0.0051783 0.0019771 0.1743657 0.0015763 0.0015763 0.0043769 0.1742321 0.0015773 0.0047784 0.0027682 0.0023705 0.0027674 0.0047780 0.0047780 0.0060042 0.0023689 0.1751225 0.1749309 0.1742321 0.1743073 0.1762146 0.1771402 0.1758880 0.1764074 0.1750062 0.1749309 0.1750062 0.1756612 0.1758880 0.1771706 0.1763622 0.1773535 0.1749309 0.1772573 0.1744194 0.1771706 0.1757062 0.1764591 0.1757367 0.1743073 0.1757367 0.1751978 0.1750366 0.1757062 0.0023705 0.1764624 0.0039760 0.5363989 
JN420340_Human_herpesvirus_1            0.0055738 0.0047673 0.0059740 0.0063783 0.0063809 0.0047770 0.0035768 0.0059740 0.0043756 0.0063786 0.0039706 0.0039689 0.0039726 0.0019746 0.0055805 0.0059809 0.0035735 0.0055752 0.1628020 0.1619810 0.1638754 0.1283615 0.1646010 0.1506693 0.1696373 0.1528501 0.1661764 0.1697834 0.1235496 0.1465681 0.1545230 0.1652234 0.1733649 0.1466896 0.1700565 0.1645374 0.0019743 0.0015760 0.0023703 0.0027715 0.0000000 0.0047693 0.0039793 0.1730080 0.0035711 0.0035711 0.0039701 0.1725944 0.0035735 0.0043704 0.0047755 0.0043734 0.0047742 0.0043700 0.0043700 0.0055913 0.0043705 0.1734804 0.1732900 0.1725944 0.1726691 0.1745697 0.1754894 0.1742422 0.1747598 0.1733649 0.1732900 0.1733649 0.1740171 0.1742422 0.1755198 0.1747150 0.1757013 0.1732900 0.1756058 0.1727746 0.1755198 0.1740618 0.1748112 0.1740922 0.1726691 0.1740922 0.1735553 0.1733953 0.1740618 0.0043734 0.1748145 0.0035683 0.5361370 
JN420341_Human_herpesvirus_1            0.0088297 0.0063898 0.0092342 0.0096448 0.0096488 0.0055881 0.0059976 0.0092342 0.0059947 0.0096452 0.0063916 0.0047754 0.0055877 0.0043705 0.0080207 0.0084241 0.0059921 0.0080130 0.1632951 0.1624738 0.1643710 0.1309210 0.1650989 0.1504449 0.1701246 0.1533451 0.1666755 0.1702791 0.1234655 0.1463470 0.1542959 0.1649924 0.1724180 0.1464684 0.1705538 0.1650383 0.0059790 0.0055715 0.0055736 0.0051783 0.0047693 0.0000000 0.0047757 0.1740903 0.0059881 0.0059881 0.0031675 0.1716492 0.0059921 0.0019745 0.0072069 0.0068001 0.0072049 0.0027679 0.0027679 0.0023783 0.0067956 0.1725331 0.1723433 0.1716492 0.1717238 0.1736211 0.1745379 0.1732931 0.1738098 0.1724180 0.1723433 0.1724180 0.1730689 0.1732931 0.1745682 0.1737652 0.1747490 0.1723433 0.1746538 0.1718255 0.1745682 0.1731134 0.1738610 0.1731437 0.1717238 0.1731437 0.1726078 0.1724484 0.1731134 0.0068001 0.1738644 0.0059869 0.5316245 
