95
HM585496_Human_herpesvirus_1            0.0000000 0.0072607 0.0076632 0.0000010 0.0064286 0.0072516 0.0106314 0.0003911 0.0119059 0.0097924 0.0064295 0.0076632 0.0119476 0.0119476 0.0101838 0.4104649 0.4116112 0.4105716 0.3454342 0.4124253 0.3810456 0.4113171 0.4093163 0.4149154 0.4106784 0.3651834 0.4056493 0.4095073 0.4064420 0.4160149 0.4112297 0.4088413 0.4108651 0.0110446 0.0106327 0.0110562 0.0110739 0.0085059 0.0084892 0.0106236 0.4062591 0.0093226 0.0089011 0.0093251 0.4159096 0.0101946 0.0081081 0.0123375 0.0114815 0.0119089 0.0089115 0.0089115 0.0101731 0.0089144 0.4149154 0.4149154 0.4138452 0.4109391 0.4098217 0.4126854 0.4098217 0.4107761 0.4117674 0.4093485 0.4132568 0.4131515 0.4086701 0.4134014 0.4161375 0.4119155 0.4139201 0.4159096 0.4159096 0.4149720 0.4117306 0.4137538 0.4136404 0.4083102 0.4086701 0.4139249 0.4139249 0.4128320 0.4150944 0.4142796 0.4138452 0.4124636 0.4108191 0.4128813 0.4124636 0.4086532 0.0119049 0.0114815 0.4160149 0.0097498 1.0678562 
HM585497_Human_herpesvirus_1            0.0072607 0.0000000 0.0035621 0.0072607 0.0015700 0.0039659 0.0114946 0.0076820 0.0093304 0.0123591 0.0023659 0.0035621 0.0093644 0.0093644 0.0076476 0.4157205 0.4178267 0.4167830 0.3528234 0.4186598 0.3873910 0.4175254 0.4155292 0.4211540 0.4168890 0.3709126 0.4118997 0.4160680 0.4117531 0.4214924 0.4165128 0.4150477 0.4170992 0.0084881 0.0080820 0.0084970 0.0085111 0.0084847 0.0068209 0.0080749 0.4080904 0.0076438 0.0072282 0.0068194 0.4213861 0.0076556 0.0089187 0.0097528 0.0089139 0.0093328 0.0072368 0.0072368 0.0084815 0.0055915 0.4203873 0.4203873 0.4193100 0.4163938 0.4160353 0.4189086 0.4160353 0.4169929 0.4179886 0.4147833 0.4194974 0.4193872 0.4148738 0.4196456 0.4216198 0.4181402 0.4193891 0.4213861 0.4213861 0.4204435 0.4179506 0.4199843 0.4198668 0.4137390 0.4148738 0.4193920 0.4193920 0.4190607 0.4213378 0.4205221 0.4193100 0.4187028 0.4170384 0.4183425 0.4187028 0.4148584 0.0093295 0.0089139 0.4214924 0.0072254 1.0773735 
HM585498_Human_herpesvirus_1            0.0076632 0.0035621 0.0000000 0.0076632 0.0035639 0.0027618 0.0101977 0.0080855 0.0080616 0.0119085 0.0035644 0.0000010 0.0080916 0.0080916 0.0072215 0.4093709 0.4114625 0.4104233 0.3464358 0.4122759 0.3810431 0.4111686 0.4091686 0.4147648 0.4105302 0.3682940 0.4055021 0.4093513 0.4051928 0.4158638 0.4100775 0.4086939 0.4107163 0.0072290 0.0068259 0.0072366 0.0072487 0.0064029 0.0055811 0.0068197 0.4059446 0.0063956 0.0059849 0.0063974 0.4157586 0.0064055 0.0068259 0.0084794 0.0076493 0.0080637 0.0051767 0.0051767 0.0072233 0.0051751 0.4147648 0.4147648 0.4136953 0.4107905 0.4096737 0.4125361 0.4096737 0.4106277 0.4116185 0.4092010 0.4131068 0.4130017 0.4085228 0.4132513 0.4159862 0.4117664 0.4137700 0.4157586 0.4157586 0.4148214 0.4115818 0.4136039 0.4134906 0.4081632 0.4085228 0.4137748 0.4137748 0.4126825 0.4149436 0.4141292 0.4136953 0.4123139 0.4106706 0.4127317 0.4123139 0.4085058 0.0080609 0.0076493 0.4158638 0.0059826 1.0780309 
HM585499_Human_herpesvirus_1            0.0000010 0.0072607 0.0076632 0.0000000 0.0064286 0.0072516 0.0106314 0.0003911 0.0119059 0.0097924 0.0064295 0.0076632 0.0119476 0.0119476 0.0101838 0.4104649 0.4116112 0.4105716 0.3454342 0.4124253 0.3810456 0.4113171 0.4093163 0.4149154 0.4106784 0.3651834 0.4056493 0.4095073 0.4064420 0.4160149 0.4112297 0.4088413 0.4108651 0.0110446 0.0106327 0.0110562 0.0110739 0.0085059 0.0084892 0.0106236 0.4062591 0.0093226 0.0089011 0.0093251 0.4159096 0.0101946 0.0081081 0.0123375 0.0114815 0.0119089 0.0089115 0.0089115 0.0101731 0.0089144 0.4149154 0.4149154 0.4138452 0.4109391 0.4098217 0.4126854 0.4098217 0.4107761 0.4117674 0.4093485 0.4132568 0.4131515 0.4086701 0.4134014 0.4161375 0.4119155 0.4139201 0.4159096 0.4159096 0.4149720 0.4117306 0.4137538 0.4136404 0.4083102 0.4086701 0.4139249 0.4139249 0.4128320 0.4150944 0.4142796 0.4138452 0.4124636 0.4108191 0.4128813 0.4124636 0.4086532 0.0119049 0.0114815 0.4160149 0.0097498 1.0678562 
HM585501_Human_herpesvirus_1            0.0064286 0.0015700 0.0035639 0.0064286 0.0000000 0.0031603 0.0106321 0.0068464 0.0093356 0.0114903 0.0023671 0.0035639 0.0093697 0.0093697 0.0076517 0.4125191 0.4146175 0.4135763 0.3493532 0.4154404 0.3841276 0.4143200 0.4123223 0.4179314 0.4136827 0.3681876 0.4086749 0.4126812 0.4084462 0.4182666 0.4132680 0.4118444 0.4138807 0.0084927 0.0080865 0.0085017 0.0085158 0.0076618 0.0059948 0.0080793 0.4049489 0.0068124 0.0063999 0.0068143 0.4181609 0.0076598 0.0089236 0.0097583 0.0089189 0.0093380 0.0064076 0.0064076 0.0076437 0.0055944 0.4171648 0.4171648 0.4160917 0.4131813 0.4128278 0.4156950 0.4128278 0.4137833 0.4147764 0.4115825 0.4162745 0.4161669 0.4116719 0.4164208 0.4183912 0.4149261 0.4161683 0.4181609 0.4181609 0.4172212 0.4147391 0.4167665 0.4166511 0.4105417 0.4116719 0.4161723 0.4161723 0.4158442 0.4181127 0.4172978 0.4160917 0.4154810 0.4138275 0.4151262 0.4154810 0.4116557 0.0093348 0.0089189 0.4182666 0.0072293 1.0735613 
HM585502_Human_herpesvirus_1            0.0072516 0.0039659 0.0027618 0.0072516 0.0031603 0.0000000 0.0106267 0.0076724 0.0093309 0.0114846 0.0039685 0.0027618 0.0093650 0.0093650 0.0084797 0.4115415 0.4136377 0.4125972 0.3460670 0.4144577 0.3831265 0.4133414 0.4113429 0.4169481 0.4127037 0.3730708 0.4076896 0.4116470 0.4074358 0.4180489 0.4122772 0.4108660 0.4128980 0.0084885 0.0072514 0.0084975 0.0085115 0.0076528 0.0051766 0.0080753 0.4060657 0.0059890 0.0063968 0.0059907 0.4179434 0.0076560 0.0080828 0.0097534 0.0089145 0.0093334 0.0055862 0.0055862 0.0068141 0.0064108 0.4169481 0.4169481 0.4158760 0.4129681 0.4118483 0.4147140 0.4118483 0.4128034 0.4137958 0.4113713 0.4152908 0.4151839 0.4106940 0.4154365 0.4181732 0.4139449 0.4159524 0.4179434 0.4179434 0.4170045 0.4137586 0.4157844 0.4156697 0.4103314 0.4106940 0.4159565 0.4159565 0.4148623 0.4171286 0.4163138 0.4158760 0.4144975 0.4128472 0.4149114 0.4144975 0.4106775 0.0093301 0.0089145 0.4180489 0.0072258 1.0758020 
HM585504_Human_herpesvirus_1            0.0106314 0.0114946 0.0101977 0.0106314 0.0106321 0.0106267 0.0000000 0.0110662 0.0154101 0.0064065 0.0106337 0.0101977 0.0154609 0.0154609 0.0136377 0.4148127 0.4159673 0.4149247 0.3456813 0.4167948 0.3843413 0.4156681 0.4136703 0.4192880 0.4150309 0.3680264 0.4100291 0.4129147 0.4097750 0.4203915 0.4146323 0.4131907 0.4152341 0.0145245 0.0123762 0.0145396 0.0145617 0.0136464 0.0110456 0.0140936 0.4111600 0.0118954 0.0114646 0.0118984 0.4202855 0.0136520 0.0132449 0.0158532 0.0149755 0.0154138 0.0114703 0.0114703 0.0127659 0.0123327 0.4192880 0.4192880 0.4182127 0.4152999 0.4141762 0.4170470 0.4141762 0.4151330 0.4161275 0.4136942 0.4176306 0.4175219 0.4130176 0.4177778 0.4205179 0.4162781 0.4182909 0.4202855 0.4202855 0.4193443 0.4160899 0.4181207 0.4180044 0.4126516 0.4130176 0.4182941 0.4182941 0.4171975 0.4187030 0.4186549 0.4182127 0.4168364 0.4151777 0.4172464 0.4168364 0.4130017 0.0154089 0.0149755 0.4203915 0.0131883 1.0795235 
HM585506_Human_herpesvirus_1            0.0003911 0.0076820 0.0080855 0.0003911 0.0068464 0.0076724 0.0110662 0.0000000 0.0123454 0.0102244 0.0068475 0.0080855 0.0123883 0.0123883 0.0106160 0.4106868 0.4118345 0.4107938 0.3454342 0.4126500 0.3810456 0.4115398 0.4095376 0.4151422 0.4109007 0.3651834 0.4058688 0.4097411 0.4066680 0.4162429 0.4114553 0.4090619 0.4110884 0.0114805 0.0110675 0.0114926 0.0115109 0.0089318 0.0089143 0.0110581 0.4064744 0.0097508 0.0093275 0.0097533 0.4161375 0.0106272 0.0085335 0.0127787 0.0119195 0.0123485 0.0093384 0.0093384 0.0106049 0.0093415 0.4151422 0.4151422 0.4140709 0.4111621 0.4100434 0.4129099 0.4100434 0.4109987 0.4119910 0.4095694 0.4134823 0.4133767 0.4088905 0.4136272 0.4163658 0.4121393 0.4141460 0.4161375 0.4161375 0.4151989 0.4119542 0.4139794 0.4138658 0.4085299 0.4088905 0.4141507 0.4141507 0.4130568 0.4153215 0.4145061 0.4140709 0.4126884 0.4110418 0.4131060 0.4126884 0.4088736 0.0123443 0.0119195 0.4162429 0.0101799 1.0693953 
HM585508_Human_herpesvirus_1            0.0119059 0.0093304 0.0080616 0.0119059 0.0093356 0.0093309 0.0154101 0.0123454 0.0000000 0.0167353 0.0084871 0.0080616 0.0047856 0.0047856 0.0039538 0.4158001 0.4178999 0.4168594 0.3492020 0.4177816 0.3877221 0.4175994 0.4156096 0.4191600 0.4169651 0.3743134 0.4119921 0.4152962 0.4130917 0.4202601 0.4176735 0.4151296 0.4171749 0.0015662 0.0076530 0.0015678 0.0015706 0.0097457 0.0055812 0.0011733 0.4102712 0.0088832 0.0084640 0.0063974 0.4201544 0.0031564 0.0101588 0.0027557 0.0019625 0.0023585 0.0059921 0.0059921 0.0072233 0.0068058 0.4191600 0.4191600 0.4180879 0.4162889 0.4161141 0.4169259 0.4161141 0.4150175 0.4160091 0.4156298 0.4186161 0.4173991 0.4149562 0.4187634 0.4203860 0.4161591 0.4181659 0.4201544 0.4201544 0.4212728 0.4159716 0.4179962 0.4178804 0.4145887 0.4149562 0.4192767 0.4192767 0.4170758 0.4193418 0.4185287 0.4180879 0.4187735 0.4150621 0.4171245 0.4187735 0.4149408 0.0023576 0.0019625 0.4202601 0.0076208 1.0933987 
HM585509_Human_herpesvirus_1            0.0097924 0.0123591 0.0119085 0.0097924 0.0114903 0.0114846 0.0064065 0.0102244 0.0167353 0.0000000 0.0114921 0.0119085 0.0167892 0.0167892 0.0149455 0.4173643 0.4194685 0.4184265 0.3521583 0.4203043 0.3880010 0.4191660 0.4171765 0.4227928 0.4185320 0.3679578 0.4135666 0.4166151 0.4134036 0.4238963 0.4181767 0.4166945 0.4187478 0.0158413 0.0149871 0.0158577 0.0158813 0.0118808 0.0136240 0.0154070 0.4117433 0.0144883 0.0140493 0.0144918 0.4237900 0.0149610 0.0114815 0.0171825 0.0162972 0.0167392 0.0131963 0.0131963 0.0153767 0.0136280 0.4227928 0.4227928 0.4217164 0.4188068 0.4176814 0.4205495 0.4176814 0.4186372 0.4196315 0.4171936 0.4211413 0.4210301 0.4165204 0.4212900 0.4240254 0.4197836 0.4217972 0.4237900 0.4237900 0.4228487 0.4195933 0.4216242 0.4215060 0.4161505 0.4165204 0.4217992 0.4217992 0.4207026 0.4222125 0.4221637 0.4217164 0.4203485 0.4186833 0.4207511 0.4203485 0.4165054 0.0167340 0.0162972 0.4238963 0.0144905 1.0829458 
HM585510_Human_herpesvirus_1            0.0064295 0.0023659 0.0035644 0.0064295 0.0023671 0.0039685 0.0106337 0.0068475 0.0084871 0.0114921 0.0000000 0.0035644 0.0085185 0.0085185 0.0068168 0.4116902 0.4137883 0.4127469 0.3530919 0.4146093 0.3832585 0.4134915 0.4114918 0.4171015 0.4128535 0.3711210 0.4078367 0.4118044 0.4086880 0.4182033 0.4124285 0.4110143 0.4130484 0.0076509 0.0072466 0.0076589 0.0076717 0.0076478 0.0059957 0.0072401 0.4041293 0.0068134 0.0064009 0.0068153 0.4180976 0.0068240 0.0080774 0.0089067 0.0080732 0.0084893 0.0064085 0.0064085 0.0076448 0.0047746 0.4171015 0.4171015 0.4160285 0.4131184 0.4119976 0.4148655 0.4119976 0.4129533 0.4139466 0.4115198 0.4154431 0.4153361 0.4108422 0.4155891 0.4183278 0.4140959 0.4161051 0.4180976 0.4180976 0.4171580 0.4139093 0.4159368 0.4158219 0.4104791 0.4108422 0.4161091 0.4161091 0.4150141 0.4172823 0.4164669 0.4160285 0.4146492 0.4129973 0.4150632 0.4146492 0.4108257 0.0084864 0.0080732 0.4182033 0.0063984 1.0808754 
HM585511_Human_herpesvirus_1            0.0076632 0.0035621 0.0000010 0.0076632 0.0035639 0.0027618 0.0101977 0.0080855 0.0080616 0.0119085 0.0035644 0.0000000 0.0080916 0.0080916 0.0072215 0.4093709 0.4114625 0.4104233 0.3464358 0.4122759 0.3810431 0.4111686 0.4091686 0.4147648 0.4105302 0.3682940 0.4055021 0.4093513 0.4051928 0.4158638 0.4100775 0.4086939 0.4107163 0.0072290 0.0068259 0.0072366 0.0072487 0.0064029 0.0055811 0.0068197 0.4059446 0.0063956 0.0059849 0.0063974 0.4157586 0.0064055 0.0068259 0.0084794 0.0076493 0.0080637 0.0051767 0.0051767 0.0072233 0.0051751 0.4147648 0.4147648 0.4136953 0.4107905 0.4096737 0.4125361 0.4096737 0.4106277 0.4116185 0.4092010 0.4131068 0.4130017 0.4085228 0.4132513 0.4159862 0.4117664 0.4137700 0.4157586 0.4157586 0.4148214 0.4115818 0.4136039 0.4134906 0.4081632 0.4085228 0.4137748 0.4137748 0.4126825 0.4149436 0.4141292 0.4136953 0.4123139 0.4106706 0.4127317 0.4123139 0.4085058 0.0080609 0.0076493 0.4158638 0.0059826 1.0780309 
HM585512_Human_herpesvirus_1            0.0119476 0.0093644 0.0080916 0.0119476 0.0093697 0.0093650 0.0154609 0.0123883 0.0047856 0.0167892 0.0085185 0.0080916 0.0000000 0.0000010 0.0031680 0.4172973 0.4194032 0.4183603 0.3553169 0.4192888 0.3889199 0.4191005 0.4171092 0.4227302 0.4184659 0.3785262 0.4134959 0.4153727 0.4131657 0.4238345 0.4181095 0.4166269 0.4186817 0.0039737 0.0076817 0.0039779 0.0039849 0.0097811 0.0056029 0.0035725 0.4117370 0.0089158 0.0084953 0.0064219 0.4237281 0.0023711 0.0101953 0.0051934 0.0043817 0.0047870 0.0060152 0.0060152 0.0072506 0.0060134 0.4227302 0.4227302 0.4216529 0.4177913 0.4176145 0.4204851 0.4176145 0.4185712 0.4195662 0.4171265 0.4201260 0.4209659 0.4164526 0.4202743 0.4239636 0.4197184 0.4217337 0.4237281 0.4237281 0.4227861 0.4195280 0.4215606 0.4214423 0.4160826 0.4164526 0.4207858 0.4207858 0.4206383 0.4229149 0.4208031 0.4216529 0.4202837 0.4186172 0.4206867 0.4202837 0.4164377 0.0047852 0.0043817 0.4238345 0.0068276 1.0848227 
HM585513_Human_herpesvirus_1            0.0119476 0.0093644 0.0080916 0.0119476 0.0093697 0.0093650 0.0154609 0.0123883 0.0047856 0.0167892 0.0085185 0.0080916 0.0000010 0.0000000 0.0031680 0.4172973 0.4194032 0.4183603 0.3553169 0.4192888 0.3889199 0.4191005 0.4171092 0.4227302 0.4184659 0.3785262 0.4134959 0.4153727 0.4131657 0.4238345 0.4181095 0.4166269 0.4186817 0.0039737 0.0076817 0.0039779 0.0039849 0.0097811 0.0056029 0.0035725 0.4117370 0.0089158 0.0084953 0.0064219 0.4237281 0.0023711 0.0101953 0.0051934 0.0043817 0.0047870 0.0060152 0.0060152 0.0072506 0.0060134 0.4227302 0.4227302 0.4216529 0.4177913 0.4176145 0.4204851 0.4176145 0.4185712 0.4195662 0.4171265 0.4201260 0.4209659 0.4164526 0.4202743 0.4239636 0.4197184 0.4217337 0.4237281 0.4237281 0.4227861 0.4195280 0.4215606 0.4214423 0.4160826 0.4164526 0.4207858 0.4207858 0.4206383 0.4229149 0.4208031 0.4216529 0.4202837 0.4186172 0.4206867 0.4202837 0.4164377 0.0047852 0.0043817 0.4238345 0.0068276 1.0848227 
HM585514_Human_herpesvirus_1            0.0101838 0.0076476 0.0072215 0.0101838 0.0076517 0.0084797 0.0136377 0.0106160 0.0039538 0.0149455 0.0068168 0.0072215 0.0031680 0.0031680 0.0000000 0.4148945 0.4169931 0.4159528 0.3524067 0.4168723 0.3877335 0.4166936 0.4147023 0.4203080 0.4160586 0.3767584 0.4100799 0.4143376 0.4121529 0.4214092 0.4156735 0.4142230 0.4162651 0.0031515 0.0059948 0.0031549 0.0031604 0.0088918 0.0047615 0.0027545 0.4093779 0.0080379 0.0076221 0.0055715 0.4213033 0.0015669 0.0093025 0.0035534 0.0035542 0.0039549 0.0051689 0.0051689 0.0063906 0.0043585 0.4203080 0.4203080 0.4192346 0.4153808 0.4152069 0.4180710 0.4152069 0.4161614 0.4171538 0.4147242 0.4177062 0.4185466 0.4140499 0.4178530 0.4215361 0.4173045 0.4193134 0.4213033 0.4213033 0.4203641 0.4171161 0.4191427 0.4190261 0.4136836 0.4140499 0.4183681 0.4183681 0.4182219 0.4204907 0.4196774 0.4192346 0.4178636 0.4162065 0.4182706 0.4178636 0.4140344 0.0039535 0.0035542 0.4214092 0.0059735 1.0858901 
HSV2_1                                  0.4104649 0.4157205 0.4093709 0.4104649 0.4125191 0.4115415 0.4148127 0.4106868 0.4158001 0.4173643 0.4116902 0.4093709 0.4172973 0.4172973 0.4148945 0.0000000 0.0015960 0.0024011 0.0014115 0.0056816 0.0016885 0.0015939 0.0015972 0.0056656 0.0011951 0.0009555 0.0012103 0.0047085 0.0054973 0.0060786 0.0024323 0.0053041 0.0036218 0.4137218 0.4116889 0.4138579 0.4115415 0.4133951 0.4105552 0.4127703 0.0769469 0.4151434 0.4141155 0.4113994 0.0060793 0.4150315 0.4159819 0.4168050 0.4148243 0.4158144 0.4116140 0.4116140 0.4123419 0.4123916 0.0056656 0.0056656 0.0056817 0.0065527 0.0053046 0.0065501 0.0053046 0.0057189 0.0061363 0.0073555 0.0052774 0.0044366 0.0065508 0.0048642 0.0060941 0.0048590 0.0065103 0.0060793 0.0060793 0.0065097 0.0061340 0.0069739 0.0069670 0.0073588 0.0065508 0.0056665 0.0056665 0.0056677 0.0060806 0.0056702 0.0056817 0.0044409 0.0061285 0.0069304 0.0044409 0.0052848 0.4157770 0.4148243 0.0060786 0.4162983 1.0449109 
HSV2_2                                  0.4116112 0.4178267 0.4114625 0.4116112 0.4146175 0.4136377 0.4159673 0.4118345 0.4178999 0.4194685 0.4137883 0.4114625 0.4194032 0.4194032 0.4169931 0.0015960 0.0000000 0.0007939 0.0014115 0.0052819 0.0004194 0.0007949 0.0007963 0.0052664 0.0003972 0.0000020 0.0004022 0.0038421 0.0055088 0.0056792 0.0008050 0.0057441 0.0040477 0.4158167 0.4137813 0.4159543 0.4136309 0.4154923 0.4126437 0.4148638 0.0750753 0.4172445 0.4162143 0.4134886 0.0056799 0.4171316 0.4180830 0.4189070 0.4169226 0.4179145 0.4137044 0.4137044 0.4144325 0.4144883 0.0052664 0.0052664 0.0052815 0.0061498 0.0049021 0.0061473 0.0049021 0.0053163 0.0057335 0.0078073 0.0048767 0.0040376 0.0069990 0.0044637 0.0056937 0.0044589 0.0061097 0.0056799 0.0056799 0.0069551 0.0057314 0.0065707 0.0065642 0.0078108 0.0069990 0.0061053 0.0061053 0.0052683 0.0056811 0.0052707 0.0052815 0.0040415 0.0057262 0.0065294 0.0040415 0.0048836 0.4178767 0.4169226 0.0056792 0.4184026 1.0477456 
HSV2_3                                  0.4105716 0.4167830 0.4104233 0.4105716 0.4135763 0.4125972 0.4149247 0.4107938 0.4168594 0.4184265 0.4127469 0.4104233 0.4183603 0.4183603 0.4159528 0.0024011 0.0007939 0.0000000 0.0014115 0.0061103 0.0004193 0.0015936 0.0015969 0.0060928 0.0011949 0.0009535 0.0012100 0.0047093 0.0063730 0.0065078 0.0000023 0.0065816 0.0048700 0.4147777 0.4127427 0.4149147 0.4125937 0.4144521 0.4116066 0.4138251 0.0744672 0.4162031 0.4151736 0.4124515 0.0065086 0.4160906 0.4170419 0.4178658 0.4158824 0.4168739 0.4126668 0.4126668 0.4133951 0.4134479 0.0060928 0.0060928 0.0061101 0.0061509 0.0057338 0.0069850 0.0057338 0.0061500 0.0065694 0.0086517 0.0057045 0.0048580 0.0078425 0.0052892 0.0065244 0.0052835 0.0069427 0.0065086 0.0065086 0.0077939 0.0065670 0.0074111 0.0074038 0.0086556 0.0078425 0.0069378 0.0069378 0.0060951 0.0065100 0.0056850 0.0061101 0.0048628 0.0065612 0.0073650 0.0048628 0.0048846 0.4168362 0.4158824 0.0065078 0.4173601 1.0496410 
HSV2_4                                  0.3454342 0.3528234 0.3464358 0.3454342 0.3493532 0.3460670 0.3456813 0.3454342 0.3492020 0.3521583 0.3530919 0.3464358 0.3553169 0.3553169 0.3524067 0.0014115 0.0014115 0.0014115 0.0000000 0.0028454 0.0014115 0.0014115 0.0014115 0.0000025 0.0014115 0.0000026 0.0014115 0.0014149 0.0000025 0.0000025 0.0000025 0.0000025 0.0000025 0.3492020 0.3459138 0.3492020 0.3492020 0.3548501 0.3457456 0.3492020 0.0547703 0.3562000 0.3594174 0.3457456 0.0000025 0.3524067 0.3602982 0.3559810 0.3526742 0.3526742 0.3424687 0.3424687 0.3457456 0.3560351 0.0000025 0.0000025 0.0000025 0.0000025 0.0000025 0.0014095 0.0000025 0.0000025 0.0000025 0.0000025 0.0014149 0.0000025 0.0014115 0.0014149 0.0000025 0.0000025 0.0014244 0.0014115 0.0014115 0.0014115 0.0000025 0.0028407 0.0014095 0.0000025 0.0014115 0.0000025 0.0000025 0.0000025 0.0014125 0.0014125 0.0000025 0.0000025 0.0000025 0.0014125 0.0000025 0.0000025 0.3526742 0.3526742 0.0000025 0.3626619 1.1603280 
HSV2_5                                  0.4124253 0.4186598 0.4122759 0.4124253 0.4154404 0.4144577 0.4167948 0.4126500 0.4177816 0.4203043 0.4146093 0.4122759 0.4192888 0.4192888 0.4168723 0.0056816 0.0052819 0.0061103 0.0028454 0.0000000 0.0055720 0.0052751 0.0048665 0.0040203 0.0048664 0.0028853 0.0049293 0.0016926 0.0046442 0.0044285 0.0053372 0.0044770 0.0028116 0.4156927 0.4136517 0.4150640 0.4135010 0.4163166 0.4125111 0.4147371 0.0794580 0.4180742 0.4170409 0.4133583 0.0044290 0.4170111 0.4179651 0.4187914 0.4168015 0.4177962 0.4135746 0.4135746 0.4143048 0.4153103 0.0040203 0.0040203 0.0040319 0.0040592 0.0036488 0.0048812 0.0036488 0.0040588 0.0044713 0.0065256 0.0020026 0.0028050 0.0057211 0.0015998 0.0044399 0.0032175 0.0048510 0.0044290 0.0044290 0.0056848 0.0044696 0.0052990 0.0052938 0.0065286 0.0057211 0.0040293 0.0040293 0.0040218 0.0044300 0.0040236 0.0040319 0.0028077 0.0044654 0.0052654 0.0028077 0.0036348 0.4177583 0.4168015 0.0044285 0.4192361 1.0473429 
HSV2_6                                  0.3810456 0.3873910 0.3810431 0.3810456 0.3841276 0.3831265 0.3843413 0.3810456 0.3877221 0.3880010 0.3832585 0.3810431 0.3889199 0.3889199 0.3877335 0.0016885 0.0004194 0.0004193 0.0014115 0.0055720 0.0000000 0.0012627 0.0012644 0.0055601 0.0008413 0.0009535 0.0008432 0.0044620 0.0062488 0.0059964 0.0004242 0.0060647 0.0042721 0.3866140 0.3810189 0.3867379 0.3856306 0.3850659 0.3821959 0.3856306 0.0709483 0.3868539 0.3858026 0.3830763 0.0059972 0.3878581 0.3877378 0.3897707 0.3877328 0.3887515 0.3822711 0.3822711 0.3829460 0.3851218 0.0055601 0.0055601 0.0055768 0.0064970 0.0051776 0.0064942 0.0051776 0.0056155 0.0060567 0.0082495 0.0051494 0.0042618 0.0073959 0.0047129 0.0060126 0.0047076 0.0064525 0.0059972 0.0059972 0.0073473 0.0056155 0.0069423 0.0069351 0.0078100 0.0073959 0.0064476 0.0064476 0.0055623 0.0059986 0.0055649 0.0055768 0.0042662 0.0060486 0.0068965 0.0042662 0.0051571 0.3887175 0.3877328 0.0059964 0.3880264 0.9856512 
HSV2_7                                  0.4113171 0.4175254 0.4111686 0.4113171 0.4143200 0.4133414 0.4156681 0.4115398 0.4175994 0.4191660 0.4134915 0.4111686 0.4191005 0.4191005 0.4166936 0.0015939 0.0007949 0.0015936 0.0014115 0.0052751 0.0012627 0.0000000 0.0007953 0.0052596 0.0003967 0.0009526 0.0004017 0.0038369 0.0055014 0.0056718 0.0016153 0.0057366 0.0040425 0.4155187 0.4134854 0.4156560 0.4133355 0.4151942 0.4123493 0.4145668 0.0763079 0.4169444 0.4159154 0.4131934 0.0056725 0.4168317 0.4177822 0.4186053 0.4166231 0.4176140 0.4134088 0.4134088 0.4141363 0.4141912 0.0052596 0.0052596 0.0052746 0.0061418 0.0048957 0.0061393 0.0048957 0.0053094 0.0057260 0.0077972 0.0048703 0.0040323 0.0069899 0.0044579 0.0056864 0.0044531 0.0061018 0.0056725 0.0056725 0.0069461 0.0057239 0.0065622 0.0065557 0.0078007 0.0069899 0.0060974 0.0060974 0.0052615 0.0056738 0.0052639 0.0052746 0.0040363 0.0057187 0.0065209 0.0040363 0.0048773 0.4175762 0.4166231 0.0056718 0.4181010 1.0458206 
HSV2_8                                  0.4093163 0.4155292 0.4091686 0.4093163 0.4123223 0.4113429 0.4136703 0.4095376 0.4156096 0.4171765 0.4114918 0.4091686 0.4171092 0.4171092 0.4147023 0.0015972 0.0007963 0.0015969 0.0014115 0.0048665 0.0012644 0.0007953 0.0000000 0.0048521 0.0003971 0.0000020 0.0004021 0.0034067 0.0050725 0.0052636 0.0016180 0.0053240 0.0036360 0.4135276 0.4114910 0.4136639 0.4113436 0.4132001 0.4103555 0.4125744 0.0758052 0.4149515 0.4139218 0.4112013 0.0052643 0.4148395 0.4157917 0.4166163 0.4146321 0.4156239 0.4114162 0.4114162 0.4121455 0.4121947 0.0048521 0.0048521 0.0048661 0.0057292 0.0044852 0.0057270 0.0044852 0.0048983 0.0053141 0.0073827 0.0044618 0.0036266 0.0065752 0.0040501 0.0052772 0.0040458 0.0056918 0.0052643 0.0052643 0.0065339 0.0053122 0.0061487 0.0061427 0.0073861 0.0065752 0.0056876 0.0056876 0.0048539 0.0052654 0.0048561 0.0048661 0.0036301 0.0053073 0.0061099 0.0036301 0.0044683 0.4155865 0.4146321 0.0052636 0.4161084 1.0411908 
HSV2_9                                  0.4149154 0.4211540 0.4147648 0.4149154 0.4179314 0.4169481 0.4192880 0.4151422 0.4191600 0.4227928 0.4171015 0.4147648 0.4227302 0.4227302 0.4203080 0.0056656 0.0052664 0.0060928 0.0000025 0.0040203 0.0055601 0.0052596 0.0048521 0.0000000 0.0048521 0.0000020 0.0049146 0.0029711 0.0033543 0.0011923 0.0053214 0.0036455 0.0019975 0.4191255 0.4170856 0.4192655 0.4169302 0.4188045 0.4159415 0.4181700 0.0793009 0.4205634 0.4195293 0.4167876 0.0011925 0.4204489 0.4214020 0.4222276 0.4202368 0.4212319 0.4170054 0.4170054 0.4177342 0.4177996 0.0007938 0.0007938 0.0024003 0.0048687 0.0028230 0.0032290 0.0028230 0.0024165 0.0028234 0.0040368 0.0036192 0.0011926 0.0048776 0.0032123 0.0011955 0.0015966 0.0015965 0.0011925 0.0011925 0.0040287 0.0028223 0.0036401 0.0036366 0.0040386 0.0048776 0.0023986 0.0023986 0.0007941 0.0027969 0.0023953 0.0024003 0.0019946 0.0028196 0.0036167 0.0019946 0.0028122 0.4211934 0.4202368 0.0011923 0.4217268 1.0472779 
HSV2_10                                 0.4106784 0.4168890 0.4105302 0.4106784 0.4136827 0.4127037 0.4150309 0.4109007 0.4169651 0.4185320 0.4128535 0.4105302 0.4184659 0.4184659 0.4160586 0.0011951 0.0003972 0.0011949 0.0014115 0.0048664 0.0008413 0.0003967 0.0003971 0.0048521 0.0000000 0.0000020 0.0000010 0.0034066 0.0050724 0.0052636 0.0012107 0.0053240 0.0036361 0.4148837 0.4128490 0.4150206 0.4126999 0.4145582 0.4117130 0.4139312 0.0757560 0.4163090 0.4152796 0.4125577 0.0052642 0.4161965 0.4171476 0.4179714 0.4159882 0.4169795 0.4127730 0.4127730 0.4135012 0.4135542 0.0048521 0.0048521 0.0048661 0.0057291 0.0044853 0.0057269 0.0044853 0.0048983 0.0053141 0.0073826 0.0044619 0.0036270 0.0065751 0.0040503 0.0052771 0.0040459 0.0056917 0.0052642 0.0052642 0.0065337 0.0053122 0.0061487 0.0061426 0.0073859 0.0065751 0.0056875 0.0056875 0.0048539 0.0052654 0.0048561 0.0048661 0.0036305 0.0053073 0.0061098 0.0036305 0.0044683 0.4169419 0.4159882 0.0052636 0.4174658 1.0416863 
HSV2_11                                 0.3651834 0.3709126 0.3682940 0.3651834 0.3681876 0.3730708 0.3680264 0.3651834 0.3743134 0.3679578 0.3711210 0.3682940 0.3785262 0.3785262 0.3767584 0.0009555 0.0000020 0.0009535 0.0000026 0.0028853 0.0009535 0.0009526 0.0000020 0.0000020 0.0000020 0.0000000 0.0000020 0.0019166 0.0019309 0.0009531 0.0009535 0.0019309 0.0009563 0.3743134 0.3740639 0.3743134 0.3743134 0.3785323 0.3739236 0.3743134 0.0449703 0.3795053 0.3794319 0.3739236 0.0009535 0.3768307 0.3819111 0.3790513 0.3767511 0.3790513 0.3716370 0.3716370 0.3761417 0.3708964 0.0000020 0.0000020 0.0009595 0.0019252 0.0009595 0.0019252 0.0009595 0.0009595 0.0009595 0.0019309 0.0019166 0.0000020 0.0029067 0.0019166 0.0000020 0.0000020 0.0009595 0.0009535 0.0009535 0.0038859 0.0009595 0.0029022 0.0019252 0.0019309 0.0029067 0.0019174 0.0019174 0.0000020 0.0009540 0.0009540 0.0009595 0.0000020 0.0009595 0.0019279 0.0000020 0.0009595 0.3767511 0.3767511 0.0009531 0.3822463 1.0269664 
HSV2_12                                 0.4056493 0.4118997 0.4055021 0.4056493 0.4086749 0.4076896 0.4100291 0.4058688 0.4119921 0.4135666 0.4078367 0.4055021 0.4134959 0.4134959 0.4100799 0.0012103 0.0004022 0.0012100 0.0014115 0.0049293 0.0008432 0.0004017 0.0004021 0.0049146 0.0000010 0.0000020 0.0000000 0.0034459 0.0051436 0.0053315 0.0012263 0.0053934 0.0036829 0.4098980 0.4078459 0.4100330 0.4077024 0.4095635 0.4067060 0.4089380 0.0743931 0.4113252 0.4102893 0.4075590 0.0053322 0.4112138 0.4121737 0.4120060 0.4110076 0.4120060 0.4077738 0.4077738 0.4085098 0.4085489 0.0049146 0.0049146 0.0049289 0.0058038 0.0045435 0.0058015 0.0045435 0.0049620 0.0053833 0.0074790 0.0045196 0.0036735 0.0066612 0.0041026 0.0053454 0.0040981 0.0057654 0.0053322 0.0053322 0.0066187 0.0053813 0.0062289 0.0062227 0.0074825 0.0066612 0.0057611 0.0057611 0.0049165 0.0053333 0.0049187 0.0049289 0.0036772 0.0053763 0.0061891 0.0036772 0.0045262 0.4119689 0.4110076 0.0053315 0.4124879 1.0394792 
HSV2_13                                 0.4095073 0.4160680 0.4093513 0.4095073 0.4126812 0.4116470 0.4129147 0.4097411 0.4152962 0.4166151 0.4118044 0.4093513 0.4153727 0.4153727 0.4143376 0.0047085 0.0038421 0.0047093 0.0014149 0.0016926 0.0044620 0.0038369 0.0034067 0.0029711 0.0034066 0.0019166 0.0034459 0.0000000 0.0038842 0.0038300 0.0043261 0.0038771 0.0021227 0.4130970 0.4095257 0.4132407 0.4107905 0.4136075 0.4096055 0.4120900 0.0776629 0.4154568 0.4143695 0.4106489 0.0038305 0.4144823 0.4153431 0.4163597 0.4142635 0.4153113 0.4098316 0.4098316 0.4114952 0.4126896 0.0033996 0.0033996 0.0034100 0.0034346 0.0030016 0.0043026 0.0030016 0.0034343 0.0034343 0.0055999 0.0004197 0.0021172 0.0051883 0.0000010 0.0029620 0.0025514 0.0042742 0.0038305 0.0038305 0.0047133 0.0038679 0.0047432 0.0047382 0.0056026 0.0051883 0.0034076 0.0034076 0.0029711 0.0038314 0.0029730 0.0034100 0.0016918 0.0029802 0.0042751 0.0016918 0.0029894 0.4152718 0.4142635 0.0038300 0.4166787 1.0284066 
HSV2_14                                 0.4064420 0.4117531 0.4051928 0.4064420 0.4084462 0.4074358 0.4097750 0.4066680 0.4130917 0.4134036 0.4086880 0.4051928 0.4131657 0.4131657 0.4121529 0.0054973 0.0055088 0.0063730 0.0000025 0.0046442 0.0062488 0.0055014 0.0050725 0.0033543 0.0050724 0.0019309 0.0051436 0.0038842 0.0000000 0.0042042 0.0060178 0.0008245 0.0016703 0.4109401 0.4074463 0.4110794 0.4086840 0.4104588 0.4075243 0.4099541 0.0784946 0.4122676 0.4112041 0.4085457 0.0042047 0.4122931 0.4131379 0.4141323 0.4120806 0.4131061 0.4087667 0.4087667 0.4093753 0.4095564 0.0037783 0.0037783 0.0029238 0.0037729 0.0008246 0.0020688 0.0008246 0.0012384 0.0016538 0.0033328 0.0042230 0.0025107 0.0012383 0.0037948 0.0042156 0.0020835 0.0046444 0.0042047 0.0042047 0.0033418 0.0016532 0.0024881 0.0024855 0.0024944 0.0012383 0.0037790 0.0037790 0.0033543 0.0042057 0.0033564 0.0029238 0.0020899 0.0025031 0.0041958 0.0020899 0.0016600 0.4130678 0.4120806 0.0042042 0.4134617 1.0417011 
HSV2_15                                 0.4160149 0.4214924 0.4158638 0.4160149 0.4182666 0.4180489 0.4203915 0.4162429 0.4202601 0.4238963 0.4182033 0.4158638 0.4238345 0.4238345 0.4214092 0.0060786 0.0056792 0.0065078 0.0000025 0.0044285 0.0059964 0.0056718 0.0052636 0.0011923 0.0052636 0.0009531 0.0053315 0.0038300 0.0042042 0.0000000 0.0057387 0.0040559 0.0024004 0.4202251 0.4181844 0.4203659 0.4180275 0.4199053 0.4170386 0.4192691 0.0799298 0.4216658 0.4206308 0.4178847 0.0007941 0.4215509 0.4225042 0.4233300 0.4213378 0.4223336 0.4181031 0.4181031 0.4188319 0.4189004 0.0003965 0.0003965 0.0019980 0.0044580 0.0032306 0.0036374 0.0032306 0.0028230 0.0032310 0.0036291 0.0040268 0.0015923 0.0052911 0.0036187 0.0007961 0.0019984 0.0011960 0.0007941 0.0007941 0.0036218 0.0032298 0.0040500 0.0040460 0.0036307 0.0052911 0.0019966 0.0019966 0.0011928 0.0032008 0.0027983 0.0019980 0.0023968 0.0032267 0.0032113 0.0023968 0.0032182 0.4222949 0.4213378 0.0000010 0.4228306 1.0470028 
HSV2_16                                 0.4112297 0.4165128 0.4100775 0.4112297 0.4132680 0.4122772 0.4146323 0.4114553 0.4176735 0.4181767 0.4124285 0.4100775 0.4181095 0.4181095 0.4156735 0.0024323 0.0008050 0.0000023 0.0000025 0.0053372 0.0004242 0.0016153 0.0016180 0.0053214 0.0012107 0.0009535 0.0012263 0.0043261 0.0060178 0.0057387 0.0000000 0.0058049 0.0040897 0.4155645 0.4124251 0.4157036 0.4133516 0.4141546 0.4112757 0.4145996 0.0749786 0.4159265 0.4148847 0.4121308 0.0057394 0.4158128 0.4167756 0.4186931 0.4166840 0.4176883 0.4123485 0.4123485 0.4130857 0.4131382 0.0053214 0.0053214 0.0053368 0.0053730 0.0049536 0.0062124 0.0049536 0.0053723 0.0057941 0.0078907 0.0049276 0.0040792 0.0070736 0.0045102 0.0057535 0.0045052 0.0061741 0.0057394 0.0057394 0.0070289 0.0057919 0.0066405 0.0066339 0.0078943 0.0070736 0.0061696 0.0061696 0.0053234 0.0057406 0.0053258 0.0053368 0.0040833 0.0057866 0.0065984 0.0040833 0.0041020 0.4176500 0.4166840 0.0057387 0.4170972 1.0525637 
HSV2_17                                 0.4088413 0.4150477 0.4086939 0.4088413 0.4118444 0.4108660 0.4131907 0.4090619 0.4151296 0.4166945 0.4110143 0.4086939 0.4166269 0.4166269 0.4142230 0.0053041 0.0057441 0.0065816 0.0000025 0.0044770 0.0060647 0.0057366 0.0053240 0.0036455 0.0053240 0.0019309 0.0053934 0.0038771 0.0008245 0.0040559 0.0058049 0.0000000 0.0016115 0.4130498 0.4110149 0.4131856 0.4108682 0.4127220 0.4098808 0.4120974 0.0796234 0.4144715 0.4134428 0.4107260 0.0040565 0.4143597 0.4153112 0.4161352 0.4141529 0.4151438 0.4109405 0.4109405 0.4116693 0.4117172 0.0036455 0.0036455 0.0028211 0.0036405 0.0007961 0.0019969 0.0007961 0.0011955 0.0015963 0.0036234 0.0040735 0.0024225 0.0019972 0.0036608 0.0040666 0.0020106 0.0044799 0.0040565 0.0040565 0.0036361 0.0015957 0.0024013 0.0023990 0.0036250 0.0019972 0.0036461 0.0036461 0.0036469 0.0040573 0.0036486 0.0028211 0.0024249 0.0024154 0.0040482 0.0024249 0.0016021 0.4151064 0.4141529 0.0040559 0.4156270 1.0524929 
HSV2_18                                 0.4108651 0.4170992 0.4107163 0.4108651 0.4138807 0.4128980 0.4152341 0.4110884 0.4171749 0.4187478 0.4130484 0.4107163 0.4186817 0.4186817 0.4162651 0.0036218 0.0040477 0.0048700 0.0000025 0.0028116 0.0042721 0.0040425 0.0036360 0.0019975 0.0036361 0.0009563 0.0036829 0.0021227 0.0016703 0.0024004 0.0040897 0.0016115 0.0000000 0.4150856 0.4130435 0.4152232 0.4128935 0.4147592 0.4119030 0.4141296 0.0776589 0.4165166 0.4154833 0.4127508 0.0024007 0.4164036 0.4173582 0.4181850 0.4161944 0.4171894 0.4129670 0.4129670 0.4136978 0.4137516 0.0019975 0.0019975 0.0020034 0.0036487 0.0016116 0.0028301 0.0016116 0.0020170 0.0024241 0.0036315 0.0024108 0.0007958 0.0028305 0.0020059 0.0024067 0.0011994 0.0028122 0.0024007 0.0024007 0.0028119 0.0024231 0.0032411 0.0032379 0.0036331 0.0028305 0.0019978 0.0019978 0.0019983 0.0024012 0.0019992 0.0020034 0.0007966 0.0024207 0.0032201 0.0007966 0.0016053 0.4171516 0.4161944 0.0024004 0.4176779 1.0470856 
JN400093_Human_herpesvirus_1            0.0110446 0.0084881 0.0072290 0.0110446 0.0084927 0.0084885 0.0145245 0.0114805 0.0015662 0.0158413 0.0076509 0.0072290 0.0039737 0.0039737 0.0031515 0.4137218 0.4158167 0.4147777 0.3492020 0.4156927 0.3866140 0.4155187 0.4135276 0.4191255 0.4148837 0.3743134 0.4098980 0.4130970 0.4109401 0.4202251 0.4155645 0.4130498 0.4150856 0.0000000 0.0068226 0.0007810 0.0007825 0.0089011 0.0047664 0.0003897 0.4062138 0.0080462 0.0076300 0.0055773 0.4201194 0.0023586 0.0093121 0.0019612 0.0011732 0.0015666 0.0051743 0.0051743 0.0063973 0.0059832 0.4191255 0.4191255 0.4180540 0.4142044 0.4140318 0.4168926 0.4140318 0.4149852 0.4159763 0.4135517 0.4165251 0.4173655 0.4128773 0.4166711 0.4203509 0.4161262 0.4181319 0.4201194 0.4201194 0.4191816 0.4159388 0.4179624 0.4178466 0.4125128 0.4128773 0.4171878 0.4171878 0.4170424 0.4193072 0.4184945 0.4180540 0.4166823 0.4150298 0.4170911 0.4166823 0.4128615 0.0015660 0.0011732 0.4202251 0.0067938 1.0887908 
JN420337_Human_herpesvirus_1            0.0106327 0.0080820 0.0068259 0.0106327 0.0080865 0.0072514 0.0123762 0.0110675 0.0076530 0.0149871 0.0072466 0.0068259 0.0076817 0.0076817 0.0059948 0.4116889 0.4137813 0.4127427 0.3459138 0.4136517 0.3810189 0.4134854 0.4114910 0.4170856 0.4128490 0.3740639 0.4078459 0.4095257 0.4074463 0.4181844 0.4124251 0.4110149 0.4130435 0.0068226 0.0000000 0.0068298 0.0068413 0.0084944 0.0027664 0.0064142 0.4062528 0.0068209 0.0072317 0.0035673 0.4180790 0.0060011 0.0089050 0.0080697 0.0072415 0.0076550 0.0047754 0.0047754 0.0027596 0.0089023 0.4170856 0.4170856 0.4160155 0.4121659 0.4119954 0.4148557 0.4119954 0.4129486 0.4139392 0.4115190 0.4144827 0.4153249 0.4108432 0.4146278 0.4183086 0.4140881 0.4160919 0.4180790 0.4180790 0.4171419 0.4139020 0.4159241 0.4158095 0.4104811 0.4108432 0.4151483 0.4151483 0.4150038 0.4172659 0.4164527 0.4160155 0.4146399 0.4129924 0.4150528 0.4146399 0.4108268 0.0076523 0.0072415 0.4181844 0.0080519 1.0885333 
JN420338_Human_herpesvirus_1            0.0110562 0.0084970 0.0072366 0.0110562 0.0085017 0.0084975 0.0145396 0.0114926 0.0015678 0.0158577 0.0076589 0.0072366 0.0039779 0.0039779 0.0031549 0.4138579 0.4159543 0.4149147 0.3492020 0.4150640 0.3867379 0.4156560 0.4136639 0.4192655 0.4150206 0.3743134 0.4100330 0.4132407 0.4110794 0.4203659 0.4157036 0.4131856 0.4152232 0.0007810 0.0068298 0.0000000 0.0007833 0.0089105 0.0047715 0.0003901 0.4083576 0.0080547 0.0076380 0.0055832 0.4202601 0.0023611 0.0093219 0.0019633 0.0011744 0.0015683 0.0051797 0.0051797 0.0064040 0.0059896 0.4192655 0.4192655 0.4181933 0.4143411 0.4141684 0.4170310 0.4141684 0.4151224 0.4161141 0.4136877 0.4166636 0.4175045 0.4130130 0.4168098 0.4204919 0.4162642 0.4182713 0.4202601 0.4202601 0.4193217 0.4160766 0.4181015 0.4179856 0.4126480 0.4130130 0.4173266 0.4173266 0.4171810 0.4194474 0.4186342 0.4181933 0.4168209 0.4151670 0.4172297 0.4168209 0.4129972 0.0015677 0.0011744 0.4203659 0.0068010 1.0856727 
JN420339_Human_herpesvirus_1            0.0110739 0.0085111 0.0072487 0.0110739 0.0085158 0.0085115 0.0145617 0.0115109 0.0015706 0.0158813 0.0076717 0.0072487 0.0039849 0.0039849 0.0031604 0.4115415 0.4136309 0.4125937 0.3492020 0.4135010 0.3856306 0.4133355 0.4113436 0.4169302 0.4126999 0.3743134 0.4077024 0.4107905 0.4086840 0.4180275 0.4133516 0.4108682 0.4128935 0.0007825 0.0068413 0.0007833 0.0000000 0.0089251 0.0047797 0.0003908 0.4060834 0.0080680 0.0076507 0.0055928 0.4179222 0.0023653 0.0093371 0.0019668 0.0011766 0.0015711 0.0051886 0.0051886 0.0064149 0.0059997 0.4169302 0.4169302 0.4158618 0.4120174 0.4118474 0.4147036 0.4118474 0.4127992 0.4137884 0.4113719 0.4143308 0.4151719 0.4106968 0.4144756 0.4181513 0.4139370 0.4159379 0.4179222 0.4179222 0.4169865 0.4137513 0.4157704 0.4156561 0.4103354 0.4106968 0.4149956 0.4149956 0.4148514 0.4171101 0.4162981 0.4158618 0.4144877 0.4128429 0.4149003 0.4144877 0.4106804 0.0015705 0.0011766 0.4180275 0.0068124 1.0906994 
JN420340_Human_herpesvirus_1            0.0085059 0.0084847 0.0064029 0.0085059 0.0076618 0.0076528 0.0136464 0.0089318 0.0097457 0.0118808 0.0076478 0.0064029 0.0097811 0.0097811 0.0088918 0.4133951 0.4154923 0.4144521 0.3548501 0.4163166 0.3850659 0.4151942 0.4132001 0.4188045 0.4145582 0.3785323 0.4095635 0.4136075 0.4104588 0.4199053 0.4141546 0.4127220 0.4147592 0.0089011 0.0084944 0.0089105 0.0089251 0.0000000 0.0072291 0.0084869 0.4099150 0.0088874 0.0084680 0.0080561 0.4197996 0.0080665 0.0043682 0.0101693 0.0093284 0.0097483 0.0068198 0.0068198 0.0088942 0.0093055 0.4188045 0.4188045 0.4177319 0.4148257 0.4137050 0.4165692 0.4137050 0.4146595 0.4156517 0.4132249 0.4171503 0.4170422 0.4125494 0.4172969 0.4200310 0.4158017 0.4178096 0.4197996 0.4197996 0.4188607 0.4156143 0.4176401 0.4175244 0.4121848 0.4125494 0.4178130 0.4178130 0.4167190 0.4189861 0.4181724 0.4177319 0.4163578 0.4147040 0.4167678 0.4163578 0.4125334 0.0097449 0.0093284 0.4199053 0.0084646 1.0890142 
JN420341_Human_herpesvirus_1            0.0084892 0.0068209 0.0055811 0.0084892 0.0059948 0.0051766 0.0110456 0.0089143 0.0055812 0.0136240 0.0059957 0.0055811 0.0056029 0.0056029 0.0047615 0.4105552 0.4126437 0.4116066 0.3457456 0.4125111 0.3821959 0.4123493 0.4103555 0.4159415 0.4117130 0.3739236 0.4067060 0.4096055 0.4075243 0.4170386 0.4112757 0.4098808 0.4119030 0.0047664 0.0027664 0.0047715 0.0047797 0.0072291 0.0000000 0.0043644 0.4041780 0.0039534 0.0043545 0.0007810 0.4169334 0.0039595 0.0076361 0.0059903 0.0051763 0.0055827 0.0027534 0.0027534 0.0015677 0.0076337 0.4159415 0.4159415 0.4148735 0.4110285 0.4108594 0.4137159 0.4108594 0.4118114 0.4128004 0.4103856 0.4133404 0.4141826 0.4097097 0.4134848 0.4171616 0.4129486 0.4149489 0.4169334 0.4169334 0.4159979 0.4127635 0.4147822 0.4146685 0.4093494 0.4097097 0.4140067 0.4140067 0.4138630 0.4161208 0.4153084 0.4148735 0.4134974 0.4118547 0.4139120 0.4134974 0.4096931 0.0055807 0.0051763 0.4170386 0.0059770 1.0833630 
JN420342_Human_herpesvirus_1            0.0106236 0.0080749 0.0068197 0.0106236 0.0080793 0.0080753 0.0140936 0.0110581 0.0011733 0.0154070 0.0072401 0.0068197 0.0035725 0.0035725 0.0027545 0.4127703 0.4148638 0.4138251 0.3492020 0.4147371 0.3856306 0.4145668 0.4125744 0.4181700 0.4139312 0.3743134 0.4089380 0.4120900 0.4099541 0.4192691 0.4145996 0.4120974 0.4141296 0.0003897 0.0064142 0.0003901 0.0003908 0.0084869 0.0043644 0.0000000 0.4072888 0.0076354 0.0072203 0.0051732 0.4191636 0.0019633 0.0088972 0.0015672 0.0007813 0.0011736 0.0047709 0.0047709 0.0059907 0.0055781 0.4181700 0.4181700 0.4170994 0.4132502 0.4130786 0.4159388 0.4130786 0.4140318 0.4150225 0.4126003 0.4155688 0.4164099 0.4119253 0.4157144 0.4193941 0.4151719 0.4171765 0.4191636 0.4191636 0.4182263 0.4149852 0.4170078 0.4168926 0.4115620 0.4119253 0.4162328 0.4162328 0.4160878 0.4183510 0.4175382 0.4170994 0.4157260 0.4140760 0.4161366 0.4157260 0.4119092 0.0011732 0.0007813 0.4192691 0.0063870 1.0872601 
