103
HM585496_Human_herpesvirus_1            0.0000000 0.0111871 0.0165712 0.0003907 0.0003907 0.0168986 0.0151054 0.0007827 0.0007833 0.0007827 0.0003901 0.0165521 0.0202891 0.0179766 0.0165650 0.0155416 0.0170840 0.0169831 0.0166164 0.9193561 0.9123679 0.8943628 0.5652436 0.8997270 0.7978437 0.9512992 0.7533150 0.8409036 0.9076533 0.4261148 0.7162044 0.7903426 0.7954117 1.0267963 0.7626052 0.9197931 0.8182602 0.0104912 0.0106282 0.0112762 0.0146850 0.0118711 0.0087263 0.0287933 1.1100120 0.0112047 0.0115862 0.0161469 1.1123838 0.0156679 0.0089720 0.0151845 0.0151693 0.0156335 0.0177333 0.0092509 0.0152957 0.0193495 1.0809722 1.1136765 1.0862193 1.0785407 1.0864875 1.0853228 1.1119720 1.1079044 1.1050833 1.1087900 1.1106947 1.1066440 1.1063346 1.1210884 1.1092654 1.1079621 1.1045506 1.1067233 1.1037502 1.1071887 1.1043368 1.1037173 1.1111779 1.1052861 1.1053633 1.0990474 1.1003694 1.1079621 1.1051593 1.1192956 1.1069211 1.1032044 1.1026370 1.1086857 1.1026370 1.1038598 1.1114146 1.1022953 1.1097804 1.1129602 0.0151693 0.0156335 1.1038799 0.0137591 1.7482733 
HM585497_Human_herpesvirus_1            0.0111871 0.0000000 0.0107666 0.0116254 0.0116254 0.0111471 0.0111487 0.0120720 0.0111562 0.0120720 0.0116183 0.0090290 0.0170952 0.0129472 0.0107627 0.0096454 0.0103358 0.0085790 0.0103390 0.9153631 0.9084226 0.8879408 0.5644949 0.8994859 0.7959559 0.9477886 0.7594427 0.8423363 0.9063305 0.4300716 0.7253561 0.7926128 0.7991060 1.0269312 0.7637719 0.9177311 0.8211815 0.0070393 0.0111130 0.0117764 0.0110772 0.0128520 0.0101097 0.0269317 1.1089707 0.0121370 0.0107897 0.0086223 1.1115215 0.0073456 0.0073538 0.0085890 0.0085807 0.0085807 0.0191598 0.0083250 0.0130901 0.0107556 1.0796167 1.1128131 1.0849010 1.0766631 1.0846725 1.0834554 1.1111098 1.1070213 1.1041859 1.1079126 1.1098261 1.1057537 1.1054430 1.1202743 1.1064636 1.1070794 1.1036506 1.1058308 1.1028434 1.1063023 1.1034333 1.1028117 1.1103092 1.1043893 1.1060013 1.0981169 1.0994435 1.1070794 1.1042561 1.1184742 1.1060314 1.1022940 1.1017248 1.1078079 1.1017248 1.1029550 1.1105497 1.1013802 1.1126046 1.1121007 0.0085807 0.0085807 1.1029732 0.0073142 1.7245210 
HM585498_Human_herpesvirus_1            0.0165712 0.0107666 0.0000000 0.0170459 0.0170459 0.0076944 0.0056222 0.0175017 0.0165263 0.0175017 0.0170201 0.0166692 0.0115446 0.0180889 0.0000010 0.0193703 0.0208952 0.0193908 0.0204112 0.9301239 0.9245791 0.9010691 0.5810986 0.9151111 0.8017172 0.9594909 0.7630142 0.8475776 0.9187533 0.4284224 0.7274103 0.7981500 0.8038898 1.0353566 0.7679393 0.9317921 0.8243377 0.0136817 0.0166418 0.0182042 0.0210026 0.0184559 0.0155283 0.0344280 1.1105554 0.0171388 0.0161627 0.0171688 1.1199489 0.0162386 0.0112402 0.0175560 0.0175382 0.0180145 0.0275243 0.0164966 0.0186042 0.0218136 1.0896510 1.1213202 1.0948706 1.0864690 1.0943365 1.0933667 1.1195147 1.1154193 1.1125771 1.1163004 1.1182269 1.1141560 1.1138424 1.1286893 1.1148528 1.1154765 1.1120394 1.1142558 1.1112554 1.1146949 1.1118362 1.1112116 1.1187361 1.1127841 1.1138922 1.1065185 1.1078660 1.1154765 1.1127048 1.1268645 1.1144374 1.1107044 1.1101318 1.1161943 1.1101318 1.1113548 1.1189510 1.1097976 1.1209889 1.1205306 0.0175382 0.0180145 1.1113907 0.0175142 1.7492544 
HM585499_Human_herpesvirus_1            0.0003907 0.0116254 0.0170459 0.0000000 0.0000010 0.0173722 0.0155649 0.0011749 0.0011779 0.0011749 0.0007822 0.0179162 0.0216953 0.0193588 0.0179288 0.0169066 0.0184520 0.0174417 0.0170811 0.9245139 0.9174576 0.8995544 0.5652436 0.9046003 0.8072478 0.9561136 0.7627701 0.8499320 0.9129354 0.4317240 0.7261438 0.7993484 0.8049392 1.0312638 0.7719562 0.9266098 0.8277552 0.0118109 0.0119617 0.0125940 0.0160573 0.0132065 0.0100253 0.0303453 1.1139296 0.0125087 0.0128935 0.0175050 1.1162850 0.0170181 0.0102442 0.0165222 0.0165109 0.0169808 0.0191976 0.0106301 0.0157614 0.0207306 1.0851564 1.1176184 1.0903895 1.0826260 1.0905326 1.0894682 1.1158616 1.1117794 1.1089472 1.1126627 1.1145788 1.1105174 1.1102058 1.1250090 1.1131388 1.1118368 1.1084118 1.1106072 1.1076198 1.1110591 1.1082034 1.1075813 1.1150755 1.1091521 1.1107630 1.1028990 1.1042343 1.1118368 1.1090497 1.1231994 1.1107967 1.1070713 1.1065011 1.1125575 1.1065011 1.1077242 1.1153009 1.1061633 1.1136579 1.1168642 0.0165109 0.0169808 1.1077524 0.0150866 1.7484934 
HM585500_Human_herpesvirus_1            0.0003907 0.0116254 0.0170459 0.0000010 0.0000000 0.0173722 0.0155649 0.0011749 0.0011779 0.0011749 0.0007822 0.0179162 0.0216953 0.0193588 0.0179288 0.0169066 0.0184520 0.0174417 0.0170811 0.9245139 0.9174576 0.8995544 0.5652436 0.9046003 0.8072478 0.9561136 0.7627701 0.8499320 0.9129354 0.4317240 0.7261438 0.7993484 0.8049392 1.0312638 0.7719562 0.9266098 0.8277552 0.0118109 0.0119617 0.0125940 0.0160573 0.0132065 0.0100253 0.0303453 1.1139296 0.0125087 0.0128935 0.0175050 1.1162850 0.0170181 0.0102442 0.0165222 0.0165109 0.0169808 0.0191976 0.0106301 0.0157614 0.0207306 1.0851564 1.1176184 1.0903895 1.0826260 1.0905326 1.0894682 1.1158616 1.1117794 1.1089472 1.1126627 1.1145788 1.1105174 1.1102058 1.1250090 1.1131388 1.1118368 1.1084118 1.1106072 1.1076198 1.1110591 1.1082034 1.1075813 1.1150755 1.1091521 1.1107630 1.1028990 1.1042343 1.1118368 1.1090497 1.1231994 1.1107967 1.1070713 1.1065011 1.1125575 1.1065011 1.1077242 1.1153009 1.1061633 1.1136579 1.1168642 0.0165109 0.0169808 1.1077524 0.0150866 1.7484934 
HM585501_Human_herpesvirus_1            0.0168986 0.0111471 0.0076944 0.0173722 0.0173722 0.0000000 0.0068062 0.0178267 0.0168531 0.0178267 0.0173460 0.0143111 0.0128754 0.0157050 0.0076916 0.0164443 0.0175227 0.0169694 0.0170542 0.9142587 0.9116046 0.8883614 0.5583840 0.8969048 0.7973868 0.9459452 0.7557050 0.8398567 0.9030679 0.4261148 0.7161094 0.7911361 0.7969540 1.0217556 0.7607306 0.9169449 0.8163030 0.0118010 0.0174314 0.0185145 0.0184429 0.0164634 0.0154003 0.0320770 1.0983364 0.0161431 0.0147106 0.0138952 1.1063454 0.0138818 0.0124514 0.0151757 0.0151606 0.0156241 0.0284188 0.0173224 0.0170878 0.0193313 1.0742456 1.1075765 1.0795184 1.0714390 1.0794561 1.0781178 1.1059513 1.1019029 1.0990965 1.1027927 1.1046814 1.1006439 1.1003376 1.1150277 1.1032674 1.1019610 1.0985674 1.1007069 1.0977534 1.1011935 1.0983450 1.0977292 1.1051442 1.0992960 1.1003914 1.0930745 1.0943770 1.1019610 1.0991314 1.1132592 1.1009178 1.0972113 1.0966476 1.1026897 1.0966476 1.0978712 1.1053985 1.0962995 1.1074454 1.1069180 0.0151606 0.0156241 1.0978788 0.0151396 1.7363352 
HM585502_Human_herpesvirus_1            0.0151054 0.0111487 0.0056222 0.0155649 0.0155649 0.0068062 0.0000000 0.0160132 0.0150589 0.0160132 0.0155416 0.0165409 0.0111187 0.0179631 0.0056202 0.0187434 0.0202634 0.0187765 0.0197845 0.9280996 0.9245552 0.9023927 0.5602478 0.9093423 0.8024460 0.9538501 0.7607890 0.8447159 0.9172909 0.4326269 0.7216268 0.7936139 0.8017280 1.0276869 0.7634765 0.9291951 0.8189180 0.0122416 0.0151269 0.0166771 0.0184556 0.0168994 0.0131491 0.0336371 1.1047334 0.0161119 0.0146881 0.0165875 1.1151841 0.0156552 0.0102869 0.0169604 0.0169434 0.0174143 0.0252705 0.0149214 0.0175332 0.0211733 1.0845944 1.1208532 1.0898209 1.0815419 1.0939006 1.0883539 1.1147648 1.1106946 1.1078709 1.1115768 1.1134860 1.1094355 1.1133951 1.1238854 1.1120518 1.1107520 1.1073373 1.1095222 1.1065445 1.1099769 1.1071278 1.1065077 1.1139779 1.1080748 1.1134450 1.1018378 1.1033173 1.1107520 1.1079659 1.1220844 1.1097136 1.1059978 1.1054295 1.1114720 1.1054295 1.1066501 1.1142061 1.1050913 1.1125688 1.1157614 0.0169434 0.0174143 1.1066760 0.0160179 1.7524834 
HM585503_Human_herpesvirus_1            0.0007827 0.0120720 0.0175017 0.0011749 0.0011749 0.0178267 0.0160132 0.0000000 0.0015733 0.0000010 0.0011754 0.0183744 0.0221675 0.0198230 0.0183869 0.0164581 0.0180009 0.0170008 0.0166338 0.9300424 0.9229209 0.9051484 0.5652436 0.9098449 0.8100298 0.9612401 0.7654886 0.8526756 0.9186112 0.4261148 0.7289348 0.8019990 0.8069156 1.0359512 0.7746608 0.9297874 0.8306008 0.0122543 0.0124112 0.0130367 0.0165202 0.0136567 0.0104617 0.0308686 1.1195267 0.0129482 0.0133327 0.0179629 1.1218562 0.0174737 0.0106726 0.0169751 0.0169635 0.0174354 0.0196895 0.0110936 0.0162157 0.0202803 1.0911677 1.1232463 1.0963745 1.0884978 1.0963379 1.0954187 1.1214166 1.1173176 1.1144723 1.1181968 1.1201272 1.1160546 1.1157401 1.1305987 1.1186734 1.1173746 1.1139338 1.1161595 1.1131546 1.1165915 1.1137334 1.1131081 1.1206426 1.1146803 1.1147676 1.1084130 1.1097658 1.1173746 1.1146130 1.1287671 1.1163368 1.1126027 1.1120292 1.1180903 1.1120292 1.1132514 1.1208517 1.1116973 1.1191977 1.1224388 0.0169635 0.0174354 1.1132912 0.0155326 1.7560725 
HM585504_Human_herpesvirus_1            0.0007833 0.0111562 0.0165263 0.0011779 0.0011779 0.0168531 0.0150589 0.0015733 0.0000000 0.0015733 0.0011763 0.0165072 0.0202348 0.0179280 0.0165201 0.0154926 0.0170312 0.0169309 0.0165650 0.9231808 0.9161500 0.8982414 0.5652436 0.9033623 0.8023081 0.9548363 0.7576578 0.8451801 0.9115838 0.4261148 0.7207999 0.7944518 0.7994606 1.0300092 0.7670532 0.9233704 0.8227628 0.0104617 0.0105941 0.0121766 0.0156264 0.0127831 0.0096096 0.0298747 1.1127670 0.0120943 0.0124799 0.0161029 1.1151256 0.0156194 0.0098365 0.0151375 0.0151225 0.0155852 0.0187443 0.0101898 0.0152480 0.0192902 1.0839372 1.1164459 1.0891702 1.0814378 1.0893500 1.0882571 1.1147060 1.1106310 1.1078041 1.1115144 1.1134257 1.1093704 1.1090597 1.1238374 1.1119900 1.1106885 1.1072700 1.1094571 1.1064760 1.1099126 1.1070601 1.1064392 1.1139180 1.1080083 1.1080885 1.1017640 1.1030943 1.1106885 1.1078988 1.1220342 1.1096489 1.1059287 1.1053598 1.1114095 1.1053598 1.1065819 1.1141467 1.1050211 1.1125074 1.1157035 0.0151225 0.0155852 1.1066077 0.0146700 1.7533069 
HM585505_Human_herpesvirus_1            0.0007827 0.0120720 0.0175017 0.0011749 0.0011749 0.0178267 0.0160132 0.0000010 0.0015733 0.0000000 0.0011754 0.0183744 0.0221675 0.0198230 0.0183869 0.0164581 0.0180009 0.0170008 0.0166338 0.9300424 0.9229209 0.9051484 0.5652436 0.9098449 0.8100298 0.9612401 0.7654886 0.8526756 0.9186112 0.4261148 0.7289348 0.8019990 0.8069156 1.0359512 0.7746608 0.9297874 0.8306008 0.0122543 0.0124112 0.0130367 0.0165202 0.0136567 0.0104617 0.0308686 1.1195267 0.0129482 0.0133327 0.0179629 1.1218562 0.0174737 0.0106726 0.0169751 0.0169635 0.0174354 0.0196895 0.0110936 0.0162157 0.0202803 1.0911677 1.1232463 1.0963745 1.0884978 1.0963379 1.0954187 1.1214166 1.1173176 1.1144723 1.1181968 1.1201272 1.1160546 1.1157401 1.1305987 1.1186734 1.1173746 1.1139338 1.1161595 1.1131546 1.1165915 1.1137334 1.1131081 1.1206426 1.1146803 1.1147676 1.1084130 1.1097658 1.1173746 1.1146130 1.1287671 1.1163368 1.1126027 1.1120292 1.1180903 1.1120292 1.1132514 1.1208517 1.1116973 1.1191977 1.1224388 0.0169635 0.0174354 1.1132912 0.0155326 1.7560725 
HM585506_Human_herpesvirus_1            0.0003901 0.0116183 0.0170201 0.0007822 0.0007822 0.0173460 0.0155416 0.0011754 0.0011763 0.0011754 0.0000000 0.0170008 0.0207507 0.0184309 0.0170137 0.0159906 0.0175296 0.0174263 0.0170605 0.9230766 0.9160503 0.8981476 0.5652436 0.9032721 0.8022489 0.9547259 0.7577764 0.8451031 0.9114823 0.4261148 0.7209224 0.7945665 0.7995740 1.0298768 0.7670108 0.9232728 0.8226931 0.0109269 0.0110658 0.0117111 0.0151332 0.0123086 0.0091556 0.0292923 1.1126205 0.0116323 0.0120176 0.0165956 1.1149789 0.0161084 0.0093903 0.0156229 0.0156073 0.0160731 0.0182146 0.0097065 0.0157375 0.0198003 1.0837922 1.1162971 1.0890237 1.0812972 1.0892078 1.0881118 1.1145599 1.1104870 1.1076615 1.1113701 1.1132803 1.1092269 1.1089163 1.1236867 1.1118455 1.1105444 1.1071277 1.1093131 1.1063337 1.1097690 1.1069177 1.1062971 1.1137719 1.1078655 1.1079455 1.1016241 1.1029534 1.1105444 1.1077551 1.1218848 1.1095052 1.1057867 1.1052180 1.1112653 1.1052180 1.1064397 1.1140009 1.1048793 1.1123626 1.1155565 0.0156073 0.0160731 1.1064652 0.0141965 1.7459863 
HM585508_Human_herpesvirus_1            0.0165521 0.0090290 0.0166692 0.0179162 0.0179162 0.0143111 0.0165409 0.0183744 0.0165072 0.0183744 0.0170008 0.0000000 0.0197295 0.0119312 0.0166206 0.0131431 0.0138053 0.0120234 0.0133930 0.9330990 0.9274528 0.9051910 0.5591520 0.9120301 0.8104280 0.9627675 0.7710099 0.8556536 0.9210008 0.4318816 0.7338224 0.8004617 0.8086142 1.0334043 0.7776015 0.9317906 0.8326911 0.0095763 0.0165999 0.0161964 0.0147147 0.0151013 0.0159499 0.0294876 1.1098559 0.0157005 0.0142713 0.0085471 1.1149698 0.0055916 0.0125319 0.0068486 0.0068421 0.0076806 0.0241226 0.0133807 0.0171700 0.0124457 1.0830226 1.1162926 1.0882725 1.0781781 1.0861392 1.0851649 1.1145494 1.1104626 1.1076276 1.1113488 1.1132655 1.1091983 1.1088866 1.1237077 1.1118258 1.1105203 1.1070919 1.1092847 1.1062952 1.1097422 1.1068812 1.1062585 1.1147874 1.1078323 1.1099628 1.1015696 1.1050230 1.1105203 1.1077213 1.1218993 1.1094775 1.1057463 1.1051757 1.1112436 1.1051757 1.1064016 1.1139885 1.1048358 1.1160340 1.1155494 0.0068421 0.0072643 1.1064271 0.0085563 1.7297622 
HM585509_Human_herpesvirus_1            0.0202891 0.0170952 0.0115446 0.0216953 0.0216953 0.0128754 0.0111187 0.0221675 0.0202348 0.0221675 0.0207507 0.0197295 0.0000000 0.0212639 0.0115078 0.0211743 0.0226848 0.0202737 0.0222610 0.9306349 0.9262733 0.9056525 0.5758432 0.9109745 0.8080008 0.9520392 0.7662553 0.8501607 0.9206008 0.4343835 0.7270611 0.8006665 0.8069666 1.0269932 0.7737088 0.9301788 0.8270508 0.0164052 0.0213705 0.0208931 0.0229292 0.0197669 0.0192243 0.0370016 1.1129254 0.0184435 0.0178805 0.0193885 1.1182358 0.0188923 0.0165532 0.0202240 0.0202034 0.0211556 0.0311353 0.0198565 0.0190031 0.0226463 1.0871311 1.1239422 1.0923413 1.0840217 1.0963459 1.0908602 1.1178077 1.1137284 1.1108977 1.1146084 1.1165254 1.1124688 1.1164330 1.1269472 1.1150836 1.1137856 1.1103625 1.1125638 1.1095766 1.1130077 1.1101573 1.1095354 1.1170275 1.1111033 1.1154616 1.1048587 1.1083120 1.1137856 1.1110135 1.1251339 1.1127485 1.1090281 1.1084580 1.1145030 1.1084580 1.1096781 1.1172467 1.1081230 1.1192807 1.1188149 0.0202034 0.0206898 1.1097103 0.0192417 1.7508974 
HM585510_Human_herpesvirus_1            0.0179766 0.0129472 0.0180889 0.0193588 0.0193588 0.0157050 0.0179631 0.0198230 0.0179280 0.0198230 0.0184309 0.0119312 0.0212639 0.0000000 0.0180359 0.0140313 0.0151229 0.0137870 0.0147093 0.9369355 0.9404925 0.9176757 0.5746517 0.9265446 0.8210289 0.9782973 0.7803958 0.8648401 0.9336904 0.4393548 0.7376783 0.8080780 0.8196789 1.0436851 0.7842815 0.9465635 0.8391457 0.0100038 0.0142672 0.0167112 0.0151487 0.0132158 0.0168954 0.0297900 1.1219078 0.0138851 0.0129239 0.0106488 1.1295801 0.0110868 0.0143128 0.0132489 0.0132408 0.0141306 0.0237933 0.0144535 0.0144778 0.0150929 1.0993526 1.1310549 1.1045453 1.0957251 1.1035075 1.1029745 1.1291162 1.1249783 1.1221041 1.1258550 1.1278129 1.1237091 1.1233893 1.1368287 1.1263341 1.1250348 1.1215591 1.1238353 1.1207940 1.1242414 1.1213690 1.1207369 1.1283562 1.1223170 1.1224127 1.1160059 1.1173884 1.1250348 1.1222981 1.1365125 1.1239963 1.1202361 1.1196557 1.1257465 1.1196557 1.1208812 1.1211191 1.1193300 1.1305796 1.1301697 0.0132408 0.0136922 1.1209374 0.0124323 1.7512380 
HM585511_Human_herpesvirus_1            0.0165650 0.0107627 0.0000010 0.0179288 0.0179288 0.0076916 0.0056202 0.0183869 0.0165201 0.0183869 0.0170137 0.0166206 0.0115078 0.0180359 0.0000000 0.0193048 0.0208255 0.0193835 0.0204035 0.9383743 0.9327282 0.9094310 0.5810986 0.9229662 0.8113164 0.9671244 0.7727039 0.8567949 0.9272312 0.4284224 0.7376327 0.8073407 0.8129610 1.0423027 0.7774804 0.9395087 0.8340239 0.0136366 0.0165857 0.0181435 0.0209307 0.0183936 0.0154767 0.0343030 1.1162389 0.0170824 0.0165568 0.0171186 1.1258767 0.0161852 0.0112156 0.0174982 0.0174806 0.0184119 0.0274563 0.0164569 0.0185971 0.0217407 1.0960662 1.1273079 1.1012559 1.0927330 1.1005258 1.0997115 1.1254253 1.1213141 1.1184592 1.1221903 1.1241312 1.1200503 1.1197336 1.1346330 1.1207398 1.1213707 1.1179184 1.1201661 1.1171484 1.1205838 1.1177238 1.1170961 1.1246602 1.1186693 1.1197816 1.1123913 1.1137570 1.1213707 1.1186274 1.1327853 1.1203345 1.1165941 1.1160181 1.1220830 1.1160181 1.1172396 1.1248575 1.1156903 1.1268892 1.1264618 0.0174806 0.0179551 1.1172879 0.0179071 1.7452717 
HM585512_Human_herpesvirus_1            0.0155416 0.0096454 0.0193703 0.0169066 0.0169066 0.0164443 0.0187434 0.0164581 0.0154926 0.0164581 0.0159906 0.0131431 0.0211743 0.0140313 0.0193048 0.0000000 0.0000010 0.0036510 0.0000010 0.9124068 0.9110724 0.8865106 0.5576945 0.8960039 0.7918851 0.9462540 0.7530197 0.8388990 0.9023585 0.4271868 0.7148653 0.7825693 0.7941523 1.0248558 0.7624037 0.9171578 0.8168186 0.0089023 0.0136602 0.0128698 0.0117200 0.0130083 0.0135049 0.0286779 1.1046214 0.0150998 0.0145505 0.0070058 1.1122847 0.0087299 0.0132421 0.0091361 0.0091300 0.0095608 0.0222210 0.0108539 0.0161353 0.0057414 1.0860562 1.1157976 1.0896163 1.0811702 1.0899869 1.0898790 1.1118658 1.1077242 1.1048520 1.1086261 1.1105652 1.1064408 1.1061258 1.1211493 1.1091102 1.1077830 1.1043098 1.1065209 1.1034942 1.1069955 1.1040917 1.1034611 1.1110559 1.1050584 1.1051363 1.0987067 1.1000517 1.1077830 1.1049278 1.1193234 1.1067229 1.1029385 1.1023604 1.1085199 1.1023604 1.1036062 1.1075520 1.1020127 1.1133778 1.1128717 0.0091300 0.0091300 1.1036255 0.0108963 1.7226290 
HM585513_Human_herpesvirus_1            0.0170840 0.0103358 0.0208952 0.0184520 0.0184520 0.0175227 0.0202634 0.0180009 0.0170312 0.0180009 0.0175296 0.0138053 0.0226848 0.0151229 0.0208255 0.0000010 0.0000000 0.0039952 0.0000010 0.9221875 0.9207975 0.8970426 0.5810983 0.9056859 0.8079651 0.9545763 0.7686702 0.8531379 0.9126529 0.4441294 0.7315071 0.7981458 0.8092698 1.0308601 0.7782477 0.9268332 0.8301292 0.0091775 0.0152547 0.0144319 0.0119555 0.0136590 0.0150839 0.0291173 1.1088786 0.0157143 0.0147332 0.0077321 1.1153724 0.0090027 0.0147932 0.0094051 0.0093961 0.0098152 0.0238205 0.0125233 0.0176846 0.0060536 1.0898904 1.1188585 1.0933651 1.0850020 1.0936175 1.0935996 1.1149511 1.1108725 1.1080428 1.1117568 1.1136698 1.1096107 1.1092998 1.1240917 1.1122328 1.1109301 1.1075087 1.1096988 1.1067147 1.1101538 1.1072990 1.1066769 1.1141637 1.1082479 1.1083283 1.1019983 1.1033304 1.1109301 1.1081398 1.1222861 1.1098902 1.1061669 1.1055973 1.1116518 1.1055973 1.1068196 1.1107075 1.1052586 1.1164324 1.1159509 0.0093961 0.0093910 1.1068466 0.0115811 1.7378155 
HM585514_Human_herpesvirus_1            0.0169831 0.0085790 0.0193908 0.0174417 0.0174417 0.0169694 0.0187765 0.0170008 0.0169309 0.0170008 0.0174263 0.0120234 0.0202737 0.0137870 0.0193835 0.0036510 0.0039952 0.0000000 0.0039973 0.9050070 0.9037720 0.8804394 0.5666416 0.8893772 0.7891007 0.9385517 0.7500956 0.8352156 0.8957762 0.4327093 0.7117908 0.7801735 0.7914613 1.0160824 0.7596158 0.9107261 0.8113693 0.0091476 0.0142926 0.0135007 0.0110327 0.0127250 0.0150369 0.0271099 1.1011582 0.0138889 0.0124965 0.0060470 1.1025201 0.0072994 0.0129724 0.0076972 0.0076922 0.0076880 0.0237240 0.0129587 0.0148744 0.0019791 1.0767955 1.1058540 1.0803290 1.0722258 1.0802407 1.0806422 1.1021374 1.0981028 1.0953075 1.0989954 1.1008722 1.0968456 1.0965420 1.1111834 1.0994688 1.0981611 1.0947814 1.0968987 1.0939593 1.0973985 1.0945537 1.0939405 1.1013226 1.0955045 1.0955720 1.0892980 1.0905875 1.0981611 1.0953169 1.1094313 1.0971178 1.0934199 1.0928589 1.0988933 1.0928589 1.0940819 1.0979232 1.0925073 1.1036365 1.1030900 0.0076922 0.0076880 1.0940819 0.0102625 1.7358758 
HM585515_Human_herpesvirus_1            0.0166164 0.0103390 0.0204112 0.0170811 0.0170811 0.0170542 0.0197845 0.0166338 0.0165650 0.0166338 0.0170605 0.0133930 0.0222610 0.0147093 0.0204035 0.0000010 0.0000010 0.0039973 0.0000000 0.9151561 0.9138269 0.8898815 0.5810983 0.8989699 0.7982456 0.9481031 0.7588730 0.8438175 0.9054139 0.4441294 0.7212125 0.7888717 0.8000982 1.0250689 0.7685991 0.9202553 0.8203340 0.0092068 0.0148262 0.0140139 0.0119944 0.0137113 0.0146600 0.0292378 1.1042600 0.0157741 0.0143458 0.0073258 1.1105025 0.0090309 0.0143624 0.0094317 0.0094254 0.0094254 0.0233426 0.0120684 0.0172116 0.0060756 1.0845912 1.1139374 1.0880957 1.0798246 1.0885050 1.0883631 1.1100955 1.1060261 1.1032041 1.1069147 1.1088180 1.1047637 1.1044547 1.1192171 1.1073908 1.1060840 1.1026716 1.1048380 1.1018652 1.1053109 1.1024546 1.1018351 1.1092958 1.1034063 1.1034816 1.0971603 1.0984793 1.1060840 1.1032668 1.1174284 1.1050403 1.1013196 1.1007522 1.1068106 1.1007522 1.1019777 1.1058545 1.1004080 1.1115860 1.1110789 0.0094254 0.0094254 1.1019939 0.0107429 1.7408128 
HSV2_1                                  0.9193561 0.9153631 0.9301239 0.9245139 0.9245139 0.9142587 0.9280996 0.9300424 0.9231808 0.9300424 0.9230766 0.9330990 0.9306349 0.9369355 0.9383743 0.9124068 0.9221875 0.9050070 0.9151561 0.0000000 0.0031672 0.0039697 0.0000020 0.0091746 0.0014770 0.0030908 0.0015297 0.0043048 0.0019411 0.0000021 0.0016190 0.0059612 0.0105926 0.0100659 0.0022657 0.0098500 0.0093158 0.9113643 0.9153368 0.9386895 0.9061528 0.9069680 0.9076864 0.9440061 0.2002550 0.9292679 0.9314272 0.9301657 0.0094384 0.9220568 0.9256316 0.9207422 0.9207906 0.9173858 0.9220778 0.8885452 0.9088149 0.9258307 0.0068242 0.0075838 0.0068242 0.0096659 0.0059433 0.0068242 0.0088033 0.0081280 0.0094157 0.0087727 0.0101069 0.0074840 0.0081280 0.0081688 0.0094259 0.0087772 0.0074840 0.0094321 0.0094495 0.0074840 0.0081280 0.0081280 0.0107686 0.0074840 0.0107510 0.0087727 0.0081605 0.0087772 0.0088610 0.0107452 0.0081335 0.0080997 0.0080997 0.0114263 0.0080997 0.0087811 0.0087891 0.0100876 0.0108100 0.0094384 0.9207906 0.9195084 0.0094257 0.9347320 1.5926344 
HSV2_2                                  0.9123679 0.9084226 0.9245791 0.9174576 0.9174576 0.9116046 0.9245552 0.9229209 0.9161500 0.9229209 0.9160503 0.9274528 0.9262733 0.9404925 0.9327282 0.9110724 0.9207975 0.9037720 0.9138269 0.0031672 0.0000000 0.0012768 0.0021028 0.0131759 0.0022376 0.0043163 0.0022759 0.0073317 0.0012782 0.0000021 0.0058467 0.0082257 0.0135465 0.0133908 0.0038165 0.0117841 0.0118665 0.9106265 0.9160305 0.9385602 0.9077177 0.9039859 0.9040298 0.9321431 0.2036629 0.9193742 0.9292634 0.9286996 0.0141187 0.9170920 0.9207558 0.9130521 0.9131153 0.9097617 0.9145051 0.8750258 0.9068849 0.9244056 0.0127631 0.0122594 0.0127421 0.0104663 0.0080409 0.0083008 0.0127867 0.0127541 0.0140838 0.0134207 0.0148171 0.0120971 0.0127541 0.0127756 0.0141188 0.0127541 0.0120868 0.0141088 0.0141347 0.0120868 0.0127541 0.0127541 0.0155043 0.0120868 0.0154401 0.0134207 0.0128062 0.0127541 0.0135653 0.0154703 0.0127632 0.0120575 0.0120519 0.0161838 0.0120519 0.0134343 0.0127665 0.0141187 0.0155614 0.0141254 0.9131153 0.9118583 0.0140987 0.9325311 1.6152189 
HSV2_3                                  0.8943628 0.8879408 0.9010691 0.8995544 0.8995544 0.8883614 0.9023927 0.9051484 0.8982414 0.9051484 0.8981476 0.9051910 0.9056525 0.9176757 0.9094310 0.8865106 0.8970426 0.8804394 0.8898815 0.0039697 0.0012768 0.0000000 0.0021028 0.0086884 0.0022773 0.0045633 0.0015120 0.0075515 0.0012958 0.0000021 0.0049844 0.0075755 0.0119557 0.0103952 0.0030633 0.0117425 0.0104796 0.8839482 0.8915448 0.9155043 0.8800498 0.8763720 0.8807590 0.9053990 0.1894950 0.8976321 0.9093962 0.9027131 0.0096812 0.8968978 0.8983188 0.8927790 0.8928852 0.8894761 0.8907194 0.8565974 0.8849897 0.9014184 0.0085518 0.0084873 0.0085518 0.0107666 0.0075713 0.0078058 0.0083571 0.0090344 0.0096573 0.0097017 0.0096700 0.0083749 0.0090344 0.0083573 0.0097188 0.0090344 0.0076747 0.0096746 0.0090001 0.0076747 0.0090344 0.0090344 0.0110470 0.0083676 0.0110018 0.0089973 0.0083698 0.0090344 0.0090946 0.0110224 0.0083414 0.0090450 0.0090407 0.0110144 0.0090407 0.0090062 0.0083433 0.0096812 0.0110918 0.0096858 0.8928852 0.8916236 0.0103776 0.9127121 1.5693606 
HSV2_4                                  0.5652436 0.5644949 0.5810986 0.5652436 0.5652436 0.5583840 0.5602478 0.5652436 0.5652436 0.5652436 0.5652436 0.5591520 0.5758432 0.5746517 0.5810986 0.5576945 0.5810983 0.5666416 0.5810983 0.0000020 0.0021028 0.0021028 0.0000000 0.0041922 0.0000020 0.0000020 0.0000020 0.0021074 0.0000020 0.0000023 0.0000020 0.0020771 0.0020771 0.0020771 0.0000020 0.0020771 0.0020771 0.5556935 0.5494434 0.5619622 0.5441082 0.5415856 0.5424498 0.5552843 0.0995068 0.5486241 0.5583840 0.5615581 0.0020771 0.5591520 0.5543615 0.5591520 0.5591520 0.5591520 0.5753753 0.5545266 0.5591513 0.5826573 0.0020771 0.0020771 0.0020771 0.0063736 0.0020771 0.0020771 0.0042278 0.0020771 0.0020771 0.0020771 0.0020771 0.0020771 0.0020771 0.0020771 0.0020771 0.0020771 0.0020771 0.0020771 0.0020771 0.0020771 0.0020771 0.0020771 0.0063531 0.0020771 0.0020771 0.0020771 0.0020771 0.0020771 0.0020771 0.0042013 0.0020771 0.0020771 0.0020771 0.0042013 0.0020771 0.0020771 0.0020771 0.0020771 0.0020771 0.0020771 0.5591520 0.5591520 0.0020771 0.5583840 1.3503337 
HSV2_5                                  0.8997270 0.8994859 0.9151111 0.9046003 0.9046003 0.8969048 0.9093423 0.9098449 0.9033623 0.9098449 0.9032721 0.9120301 0.9109745 0.9265446 0.9229662 0.8960039 0.9056859 0.8893772 0.8989699 0.0091746 0.0131759 0.0086884 0.0041922 0.0000000 0.0099876 0.0102843 0.0085460 0.0095581 0.0080627 0.0019387 0.0092078 0.0021290 0.0049339 0.0040908 0.0085017 0.0043353 0.0029850 0.8973295 0.9022568 0.9217826 0.8950163 0.8915816 0.8923675 0.9215008 0.2159810 0.9111075 0.9138225 0.9103563 0.0035002 0.9021149 0.9055919 0.8982490 0.8983381 0.8951349 0.8888993 0.8745811 0.8909344 0.9091185 0.0038650 0.0029443 0.0038320 0.0038826 0.0031535 0.0032315 0.0034977 0.0023144 0.0034842 0.0028985 0.0040894 0.0029007 0.0023144 0.0023256 0.0046826 0.0028998 0.0017311 0.0023224 0.0034966 0.0017311 0.0023144 0.0023144 0.0034987 0.0028985 0.0052828 0.0028985 0.0023229 0.0028998 0.0029254 0.0034916 0.0023158 0.0040955 0.0040955 0.0046901 0.0040955 0.0034916 0.0040840 0.0034916 0.0017320 0.0035002 0.8983381 0.8971486 0.0029009 0.9169368 1.5884329 
HSV2_6                                  0.7978437 0.7959559 0.8017172 0.8072478 0.8072478 0.7973868 0.8024460 0.8100298 0.8023081 0.8100298 0.8022489 0.8104280 0.8080008 0.8210289 0.8113164 0.7918851 0.8079651 0.7891007 0.7982456 0.0014770 0.0022376 0.0022773 0.0000020 0.0099876 0.0000000 0.0029630 0.0000024 0.0061078 0.0000023 0.0000021 0.0033151 0.0056144 0.0072013 0.0083557 0.0015990 0.0077721 0.0089638 0.7894725 0.7842894 0.8124140 0.7817842 0.7823701 0.7803610 0.8204119 0.1798301 0.8107779 0.8155010 0.8026816 0.0091409 0.8054116 0.8051262 0.8032438 0.8017897 0.7993197 0.8043322 0.7571849 0.7889853 0.8144911 0.0066463 0.0068537 0.0066463 0.0092232 0.0056706 0.0057860 0.0075813 0.0083776 0.0091142 0.0091639 0.0083420 0.0075927 0.0083776 0.0083467 0.0099798 0.0083776 0.0075583 0.0091335 0.0083399 0.0075583 0.0083776 0.0083776 0.0107520 0.0075927 0.0067814 0.0075583 0.0075948 0.0083776 0.0084385 0.0107237 0.0083465 0.0067568 0.0067568 0.0107147 0.0067568 0.0083465 0.0083488 0.0091409 0.0083399 0.0091409 0.8017897 0.8017897 0.0091673 0.8135324 1.4759994 
HSV2_7                                  0.9512992 0.9477886 0.9594909 0.9561136 0.9561136 0.9459452 0.9538501 0.9612401 0.9548363 0.9612401 0.9547259 0.9627675 0.9520392 0.9782973 0.9671244 0.9462540 0.9545763 0.9385517 0.9481031 0.0030908 0.0043163 0.0045633 0.0000020 0.0102843 0.0029630 0.0000000 0.0022612 0.0072280 0.0025484 0.0000021 0.0016129 0.0058928 0.0104344 0.0192556 0.0014885 0.0163571 0.0160978 0.9473261 0.9557075 0.9717716 0.9447400 0.9431759 0.9412729 0.9767632 0.2193590 0.9637580 0.9677315 0.9620040 0.0270789 0.9517110 0.9593329 0.9533914 0.9533752 0.9501813 0.9546576 0.9192959 0.9450563 0.9580196 0.0271652 0.0254600 0.0262897 0.0285002 0.0255956 0.0264973 0.0257473 0.0249355 0.0262745 0.0256085 0.0270583 0.0243469 0.0256660 0.0236854 0.0256296 0.0256240 0.0229062 0.0270266 0.0270034 0.0242583 0.0235774 0.0235774 0.0299408 0.0242583 0.0277861 0.0256085 0.0250350 0.0256240 0.0266094 0.0284548 0.0242876 0.0248939 0.0248939 0.0277632 0.0248939 0.0249657 0.0263991 0.0270468 0.0271607 0.0270789 0.9533752 0.9521488 0.0242695 0.9676575 1.6404326 
HSV2_8                                  0.7533150 0.7594427 0.7630142 0.7627701 0.7627701 0.7557050 0.7607890 0.7654886 0.7576578 0.7654886 0.7577764 0.7710099 0.7662553 0.7803958 0.7727039 0.7530197 0.7686702 0.7500956 0.7588730 0.0015297 0.0022759 0.0015120 0.0000020 0.0085460 0.0000024 0.0022612 0.0000000 0.0055294 0.0000024 0.0000021 0.0025121 0.0056921 0.0071368 0.0069255 0.0016328 0.0070532 0.0090692 0.7517064 0.7435605 0.7724629 0.7411143 0.7350842 0.7399732 0.7741083 0.1611575 0.7656331 0.7731662 0.7632595 0.0085326 0.7660803 0.7632976 0.7639429 0.7625415 0.7600541 0.7574490 0.7124245 0.7446597 0.7754538 0.0059877 0.0070679 0.0059877 0.0086523 0.0049979 0.0059877 0.0061564 0.0069255 0.0077146 0.0077169 0.0069255 0.0061375 0.0069255 0.0069313 0.0077198 0.0069255 0.0061375 0.0085257 0.0077198 0.0061375 0.0069255 0.0069255 0.0101686 0.0061375 0.0061375 0.0069255 0.0069555 0.0069255 0.0078127 0.0101413 0.0069312 0.0069312 0.0069312 0.0101326 0.0069312 0.0077260 0.0061424 0.0085326 0.0077198 0.0085326 0.7625415 0.7625415 0.0069255 0.7718136 1.4396910 
HSV2_9                                  0.8409036 0.8423363 0.8475776 0.8499320 0.8499320 0.8398567 0.8447159 0.8526756 0.8451801 0.8526756 0.8451031 0.8556536 0.8501607 0.8648401 0.8567949 0.8388990 0.8531379 0.8352156 0.8438175 0.0043048 0.0073317 0.0075515 0.0021074 0.0095581 0.0061078 0.0072280 0.0055294 0.0000000 0.0051158 0.0039383 0.0049959 0.0070928 0.0093549 0.0093591 0.0039171 0.0095409 0.0085897 0.8336474 0.8293755 0.8561311 0.8270324 0.8269094 0.8250169 0.8586244 0.1892424 0.8531454 0.8554714 0.8508282 0.0101410 0.8483255 0.8482076 0.8485725 0.8471074 0.8447357 0.8396523 0.8004321 0.8298764 0.8598356 0.0071223 0.0079686 0.0071223 0.0079286 0.0061188 0.0071405 0.0093719 0.0093880 0.0100830 0.0101349 0.0093505 0.0101447 0.0093880 0.0093522 0.0108941 0.0101410 0.0078650 0.0093830 0.0101247 0.0078650 0.0093880 0.0093880 0.0108853 0.0101349 0.0093449 0.0086044 0.0086439 0.0101410 0.0094530 0.0093472 0.0086111 0.0093135 0.0093135 0.0093400 0.0093135 0.0093553 0.0101025 0.0101111 0.0086044 0.0101410 0.8471074 0.8471074 0.0101385 0.8559943 1.5073781 
HSV2_10                                 0.9076533 0.9063305 0.9187533 0.9129354 0.9129354 0.9030679 0.9172909 0.9186112 0.9115838 0.9186112 0.9114823 0.9210008 0.9206008 0.9336904 0.9272312 0.9023585 0.9126529 0.8957762 0.9054139 0.0019411 0.0012782 0.0012958 0.0000020 0.0080627 0.0000023 0.0025484 0.0000024 0.0051158 0.0000000 0.0000021 0.0024317 0.0061009 0.0114515 0.0076714 0.0015018 0.0102551 0.0094913 0.9027031 0.9113307 0.9347910 0.8996274 0.8989201 0.8988488 0.9341087 0.1884278 0.9216683 0.9252057 0.9215796 0.0083622 0.9125518 0.9155813 0.9083587 0.9084340 0.9049560 0.9113229 0.8707740 0.9019644 0.9171377 0.0063873 0.0064638 0.0063873 0.0085836 0.0054758 0.0056567 0.0070473 0.0070292 0.0083417 0.0076861 0.0083525 0.0063741 0.0070292 0.0070473 0.0083509 0.0070292 0.0063741 0.0083565 0.0076885 0.0063741 0.0070292 0.0070292 0.0097154 0.0063741 0.0096751 0.0076861 0.0070578 0.0070292 0.0077688 0.0096937 0.0070340 0.0063575 0.0063545 0.0096869 0.0063545 0.0076936 0.0070355 0.0083622 0.0097550 0.0083661 0.9084340 0.9071342 0.0083508 0.9285949 1.5583833 
HSV2_11                                 0.4261148 0.4300716 0.4284224 0.4317240 0.4317240 0.4261148 0.4326269 0.4261148 0.4261148 0.4261148 0.4261148 0.4318816 0.4343835 0.4393548 0.4284224 0.4271868 0.4441294 0.4327093 0.4441294 0.0000021 0.0000021 0.0000021 0.0000023 0.0019387 0.0000021 0.0000021 0.0000021 0.0039383 0.0000021 0.0000000 0.0000021 0.0019387 0.0000021 0.0000021 0.0000021 0.0000021 0.0039181 0.4231146 0.4179700 0.4344447 0.4289967 0.4170265 0.4307371 0.4273333 0.0865604 0.4265497 0.4317020 0.4280781 0.0000021 0.4318816 0.4218556 0.4264433 0.4264433 0.4264433 0.4209852 0.3905711 0.4270261 0.4438018 0.0000022 0.0000021 0.0000022 0.0062039 0.0000022 0.0000022 0.0000021 0.0000021 0.0000021 0.0000021 0.0000021 0.0000021 0.0000021 0.0019387 0.0000021 0.0000021 0.0000021 0.0019387 0.0000021 0.0000021 0.0000021 0.0000021 0.0039181 0.0000021 0.0000021 0.0000021 0.0000021 0.0000021 0.0000021 0.0039181 0.0000021 0.0000021 0.0000021 0.0039181 0.0000021 0.0000021 0.0000021 0.0019424 0.0019387 0.0000021 0.4264433 0.4264433 0.0000021 0.4317020 1.0465764 
HSV2_12                                 0.7162044 0.7253561 0.7274103 0.7261438 0.7261438 0.7161094 0.7216268 0.7289348 0.7207999 0.7289348 0.7209224 0.7338224 0.7270611 0.7376783 0.7376327 0.7148653 0.7315071 0.7117908 0.7212125 0.0016190 0.0058467 0.0049844 0.0000020 0.0092078 0.0033151 0.0016129 0.0025121 0.0049959 0.0024317 0.0000021 0.0000000 0.0069429 0.0077038 0.0074510 0.0008390 0.0076376 0.0097547 0.7099089 0.7025609 0.7288708 0.6992810 0.7026529 0.7008329 0.7416322 0.1712680 0.7338698 0.7369462 0.7286012 0.0091856 0.7287676 0.7289774 0.7265686 0.7251605 0.7225488 0.7117945 0.6694467 0.7071122 0.7381855 0.0083415 0.0084158 0.0083415 0.0112454 0.0072105 0.0073787 0.0066222 0.0074514 0.0083017 0.0083043 0.0083100 0.0066011 0.0074514 0.0074582 0.0091692 0.0074514 0.0066011 0.0091775 0.0074514 0.0066011 0.0074514 0.0074514 0.0109546 0.0066011 0.0066011 0.0074514 0.0074688 0.0074514 0.0083149 0.0109229 0.0074580 0.0074580 0.0074580 0.0109128 0.0074580 0.0083149 0.0074602 0.0091856 0.0083077 0.0091856 0.7251605 0.7251605 0.0074514 0.7347773 1.4022125 
HSV2_13                                 0.7903426 0.7926128 0.7981500 0.7993484 0.7993484 0.7911361 0.7936139 0.8019990 0.7944518 0.8019990 0.7945665 0.8004617 0.8006665 0.8080780 0.8073407 0.7825693 0.7981458 0.7801735 0.7888717 0.0059612 0.0082257 0.0075755 0.0020771 0.0021290 0.0056144 0.0058928 0.0056921 0.0070928 0.0061009 0.0019387 0.0069429 0.0000000 0.0022313 0.0021243 0.0063775 0.0021254 0.0023614 0.7828092 0.7760502 0.7989401 0.7744984 0.7754860 0.7749614 0.8100093 0.1727314 0.8014907 0.8030328 0.7930851 0.0028504 0.7957057 0.7962736 0.7936484 0.7922757 0.7899192 0.7933692 0.7487606 0.7806403 0.8043447 0.0015529 0.0028721 0.0015529 0.0031339 0.0015210 0.0015577 0.0014156 0.0021243 0.0021243 0.0028391 0.0028406 0.0014129 0.0021243 0.0000022 0.0028401 0.0028406 0.0014116 0.0014166 0.0028401 0.0014116 0.0021243 0.0021243 0.0035755 0.0014116 0.0014116 0.0021243 0.0021339 0.0028406 0.0021461 0.0021271 0.0021258 0.0021258 0.0021258 0.0035640 0.0021258 0.0028421 0.0021262 0.0035666 0.0014125 0.0028504 0.7922757 0.7922757 0.0021243 0.8011446 1.4430731 
HSV2_14                                 0.7954117 0.7991060 0.8038898 0.8049392 0.8049392 0.7969540 0.8017280 0.8069156 0.7994606 0.8069156 0.7995740 0.8086142 0.8069666 0.8196789 0.8129610 0.7941523 0.8092698 0.7914613 0.8000982 0.0105926 0.0135465 0.0119557 0.0020771 0.0049339 0.0072013 0.0104344 0.0071368 0.0093549 0.0114515 0.0000021 0.0077038 0.0022313 0.0000000 0.0027900 0.0071712 0.0000022 0.0015617 0.7945392 0.7924879 0.8160677 0.7885968 0.7852337 0.7867830 0.8225011 0.1874075 0.8102415 0.8117641 0.8068860 0.0042259 0.8045226 0.8044219 0.8000451 0.7980381 0.7957102 0.7905651 0.7612218 0.7865906 0.8160883 0.0030955 0.0028440 0.0030955 0.0062689 0.0022650 0.0031054 0.0049332 0.0027884 0.0027884 0.0034950 0.0034969 0.0034983 0.0027884 0.0049283 0.0034962 0.0034969 0.0034950 0.0042229 0.0034962 0.0034950 0.0027884 0.0027884 0.0056613 0.0034950 0.0013873 0.0027884 0.0028007 0.0034969 0.0035341 0.0056474 0.0042093 0.0042322 0.0049460 0.0056433 0.0049460 0.0034986 0.0056442 0.0042137 0.0034962 0.0035152 0.7980381 0.7980381 0.0027884 0.8122441 1.4515586 
HSV2_15                                 1.0267963 1.0269312 1.0353566 1.0312638 1.0312638 1.0217556 1.0276869 1.0359512 1.0300092 1.0359512 1.0298768 1.0334043 1.0269932 1.0436851 1.0423027 1.0248558 1.0308601 1.0160824 1.0250689 0.0100659 0.0133908 0.0103952 0.0020771 0.0040908 0.0083557 0.0192556 0.0069255 0.0093591 0.0076714 0.0000021 0.0074510 0.0021243 0.0027900 0.0000000 0.0076460 0.0045910 0.0036737 1.0218861 1.0274593 1.0478806 1.0198418 1.0213518 1.0247345 1.0541240 0.2223977 1.0353128 1.0399218 1.0337450 0.0059494 1.0274125 1.0324672 1.0265946 1.0264555 1.0234700 1.0119735 1.0029093 1.0180753 1.0341302 0.0055096 0.0060341 0.0054721 0.0065471 0.0058552 0.0054506 0.0044232 0.0029186 0.0049137 0.0034112 0.0049201 0.0034248 0.0034168 0.0044253 0.0049118 0.0034124 0.0044187 0.0039252 0.0059518 0.0034155 0.0034139 0.0034139 0.0074930 0.0034112 0.0069542 0.0034226 0.0029314 0.0034124 0.0049643 0.0059249 0.0039145 0.0054154 0.0054135 0.0069582 0.0054135 0.0039157 0.0049170 0.0049190 0.0059484 0.0059516 1.0264555 1.0252619 0.0009646 1.0398444 1.6962891 
HSV2_16                                 0.7626052 0.7637719 0.7679393 0.7719562 0.7719562 0.7607306 0.7634765 0.7746608 0.7670532 0.7746608 0.7670108 0.7776015 0.7737088 0.7842815 0.7774804 0.7624037 0.7782477 0.7596158 0.7685991 0.0022657 0.0038165 0.0030633 0.0000020 0.0085017 0.0015990 0.0014885 0.0016328 0.0039171 0.0015018 0.0000021 0.0008390 0.0063775 0.0071712 0.0076460 0.0000000 0.0068596 0.0083748 0.7561258 0.7546253 0.7784554 0.7489716 0.7521025 0.7477690 0.7921631 0.1759691 0.7761259 0.7802317 0.7756551 0.0076517 0.7732431 0.7680906 0.7735846 0.7721889 0.7697386 0.7572181 0.7210720 0.7552164 0.7846409 0.0066427 0.0068598 0.0066427 0.0092368 0.0056644 0.0066427 0.0060970 0.0068598 0.0076405 0.0076428 0.0076475 0.0060783 0.0068598 0.0068655 0.0076456 0.0076475 0.0060783 0.0084440 0.0076456 0.0060783 0.0068598 0.0068598 0.0092593 0.0060783 0.0060783 0.0068598 0.0068784 0.0076475 0.0077368 0.0092484 0.0060783 0.0060783 0.0060783 0.0100358 0.0060783 0.0068598 0.0060799 0.0076517 0.0076456 0.0076517 0.7721889 0.7721889 0.0076456 0.7782074 1.4416023 
HSV2_17                                 0.9197931 0.9177311 0.9317921 0.9266098 0.9266098 0.9169449 0.9291951 0.9297874 0.9233704 0.9297874 0.9232728 0.9317906 0.9301788 0.9465635 0.9395087 0.9171578 0.9268332 0.9107261 0.9202553 0.0098500 0.0117841 0.0117425 0.0020771 0.0043353 0.0077721 0.0163571 0.0070532 0.0095409 0.0102551 0.0000021 0.0076376 0.0021254 0.0000022 0.0045910 0.0068596 0.0000000 0.0021895 0.9169655 0.9229901 0.9388655 0.9124194 0.9118749 0.9115288 0.9491732 0.2177696 0.9305184 0.9339039 0.9343200 0.0051687 0.9219876 0.9274263 0.9201536 0.9182142 0.9150371 0.9202345 0.8942986 0.9127156 0.9322499 0.0037577 0.0040520 0.0037577 0.0063429 0.0030327 0.0044214 0.0075317 0.0022534 0.0034051 0.0028227 0.0051601 0.0028248 0.0022534 0.0051771 0.0033961 0.0028238 0.0039837 0.0045754 0.0063500 0.0034064 0.0028234 0.0028234 0.0063417 0.0028227 0.0045736 0.0039817 0.0028432 0.0028238 0.0046095 0.0051565 0.0045659 0.0057604 0.0063447 0.0063350 0.0063447 0.0034095 0.0069252 0.0057401 0.0045644 0.0045874 0.9182142 0.9170196 0.0039690 0.9338340 1.5889962 
HSV2_18                                 0.8182602 0.8211815 0.8243377 0.8277552 0.8277552 0.8163030 0.8189180 0.8306008 0.8227628 0.8306008 0.8226931 0.8326911 0.8270508 0.8391457 0.8340239 0.8168186 0.8301292 0.8113693 0.8203340 0.0093158 0.0118665 0.0104796 0.0020771 0.0029850 0.0089638 0.0160978 0.0090692 0.0085897 0.0094913 0.0039181 0.0097547 0.0023614 0.0015617 0.0036737 0.0083748 0.0021895 0.0000000 0.8148191 0.8050653 0.8325290 0.8059001 0.8047479 0.8038748 0.8448292 0.1807609 0.8309745 0.8343775 0.8248510 0.0021843 0.8275639 0.8223456 0.8253521 0.8238505 0.8213599 0.8194920 0.7672429 0.8058088 0.8371001 0.0008123 0.0022188 0.0008123 0.0024577 0.0007836 0.0008145 0.0044017 0.0021860 0.0021748 0.0029222 0.0014462 0.0029251 0.0021860 0.0021761 0.0036653 0.0029238 0.0021754 0.0007234 0.0029186 0.0021754 0.0021860 0.0021860 0.0029218 0.0029222 0.0029091 0.0014462 0.0014517 0.0029238 0.0014614 0.0014482 0.0029112 0.0036668 0.0036668 0.0029122 0.0036668 0.0021778 0.0036491 0.0029144 0.0007213 0.0021843 0.8238505 0.8238505 0.0036653 0.8331248 1.4933983 
