101
HM585496_Human_herpesvirus_1            0.0000000 0.0090455 0.0081476 0.0003919 0.0003919 0.0086005 0.0064461 0.0094428 0.0000010 0.0094464 0.0000010 0.0094464 0.0076720 0.0144597 0.0090172 0.0081407 0.0081163 0.0076942 0.0072696 0.0076971 0.4478281 0.4455592 0.4390230 0.2886313 0.4513713 0.4358103 0.4563184 0.4228008 0.4416807 0.4464798 0.2089406 0.4238321 0.4424926 0.4543601 0.4505316 0.4166921 0.4556497 0.4309015 0.0127390 0.0089102 0.0119336 0.0149259 0.0136009 0.0136054 0.0106466 0.4696974 0.0127446 0.0114504 0.0131729 0.4744988 0.0081534 0.0140409 0.0072576 0.0072603 0.0072603 0.0131824 0.0131725 0.0118608 0.0080826 0.4746724 0.4743603 0.4744988 0.4744392 0.4743603 0.4755844 0.4766540 0.4763917 0.4766540 0.4754175 0.4762628 0.4743014 0.4769413 0.4762963 0.4787567 0.4769413 0.4755844 0.4735883 0.4747436 0.4731129 0.4731129 0.4763824 0.4763917 0.4764375 0.4776877 0.4777245 0.4780125 0.4766665 0.4782718 0.4778508 0.4788726 0.4756758 0.4778508 0.4767152 0.4781211 0.4777425 0.4768399 0.4765636 0.0072629 0.4748719 0.0110574 1.2523492 
HM585497_Human_herpesvirus_1            0.0090455 0.0000000 0.0089724 0.0094678 0.0094678 0.0035756 0.0056687 0.0035732 0.0090455 0.0035732 0.0090455 0.0035732 0.0094763 0.0172858 0.0039764 0.0089680 0.0099016 0.0094695 0.0090601 0.0094731 0.4471332 0.4448648 0.4383046 0.2843170 0.4499601 0.4350489 0.4573219 0.4206776 0.4422446 0.4470434 0.2061076 0.4190971 0.4392336 0.4529412 0.4491600 0.4145892 0.4542914 0.4246085 0.0155291 0.0115892 0.0120649 0.0164370 0.0146571 0.0146218 0.0107583 0.4666194 0.0137870 0.0124698 0.0142223 0.4704363 0.0099732 0.0151049 0.0090517 0.0090517 0.0090517 0.0142326 0.0142218 0.0137617 0.0098958 0.4706073 0.4702995 0.4704363 0.4703767 0.4702995 0.4715202 0.4725890 0.4723307 0.4725890 0.4713552 0.4722032 0.4723991 0.4728741 0.4743963 0.4746916 0.4728741 0.4715202 0.4695244 0.4706780 0.4690552 0.4690552 0.4723208 0.4723307 0.4723753 0.4736228 0.4736588 0.4739446 0.4726015 0.4742014 0.4737855 0.4748073 0.4716093 0.4737855 0.4726523 0.4719062 0.4736780 0.4727730 0.4725012 0.0090517 0.4707899 0.0120471 1.2495247 
HM585498_Human_herpesvirus_1            0.0081476 0.0089724 0.0000000 0.0081476 0.0081476 0.0068700 0.0064862 0.0072868 0.0081476 0.0072868 0.0081476 0.0072868 0.0040077 0.0159109 0.0068700 0.0007851 0.0081814 0.0077594 0.0036065 0.0077594 0.4497900 0.4474953 0.4409559 0.2888845 0.4533158 0.4378239 0.4582311 0.4247742 0.4434862 0.4484044 0.2088555 0.4232874 0.4445138 0.4563400 0.4524147 0.4173438 0.4575555 0.4315642 0.0106618 0.0081182 0.0124576 0.0145750 0.0102411 0.0137029 0.0077479 0.4653218 0.0089803 0.0077166 0.0081260 0.4724174 0.0044519 0.0106670 0.0036014 0.0036014 0.0036014 0.0098274 0.0098200 0.0115271 0.0044118 0.4725895 0.4722799 0.4724174 0.4723578 0.4722799 0.4735010 0.4745691 0.4743090 0.4745691 0.4733352 0.4741810 0.4722210 0.4748549 0.4742142 0.4766695 0.4748549 0.4735010 0.4715071 0.4726603 0.4710354 0.4710354 0.4742995 0.4743090 0.4743542 0.4756017 0.4756381 0.4759247 0.4745815 0.4761824 0.4757645 0.4767852 0.4735911 0.4757645 0.4746313 0.4749599 0.4756567 0.4747538 0.4744801 0.0036033 0.4727801 0.0124394 1.2414957 
HM585499_Human_herpesvirus_1            0.0003919 0.0094678 0.0081476 0.0000000 0.0000010 0.0086005 0.0064461 0.0090207 0.0003919 0.0090240 0.0003919 0.0090240 0.0072583 0.0140272 0.0085963 0.0085578 0.0081163 0.0081093 0.0068564 0.0076971 0.4466182 0.4443623 0.4378197 0.2864133 0.4501768 0.4345526 0.4551493 0.4215504 0.4404550 0.4452912 0.2089406 0.4225142 0.4412393 0.4531477 0.4493735 0.4154000 0.4544841 0.4296307 0.0123111 0.0093269 0.0115065 0.0149259 0.0140308 0.0136054 0.0102232 0.4685778 0.0123165 0.0110263 0.0136018 0.4733722 0.0077357 0.0140409 0.0068451 0.0068476 0.0068476 0.0136115 0.0136013 0.0114361 0.0076680 0.4735450 0.4732343 0.4733722 0.4733126 0.4732343 0.4744566 0.4755254 0.4752643 0.4755254 0.4742904 0.4751359 0.4731754 0.4758119 0.4751692 0.4776267 0.4758119 0.4744566 0.4724619 0.4736160 0.4719885 0.4719885 0.4752549 0.4752643 0.4753098 0.4765584 0.4765950 0.4768822 0.4755379 0.4771407 0.4767214 0.4777425 0.4745474 0.4767214 0.4755871 0.4769895 0.4766133 0.4757106 0.4754358 0.0068501 0.4737397 0.0106334 1.2500647 
HM585500_Human_herpesvirus_1            0.0003919 0.0094678 0.0081476 0.0000010 0.0000000 0.0086005 0.0064461 0.0090207 0.0003919 0.0090240 0.0003919 0.0090240 0.0072583 0.0140272 0.0085963 0.0085578 0.0081163 0.0081093 0.0068564 0.0076971 0.4466182 0.4443623 0.4378197 0.2864133 0.4501768 0.4345526 0.4551493 0.4215504 0.4404550 0.4452912 0.2089406 0.4225142 0.4412393 0.4531477 0.4493735 0.4154000 0.4544841 0.4296307 0.0123111 0.0093269 0.0115065 0.0149259 0.0140308 0.0136054 0.0102232 0.4685778 0.0123165 0.0110263 0.0136018 0.4733722 0.0077357 0.0140409 0.0068451 0.0068476 0.0068476 0.0136115 0.0136013 0.0114361 0.0076680 0.4735450 0.4732343 0.4733722 0.4733126 0.4732343 0.4744566 0.4755254 0.4752643 0.4755254 0.4742904 0.4751359 0.4731754 0.4758119 0.4751692 0.4776267 0.4758119 0.4744566 0.4724619 0.4736160 0.4719885 0.4719885 0.4752549 0.4752643 0.4753098 0.4765584 0.4765950 0.4768822 0.4755379 0.4771407 0.4767214 0.4777425 0.4745474 0.4767214 0.4755871 0.4769895 0.4766133 0.4757106 0.4754358 0.0068501 0.4737397 0.0106334 1.2500647 
HM585501_Human_herpesvirus_1            0.0086005 0.0035756 0.0068700 0.0086005 0.0086005 0.0000000 0.0044243 0.0003922 0.0086005 0.0003923 0.0086005 0.0003923 0.0086082 0.0154783 0.0000010 0.0068667 0.0094481 0.0090222 0.0082007 0.0090222 0.4435108 0.4412867 0.4347236 0.2823317 0.4487736 0.4312464 0.4537874 0.4182574 0.4385145 0.4434801 0.2088306 0.4165553 0.4379478 0.4517305 0.4480115 0.4107460 0.4531246 0.4251250 0.0137439 0.0111310 0.0111751 0.0150677 0.0133138 0.0132768 0.0090344 0.4632329 0.0120232 0.0107250 0.0128833 0.4681582 0.0091031 0.0137508 0.0081869 0.0081900 0.0081900 0.0128926 0.0128828 0.0120012 0.0090249 0.4683272 0.4680228 0.4681582 0.4680988 0.4680228 0.4692376 0.4703026 0.4700473 0.4703026 0.4690743 0.4699210 0.4701152 0.4705855 0.4721063 0.4723983 0.4705855 0.4692376 0.4672486 0.4683974 0.4667842 0.4667842 0.4700372 0.4700473 0.4700912 0.4713330 0.4713684 0.4716520 0.4703151 0.4719066 0.4714949 0.4725135 0.4693252 0.4714949 0.4703668 0.4696187 0.4713882 0.4704849 0.4702165 0.0081931 0.4684998 0.0111585 1.2520555 
HM585502_Human_herpesvirus_1            0.0064461 0.0056687 0.0064862 0.0064461 0.0064461 0.0044243 0.0000000 0.0048344 0.0068550 0.0048363 0.0064461 0.0048363 0.0060255 0.0154001 0.0048302 0.0068937 0.0089763 0.0089685 0.0052186 0.0085534 0.4467853 0.4445255 0.4379779 0.2843035 0.4516005 0.4335544 0.4565492 0.4229515 0.4407715 0.4467013 0.2061076 0.4189593 0.4415060 0.4545969 0.4507527 0.4143921 0.4558790 0.4285553 0.0127646 0.0101857 0.0119663 0.0140974 0.0123393 0.0132057 0.0089616 0.4675865 0.0110641 0.0097832 0.0110400 0.4736755 0.0064908 0.0123481 0.0056157 0.0056178 0.0056178 0.0119224 0.0119135 0.0110440 0.0060253 0.4738487 0.4735372 0.4736755 0.4736158 0.4735372 0.4747616 0.4758320 0.4755702 0.4758320 0.4745950 0.4754415 0.4756392 0.4761190 0.4776375 0.4779364 0.4761190 0.4747616 0.4727639 0.4739198 0.4722894 0.4722894 0.4755608 0.4755702 0.4756159 0.4768665 0.4769032 0.4771910 0.4758445 0.4774500 0.4770297 0.4780524 0.4748526 0.4770297 0.4758936 0.4751533 0.4769215 0.4760176 0.4757420 0.0056198 0.4740449 0.0110878 1.2482600 
HM585503_Human_herpesvirus_1            0.0094428 0.0035732 0.0072868 0.0090207 0.0090207 0.0003922 0.0048344 0.0000000 0.0094428 0.0000010 0.0094428 0.0000010 0.0090288 0.0159161 0.0003920 0.0076945 0.0098755 0.0098668 0.0086209 0.0094481 0.4444569 0.4422233 0.4356673 0.2819041 0.4473075 0.4322337 0.4547010 0.4192433 0.4394756 0.4444108 0.2088306 0.4175931 0.4364213 0.4502407 0.4465906 0.4117663 0.4516915 0.4235867 0.0141775 0.0119853 0.0116028 0.0155128 0.0141814 0.0137150 0.0094562 0.4641003 0.0124527 0.0111508 0.0137489 0.4667711 0.0095278 0.0141917 0.0086065 0.0086097 0.0086097 0.0137588 0.0137484 0.0124300 0.0094463 0.4669391 0.4666365 0.4667711 0.4667118 0.4666365 0.4678486 0.4689119 0.4686583 0.4689119 0.4676862 0.4685326 0.4687259 0.4691936 0.4707146 0.4710047 0.4691936 0.4678486 0.4658623 0.4670090 0.4654006 0.4654006 0.4686480 0.4686583 0.4687017 0.4699409 0.4699760 0.4702585 0.4689243 0.4705119 0.4701025 0.4711197 0.4679353 0.4701025 0.4689767 0.4682269 0.4699962 0.4690932 0.4688268 0.0086129 0.4671057 0.0115856 1.2518899 
HM585504_Human_herpesvirus_1            0.0000010 0.0090455 0.0081476 0.0003919 0.0003919 0.0086005 0.0068550 0.0094428 0.0000000 0.0094464 0.0000010 0.0094464 0.0076692 0.0144542 0.0090138 0.0081377 0.0081163 0.0076914 0.0072696 0.0076971 0.4488706 0.4465903 0.4400594 0.2905485 0.4524008 0.4368934 0.4573261 0.4238768 0.4427364 0.4475039 0.2089406 0.4249665 0.4435724 0.4554052 0.4515295 0.4178039 0.4566544 0.4319956 0.0127342 0.0089069 0.0119291 0.0149259 0.0135958 0.0136003 0.0106427 0.4706632 0.0127399 0.0114461 0.0131680 0.4754710 0.0081504 0.0140409 0.0072549 0.0072576 0.0072576 0.0131774 0.0131675 0.0118563 0.0080826 0.4756453 0.4753320 0.4754710 0.4754113 0.4753320 0.4765576 0.4776281 0.4773646 0.4776281 0.4763901 0.4772353 0.4752730 0.4779160 0.4772689 0.4797320 0.4779160 0.4765576 0.4745602 0.4757166 0.4740831 0.4740831 0.4773555 0.4773646 0.4774108 0.4786623 0.4786994 0.4789881 0.4776405 0.4792482 0.4788257 0.4798481 0.4766496 0.4788257 0.4776888 0.4790978 0.4787171 0.4778145 0.4775370 0.0072603 0.4758489 0.0110533 1.2544747 
HM585505_Human_herpesvirus_1            0.0094464 0.0035732 0.0072868 0.0090240 0.0090240 0.0003923 0.0048363 0.0000010 0.0094464 0.0000000 0.0094464 0.0000010 0.0090322 0.0159221 0.0003921 0.0076974 0.0098792 0.0098705 0.0086209 0.0094517 0.4434178 0.4411955 0.4346343 0.2819041 0.4462804 0.4311545 0.4536934 0.4181712 0.4384220 0.4433885 0.2088306 0.4164653 0.4353479 0.4491981 0.4455949 0.4106600 0.4506891 0.4225001 0.0141829 0.0119898 0.0116072 0.0155187 0.0141868 0.0137202 0.0094598 0.4631403 0.0124574 0.0111550 0.0137541 0.4658059 0.0095278 0.0141971 0.0086097 0.0086097 0.0086097 0.0137640 0.0137536 0.0124346 0.0094498 0.4659732 0.4656718 0.4658059 0.4657467 0.4656718 0.4668823 0.4679448 0.4676923 0.4679448 0.4667205 0.4675670 0.4677598 0.4682258 0.4697474 0.4700364 0.4682258 0.4668823 0.4648973 0.4660429 0.4644373 0.4644373 0.4676818 0.4676923 0.4677354 0.4689733 0.4690081 0.4692899 0.4679572 0.4695425 0.4691346 0.4701512 0.4669685 0.4691346 0.4680100 0.4672588 0.4690285 0.4681256 0.4678603 0.0086129 0.4661357 0.0115900 1.2518899 
HM585506_Human_herpesvirus_1            0.0000010 0.0090455 0.0081476 0.0003919 0.0003919 0.0086005 0.0064461 0.0094428 0.0000010 0.0094464 0.0000000 0.0094464 0.0076720 0.0144597 0.0090172 0.0081407 0.0081163 0.0076942 0.0072696 0.0076971 0.4478281 0.4455592 0.4390230 0.2886313 0.4513713 0.4358103 0.4563184 0.4228008 0.4416807 0.4464798 0.2089406 0.4238321 0.4424926 0.4543601 0.4505316 0.4166921 0.4556497 0.4309015 0.0127390 0.0089102 0.0119336 0.0149259 0.0136009 0.0136054 0.0106466 0.4696974 0.0127446 0.0114504 0.0131729 0.4744988 0.0081534 0.0140409 0.0072576 0.0072603 0.0072603 0.0131824 0.0131725 0.0118608 0.0080826 0.4746724 0.4743603 0.4744988 0.4744392 0.4743603 0.4755844 0.4766540 0.4763917 0.4766540 0.4754175 0.4762628 0.4743014 0.4769413 0.4762963 0.4787567 0.4769413 0.4755844 0.4735883 0.4747436 0.4731129 0.4731129 0.4763824 0.4763917 0.4764375 0.4776877 0.4777245 0.4780125 0.4766665 0.4782718 0.4778508 0.4788726 0.4756758 0.4778508 0.4767152 0.4781211 0.4777425 0.4768399 0.4765636 0.0072629 0.4748719 0.0110574 1.2523492 
HM585507_Human_herpesvirus_1            0.0094464 0.0035732 0.0072868 0.0090240 0.0090240 0.0003923 0.0048363 0.0000010 0.0094464 0.0000010 0.0094464 0.0000000 0.0090322 0.0159221 0.0003921 0.0076974 0.0098792 0.0098705 0.0086209 0.0094517 0.4434178 0.4411955 0.4346343 0.2819041 0.4462804 0.4311545 0.4536934 0.4181712 0.4384220 0.4433885 0.2088306 0.4164653 0.4353479 0.4491981 0.4455949 0.4106600 0.4506891 0.4225001 0.0141829 0.0119898 0.0116072 0.0155187 0.0141868 0.0137202 0.0094598 0.4631403 0.0124574 0.0111550 0.0137541 0.4658059 0.0095278 0.0141971 0.0086097 0.0086097 0.0086097 0.0137640 0.0137536 0.0124346 0.0094498 0.4659732 0.4656718 0.4658059 0.4657467 0.4656718 0.4668823 0.4679448 0.4676923 0.4679448 0.4667205 0.4675670 0.4677598 0.4682258 0.4697474 0.4700364 0.4682258 0.4668823 0.4648973 0.4660429 0.4644373 0.4644373 0.4676818 0.4676923 0.4677354 0.4689733 0.4690081 0.4692899 0.4679572 0.4695425 0.4691346 0.4701512 0.4669685 0.4691346 0.4680100 0.4672588 0.4690285 0.4681256 0.4678603 0.0086129 0.4661357 0.0115900 1.2518899 
HM585508_Human_herpesvirus_1            0.0076720 0.0094763 0.0040077 0.0072583 0.0072583 0.0086082 0.0060255 0.0090288 0.0076692 0.0090322 0.0076720 0.0090322 0.0000000 0.0166901 0.0086008 0.0044082 0.0072919 0.0072829 0.0011808 0.0068748 0.4550229 0.4526727 0.4438373 0.2925314 0.4584807 0.4432700 0.4632835 0.4277723 0.4487861 0.4512488 0.2117070 0.4289883 0.4499382 0.4615814 0.4574214 0.4229394 0.4625932 0.4370605 0.0102331 0.0076471 0.0115204 0.0137301 0.0102358 0.0136219 0.0060279 0.4718686 0.0085565 0.0072972 0.0081218 0.4801647 0.0011890 0.0102468 0.0011785 0.0011789 0.0011789 0.0098222 0.0098149 0.0110951 0.0019694 0.4803427 0.4800231 0.4801647 0.4801047 0.4800231 0.4812578 0.4823336 0.4820644 0.4823336 0.4810873 0.4819330 0.4821345 0.4826254 0.4841396 0.4844466 0.4826254 0.4812578 0.4792515 0.4804148 0.4787654 0.4787654 0.4820559 0.4820644 0.4821121 0.4833722 0.4834104 0.4837029 0.4823461 0.4839669 0.4835367 0.4845634 0.4813528 0.4835367 0.4823921 0.4827393 0.4834268 0.4825231 0.4822392 0.0011792 0.4805666 0.0097811 1.2506931 
HM585509_Human_herpesvirus_1            0.0144597 0.0172858 0.0159109 0.0140272 0.0140272 0.0154783 0.0154001 0.0159161 0.0144542 0.0159221 0.0144597 0.0159221 0.0166901 0.0000000 0.0154647 0.0163288 0.0158111 0.0157909 0.0162821 0.0153676 0.4402067 0.4369370 0.4314476 0.2772751 0.4415353 0.4267409 0.4489490 0.4150466 0.4328535 0.4401131 0.2035440 0.4119437 0.4334224 0.4443763 0.4420855 0.4075070 0.4460494 0.4206019 0.0166936 0.0179833 0.0105910 0.0127383 0.0166984 0.0084939 0.0171388 0.4627682 0.0167013 0.0144978 0.0162613 0.4650454 0.0172498 0.0167169 0.0162485 0.0162547 0.0162547 0.0158359 0.0162608 0.0122785 0.0171281 0.4652120 0.4649117 0.4650454 0.4649862 0.4649117 0.4661204 0.4671816 0.4669301 0.4671816 0.4659591 0.4668052 0.4648532 0.4674619 0.4668371 0.4692710 0.4674619 0.4661204 0.4641375 0.4652816 0.4636791 0.4636791 0.4669195 0.4669301 0.4669729 0.4682090 0.4682436 0.4685247 0.4671940 0.4687766 0.4683700 0.4693856 0.4662060 0.4683700 0.4672471 0.4686224 0.4682643 0.4673618 0.4670977 0.0162609 0.4653712 0.0105753 1.2578417 
HM585510_Human_herpesvirus_1            0.0090172 0.0039764 0.0068700 0.0085963 0.0085963 0.0000010 0.0048302 0.0003920 0.0090138 0.0003921 0.0090172 0.0003921 0.0086008 0.0154647 0.0000000 0.0072743 0.0094481 0.0094363 0.0081967 0.0090222 0.4442146 0.4419842 0.4354283 0.2838061 0.4494677 0.4319848 0.4544640 0.4189988 0.4392311 0.4441725 0.2088306 0.4173362 0.4386798 0.4524334 0.4486848 0.4115157 0.4537997 0.4258738 0.0137319 0.0115481 0.0111654 0.0150677 0.0137357 0.0132718 0.0090266 0.4638727 0.0120127 0.0107157 0.0133045 0.4688002 0.0090955 0.0137508 0.0081799 0.0081830 0.0081830 0.0133141 0.0133041 0.0119908 0.0090205 0.4689696 0.4686645 0.4688002 0.4687408 0.4686645 0.4698797 0.4709447 0.4706888 0.4709447 0.4697162 0.4705623 0.4707568 0.4712279 0.4727475 0.4730401 0.4712279 0.4698797 0.4678909 0.4690398 0.4674256 0.4674256 0.4706788 0.4706888 0.4707328 0.4719750 0.4720105 0.4722944 0.4709571 0.4725494 0.4721369 0.4731553 0.4699677 0.4721369 0.4710086 0.4702618 0.4720301 0.4711272 0.4708582 0.0081860 0.4691448 0.0111488 1.2528021 
HM585511_Human_herpesvirus_1            0.0081407 0.0089680 0.0007851 0.0085578 0.0085578 0.0068667 0.0068937 0.0076945 0.0081377 0.0076974 0.0081407 0.0076974 0.0044082 0.0163288 0.0072743 0.0000000 0.0081775 0.0077498 0.0040094 0.0077556 0.4526591 0.4492286 0.4438156 0.2925858 0.4561460 0.4396506 0.4609975 0.4265969 0.4463951 0.4512237 0.2088555 0.4252052 0.4474904 0.4592106 0.4551587 0.4192285 0.4603141 0.4334100 0.0110713 0.0081083 0.0128719 0.0145678 0.0102285 0.0136909 0.0081552 0.4679476 0.0093881 0.0081224 0.0081161 0.4750615 0.0048578 0.0106618 0.0040020 0.0040035 0.0040035 0.0098153 0.0098080 0.0119382 0.0048145 0.4752354 0.4749228 0.4750615 0.4750018 0.4749228 0.4761471 0.4772167 0.4769538 0.4772167 0.4759800 0.4768248 0.4748639 0.4775042 0.4768583 0.4793190 0.4775042 0.4761471 0.4741513 0.4753066 0.4736752 0.4736752 0.4769446 0.4769538 0.4769998 0.4782502 0.4782871 0.4785754 0.4772291 0.4788350 0.4784133 0.4794349 0.4762388 0.4784133 0.4772775 0.4776121 0.4783049 0.4774028 0.4771259 0.0040044 0.4754372 0.0128532 1.2481156 
HM585512_Human_herpesvirus_1            0.0081163 0.0099016 0.0081814 0.0081163 0.0081163 0.0094481 0.0089763 0.0098755 0.0081163 0.0098792 0.0081163 0.0098792 0.0072919 0.0158111 0.0094481 0.0081775 0.0000000 0.0003920 0.0077241 0.0003920 0.4516510 0.4504784 0.4428192 0.2888088 0.4551482 0.4409735 0.4600176 0.4265735 0.4455493 0.4502344 0.2116482 0.4264334 0.4464497 0.4581956 0.4541922 0.4218347 0.4593377 0.4359592 0.0140902 0.0106332 0.0106302 0.0154017 0.0136608 0.0136129 0.0060217 0.4690049 0.0123725 0.0110766 0.0132311 0.4768287 0.0086171 0.0140973 0.0077113 0.0077141 0.0077141 0.0132406 0.0132306 0.0123409 0.0085426 0.4770041 0.4766891 0.4768287 0.4767690 0.4766891 0.4779167 0.4789882 0.4787233 0.4789882 0.4777485 0.4785934 0.4766301 0.4792772 0.4786272 0.4810938 0.4792772 0.4779167 0.4759177 0.4770756 0.4754383 0.4754383 0.4787143 0.4787233 0.4787698 0.4800233 0.4800606 0.4803503 0.4790007 0.4806114 0.4801869 0.4812100 0.4780095 0.4801869 0.4790483 0.4804615 0.4800780 0.4791755 0.4788963 0.0077170 0.4772134 0.0115015 1.2498751 
HM585513_Human_herpesvirus_1            0.0076942 0.0094695 0.0077594 0.0081093 0.0081093 0.0090222 0.0089685 0.0098668 0.0076914 0.0098705 0.0076942 0.0098705 0.0072829 0.0157909 0.0094363 0.0077498 0.0003920 0.0000000 0.0077174 0.0000010 0.4547222 0.4523788 0.4458786 0.2925074 0.4581785 0.4429764 0.4629805 0.4285699 0.4486641 0.4532521 0.2116482 0.4285349 0.4496348 0.4612698 0.4571300 0.4239023 0.4622921 0.4379843 0.0140723 0.0101987 0.0106169 0.0149589 0.0132135 0.0131722 0.0060143 0.4695699 0.0123569 0.0110627 0.0127854 0.4796711 0.0086064 0.0136585 0.0077017 0.0077046 0.0077046 0.0127945 0.0127849 0.0123254 0.0085352 0.4798484 0.4795301 0.4796711 0.4796113 0.4795301 0.4807615 0.4818347 0.4815666 0.4818347 0.4805916 0.4814357 0.4794710 0.4821255 0.4814699 0.4839427 0.4821255 0.4807615 0.4787599 0.4799203 0.4782757 0.4782757 0.4815581 0.4815666 0.4816141 0.4828709 0.4829089 0.4832004 0.4818472 0.4834635 0.4830350 0.4840592 0.4808560 0.4830350 0.4818934 0.4833148 0.4829254 0.4820236 0.4817408 0.0077074 0.4800698 0.0114870 1.2552049 
HM585514_Human_herpesvirus_1            0.0072696 0.0090601 0.0036065 0.0068564 0.0068564 0.0082007 0.0052186 0.0086209 0.0072696 0.0086209 0.0072696 0.0086209 0.0011808 0.0162821 0.0081967 0.0040094 0.0077241 0.0077174 0.0000000 0.0073048 0.4509883 0.4486793 0.4421425 0.2906401 0.4545009 0.4390625 0.4593937 0.4259979 0.4446955 0.4495806 0.2117324 0.4245734 0.4457522 0.4575447 0.4535629 0.4186019 0.4587142 0.4328098 0.0098300 0.0072486 0.0111156 0.0133176 0.0098326 0.0132168 0.0056293 0.4681670 0.0081543 0.0068962 0.0077206 0.4764352 0.0015904 0.0098395 0.0007856 0.0007856 0.0007856 0.0094190 0.0094120 0.0106909 0.0015757 0.4766107 0.4762954 0.4764352 0.4763753 0.4762954 0.4775254 0.4785993 0.4783341 0.4785993 0.4773570 0.4782041 0.4784036 0.4788887 0.4804070 0.4807097 0.4788887 0.4775254 0.4755220 0.4766823 0.4750420 0.4750420 0.4783251 0.4783341 0.4783807 0.4796367 0.4796741 0.4799642 0.4786118 0.4802256 0.4798007 0.4808261 0.4776183 0.4798007 0.4786597 0.4789985 0.4796915 0.4787868 0.4785074 0.0007856 0.4768188 0.0093789 1.2450677 
HM585515_Human_herpesvirus_1            0.0076971 0.0094731 0.0077594 0.0076971 0.0076971 0.0090222 0.0085534 0.0094481 0.0076971 0.0094517 0.0076971 0.0094517 0.0068748 0.0153676 0.0090222 0.0077556 0.0003920 0.0000010 0.0073048 0.0000000 0.4528024 0.4504784 0.4439643 0.2888088 0.4562849 0.4409735 0.4611301 0.4265735 0.4467157 0.4513654 0.2116482 0.4264334 0.4476427 0.4593494 0.4552941 0.4218347 0.4604468 0.4359592 0.0136516 0.0102063 0.0102034 0.0149589 0.0132235 0.0131771 0.0056105 0.4678109 0.0119390 0.0106477 0.0127950 0.4778992 0.0081930 0.0136585 0.0072927 0.0072954 0.0072954 0.0128042 0.0127945 0.0119086 0.0081216 0.4780753 0.4777590 0.4778992 0.4778394 0.4777590 0.4789882 0.4800606 0.4797944 0.4800606 0.4788194 0.4796641 0.4777000 0.4803503 0.4796981 0.4821675 0.4803503 0.4789882 0.4769879 0.4781470 0.4765066 0.4765066 0.4797856 0.4797944 0.4798414 0.4810963 0.4811339 0.4814243 0.4800731 0.4816862 0.4812601 0.4822839 0.4790817 0.4812601 0.4801202 0.4815368 0.4811509 0.4802485 0.4799679 0.0072981 0.4782892 0.0110712 1.2521785 
HSV2_1                                  0.4478281 0.4471332 0.4497900 0.4466182 0.4466182 0.4435108 0.4467853 0.4444569 0.4488706 0.4434178 0.4478281 0.4434178 0.4550229 0.4402067 0.4442146 0.4526591 0.4516510 0.4547222 0.4509883 0.4528024 0.0000000 0.0031569 0.0036477 0.0095957 0.0116281 0.0023587 0.0008849 0.0023778 0.0009158 0.0031605 0.0013408 0.0029562 0.0115924 0.0111722 0.0101353 0.0014437 0.0111187 0.0082101 0.4510667 0.4532868 0.4453825 0.4464066 0.4526938 0.4451444 0.4513508 0.0649148 0.4522548 0.4474316 0.4525266 0.0096629 0.4519123 0.4519247 0.4528187 0.4517709 0.4517709 0.4498391 0.4515883 0.4463629 0.4550176 0.0096629 0.0101350 0.0096629 0.0101488 0.0101350 0.0101488 0.0106227 0.0101231 0.0106227 0.0101350 0.0110870 0.0101353 0.0111070 0.0110703 0.0111022 0.0111070 0.0106227 0.0101353 0.0120599 0.0096516 0.0096516 0.0110961 0.0101231 0.0106082 0.0106227 0.0111022 0.0111070 0.0101488 0.0111152 0.0115673 0.0120443 0.0111165 0.0115673 0.0106023 0.0115815 0.0106125 0.0106291 0.0106088 0.4508969 0.0106354 0.4447937 1.1280586 
HSV2_2                                  0.4455592 0.4448648 0.4474953 0.4443623 0.4443623 0.4412867 0.4445255 0.4422233 0.4465903 0.4411955 0.4455592 0.4411955 0.4526727 0.4369370 0.4419842 0.4492286 0.4504784 0.4523788 0.4486793 0.4504784 0.0031569 0.0000000 0.0040657 0.0095983 0.0096694 0.0023340 0.0035218 0.0023401 0.0031936 0.0026634 0.0013407 0.0029468 0.0095921 0.0092976 0.0089917 0.0044008 0.0104938 0.0077435 0.4487608 0.4531918 0.4432728 0.4441526 0.4503674 0.4418208 0.4490409 0.0619372 0.4499279 0.4451580 0.4502041 0.0095133 0.4495952 0.4496054 0.4504915 0.4494550 0.4494550 0.4475403 0.4492734 0.4441099 0.4526685 0.0095133 0.0099788 0.0095133 0.0095205 0.0099788 0.0104596 0.0099864 0.0094968 0.0099864 0.0095077 0.0104435 0.0095080 0.0109372 0.0104280 0.0104576 0.0109372 0.0104596 0.0095080 0.0118773 0.0090332 0.0090332 0.0104520 0.0094968 0.0099730 0.0099864 0.0104576 0.0104621 0.0095205 0.0104697 0.0109156 0.0113848 0.0104710 0.0109156 0.0099675 0.0109288 0.0099770 0.0099923 0.0104462 0.4485891 0.0099982 0.4414751 1.1062774 
HSV2_3                                  0.4390230 0.4383046 0.4409559 0.4378197 0.4378197 0.4347236 0.4379779 0.4356673 0.4400594 0.4346343 0.4390230 0.4346343 0.4438373 0.4314476 0.4354283 0.4438156 0.4428192 0.4458786 0.4421425 0.4439643 0.0036477 0.0040657 0.0000000 0.0095951 0.0110296 0.0009218 0.0035867 0.0004655 0.0022526 0.0004392 0.0000020 0.0024587 0.0104766 0.0106382 0.0100296 0.0033898 0.0105201 0.0087134 0.4422356 0.4444508 0.4365886 0.4376081 0.4438425 0.4363634 0.4425145 0.0628495 0.4433857 0.4385936 0.4436841 0.0095605 0.4407460 0.4430728 0.4439685 0.4429268 0.4429268 0.4409910 0.4427413 0.4375669 0.4461626 0.0095605 0.0100293 0.0095605 0.0095712 0.0100293 0.0095712 0.0100406 0.0095472 0.0100406 0.0095583 0.0100270 0.0095586 0.0105199 0.0104854 0.0105154 0.0105199 0.0100406 0.0095586 0.0114645 0.0090803 0.0090803 0.0105098 0.0095472 0.0100270 0.0100406 0.0105154 0.0105199 0.0095712 0.0105277 0.0109769 0.0114498 0.0105290 0.0109769 0.0100214 0.0109903 0.0100310 0.0100466 0.0105000 0.4420523 0.0100526 0.4360173 1.1342886 
HSV2_4                                  0.2886313 0.2843170 0.2888845 0.2864133 0.2864133 0.2823317 0.2843035 0.2819041 0.2905485 0.2819041 0.2886313 0.2819041 0.2925314 0.2772751 0.2838061 0.2925858 0.2888088 0.2925074 0.2906401 0.2888088 0.0095957 0.0095983 0.0095951 0.0000000 0.0009278 0.0076450 0.0076450 0.0086110 0.0096081 0.0076471 0.0013670 0.0067074 0.0009278 0.0037552 0.0000020 0.0106323 0.0009281 0.0018664 0.2878993 0.2921147 0.2839745 0.2864266 0.2921928 0.2862678 0.2881479 0.0404753 0.2926583 0.2905500 0.2901146 0.0000020 0.2904029 0.2885001 0.2904722 0.2904722 0.2904722 0.2901146 0.2901146 0.2856538 0.2905707 0.0000020 0.0000020 0.0000020 0.0000020 0.0000020 0.0000020 0.0009274 0.0009300 0.0009274 0.0000020 0.0009274 0.0009274 0.0009278 0.0018650 0.0018611 0.0009278 0.0000020 0.0000020 0.0018604 0.0009300 0.0009300 0.0009296 0.0009300 0.0009274 0.0009274 0.0018611 0.0009278 0.0000020 0.0000020 0.0009274 0.0018598 0.0000020 0.0009274 0.0028075 0.0028082 0.0000020 0.0000020 0.0018599 0.2904722 0.0000020 0.2860958 0.9846859 
HSV2_5                                  0.4513713 0.4499601 0.4533158 0.4501768 0.4501768 0.4487736 0.4516005 0.4473075 0.4524008 0.4462804 0.4513713 0.4462804 0.4584807 0.4415353 0.4494677 0.4561460 0.4551482 0.4581785 0.4545009 0.4562849 0.0116281 0.0096694 0.0110296 0.0009278 0.0000000 0.0080657 0.0104116 0.0086118 0.0087561 0.0090164 0.0013408 0.0070025 0.0000010 0.0030819 0.0021660 0.0110103 0.0021643 0.0033095 0.4545724 0.4567614 0.4466388 0.4499683 0.4561832 0.4464025 0.4548543 0.0621784 0.4557577 0.4509939 0.4560152 0.0017299 0.4554104 0.4554258 0.4563058 0.4552711 0.4552711 0.4533696 0.4550925 0.4499242 0.4584739 0.0017299 0.0021659 0.0017299 0.0012946 0.0021659 0.0012946 0.0017285 0.0030444 0.0017285 0.0021659 0.0030415 0.0021660 0.0004302 0.0039249 0.0021642 0.0004302 0.0017285 0.0021660 0.0030379 0.0026061 0.0026061 0.0030439 0.0030444 0.0026016 0.0017285 0.0021642 0.0012944 0.0012946 0.0012949 0.0034807 0.0039210 0.0030495 0.0034807 0.0034848 0.0043799 0.0026017 0.0008613 0.0026018 0.4544103 0.0017299 0.4460563 1.1419584 
HSV2_6                                  0.4358103 0.4350489 0.4378239 0.4345526 0.4345526 0.4312464 0.4335544 0.4322337 0.4368934 0.4311545 0.4358103 0.4311545 0.4432700 0.4267409 0.4319848 0.4396506 0.4409735 0.4429764 0.4390625 0.4409735 0.0023587 0.0023340 0.0009218 0.0076450 0.0080657 0.0000000 0.0023378 0.0004749 0.0013852 0.0004590 0.0000020 0.0014886 0.0082042 0.0080555 0.0070802 0.0024209 0.0080624 0.0064058 0.4391654 0.4414837 0.4321061 0.4331718 0.4408412 0.4318772 0.4393857 0.0576578 0.4403564 0.4353479 0.4406784 0.0065994 0.4400329 0.4400348 0.4409735 0.4398846 0.4398846 0.4378555 0.4396893 0.4331298 0.4421177 0.0065994 0.0070800 0.0065994 0.0070901 0.0070800 0.0070901 0.0075738 0.0070714 0.0075738 0.0070800 0.0075630 0.0070802 0.0080657 0.0080381 0.0080621 0.0080657 0.0075738 0.0070802 0.0090359 0.0065915 0.0065915 0.0080576 0.0070714 0.0075630 0.0075738 0.0080621 0.0080657 0.0070901 0.0080687 0.0085367 0.0090238 0.0080732 0.0085367 0.0075557 0.0085507 0.0075633 0.0075784 0.0075635 0.4389684 0.0075832 0.4315171 1.1217514 
HSV2_7                                  0.4563184 0.4573219 0.4582311 0.4551493 0.4551493 0.4537874 0.4565492 0.4547010 0.4573261 0.4536934 0.4563184 0.4536934 0.4632835 0.4489490 0.4544640 0.4609975 0.4600176 0.4629805 0.4593937 0.4611301 0.0008849 0.0035218 0.0035867 0.0076450 0.0104116 0.0023378 0.0000000 0.0023531 0.0009033 0.0030776 0.0013431 0.0034375 0.0105245 0.0100502 0.0096697 0.0019301 0.0106610 0.0076597 0.4594558 0.4637728 0.4540920 0.4549461 0.4610380 0.4537162 0.4597334 0.0646395 0.4606323 0.4559682 0.4608695 0.0101773 0.4602799 0.4602995 0.4611569 0.4601442 0.4601442 0.4582914 0.4599716 0.4549016 0.4632747 0.0101773 0.0106320 0.0101773 0.0097288 0.0106320 0.0106435 0.0101826 0.0101618 0.0101826 0.0097160 0.0106276 0.0097163 0.0111086 0.0110714 0.0106416 0.0111086 0.0106435 0.0097163 0.0120229 0.0092535 0.0092535 0.0106360 0.0101618 0.0101692 0.0101826 0.0106416 0.0106459 0.0097288 0.0106535 0.0115486 0.0120057 0.0106548 0.0115486 0.0101638 0.0111003 0.0106318 0.0101884 0.0110883 0.4593046 0.0101943 0.4533747 1.1275602 
HSV2_8                                  0.4228008 0.4206776 0.4247742 0.4215504 0.4215504 0.4182574 0.4229515 0.4192433 0.4238768 0.4181712 0.4228008 0.4181712 0.4277723 0.4150466 0.4189988 0.4265969 0.4265735 0.4285699 0.4259979 0.4265735 0.0023778 0.0023401 0.0004655 0.0086110 0.0086118 0.0004749 0.0023531 0.0000000 0.0014026 0.0000028 0.0000020 0.0019965 0.0088564 0.0086227 0.0076130 0.0029730 0.0086049 0.0079716 0.4261240 0.4284394 0.4191258 0.4201885 0.4266244 0.4189168 0.4249897 0.0541114 0.4272588 0.4222872 0.4276227 0.0071268 0.4245558 0.4258152 0.4279060 0.4268242 0.4268242 0.4236377 0.4254770 0.4212903 0.4302001 0.0071268 0.0076127 0.0071268 0.0076236 0.0076127 0.0076236 0.0081116 0.0076035 0.0081116 0.0076127 0.0081000 0.0076130 0.0086084 0.0085788 0.0086046 0.0086084 0.0081116 0.0076130 0.0095912 0.0071181 0.0071181 0.0081104 0.0076035 0.0081000 0.0081116 0.0086046 0.0086084 0.0076236 0.0086150 0.0090864 0.0095783 0.0086164 0.0090864 0.0080953 0.0090979 0.0081035 0.0081166 0.0081006 0.4259052 0.0081218 0.4185628 1.1145650 
HSV2_9                                  0.4416807 0.4422446 0.4434862 0.4404550 0.4404550 0.4385145 0.4407715 0.4394756 0.4427364 0.4384220 0.4416807 0.4384220 0.4487861 0.4328535 0.4392311 0.4463951 0.4455493 0.4486641 0.4446955 0.4467157 0.0009158 0.0031936 0.0022526 0.0096081 0.0087561 0.0013852 0.0009033 0.0014026 0.0000000 0.0017917 0.0013434 0.0029530 0.0090530 0.0088040 0.0082738 0.0014464 0.0087493 0.0082713 0.4447857 0.4470383 0.4380875 0.4402398 0.4464247 0.4378562 0.4450018 0.0594383 0.4459658 0.4410866 0.4462611 0.0078040 0.4456358 0.4456426 0.4465524 0.4454920 0.4454920 0.4435259 0.4453043 0.4401971 0.4487836 0.0078040 0.0082735 0.0078040 0.0078040 0.0082735 0.0078040 0.0082735 0.0082638 0.0082735 0.0082735 0.0087455 0.0082738 0.0087528 0.0092084 0.0087490 0.0087528 0.0082735 0.0082738 0.0097001 0.0077949 0.0077949 0.0092301 0.0082638 0.0087455 0.0082735 0.0087490 0.0087528 0.0078040 0.0087593 0.0097009 0.0101769 0.0092473 0.0097009 0.0087406 0.0097127 0.0087491 0.0082785 0.0087461 0.4446034 0.0082835 0.4375034 1.1145574 
HSV2_10                                 0.4464798 0.4470434 0.4484044 0.4452912 0.4452912 0.4434801 0.4467013 0.4444108 0.4475039 0.4433885 0.4464798 0.4433885 0.4512488 0.4401131 0.4441725 0.4512237 0.4502344 0.4532521 0.4495806 0.4513654 0.0031605 0.0026634 0.0004392 0.0076471 0.0090164 0.0004590 0.0030776 0.0000028 0.0017917 0.0000000 0.0000026 0.0019556 0.0094484 0.0091211 0.0089020 0.0029050 0.0093905 0.0072021 0.4496600 0.4518420 0.4453359 0.4462092 0.4512565 0.4449684 0.4499385 0.0615089 0.4508221 0.4460850 0.4510936 0.0084454 0.4481971 0.4505003 0.4513795 0.4503503 0.4503503 0.4484504 0.4501703 0.4461663 0.4535406 0.0084454 0.0089017 0.0084454 0.0084547 0.0089017 0.0089115 0.0089115 0.0084339 0.0089115 0.0084435 0.0093607 0.0084438 0.0093771 0.0093470 0.0093732 0.0093771 0.0089115 0.0084438 0.0102955 0.0079795 0.0079795 0.0093683 0.0084339 0.0088997 0.0089115 0.0093732 0.0093771 0.0084547 0.0093838 0.0098233 0.0102825 0.0093852 0.0098233 0.0088949 0.0098349 0.0089032 0.0089167 0.0093598 0.4494909 0.0089219 0.4446237 1.1287767 
HSV2_11                                 0.2089406 0.2061076 0.2088555 0.2089406 0.2089406 0.2088306 0.2061076 0.2088306 0.2089406 0.2088306 0.2089406 0.2088306 0.2117070 0.2035440 0.2088306 0.2088555 0.2116482 0.2116482 0.2117324 0.2116482 0.0013408 0.0013407 0.0000020 0.0013670 0.0013408 0.0000020 0.0013431 0.0000020 0.0013434 0.0000026 0.0000000 0.0000026 0.0013408 0.0054400 0.0013408 0.0027120 0.0026970 0.0026970 0.2090888 0.2115644 0.2061076 0.2090888 0.2118204 0.2036195 0.2116484 0.0249048 0.2090888 0.2090888 0.2090888 0.0013408 0.2088642 0.2118204 0.2089494 0.2089494 0.2089494 0.2090888 0.2090888 0.2088844 0.2116484 0.0013408 0.0013408 0.0013408 0.0013408 0.0013408 0.0013408 0.0013408 0.0013408 0.0013408 0.0013408 0.0013408 0.0026942 0.0013408 0.0026942 0.0040626 0.0013408 0.0026940 0.0013408 0.0026952 0.0013408 0.0013408 0.0013408 0.0013408 0.0013408 0.0013408 0.0040626 0.0013408 0.0013408 0.0013408 0.0013408 0.0013408 0.0013408 0.0013408 0.0013408 0.0026952 0.0013408 0.0013408 0.0040588 0.2089494 0.0013408 0.2089157 0.8513859 
HSV2_12                                 0.4238321 0.4190971 0.4232874 0.4225142 0.4225142 0.4165553 0.4189593 0.4175931 0.4249665 0.4164653 0.4238321 0.4164653 0.4289883 0.4119437 0.4173362 0.4252052 0.4264334 0.4285349 0.4245734 0.4264334 0.0029562 0.0029468 0.0024587 0.0067074 0.0070025 0.0014886 0.0034375 0.0019965 0.0029530 0.0019556 0.0000026 0.0000000 0.0071773 0.0075610 0.0059701 0.0041247 0.0069995 0.0066458 0.4259140 0.4283509 0.4175421 0.4198623 0.4264403 0.4173246 0.4235163 0.0510736 0.4258969 0.4206688 0.4262844 0.0054636 0.4256000 0.4255885 0.4265813 0.4254436 0.4254436 0.4232966 0.4252328 0.4198214 0.4277873 0.0054636 0.0059699 0.0054636 0.0059788 0.0059699 0.0059788 0.0064868 0.0064773 0.0064868 0.0059699 0.0064771 0.0059701 0.0070025 0.0074962 0.0069992 0.0070025 0.0064868 0.0059701 0.0080225 0.0059701 0.0059701 0.0064858 0.0064773 0.0064771 0.0064868 0.0069992 0.0070025 0.0059788 0.0070052 0.0074989 0.0080112 0.0059838 0.0074989 0.0064899 0.0070017 0.0064773 0.0064909 0.0064775 0.4244761 0.0064953 0.4169526 1.1320742 
HSV2_13                                 0.4424926 0.4392336 0.4445138 0.4412393 0.4412393 0.4379478 0.4415060 0.4364213 0.4435724 0.4353479 0.4424926 0.4353479 0.4499382 0.4334224 0.4386798 0.4474904 0.4464497 0.4496348 0.4457522 0.4476427 0.0115924 0.0095921 0.0104766 0.0009278 0.0000010 0.0082042 0.0105245 0.0088564 0.0090530 0.0094484 0.0013408 0.0071773 0.0000000 0.0027520 0.0013690 0.0110623 0.0018266 0.0029351 0.4458427 0.4481474 0.4375240 0.4410193 0.4475217 0.4372885 0.4460641 0.0588161 0.4470545 0.4420597 0.4473533 0.0013690 0.4467139 0.4467219 0.4476522 0.4465668 0.4465668 0.4445561 0.4463751 0.4409754 0.4499351 0.0013690 0.0018284 0.0013690 0.0009105 0.0018284 0.0009105 0.0013677 0.0027532 0.0013677 0.0018284 0.0022881 0.0018284 0.0000010 0.0036828 0.0018263 0.0000010 0.0013677 0.0018284 0.0027472 0.0022919 0.0022919 0.0027528 0.0027532 0.0022881 0.0013677 0.0018263 0.0009104 0.0009105 0.0009107 0.0032146 0.0036790 0.0027591 0.0032146 0.0032185 0.0041621 0.0022882 0.0004544 0.0022882 0.4456579 0.0013690 0.4370647 1.1452913 
HSV2_14                                 0.4543601 0.4529412 0.4563400 0.4531477 0.4531477 0.4517305 0.4545969 0.4502407 0.4554052 0.4491981 0.4543601 0.4491981 0.4615814 0.4443763 0.4524334 0.4592106 0.4581956 0.4612698 0.4575447 0.4593494 0.0111722 0.0092976 0.0106382 0.0037552 0.0030819 0.0080555 0.0100502 0.0086227 0.0088040 0.0091211 0.0054400 0.0075610 0.0027520 0.0000000 0.0026352 0.0109957 0.0017491 0.0028410 0.4576122 0.4598315 0.4495580 0.4529366 0.4592511 0.4493143 0.4578995 0.0622208 0.4588261 0.4539890 0.4590778 0.0021929 0.4584654 0.4584840 0.4593748 0.4583244 0.4583244 0.4563994 0.4581446 0.4528910 0.4615731 0.0021929 0.0026351 0.0021929 0.0017500 0.0026351 0.0017500 0.0021899 0.0026321 0.0021899 0.0026351 0.0035242 0.0026352 0.0026340 0.0035191 0.0008720 0.0026340 0.0021899 0.0026352 0.0035213 0.0021900 0.0021900 0.0035271 0.0026321 0.0030781 0.0021899 0.0008720 0.0026340 0.0017500 0.0026357 0.0039717 0.0044189 0.0035336 0.0039717 0.0030767 0.0039763 0.0030796 0.0021915 0.0030785 0.4574525 0.0021929 0.4489621 1.1460308 
HSV2_15                                 0.4505316 0.4491600 0.4524147 0.4493735 0.4493735 0.4480115 0.4507527 0.4465906 0.4515295 0.4455949 0.4505316 0.4455949 0.4574214 0.4420855 0.4486848 0.4551587 0.4541922 0.4571300 0.4535629 0.4552941 0.0101353 0.0089917 0.0100296 0.0000020 0.0021660 0.0070802 0.0096697 0.0076130 0.0082738 0.0089020 0.0013408 0.0059701 0.0013690 0.0026352 0.0000000 0.0094440 0.0021113 0.0018688 0.4536338 0.4579157 0.4471688 0.4502685 0.4551940 0.4468082 0.4539066 0.0626380 0.4547794 0.4501625 0.4550319 0.0004159 0.4544452 0.4544594 0.4553130 0.4543101 0.4543101 0.4524656 0.4541366 0.4502257 0.4574153 0.0004159 0.0008336 0.0004159 0.0012542 0.0008336 0.0016742 0.0016742 0.0025186 0.0016742 0.0012525 0.0020936 0.0012526 0.0020970 0.0033668 0.0020961 0.0020970 0.0016742 0.0012526 0.0029430 0.0016743 0.0016743 0.0020952 0.0025186 0.0016722 0.0016742 0.0020961 0.0020970 0.0012542 0.0020983 0.0025165 0.0029396 0.0020988 0.0025165 0.0025192 0.0033754 0.0016728 0.0016754 0.0012527 0.4534752 0.0016758 0.4464723 1.1242922 
HSV2_16                                 0.4166921 0.4145892 0.4173438 0.4154000 0.4154000 0.4107460 0.4143921 0.4117663 0.4178039 0.4106600 0.4166921 0.4106600 0.4229394 0.4075070 0.4115157 0.4192285 0.4218347 0.4239023 0.4186019 0.4218347 0.0014437 0.0044008 0.0033898 0.0106323 0.0110103 0.0024209 0.0019301 0.0029730 0.0014464 0.0029050 0.0027120 0.0041247 0.0110623 0.0109957 0.0094440 0.0000000 0.0110055 0.0096807 0.4175487 0.4199431 0.4117115 0.4128114 0.4192506 0.4115069 0.4189657 0.0620566 0.4198883 0.4147627 0.4202894 0.0094440 0.4196138 0.4184113 0.4205756 0.4194598 0.4194598 0.4161578 0.4180652 0.4139523 0.4217628 0.0094440 0.0099558 0.0094440 0.0099707 0.0099558 0.0099707 0.0104847 0.0099432 0.0104847 0.0099558 0.0104691 0.0099562 0.0110103 0.0109707 0.0110051 0.0110103 0.0104847 0.0094440 0.0120404 0.0094320 0.0094320 0.0109986 0.0099432 0.0104691 0.0104847 0.0110051 0.0110103 0.0099707 0.0110147 0.0115055 0.0120235 0.0110206 0.0115055 0.0104585 0.0109857 0.0104695 0.0104916 0.0104698 0.4185068 0.0104984 0.4112718 1.1290276 
HSV2_17                                 0.4556497 0.4542914 0.4575555 0.4544841 0.4544841 0.4531246 0.4558790 0.4516915 0.4566544 0.4506891 0.4556497 0.4506891 0.4625932 0.4460494 0.4537997 0.4603141 0.4593377 0.4622921 0.4587142 0.4604468 0.0111187 0.0104938 0.0105201 0.0009281 0.0021643 0.0080624 0.0106610 0.0086049 0.0087493 0.0093905 0.0026970 0.0069995 0.0018266 0.0017491 0.0021113 0.0110055 0.0000000 0.0028160 0.4587773 0.4630822 0.4511663 0.4542813 0.4603540 0.4507969 0.4590538 0.0636139 0.4599479 0.4552980 0.4601865 0.0021036 0.4595984 0.4596172 0.4604727 0.4594629 0.4594629 0.4576145 0.4592906 0.4542371 0.4625848 0.0021036 0.0025275 0.0021036 0.0008368 0.0025275 0.0016789 0.0012569 0.0021047 0.0012569 0.0016798 0.0025265 0.0016799 0.0021024 0.0029557 0.0008364 0.0021024 0.0016789 0.0016799 0.0029506 0.0021051 0.0021051 0.0025284 0.0021047 0.0021020 0.0012569 0.0008364 0.0016789 0.0008368 0.0016804 0.0033808 0.0038083 0.0025328 0.0033808 0.0029557 0.0038203 0.0025275 0.0012575 0.0029526 0.4586255 0.0012578 0.4504579 1.1362981 
HSV2_18                                 0.4309015 0.4246085 0.4315642 0.4296307 0.4296307 0.4251250 0.4285553 0.4235867 0.4319956 0.4225001 0.4309015 0.4225001 0.4370605 0.4206019 0.4258738 0.4334100 0.4359592 0.4379843 0.4328098 0.4359592 0.0082101 0.0077435 0.0087134 0.0018664 0.0033095 0.0064058 0.0076597 0.0079716 0.0082713 0.0072021 0.0026970 0.0066458 0.0029351 0.0028410 0.0018688 0.0096807 0.0028160 0.0000000 0.4317501 0.4340934 0.4260135 0.4270910 0.4334437 0.4257912 0.4332148 0.0562223 0.4341027 0.4290541 0.4344486 0.0013996 0.4337937 0.4326265 0.4347416 0.4336435 0.4336435 0.4304230 0.4322809 0.4282072 0.4370635 0.0013996 0.0018687 0.0013996 0.0018714 0.0018687 0.0018714 0.0023426 0.0023374 0.0023426 0.0018687 0.0023393 0.0018688 0.0028171 0.0032818 0.0028159 0.0028171 0.0023426 0.0018688 0.0037671 0.0013979 0.0013979 0.0023423 0.0023374 0.0023393 0.0023426 0.0028159 0.0028171 0.0018714 0.0028192 0.0032870 0.0037621 0.0028200 0.0032870 0.0023380 0.0028089 0.0018695 0.0023440 0.0023395 0.4327154 0.0023455 0.4254295 1.1317056 
