91
HM585496_Human_herpesvirus_1            0.0000000 0.0031721 0.0047691 0.0003927 0.0003927 0.0047725 0.0039720 0.0080283 0.0051740 0.0084324 0.0055829 0.0047691 0.0051789 0.0051789 0.0047701 0.1310288 0.1436422 0.1369638 0.0993573 0.1190534 0.1301299 0.1606174 0.1149675 0.1343356 0.1317978 0.0634097 0.1079956 0.1135710 0.1289167 0.1663642 0.1092213 0.1478952 0.1296887 0.0047711 0.0057629 0.0051714 0.0055762 0.0047803 0.0043682 0.0052055 0.2129781 0.0039681 0.0039681 0.0067865 0.1990873 0.0055801 0.0056076 0.0047711 0.0047711 0.0043724 0.0043724 0.0039710 0.0047667 0.1979198 0.1994326 0.1994326 0.1998078 0.1993754 0.2008745 0.1942640 0.1995697 0.1940576 0.1990312 0.1998631 0.1998602 0.1983106 0.1990825 0.1998593 0.2001547 0.2008774 0.2009302 0.1993802 0.1993802 0.2001547 0.1998650 0.1927928 0.1929094 0.1990312 0.1990825 0.2009302 0.1981728 0.2008783 0.1998650 0.2011704 0.1990873 0.1986533 0.1993754 0.2011704 0.2011704 0.0039710 0.4229739 
HM585497_Human_herpesvirus_1            0.0031721 0.0000000 0.0023673 0.0027716 0.0027716 0.0023689 0.0015773 0.0088597 0.0043676 0.0084367 0.0023689 0.0023673 0.0027683 0.0027683 0.0039656 0.1352304 0.1478413 0.1401519 0.1122059 0.1227366 0.1351304 0.1643670 0.1181301 0.1385917 0.1359055 0.0712076 0.1117159 0.1166635 0.1344113 0.1702020 0.1128517 0.1516166 0.1342648 0.0039665 0.0032685 0.0043654 0.0063918 0.0023728 0.0035654 0.0043942 0.2147029 0.0031670 0.0031670 0.0051656 0.2021335 0.0047715 0.0064279 0.0039665 0.0039665 0.0027690 0.0027690 0.0023711 0.0039628 0.2012650 0.2024871 0.2024871 0.2028602 0.2024288 0.2039413 0.1972491 0.2026158 0.1970496 0.2020763 0.2029166 0.2029136 0.2013496 0.2021286 0.2029127 0.2032154 0.2039444 0.2039981 0.2024337 0.2024337 0.2032154 0.2029185 0.1957649 0.1958834 0.2020763 0.2021286 0.2039981 0.2012177 0.2039453 0.2029185 0.2036450 0.2021335 0.2017005 0.2024288 0.2042447 0.2042447 0.0023711 0.4303879 
HM585498_Human_herpesvirus_1            0.0047691 0.0023673 0.0000000 0.0043654 0.0043654 0.0039572 0.0015748 0.0104946 0.0051670 0.0100666 0.0039629 0.0000010 0.0035630 0.0035630 0.0047637 0.1358182 0.1483931 0.1407612 0.1122059 0.1241724 0.1360836 0.1655602 0.1189461 0.1393957 0.1364782 0.0712076 0.1126911 0.1174638 0.1354619 0.1714028 0.1138008 0.1528458 0.1351376 0.0047647 0.0040899 0.0051645 0.0080081 0.0031670 0.0051693 0.0047916 0.2146480 0.0039628 0.0039628 0.0059665 0.2043166 0.0055726 0.0076404 0.0047647 0.0047647 0.0043614 0.0043614 0.0031647 0.0047603 0.2034583 0.2046750 0.2046750 0.2050453 0.2046162 0.2061332 0.1994043 0.2047972 0.1992107 0.2042589 0.2051022 0.2050992 0.2035301 0.2043117 0.2050983 0.2054053 0.2061363 0.2061905 0.2046211 0.2046211 0.2054053 0.2051041 0.1979156 0.1980351 0.2042589 0.2043117 0.2061905 0.2034022 0.2061372 0.2051041 0.2058327 0.2043166 0.2038858 0.2046162 0.2064409 0.2064409 0.0031647 0.4328512 
HM585499_Human_herpesvirus_1            0.0003927 0.0027716 0.0043654 0.0000000 0.0000010 0.0043684 0.0035697 0.0076157 0.0047691 0.0080191 0.0051766 0.0043654 0.0047735 0.0047735 0.0043662 0.1320197 0.1446288 0.1380213 0.0993573 0.1199262 0.1313074 0.1615493 0.1149675 0.1353382 0.1327665 0.0634097 0.1079956 0.1135710 0.1302096 0.1673179 0.1092213 0.1488200 0.1307674 0.0043672 0.0053433 0.0047667 0.0051704 0.0043756 0.0039653 0.0047981 0.2140271 0.0035662 0.0035662 0.0063780 0.2000992 0.0051740 0.0051995 0.0043672 0.0043672 0.0039692 0.0039692 0.0035687 0.0043632 0.1989326 0.2004472 0.2004472 0.2008217 0.2003897 0.2018932 0.1952556 0.2005815 0.1950515 0.2000427 0.2008774 0.2008745 0.1993201 0.2000944 0.2008736 0.2011713 0.2018962 0.2019492 0.2003945 0.2003945 0.2011713 0.2008793 0.1937801 0.1938973 0.2000427 0.2000944 0.2019492 0.1991842 0.2018971 0.2008793 0.2021916 0.2000992 0.1996655 0.2003897 0.2021916 0.2021916 0.0035687 0.4251187 
HM585500_Human_herpesvirus_1            0.0003927 0.0027716 0.0043654 0.0000010 0.0000000 0.0043684 0.0035697 0.0076157 0.0047691 0.0080191 0.0051766 0.0043654 0.0047735 0.0047735 0.0043662 0.1320197 0.1446288 0.1380213 0.0993573 0.1199262 0.1313074 0.1615493 0.1149675 0.1353382 0.1327665 0.0634097 0.1079956 0.1135710 0.1302096 0.1673179 0.1092213 0.1488200 0.1307674 0.0043672 0.0053433 0.0047667 0.0051704 0.0043756 0.0039653 0.0047981 0.2140271 0.0035662 0.0035662 0.0063780 0.2000992 0.0051740 0.0051995 0.0043672 0.0043672 0.0039692 0.0039692 0.0035687 0.0043632 0.1989326 0.2004472 0.2004472 0.2008217 0.2003897 0.2018932 0.1952556 0.2005815 0.1950515 0.2000427 0.2008774 0.2008745 0.1993201 0.2000944 0.2008736 0.2011713 0.2018962 0.2019492 0.2003945 0.2003945 0.2011713 0.2008793 0.1937801 0.1938973 0.2000427 0.2000944 0.2019492 0.1991842 0.2018971 0.2008793 0.2021916 0.2000992 0.1996655 0.2003897 0.2021916 0.2021916 0.0035687 0.4251187 
HM585501_Human_herpesvirus_1            0.0047725 0.0023689 0.0039572 0.0043684 0.0043684 0.0000000 0.0031640 0.0088364 0.0035599 0.0084146 0.0023663 0.0039572 0.0019699 0.0019699 0.0031605 0.1331285 0.1457446 0.1370426 0.1083917 0.1212279 0.1338739 0.1623885 0.1172709 0.1356217 0.1338510 0.0639997 0.1106918 0.1158213 0.1321954 0.1674109 0.1118547 0.1496565 0.1319739 0.0031612 0.0032598 0.0035582 0.0063753 0.0023668 0.0035614 0.0043828 0.2131227 0.0023663 0.0023663 0.0043543 0.2002248 0.0039612 0.0064110 0.0031612 0.0031612 0.0019704 0.0019704 0.0023651 0.0031583 0.1993493 0.2005735 0.2005735 0.2009482 0.2005159 0.2020211 0.1953748 0.2007076 0.1951709 0.2001683 0.2023774 0.2010010 0.1994448 0.2002200 0.2010001 0.2012985 0.2020241 0.2020773 0.2005207 0.2005207 0.2012985 0.2010059 0.1938976 0.1940150 0.2001683 0.2002200 0.2020773 0.1993091 0.2020250 0.2010059 0.2017292 0.2002248 0.1997908 0.2005159 0.2023201 0.2023201 0.0015748 0.4318943 
HM585502_Human_herpesvirus_1            0.0039720 0.0015773 0.0015748 0.0035697 0.0035697 0.0031640 0.0000000 0.0096822 0.0051707 0.0092564 0.0023701 0.0015748 0.0035655 0.0035655 0.0047670 0.1358189 0.1483939 0.1407619 0.1122059 0.1234543 0.1360844 0.1648481 0.1189466 0.1393964 0.1364788 0.0712076 0.1126918 0.1174644 0.1354628 0.1706807 0.1138014 0.1521239 0.1351383 0.0047681 0.0040929 0.0051681 0.0072034 0.0031692 0.0051729 0.0047950 0.2164953 0.0039656 0.0039656 0.0059707 0.2046180 0.0055765 0.0068315 0.0047681 0.0047681 0.0027665 0.0027665 0.0031670 0.0047637 0.2037598 0.2049776 0.2049776 0.2053481 0.2049187 0.2064387 0.1996943 0.2050991 0.1995011 0.2045601 0.2054052 0.2054022 0.2038299 0.2046131 0.2054013 0.2057094 0.2064418 0.2064962 0.2049236 0.2049236 0.2057094 0.2054071 0.1982027 0.1983225 0.2045601 0.2046131 0.2064962 0.2037023 0.2064427 0.2054071 0.2061372 0.2046180 0.2041869 0.2049187 0.2067475 0.2067475 0.0031670 0.4325696 
HM585504_Human_herpesvirus_1            0.0080283 0.0088597 0.0104946 0.0076157 0.0076157 0.0088364 0.0096822 0.0000000 0.0100739 0.0051677 0.0096659 0.0104946 0.0092538 0.0092538 0.0096588 0.1362928 0.1499146 0.1406165 0.1131818 0.1246004 0.1342355 0.1672768 0.1194118 0.1388610 0.1369438 0.0634097 0.1117649 0.1179146 0.1347501 0.1731815 0.1141078 0.1545035 0.1345478 0.0096609 0.0091250 0.0100687 0.0072012 0.0088513 0.0092469 0.0072449 0.2239331 0.0088384 0.0088384 0.0108868 0.2084156 0.0104922 0.0068359 0.0096610 0.0096610 0.0092563 0.0092563 0.0084384 0.0096518 0.2072570 0.2087867 0.2087867 0.2091552 0.2087262 0.2102666 0.2034036 0.2088976 0.2032189 0.2083563 0.2106457 0.2092106 0.2076167 0.2084106 0.2092097 0.2095279 0.2102698 0.2103256 0.2087313 0.2087313 0.2095279 0.2092157 0.2018923 0.2012857 0.2083563 0.2084106 0.2103256 0.2067568 0.2102707 0.2092157 0.2105856 0.2084156 0.2079850 0.2087262 0.2105856 0.2105856 0.0088448 0.4251170 
HM585508_Human_herpesvirus_1            0.0051740 0.0043676 0.0051670 0.0047691 0.0047691 0.0035599 0.0051707 0.0100739 0.0000000 0.0096477 0.0043626 0.0051670 0.0023712 0.0023712 0.0019718 0.1331738 0.1449701 0.1383755 0.1078190 0.1212659 0.1339283 0.1623875 0.1173129 0.1356678 0.1338954 0.0712076 0.1107397 0.1158621 0.1322548 0.1674098 0.1119017 0.1489371 0.1320230 0.0011818 0.0040910 0.0015766 0.0067787 0.0035657 0.0031641 0.0031819 0.2131218 0.0019708 0.0019708 0.0047650 0.2002238 0.0035632 0.0068176 0.0011818 0.0011818 0.0031627 0.0031627 0.0027646 0.0019704 0.1993483 0.2005725 0.2005725 0.2009472 0.2005149 0.2020202 0.1953739 0.2007066 0.1951699 0.2001673 0.2023764 0.2010001 0.1994438 0.2002190 0.2009992 0.2012975 0.2020232 0.2020763 0.2005197 0.2005197 0.2012975 0.2010049 0.1938967 0.1940141 0.2001673 0.2002190 0.2020763 0.1993081 0.2020241 0.2010049 0.2017282 0.2002238 0.1997898 0.2005149 0.2023191 0.2023191 0.0019722 0.4324244 
HM585509_Human_herpesvirus_1            0.0084324 0.0084367 0.0100666 0.0080191 0.0080191 0.0084146 0.0092564 0.0051677 0.0096477 0.0000000 0.0092410 0.0100666 0.0088302 0.0088302 0.0092342 0.1340176 0.1494045 0.1390364 0.1078239 0.1233233 0.1346337 0.1674687 0.1179880 0.1381609 0.1347194 0.0634097 0.1103296 0.1165262 0.1341387 0.1733564 0.1136430 0.1540136 0.1338131 0.0092362 0.0095430 0.0096427 0.0076036 0.0084288 0.0096519 0.0072323 0.2208310 0.0084165 0.0084165 0.0112937 0.2084743 0.0100644 0.0076475 0.0092363 0.0092363 0.0088327 0.0088327 0.0084226 0.0092275 0.2065812 0.2088442 0.2088442 0.2092114 0.2087840 0.2103193 0.2034780 0.2089546 0.2032942 0.2084152 0.2106972 0.2092667 0.2076780 0.2084693 0.2092657 0.2095830 0.2103225 0.2103781 0.2087890 0.2087890 0.2095830 0.2092717 0.2019715 0.2013669 0.2084152 0.2084693 0.2103781 0.2068201 0.2103234 0.2092717 0.2106373 0.2084743 0.2080451 0.2087840 0.2106373 0.2106373 0.0084226 0.4300973 
HM585510_Human_herpesvirus_1            0.0055829 0.0023689 0.0039629 0.0051766 0.0051766 0.0023663 0.0023701 0.0096659 0.0043626 0.0092410 0.0000000 0.0039629 0.0027652 0.0027652 0.0039611 0.1355613 0.1481189 0.1395968 0.1122059 0.1234179 0.1367864 0.1645677 0.1197649 0.1380665 0.1362261 0.0712076 0.1136700 0.1182669 0.1354055 0.1696188 0.1147533 0.1518621 0.1346299 0.0039620 0.0040859 0.0043605 0.0071915 0.0031641 0.0035614 0.0051936 0.2161162 0.0031634 0.0031634 0.0051598 0.2024550 0.0047661 0.0072329 0.0039620 0.0039620 0.0019704 0.0019704 0.0031618 0.0039584 0.2015897 0.2028086 0.2028086 0.2031806 0.2027504 0.2042607 0.1975757 0.2029361 0.1973775 0.2023979 0.2046219 0.2032340 0.2016722 0.2024501 0.2032331 0.2035358 0.2042637 0.2043174 0.2027553 0.2027553 0.2035358 0.2032388 0.1960936 0.1962121 0.2023979 0.2024501 0.2043174 0.2015404 0.2042646 0.2032388 0.2039643 0.2024550 0.2020232 0.2027504 0.2045641 0.2045641 0.0023684 0.4350417 
HM585511_Human_herpesvirus_1            0.0047691 0.0023673 0.0000010 0.0043654 0.0043654 0.0039572 0.0015748 0.0104946 0.0051670 0.0100666 0.0039629 0.0000000 0.0035630 0.0035630 0.0047637 0.1358182 0.1483931 0.1407612 0.1122059 0.1241724 0.1360836 0.1655602 0.1189461 0.1393957 0.1364782 0.0712076 0.1126911 0.1174638 0.1354619 0.1714028 0.1138008 0.1528458 0.1351376 0.0047647 0.0040899 0.0051645 0.0080081 0.0031670 0.0051693 0.0047916 0.2146480 0.0039628 0.0039628 0.0059665 0.2043166 0.0055726 0.0076404 0.0047647 0.0047647 0.0043614 0.0043614 0.0031647 0.0047603 0.2034583 0.2046750 0.2046750 0.2050453 0.2046162 0.2061332 0.1994043 0.2047972 0.1992107 0.2042589 0.2051022 0.2050992 0.2035301 0.2043117 0.2050983 0.2054053 0.2061363 0.2061905 0.2046211 0.2046211 0.2054053 0.2051041 0.1979156 0.1980351 0.2042589 0.2043117 0.2061905 0.2034022 0.2061372 0.2051041 0.2058327 0.2043166 0.2038858 0.2046162 0.2064409 0.2064409 0.0031647 0.4328512 
HM585512_Human_herpesvirus_1            0.0051789 0.0027683 0.0035630 0.0047735 0.0047735 0.0019699 0.0035655 0.0092538 0.0023712 0.0088302 0.0027652 0.0035630 0.0000000 0.0000010 0.0027665 0.1321772 0.1457931 0.1370924 0.1122059 0.1203851 0.1339297 0.1622087 0.1163165 0.1346624 0.1329213 0.0712076 0.1107411 0.1158632 0.1322563 0.1672222 0.1119031 0.1487737 0.1320243 0.0019740 0.0024446 0.0023701 0.0067851 0.0019731 0.0031670 0.0031848 0.2128674 0.0019727 0.0019727 0.0031641 0.1999902 0.0035665 0.0068231 0.0019740 0.0019740 0.0023684 0.0023684 0.0019717 0.0027646 0.1991148 0.2003379 0.2003379 0.2007124 0.2002804 0.2017831 0.1951497 0.2004725 0.1949455 0.1999338 0.2021384 0.2007651 0.1992115 0.1999854 0.2007642 0.2010617 0.2017861 0.2018392 0.2002852 0.2002852 0.2010617 0.2007699 0.1936750 0.1937921 0.1999338 0.1999854 0.2018392 0.1990755 0.2017870 0.2007699 0.2014920 0.1999902 0.1995566 0.2002804 0.2020812 0.2020812 0.0011815 0.4272741 
HM585513_Human_herpesvirus_1            0.0051789 0.0027683 0.0035630 0.0047735 0.0047735 0.0019699 0.0035655 0.0092538 0.0023712 0.0088302 0.0027652 0.0035630 0.0000010 0.0000000 0.0027665 0.1321772 0.1457931 0.1370924 0.1122059 0.1203851 0.1339297 0.1622087 0.1163165 0.1346624 0.1329213 0.0712076 0.1107411 0.1158632 0.1322563 0.1672222 0.1119031 0.1487737 0.1320243 0.0019740 0.0024446 0.0023701 0.0067851 0.0019731 0.0031670 0.0031848 0.2128674 0.0019727 0.0019727 0.0031641 0.1999902 0.0035665 0.0068231 0.0019740 0.0019740 0.0023684 0.0023684 0.0019717 0.0027646 0.1991148 0.2003379 0.2003379 0.2007124 0.2002804 0.2017831 0.1951497 0.2004725 0.1949455 0.1999338 0.2021384 0.2007651 0.1992115 0.1999854 0.2007642 0.2010617 0.2017861 0.2018392 0.2002852 0.2002852 0.2010617 0.2007699 0.1936750 0.1937921 0.1999338 0.1999854 0.2018392 0.1990755 0.2017870 0.2007699 0.2014920 0.1999902 0.1995566 0.2002804 0.2020812 0.2020812 0.0011815 0.4272741 
HM585514_Human_herpesvirus_1            0.0047701 0.0039656 0.0047637 0.0043662 0.0043662 0.0031605 0.0047670 0.0096588 0.0019718 0.0092342 0.0039611 0.0047637 0.0027665 0.0027665 0.0000000 0.1321760 0.1439797 0.1373136 0.1035406 0.1203840 0.1327334 0.1607452 0.1163154 0.1346612 0.1329201 0.0712076 0.1095621 0.1148861 0.1309420 0.1657391 0.1107533 0.1480110 0.1309362 0.0015758 0.0040880 0.0019708 0.0063720 0.0031656 0.0027651 0.0035797 0.2113454 0.0015747 0.0015747 0.0051623 0.1984890 0.0031634 0.0064077 0.0015758 0.0015758 0.0027640 0.0027640 0.0023667 0.0007862 0.1976069 0.1988333 0.1988333 0.1992097 0.1987763 0.2002756 0.1936685 0.1989724 0.1934604 0.1984330 0.2006274 0.1992620 0.1977123 0.1984842 0.1992611 0.1995556 0.2002785 0.2003312 0.1987810 0.1987810 0.1995556 0.1992668 0.1921972 0.1923136 0.1984330 0.1984842 0.2003312 0.1975730 0.2002794 0.1992668 0.1999874 0.1984890 0.1980540 0.1987763 0.2005706 0.2005706 0.0015759 0.4314731 
HSV2_1                                  0.1310288 0.1352304 0.1358182 0.1320197 0.1320197 0.1331285 0.1358189 0.1362928 0.1331738 0.1340176 0.1355613 0.1358182 0.1321772 0.1321772 0.1321760 0.0000000 0.0010636 0.0022449 0.0025555 0.0005305 0.0006246 0.0000021 0.0000023 0.0010873 0.0000021 0.0000022 0.0000010 0.0011504 0.0013923 0.0020836 0.0000025 0.0041787 0.0017486 0.1322201 0.1342552 0.1311845 0.1346024 0.1331749 0.1311845 0.1307769 0.0422930 0.1311845 0.1311845 0.1359856 0.0010381 0.1335543 0.1321558 0.1322221 0.1322221 0.1337615 0.1337615 0.1329692 0.1311845 0.0020823 0.0020823 0.0020823 0.0015583 0.0015602 0.0015598 0.0047048 0.0020811 0.0036539 0.0020792 0.0020842 0.0015583 0.0010381 0.0010381 0.0015583 0.0015602 0.0020817 0.0015602 0.0015602 0.0015602 0.0015602 0.0015588 0.0036539 0.0041787 0.0015583 0.0010381 0.0015602 0.0010381 0.0015602 0.0020836 0.0020842 0.0010381 0.0015602 0.0015602 0.0015602 0.0020836 0.1321772 0.2631588 
HSV2_2                                  0.1436422 0.1478413 0.1483931 0.1446288 0.1446288 0.1457446 0.1483939 0.1499146 0.1449701 0.1494045 0.1481189 0.1483931 0.1457931 0.1457931 0.1439797 0.0010636 0.0000000 0.0021721 0.0051287 0.0025774 0.0018735 0.0019624 0.0011503 0.0021530 0.0010444 0.0000022 0.0013602 0.0022563 0.0027921 0.0039439 0.0013240 0.0064342 0.0028669 0.1440253 0.1486574 0.1429951 0.1499554 0.1457931 0.1438112 0.1413511 0.0471026 0.1438112 0.1438112 0.1493548 0.0029473 0.1461215 0.1444334 0.1440275 0.1440275 0.1463442 0.1463442 0.1455718 0.1429951 0.0039415 0.0039415 0.0039415 0.0034415 0.0034454 0.0034445 0.0069327 0.0029491 0.0059330 0.0034415 0.0039450 0.0039370 0.0029473 0.0029473 0.0039370 0.0034454 0.0044372 0.0039415 0.0034454 0.0034454 0.0034454 0.0034424 0.0059330 0.0064316 0.0034415 0.0029473 0.0039415 0.0029473 0.0039405 0.0039440 0.0044411 0.0029473 0.0034454 0.0034454 0.0039439 0.0039439 0.1447998 0.3022006 
HSV2_3                                  0.1369638 0.1401519 0.1407612 0.1380213 0.1380213 0.1370426 0.1407619 0.1406165 0.1383755 0.1390364 0.1395968 0.1407612 0.1370924 0.1370924 0.1373136 0.0022449 0.0021721 0.0000000 0.0103767 0.0027839 0.0031354 0.0021672 0.0024134 0.0034496 0.0022657 0.0000022 0.0027334 0.0035555 0.0041803 0.0043381 0.0026783 0.0065611 0.0041541 0.1373615 0.1401885 0.1362585 0.1418365 0.1379724 0.1362585 0.1341478 0.0471633 0.1362585 0.1362585 0.1400566 0.0032417 0.1387587 0.1366445 0.1373636 0.1373636 0.1377011 0.1377011 0.1377477 0.1362585 0.0043352 0.0043352 0.0043352 0.0037847 0.0037895 0.0037884 0.0076286 0.0032440 0.0065277 0.0043285 0.0043395 0.0037847 0.0032417 0.0032417 0.0037847 0.0037895 0.0043340 0.0037895 0.0037895 0.0037895 0.0037895 0.0037859 0.0065277 0.0070767 0.0037847 0.0032417 0.0037895 0.0037847 0.0043340 0.0043382 0.0048854 0.0032417 0.0037895 0.0037895 0.0037895 0.0043381 0.1360387 0.2555082 
HSV2_4                                  0.0993573 0.1122059 0.1122059 0.0993573 0.0993573 0.1083917 0.1122059 0.1131818 0.1078190 0.1078239 0.1122059 0.1122059 0.1122059 0.1122059 0.1035406 0.0025555 0.0051287 0.0103767 0.0000000 0.0025555 0.0025555 0.0025555 0.0025555 0.0025555 0.0025555 0.0000029 0.0025555 0.0025555 0.0025555 0.0025519 0.0025555 0.0025555 0.0051287 0.1079902 0.1166867 0.1035406 0.1035406 0.1122059 0.1035406 0.1035406 0.0604722 0.1035406 0.1035406 0.1166867 0.0025555 0.1035406 0.1035406 0.1035406 0.1035406 0.1114232 0.1114232 0.1114255 0.1035406 0.0000026 0.0000026 0.0000026 0.0025555 0.0000026 0.0025555 0.0051356 0.0051287 0.0025555 0.0025555 0.0000026 0.0025555 0.0025555 0.0025555 0.0025555 0.0000026 0.0000026 0.0000026 0.0000026 0.0000026 0.0000026 0.0025555 0.0025555 0.0025555 0.0025555 0.0025555 0.0000026 0.0025555 0.0000026 0.0000026 0.0000026 0.0025555 0.0000026 0.0000026 0.0000026 0.0025519 0.1078239 0.1822438 
HSV2_5                                  0.1190534 0.1227366 0.1241724 0.1199262 0.1199262 0.1212279 0.1234543 0.1246004 0.1212659 0.1233233 0.1234179 0.1241724 0.1203851 0.1203851 0.1203840 0.0005305 0.0025774 0.0027839 0.0025555 0.0000000 0.0012594 0.0004849 0.0005620 0.0005282 0.0005230 0.0057449 0.0006797 0.0005523 0.0006945 0.0014537 0.0006619 0.0039101 0.0011664 0.1204211 0.1229720 0.1195072 0.1231505 0.1220192 0.1195072 0.1209671 0.0406657 0.1195072 0.1195072 0.1237633 0.0004826 0.1216447 0.1222271 0.1204227 0.1204227 0.1218137 0.1218137 0.1218501 0.1195072 0.0014528 0.0014528 0.0014528 0.0009665 0.0009676 0.0009674 0.0043792 0.0014521 0.0034015 0.0009665 0.0009676 0.0014512 0.0004826 0.0004826 0.0014512 0.0009676 0.0019383 0.0014528 0.0009676 0.0009676 0.0009676 0.0009668 0.0034015 0.0038900 0.0009665 0.0004826 0.0014528 0.0009665 0.0014525 0.0014537 0.0019400 0.0004826 0.0009676 0.0009676 0.0009676 0.0014537 0.1203851 0.2619294 
HSV2_6                                  0.1301299 0.1351304 0.1360836 0.1313074 0.1313074 0.1338739 0.1360844 0.1342355 0.1339283 0.1346337 0.1367864 0.1360836 0.1339297 0.1339297 0.1327334 0.0006246 0.0018735 0.0031354 0.0025555 0.0012594 0.0000000 0.0006231 0.0006390 0.0018767 0.0006355 0.0000022 0.0007114 0.0019244 0.0021247 0.0031348 0.0006970 0.0043949 0.0026159 0.1327863 0.1352253 0.1315470 0.1356366 0.1339297 0.1315470 0.1327348 0.0440440 0.1315470 0.1315470 0.1373000 0.0018731 0.1343804 0.1343825 0.1327887 0.1327887 0.1346300 0.1346300 0.1336821 0.1315470 0.0031323 0.0031323 0.0031323 0.0024996 0.0025032 0.0025024 0.0056619 0.0031302 0.0043949 0.0024996 0.0025032 0.0024996 0.0018731 0.0018731 0.0024996 0.0025032 0.0031313 0.0025032 0.0025032 0.0025032 0.0025032 0.0025005 0.0043949 0.0050270 0.0024996 0.0018731 0.0025032 0.0018731 0.0025032 0.0031348 0.0031358 0.0018731 0.0025032 0.0025032 0.0025032 0.0031348 0.1327348 0.2460298 
HSV2_7                                  0.1606174 0.1643670 0.1655602 0.1615493 0.1615493 0.1623885 0.1648481 0.1672768 0.1623875 0.1674687 0.1645677 0.1655602 0.1622087 0.1622087 0.1607452 0.0000021 0.0019624 0.0021672 0.0025555 0.0004849 0.0006231 0.0000000 0.0000010 0.0010464 0.0000021 0.0000022 0.0000010 0.0011021 0.0013923 0.0017295 0.0000025 0.0040763 0.0017069 0.1614976 0.1627682 0.1612268 0.1665141 0.1624365 0.1622094 0.1590639 0.0443233 0.1598210 0.1598210 0.1667029 0.0008561 0.1626874 0.1623485 0.1614998 0.1614998 0.1629165 0.1629165 0.1622087 0.1598171 0.0017239 0.0017164 0.0017164 0.0012846 0.0017160 0.0017160 0.0043093 0.0021461 0.0034427 0.0025749 0.0017171 0.0021447 0.0012846 0.0017147 0.0021447 0.0012861 0.0021466 0.0017164 0.0012861 0.0012861 0.0012861 0.0012850 0.0034427 0.0038753 0.0017143 0.0017147 0.0017164 0.0012850 0.0017160 0.0017166 0.0021483 0.0008561 0.0021467 0.0017160 0.0017166 0.0017166 0.1615008 0.3078428 
HSV2_8                                  0.1149675 0.1181301 0.1189461 0.1149675 0.1149675 0.1172709 0.1189466 0.1194118 0.1173129 0.1179880 0.1197649 0.1189461 0.1163165 0.1163165 0.1163154 0.0000023 0.0011503 0.0024134 0.0025555 0.0005620 0.0006390 0.0000010 0.0000000 0.0011277 0.0000010 0.0000022 0.0000010 0.0011790 0.0014244 0.0022521 0.0000025 0.0045192 0.0018689 0.1163565 0.1183877 0.1153241 0.1186149 0.1173141 0.1153241 0.1161339 0.0412117 0.1153241 0.1153241 0.1201464 0.0011218 0.1177576 0.1175740 0.1163582 0.1163582 0.1179435 0.1179435 0.1171297 0.1153241 0.0016861 0.0016861 0.0016861 0.0016839 0.0016861 0.0016856 0.0050894 0.0022491 0.0039514 0.0022468 0.0016861 0.0016839 0.0011218 0.0011218 0.0016839 0.0016861 0.0022498 0.0016861 0.0016861 0.0016861 0.0016861 0.0016844 0.0039514 0.0045192 0.0016839 0.0011218 0.0016861 0.0011218 0.0016861 0.0022521 0.0022528 0.0011218 0.0016861 0.0016861 0.0016861 0.0022521 0.1163165 0.2410918 
HSV2_9                                  0.1343356 0.1385917 0.1393957 0.1353382 0.1353382 0.1356217 0.1393964 0.1388610 0.1356678 0.1381609 0.1380665 0.1393957 0.1346624 0.1346624 0.1346612 0.0010873 0.0021530 0.0034496 0.0025555 0.0005282 0.0018767 0.0010464 0.0011277 0.0000000 0.0010792 0.0057449 0.0013637 0.0000010 0.0000010 0.0010405 0.0013270 0.0031525 0.0005903 0.1347061 0.1376056 0.1336608 0.1379428 0.1365110 0.1336608 0.1355014 0.0440365 0.1336608 0.1336608 0.1385013 0.0000010 0.1360418 0.1368834 0.1347081 0.1347081 0.1362541 0.1362541 0.1362984 0.1336608 0.0010398 0.0010398 0.0010398 0.0005188 0.0005194 0.0005193 0.0036552 0.0010392 0.0026065 0.0010383 0.0010408 0.0010385 0.0000010 0.0000010 0.0010385 0.0005194 0.0015608 0.0010398 0.0005194 0.0005194 0.0005194 0.0005189 0.0026065 0.0031300 0.0005188 0.0000010 0.0010398 0.0005188 0.0005194 0.0010405 0.0010408 0.0000010 0.0005194 0.0005194 0.0005194 0.0010405 0.1346624 0.2759571 
HSV2_10                                 0.1317978 0.1359055 0.1364782 0.1327665 0.1327665 0.1338510 0.1364788 0.1369438 0.1338954 0.1347194 0.1362261 0.1364782 0.1329213 0.1329213 0.1329201 0.0000021 0.0010444 0.0022657 0.0025555 0.0005230 0.0006355 0.0000021 0.0000010 0.0010792 0.0000000 0.0000022 0.0000010 0.0011608 0.0013931 0.0020257 0.0000026 0.0035536 0.0017745 0.1329634 0.1349527 0.1319507 0.1352892 0.1338965 0.1319507 0.1291832 0.0427520 0.1319507 0.1319507 0.1366425 0.0010091 0.1342646 0.1305251 0.1329653 0.1329653 0.1344681 0.1344681 0.1336945 0.1319507 0.0020244 0.0020244 0.0020244 0.0015155 0.0015173 0.0015169 0.0040633 0.0020233 0.0030425 0.0015155 0.0020263 0.0020220 0.0010091 0.0010091 0.0020220 0.0015173 0.0025327 0.0020244 0.0015173 0.0015173 0.0015173 0.0015160 0.0030425 0.0035521 0.0015155 0.0010091 0.0020244 0.0010091 0.0015173 0.0020257 0.0020263 0.0010091 0.0015173 0.0015173 0.0020257 0.0020257 0.1329213 0.2651328 
HSV2_11                                 0.0634097 0.0712076 0.0712076 0.0634097 0.0634097 0.0639997 0.0712076 0.0634097 0.0712076 0.0634097 0.0712076 0.0712076 0.0712076 0.0712076 0.0712076 0.0000022 0.0000022 0.0000022 0.0000029 0.0057449 0.0000022 0.0000022 0.0000022 0.0057449 0.0000022 0.0000000 0.0000022 0.0057449 0.0057449 0.0116993 0.0000022 0.0057449 0.0057449 0.0796261 0.0712076 0.0712076 0.0712076 0.0712076 0.0712076 0.0712076 0.0435813 0.0712076 0.0712076 0.0793559 0.0057449 0.0712076 0.0712076 0.0712076 0.0712076 0.0712076 0.0712076 0.0712076 0.0712076 0.0057449 0.0057449 0.0057449 0.0057449 0.0057449 0.0057449 0.0057449 0.0057449 0.0057449 0.0057449 0.0057449 0.0057449 0.0057449 0.0057449 0.0057449 0.0057449 0.0057449 0.0057449 0.0057449 0.0057449 0.0057449 0.0057449 0.0057449 0.0057449 0.0057449 0.0057449 0.0057449 0.0057449 0.0057449 0.0057449 0.0057449 0.0057449 0.0057449 0.0057449 0.0057449 0.0116993 0.0712076 0.0845589 
HSV2_12                                 0.1079956 0.1117159 0.1126911 0.1079956 0.1079956 0.1106918 0.1126918 0.1117649 0.1107397 0.1103296 0.1136700 0.1126911 0.1107411 0.1107411 0.1095621 0.0000010 0.0013602 0.0027334 0.0025555 0.0006797 0.0007114 0.0000010 0.0000010 0.0013637 0.0000010 0.0000022 0.0000000 0.0013676 0.0014227 0.0027343 0.0000026 0.0013601 0.0020461 0.1096089 0.1120065 0.1083931 0.1123188 0.1107411 0.1083931 0.1093592 0.0428592 0.1083931 0.1083931 0.1141013 0.0013601 0.1103270 0.1110911 0.1096108 0.1096108 0.1115060 0.1115060 0.1105342 0.1083931 0.0020452 0.0020452 0.0020452 0.0020420 0.0020452 0.0020445 0.0027261 0.0027284 0.0013601 0.0020420 0.0020452 0.0020420 0.0013601 0.0013601 0.0020420 0.0020452 0.0027294 0.0020452 0.0020452 0.0020452 0.0020452 0.0020428 0.0013601 0.0013601 0.0020420 0.0013601 0.0020452 0.0013601 0.0020452 0.0027328 0.0027338 0.0013601 0.0020452 0.0020452 0.0020452 0.0027327 0.1095635 0.2210321 
HSV2_13                                 0.1135710 0.1166635 0.1174638 0.1135710 0.1135710 0.1158213 0.1174644 0.1179146 0.1158621 0.1165262 0.1182669 0.1174638 0.1158632 0.1158632 0.1148861 0.0011504 0.0022563 0.0035555 0.0025555 0.0005523 0.0019244 0.0011021 0.0011790 0.0000010 0.0011608 0.0057449 0.0013676 0.0000000 0.0000010 0.0011038 0.0013228 0.0033231 0.0006123 0.1149260 0.1169129 0.1139162 0.1171436 0.1158632 0.1139162 0.1147105 0.0429685 0.1139162 0.1139162 0.1186359 0.0000010 0.1163031 0.1161255 0.1149277 0.1149277 0.1164830 0.1164830 0.1156848 0.1139162 0.0005509 0.0005509 0.0005509 0.0005502 0.0005509 0.0005508 0.0044386 0.0011024 0.0033231 0.0011013 0.0005509 0.0005502 0.0000010 0.0000010 0.0005502 0.0005509 0.0011027 0.0005509 0.0005509 0.0005509 0.0005509 0.0005504 0.0033231 0.0038798 0.0005502 0.0000010 0.0005509 0.0000010 0.0011027 0.0011038 0.0016574 0.0000010 0.0005509 0.0005509 0.0005509 0.0011038 0.1148872 0.2477621 
HSV2_14                                 0.1289167 0.1344113 0.1354619 0.1302096 0.1302096 0.1321954 0.1354628 0.1347501 0.1322548 0.1341387 0.1354055 0.1354619 0.1322563 0.1322563 0.1309420 0.0013923 0.0027921 0.0041803 0.0025555 0.0006945 0.0021247 0.0013923 0.0014244 0.0000010 0.0013931 0.0057449 0.0014227 0.0000010 0.0000000 0.0013803 0.0014270 0.0000010 0.0006960 0.1309997 0.1347907 0.1296394 0.1352471 0.1333609 0.1296394 0.1320429 0.0449981 0.1296394 0.1296394 0.1349092 0.0000010 0.1319863 0.1338634 0.1310023 0.1310023 0.1330317 0.1330317 0.1330887 0.1296394 0.0013791 0.0013791 0.0013791 0.0006876 0.0006887 0.0006884 0.0013769 0.0013781 0.0000010 0.0006876 0.0006887 0.0006876 0.0000010 0.0000010 0.0006876 0.0006887 0.0013786 0.0006887 0.0006887 0.0006887 0.0006887 0.0006879 0.0000010 0.0000010 0.0006876 0.0000010 0.0006887 0.0006876 0.0006887 0.0013804 0.0013809 0.0000010 0.0006887 0.0006887 0.0006887 0.0013803 0.1309436 0.2529959 
HSV2_15                                 0.1663642 0.1702020 0.1714028 0.1673179 0.1673179 0.1674109 0.1706807 0.1731815 0.1674098 0.1733564 0.1696188 0.1714028 0.1672222 0.1672222 0.1657391 0.0020836 0.0039439 0.0043381 0.0025519 0.0014537 0.0031348 0.0017295 0.0022521 0.0010405 0.0020257 0.0116993 0.0027343 0.0011038 0.0013803 0.0000000 0.0026577 0.0040813 0.0017104 0.1665020 0.1691190 0.1662191 0.1723792 0.1682252 0.1672229 0.1648032 0.0457535 0.1647957 0.1647957 0.1718048 0.0008550 0.1679389 0.1681514 0.1665043 0.1665043 0.1679389 0.1679389 0.1679853 0.1647916 0.0008578 0.0008543 0.0008543 0.0012831 0.0008541 0.0012841 0.0043038 0.0017130 0.0034383 0.0021411 0.0008550 0.0021421 0.0012831 0.0012831 0.0021421 0.0004268 0.0012821 0.0008543 0.0004268 0.0004268 0.0004268 0.0012834 0.0034383 0.0038695 0.0017116 0.0012831 0.0008543 0.0017120 0.0008541 0.0008548 0.0012831 0.0008550 0.0012821 0.0008541 0.0008548 0.0000010 0.1665054 0.3188016 
HSV2_16                                 0.1092213 0.1128517 0.1138008 0.1092213 0.1092213 0.1118547 0.1138014 0.1141078 0.1119017 0.1136430 0.1147533 0.1138008 0.1119031 0.1119031 0.1107533 0.0000025 0.0013240 0.0026783 0.0025555 0.0006619 0.0006970 0.0000025 0.0000025 0.0013270 0.0000026 0.0000022 0.0000026 0.0013228 0.0014270 0.0026577 0.0000000 0.0013221 0.0019905 0.1107992 0.1131375 0.1096130 0.1134344 0.1119031 0.1096130 0.1105534 0.0430758 0.1096130 0.1096130 0.1142214 0.0013221 0.1114955 0.1122370 0.1108011 0.1108011 0.1126453 0.1126453 0.1116994 0.1096130 0.0019879 0.0019879 0.0019879 0.0019849 0.0019879 0.0019872 0.0026499 0.0026522 0.0013221 0.0026490 0.0019879 0.0019849 0.0013221 0.0013221 0.0019849 0.0019879 0.0026531 0.0019879 0.0019879 0.0019879 0.0019879 0.0019856 0.0013221 0.0013221 0.0019849 0.0013221 0.0019879 0.0013221 0.0019879 0.0026563 0.0026572 0.0013221 0.0019879 0.0019879 0.0019879 0.0026562 0.1107546 0.2322241 
HSV2_17                                 0.1478952 0.1516166 0.1528458 0.1488200 0.1488200 0.1496565 0.1521239 0.1545035 0.1489371 0.1540136 0.1518621 0.1528458 0.1487737 0.1487737 0.1480110 0.0041787 0.0064342 0.0065611 0.0025555 0.0039101 0.0043949 0.0040763 0.0045192 0.0031525 0.0035536 0.0057449 0.0013601 0.0033231 0.0000010 0.0040813 0.0013221 0.0000000 0.0005679 0.1480542 0.1523751 0.1470900 0.1537928 0.1497023 0.1487744 0.1464172 0.0456560 0.1470937 0.1470937 0.1532403 0.0031629 0.1499956 0.1494995 0.1480563 0.1480563 0.1502083 0.1502083 0.1494910 0.1470900 0.0040946 0.0040759 0.0040759 0.0036169 0.0036207 0.0036198 0.0013492 0.0040740 0.0004492 0.0040706 0.0040793 0.0045281 0.0031629 0.0031629 0.0045281 0.0036207 0.0045318 0.0040759 0.0036207 0.0036207 0.0036207 0.0036178 0.0004492 0.0008989 0.0036169 0.0031629 0.0040759 0.0036178 0.0040750 0.0040783 0.0045355 0.0031629 0.0040760 0.0036207 0.0040782 0.0040782 0.1487737 0.3109223 
HSV2_18                                 0.1296887 0.1342648 0.1351376 0.1307674 0.1307674 0.1319739 0.1351383 0.1345478 0.1320230 0.1338131 0.1346299 0.1351376 0.1320243 0.1320243 0.1309362 0.0017486 0.0028669 0.0041541 0.0051287 0.0011664 0.0026159 0.0017069 0.0018689 0.0005903 0.0017745 0.0057449 0.0020461 0.0006123 0.0006960 0.0017104 0.0019905 0.0005679 0.0000000 0.1309839 0.1343010 0.1298565 0.1346813 0.1320243 0.1307177 0.1309374 0.0459082 0.1298565 0.1298565 0.1350901 0.0005679 0.1315788 0.1335349 0.1309860 0.1309860 0.1326667 0.1326667 0.1318018 0.1298565 0.0017092 0.0017092 0.0017092 0.0011365 0.0011380 0.0011376 0.0017069 0.0017081 0.0005679 0.0017064 0.0017109 0.0011365 0.0005679 0.0005679 0.0011365 0.0011380 0.0017087 0.0011380 0.0011380 0.0011380 0.0011380 0.0011368 0.0005679 0.0011365 0.0011365 0.0005679 0.0011380 0.0005679 0.0011380 0.0017104 0.0017109 0.0005679 0.0011380 0.0011380 0.0011380 0.0017104 0.1309374 0.2715895 
JN400093_Human_herpesvirus_1            0.0047711 0.0039665 0.0047647 0.0043672 0.0043672 0.0031612 0.0047681 0.0096609 0.0011818 0.0092362 0.0039620 0.0047647 0.0019740 0.0019740 0.0015758 0.1322201 0.1440253 0.1373615 0.1079902 0.1204211 0.1327863 0.1614976 0.1163565 0.1347061 0.1329634 0.0796261 0.1096089 0.1149260 0.1309997 0.1665020 0.1107992 0.1480542 0.1309839 0.0000000 0.0036781 0.0011813 0.0063734 0.0031663 0.0027657 0.0027813 0.2121319 0.0015751 0.0015751 0.0043635 0.1992639 0.0031640 0.0064091 0.0007871 0.0007871 0.0027646 0.0027646 0.0023672 0.0015747 0.1983851 0.1996100 0.1996100 0.1999854 0.1995527 0.2010539 0.1944327 0.1997467 0.1942266 0.1992077 0.2014075 0.2000379 0.1984861 0.1992591 0.2000370 0.2003331 0.2010568 0.2011097 0.1995575 0.1995575 0.2003331 0.2000427 0.1929595 0.1930763 0.1992077 0.1992591 0.2011097 0.1983485 0.2010577 0.2000427 0.2007641 0.1992639 0.1988295 0.1995527 0.2013505 0.2013505 0.0015762 0.4259126 
JN420337_Human_herpesvirus_1            0.0057629 0.0032685 0.0040899 0.0053433 0.0053433 0.0032598 0.0040929 0.0091250 0.0040910 0.0095430 0.0040859 0.0040899 0.0024446 0.0024446 0.0040880 0.1342552 0.1486574 0.1401885 0.1166867 0.1229720 0.1352253 0.1627682 0.1183877 0.1376056 0.1349527 0.0712076 0.1120065 0.1169129 0.1347907 0.1691190 0.1131375 0.1523751 0.1343010 0.0036781 0.0000000 0.0040889 0.0057503 0.0016265 0.0040929 0.0041172 0.2145723 0.0032646 0.0032646 0.0040889 0.1991526 0.0049191 0.0057850 0.0036781 0.0036781 0.0036746 0.0036746 0.0020357 0.0036746 0.1982467 0.1995088 0.1995088 0.1998959 0.2002538 0.2009964 0.1952007 0.2006941 0.1939650 0.1998968 0.2013606 0.1999499 0.1991526 0.1999499 0.1999490 0.2002538 0.2009995 0.2010539 0.1994548 0.1994548 0.2002538 0.1999549 0.1936791 0.1938003 0.1998968 0.1999499 0.2010539 0.1982095 0.2010004 0.1999549 0.2006981 0.1991526 0.1995079 0.2002538 0.2013019 0.2013019 0.0024441 0.4081237 
JN420338_Human_herpesvirus_1            0.0051714 0.0043654 0.0051645 0.0047667 0.0047667 0.0035582 0.0051681 0.0100687 0.0015766 0.0096427 0.0043605 0.0051645 0.0023701 0.0023701 0.0019708 0.1311845 0.1429951 0.1362585 0.1035406 0.1195072 0.1315470 0.1612268 0.1153241 0.1336608 0.1319507 0.0712076 0.1083931 0.1139162 0.1296394 0.1662191 0.1096130 0.1470900 0.1298565 0.0011813 0.0040889 0.0000000 0.0067753 0.0035639 0.0031625 0.0031803 0.2128655 0.0019699 0.0019699 0.0047627 0.1992097 0.0035614 0.0068142 0.0011813 0.0011813 0.0031612 0.0031612 0.0027632 0.0019695 0.1983309 0.1995556 0.1995556 0.1999310 0.1994983 0.2009992 0.1943801 0.1996925 0.1941738 0.1991535 0.2013526 0.1999835 0.1984321 0.1992049 0.1999826 0.2002785 0.2010021 0.2010550 0.1995031 0.1995031 0.2002785 0.1999883 0.1929072 0.1930240 0.1991535 0.1992049 0.2010550 0.1982944 0.2010030 0.1999883 0.2007096 0.1992097 0.1987754 0.1994983 0.2012956 0.2012956 0.0019713 0.4280729 
JN420339_Human_herpesvirus_1            0.0055762 0.0063918 0.0080081 0.0051704 0.0051704 0.0063753 0.0072034 0.0072012 0.0067787 0.0076036 0.0071915 0.0080081 0.0067851 0.0067851 0.0063720 0.1346024 0.1499554 0.1418365 0.1035406 0.1231505 0.1356366 0.1665141 0.1186149 0.1379428 0.1352892 0.0712076 0.1123188 0.1171436 0.1352471 0.1723792 0.1134344 0.1537928 0.1346813 0.0063734 0.0057503 0.0067753 0.0000000 0.0063859 0.0059678 0.0043837 0.2198423 0.0055658 0.0055658 0.0067724 0.2068160 0.0071879 0.0015844 0.0055618 0.0055618 0.0059737 0.0059737 0.0055698 0.0063675 0.2056623 0.2071805 0.2071805 0.2075481 0.2071209 0.2086456 0.2018642 0.2072954 0.2016768 0.2067575 0.2090179 0.2076027 0.2060253 0.2068110 0.2060836 0.2079143 0.2086487 0.2087036 0.2071259 0.2071259 0.2079143 0.2076077 0.2003681 0.1997670 0.2067575 0.2068110 0.2087036 0.2051697 0.2086496 0.2076077 0.2089587 0.2068160 0.2063871 0.2071209 0.2089587 0.2089587 0.0055698 0.4251158 
JN420340_Human_herpesvirus_1            0.0047803 0.0023728 0.0031670 0.0043756 0.0043756 0.0023668 0.0031692 0.0088513 0.0035657 0.0084288 0.0031641 0.0031670 0.0019731 0.0019731 0.0031656 0.1331749 0.1457931 0.1379724 0.1122059 0.1220192 0.1339297 0.1624365 0.1173141 0.1365110 0.1338965 0.0712076 0.1107411 0.1158632 0.1333609 0.1682252 0.1119031 0.1497023 0.1320243 0.0031663 0.0016265 0.0035639 0.0063859 0.0000000 0.0035672 0.0035874 0.2160809 0.0023701 0.0023701 0.0043614 0.2023735 0.0039676 0.0064218 0.0031663 0.0031663 0.0027665 0.0027665 0.0015773 0.0031634 0.2015049 0.2027281 0.2027281 0.2031014 0.2026697 0.2041848 0.1974794 0.2028563 0.1972803 0.2023162 0.2045471 0.2031549 0.2015882 0.2023686 0.2031540 0.2034576 0.2041878 0.2042417 0.2026746 0.2026746 0.2034576 0.2031598 0.1959927 0.1961114 0.2023162 0.2023686 0.2042417 0.2014567 0.2041887 0.2031598 0.2038876 0.2023735 0.2019401 0.2026697 0.2044890 0.2044890 0.0015773 0.4294382 
JN420341_Human_herpesvirus_1            0.0043682 0.0035654 0.0051693 0.0039653 0.0039653 0.0035614 0.0051729 0.0092469 0.0031641 0.0096519 0.0035614 0.0051693 0.0031670 0.0031670 0.0027651 0.1311845 0.1438112 0.1362585 0.1035406 0.1195072 0.1315470 0.1622094 0.1153241 0.1336608 0.1319507 0.0712076 0.1083931 0.1139162 0.1296394 0.1672229 0.1096130 0.1487744 0.1307177 0.0027657 0.0040929 0.0031625 0.0059678 0.0035672 0.0000000 0.0039840 0.2125536 0.0019717 0.0019717 0.0047604 0.1989799 0.0035647 0.0060012 0.0027658 0.0027658 0.0031641 0.0031641 0.0027657 0.0027632 0.1978125 0.1993248 0.1993248 0.1997000 0.1992677 0.2007660 0.1941596 0.1994622 0.1939531 0.1989238 0.2011184 0.1997524 0.1982036 0.1989751 0.1997515 0.2000465 0.2007689 0.2008216 0.1992725 0.1992725 0.2000465 0.1997572 0.1926892 0.1928057 0.1989238 0.1989751 0.2008216 0.1980656 0.2007698 0.1997572 0.2004772 0.1989799 0.1985459 0.1992677 0.2010616 0.2010616 0.0019731 0.4316162 
JN420342_Human_herpesvirus_1            0.0052055 0.0043942 0.0047916 0.0047981 0.0047981 0.0043828 0.0047950 0.0072449 0.0031819 0.0072323 0.0051936 0.0047916 0.0031848 0.0031848 0.0035797 0.1307769 0.1413511 0.1341478 0.1035406 0.1209671 0.1327348 0.1590639 0.1161339 0.1355014 0.1291832 0.0712076 0.1093592 0.1147105 0.1320429 0.1648032 0.1105534 0.1464172 0.1309374 0.0027813 0.0041172 0.0031803 0.0043837 0.0035874 0.0039840 0.0000000 0.2100877 0.0027793 0.0027793 0.0055999 0.1983119 0.0043869 0.0043827 0.0027813 0.0027813 0.0039823 0.0039823 0.0027813 0.0035771 0.1974279 0.1986562 0.1986562 0.1990335 0.1985991 0.2001001 0.1934876 0.1987962 0.1932784 0.1982559 0.2004519 0.1990858 0.1975344 0.1983072 0.1990849 0.1993793 0.2001031 0.2001558 0.1986039 0.1986039 0.1993793 0.1990906 0.1920145 0.1914203 0.1982559 0.1983072 0.2001558 0.1966727 0.2001040 0.1990906 0.1998120 0.1983119 0.1978760 0.1985991 0.2003951 0.2003951 0.0027813 0.4201314 
JQ360576_Chimpanzee_alpha-1_herpesvirus 0.2129781 0.2147029 0.2146480 0.2140271 0.2140271 0.2131227 0.2164953 0.2239331 0.2131218 0.2208310 0.2161162 0.2146480 0.2128674 0.2128674 0.2113454 0.0422930 0.0471026 0.0471633 0.0604722 0.0406657 0.0440440 0.0443233 0.0412117 0.0440365 0.0427520 0.0435813 0.0428592 0.0429685 0.0449981 0.0457535 0.0430758 0.0456560 0.0459082 0.2121319 0.2145723 0.2128655 0.2198423 0.2160809 0.2125536 0.2100877 0.0000000 0.2103121 0.2103121 0.2178313 0.0487138 0.2128674 0.2143728 0.2121351 0.2121351 0.2146480 0.2146480 0.2136540 0.2110346 0.0484785 0.0487665 0.0487665 0.0491754 0.0501544 0.0501540 0.0504989 0.0496060 0.0496485 0.0510379 0.0492286 0.0515265 0.0496376 0.0501112 0.0515264 0.0492286 0.0510932 0.0501654 0.0501544 0.0501544 0.0492286 0.0491871 0.0495639 0.0487013 0.0501002 0.0501112 0.0501654 0.0493430 0.0496913 0.0492707 0.0502088 0.0491755 0.0506300 0.0501544 0.0497333 0.0497333 0.2121361 0.4156266 
JQ730035_Human_herpesvirus_1            0.0039681 0.0031670 0.0039628 0.0035662 0.0035662 0.0023663 0.0039656 0.0088384 0.0019708 0.0084165 0.0031634 0.0039628 0.0019727 0.0019727 0.0015747 0.1311845 0.1438112 0.1362585 0.1035406 0.1195072 0.1315470 0.1598210 0.1153241 0.1336608 0.1319507 0.0712076 0.1083931 0.1139162 0.1296394 0.1647957 0.1096130 0.1470937 0.1298565 0.0015751 0.0032646 0.0019699 0.0055658 0.0023701 0.0019717 0.0027793 0.2103121 0.0000000 0.0000010 0.0043605 0.1974880 0.0023684 0.0055970 0.0015751 0.0015751 0.0019708 0.0019708 0.0015751 0.0015737 0.1966026 0.1978296 0.1978296 0.1982066 0.1977729 0.1992678 0.1926875 0.1979713 0.1924771 0.1974323 0.1996168 0.1982586 0.1967136 0.1974832 0.1982577 0.1985498 0.1992707 0.1993230 0.1977776 0.1977776 0.1985498 0.1982634 0.1912204 0.1913362 0.1974323 0.1974832 0.1993230 0.1965724 0.1992716 0.1982634 0.1989819 0.1974880 0.1970526 0.1977729 0.1995604 0.1995604 0.0007866 0.4306679 
