83
HM585496_Human_herpesvirus_1            0.0000000 0.0047905 0.0031851 0.0003940 0.0003940 0.0035758 0.0027756 0.0003940 0.0076871 0.0003940 0.0000010 0.0039843 0.0056334 0.0039824 0.0039894 0.0048112 0.0048112 0.0043869 0.1334774 0.1350657 0.1350224 0.1013433 0.1348021 0.1313483 0.1360908 0.1363399 0.1349980 0.1358821 0.1116942 0.1351650 0.1325750 0.1286544 0.1361331 0.1299637 0.1357744 0.1331899 0.0040032 0.0039874 0.0040034 0.0031867 0.0044117 0.0039874 0.0043923 0.1528530 0.0043794 0.0043794 0.0044080 0.1373656 0.0031905 0.0039843 0.0039962 0.0044002 0.0039962 0.0043982 0.0043982 0.0052134 0.0047905 0.1344446 0.1344446 0.1350454 0.1359442 0.1350594 0.1343323 0.1350594 0.1350601 0.1343323 0.1357772 0.1357659 0.1353836 0.1359858 0.1350454 0.1352260 0.1350454 0.1350482 0.1357659 0.1368054 0.1366468 0.1342794 0.1352594 0.1366468 0.1361331 0.0039772 0.3690432 
HM585497_Human_herpesvirus_1            0.0047905 0.0000000 0.0031865 0.0052044 0.0052044 0.0027768 0.0027769 0.0052042 0.0076908 0.0052042 0.0047905 0.0039861 0.0064545 0.0023748 0.0031865 0.0060291 0.0060291 0.0043889 0.1325757 0.1341831 0.1341429 0.1013433 0.1339249 0.1303952 0.1352113 0.1353823 0.1340790 0.1349894 0.1116942 0.1341170 0.1316062 0.1293532 0.1357017 0.1289335 0.1348959 0.1323161 0.0056302 0.0039892 0.0048162 0.0031882 0.0052271 0.0039892 0.0052040 0.1510485 0.0051887 0.0051887 0.0060385 0.1364825 0.0048077 0.0039862 0.0056203 0.0060279 0.0056203 0.0052110 0.0052110 0.0060307 0.0047928 0.1335702 0.1335702 0.1341692 0.1350652 0.1341831 0.1334581 0.1341831 0.1341838 0.1334581 0.1348987 0.1348875 0.1345063 0.1342668 0.1341692 0.1343490 0.1341692 0.1341720 0.1348875 0.1359241 0.1357658 0.1334056 0.1343824 0.1357658 0.1357017 0.0047847 0.3654351 
HM585498_Human_herpesvirus_1            0.0031851 0.0031865 0.0000000 0.0035933 0.0035933 0.0019821 0.0019822 0.0035932 0.0052049 0.0035932 0.0031851 0.0031868 0.0039903 0.0023841 0.0007874 0.0052217 0.0052217 0.0035885 0.1304250 0.1320769 0.1320445 0.1013433 0.1318318 0.1281240 0.1331123 0.1330977 0.1318870 0.1328590 0.1116942 0.1313921 0.1292959 0.1267199 0.1331549 0.1264801 0.1327996 0.1302318 0.0048226 0.0031892 0.0040108 0.0023895 0.0044199 0.0031892 0.0044004 0.1497202 0.0043875 0.0043875 0.0052298 0.1343744 0.0040037 0.0031868 0.0048142 0.0052206 0.0048142 0.0044063 0.0044063 0.0052231 0.0039913 0.1314838 0.1314838 0.1320784 0.1329673 0.1320920 0.1313726 0.1320920 0.1320927 0.1313726 0.1328024 0.1327915 0.1324126 0.1330095 0.1320784 0.1322563 0.1320784 0.1320812 0.1327915 0.1338202 0.1336630 0.1313208 0.1322898 0.1336630 0.1331549 0.0039845 0.3642962 
HM585499_Human_herpesvirus_1            0.0003940 0.0052044 0.0035933 0.0000000 0.0000010 0.0039842 0.0031811 0.0007903 0.0081146 0.0007903 0.0003940 0.0043950 0.0060529 0.0043929 0.0044007 0.0052269 0.0052269 0.0047992 0.1344456 0.1360138 0.1359670 0.1013433 0.1357442 0.1313483 0.1370357 0.1363399 0.1359853 0.1368412 0.1116942 0.1351650 0.1336153 0.1298336 0.1370779 0.1299637 0.1367181 0.1341280 0.0044160 0.0043985 0.0044162 0.0035951 0.0048264 0.0043985 0.0048051 0.1538468 0.0047910 0.0047910 0.0048223 0.1383147 0.0035994 0.0043951 0.0044082 0.0048138 0.0044082 0.0048115 0.0048115 0.0056303 0.0052044 0.1353836 0.1353836 0.1359865 0.1368886 0.1360007 0.1352710 0.1360007 0.1360014 0.1352710 0.1367209 0.1367094 0.1363260 0.1369300 0.1359865 0.1361679 0.1359865 0.1359893 0.1367094 0.1377525 0.1375934 0.1352177 0.1362013 0.1375934 0.1370779 0.0043872 0.3704229 
HM585500_Human_herpesvirus_1            0.0003940 0.0052044 0.0035933 0.0000010 0.0000000 0.0039842 0.0031811 0.0007903 0.0081146 0.0007903 0.0003940 0.0043950 0.0060529 0.0043929 0.0044007 0.0052269 0.0052269 0.0047992 0.1344456 0.1360138 0.1359670 0.1013433 0.1357442 0.1313483 0.1370357 0.1363399 0.1359853 0.1368412 0.1116942 0.1351650 0.1336153 0.1298336 0.1370779 0.1299637 0.1367181 0.1341280 0.0044160 0.0043985 0.0044162 0.0035951 0.0048264 0.0043985 0.0048051 0.1538468 0.0047910 0.0047910 0.0048223 0.1383147 0.0035994 0.0043951 0.0044082 0.0048138 0.0044082 0.0048115 0.0048115 0.0056303 0.0052044 0.1353836 0.1353836 0.1359865 0.1368886 0.1360007 0.1352710 0.1360007 0.1360014 0.1352710 0.1367209 0.1367094 0.1363260 0.1369300 0.1359865 0.1361679 0.1359865 0.1359893 0.1367094 0.1377525 0.1375934 0.1352177 0.1362013 0.1375934 0.1370779 0.0043872 0.3704229 
HM585501_Human_herpesvirus_1            0.0035758 0.0027768 0.0019821 0.0039842 0.0039842 0.0000000 0.0007874 0.0039841 0.0064453 0.0039841 0.0035758 0.0019796 0.0052191 0.0019786 0.0011861 0.0039921 0.0039921 0.0031767 0.1316719 0.1332979 0.1332610 0.1065254 0.1330452 0.1294409 0.1343291 0.1344219 0.1331575 0.1340940 0.1159370 0.1329325 0.1306356 0.1282468 0.1343716 0.1279026 0.1340149 0.1314403 0.0035948 0.0027792 0.0027904 0.0019831 0.0040016 0.0027792 0.0031808 0.1510036 0.0039723 0.0039723 0.0039983 0.1355964 0.0027854 0.0027770 0.0035885 0.0039913 0.0035885 0.0039893 0.0039893 0.0048015 0.0035775 0.1326934 0.1326934 0.1332905 0.1341834 0.1333042 0.1325817 0.1333042 0.1333050 0.1325817 0.1340176 0.1340066 0.1336264 0.1342254 0.1332905 0.1334695 0.1332905 0.1332933 0.1340066 0.1350398 0.1348819 0.1325295 0.1335030 0.1348819 0.1343716 0.0035714 0.3666741 
HM585502_Human_herpesvirus_1            0.0027756 0.0027769 0.0019822 0.0031811 0.0031811 0.0007874 0.0000000 0.0031810 0.0056284 0.0031810 0.0027756 0.0011846 0.0044074 0.0019787 0.0011862 0.0031873 0.0031873 0.0023778 0.1302153 0.1318716 0.1318399 0.1065254 0.1316278 0.1279025 0.1329078 0.1328752 0.1316733 0.1326515 0.1159370 0.1311332 0.1290716 0.1264631 0.1329504 0.1262409 0.1325953 0.1300285 0.0027904 0.0019812 0.0019883 0.0011868 0.0031949 0.0019812 0.0023808 0.1495089 0.0031716 0.0031716 0.0031923 0.1341692 0.0019857 0.0019797 0.0027855 0.0031867 0.0027855 0.0031851 0.0031851 0.0039933 0.0027770 0.1312804 0.1312804 0.1318746 0.1327629 0.1318881 0.1311692 0.1318881 0.1318889 0.1311692 0.1325981 0.1325872 0.1322086 0.1328051 0.1318746 0.1320524 0.1318746 0.1318773 0.1325872 0.1336154 0.1334581 0.1311175 0.1320858 0.1334581 0.1329504 0.0027723 0.3651579 
HM585503_Human_herpesvirus_1            0.0003940 0.0052042 0.0035932 0.0007903 0.0007903 0.0039841 0.0031810 0.0000000 0.0081144 0.0000010 0.0003940 0.0043949 0.0060527 0.0043928 0.0044006 0.0052267 0.0052267 0.0047991 0.1344337 0.1360020 0.1359553 0.1080231 0.1357325 0.1323588 0.1370238 0.1373562 0.1359730 0.1368292 0.1171910 0.1363481 0.1336026 0.1298197 0.1370661 0.1310561 0.1367063 0.1341165 0.0044158 0.0043984 0.0044161 0.0035950 0.0048263 0.0043984 0.0048050 0.1538328 0.0047909 0.0047909 0.0048222 0.1383027 0.0035993 0.0043950 0.0044081 0.0048137 0.0044081 0.0048114 0.0048114 0.0056302 0.0052042 0.1353720 0.1353720 0.1359748 0.1368768 0.1359890 0.1352594 0.1359890 0.1359897 0.1352594 0.1367091 0.1366977 0.1363143 0.1369181 0.1359748 0.1361562 0.1359748 0.1359776 0.1366977 0.1377405 0.1375815 0.1352061 0.1361896 0.1375815 0.1370661 0.0043871 0.3703829 
HM585504_Human_herpesvirus_1            0.0076871 0.0076908 0.0052049 0.0081146 0.0081146 0.0064453 0.0056284 0.0081144 0.0000000 0.0081144 0.0076871 0.0060257 0.0035815 0.0068643 0.0052049 0.0081015 0.0081015 0.0064335 0.1271366 0.1302791 0.1302532 0.1065439 0.1300452 0.1259624 0.1313201 0.1309763 0.1283708 0.1310404 0.1159528 0.1300089 0.1255533 0.1224477 0.1313628 0.1241924 0.1310099 0.1284534 0.0077006 0.0068730 0.0068762 0.0052210 0.0081504 0.0068730 0.0081141 0.1458968 0.0080901 0.0080901 0.0081142 0.1325741 0.0068639 0.0068677 0.0076870 0.0080999 0.0076870 0.0081250 0.0081250 0.0081037 0.0068426 0.1297031 0.1297031 0.1302936 0.1311761 0.1303069 0.1295925 0.1303069 0.1303077 0.1295925 0.1310126 0.1310019 0.1306252 0.1312187 0.1302936 0.1304699 0.1302936 0.1302964 0.1310019 0.1320237 0.1318674 0.1295415 0.1305033 0.1318674 0.1313628 0.0076776 0.3616835 
HM585505_Human_herpesvirus_1            0.0003940 0.0052042 0.0035932 0.0007903 0.0007903 0.0039841 0.0031810 0.0000010 0.0081144 0.0000000 0.0003940 0.0043949 0.0060527 0.0043928 0.0044006 0.0052267 0.0052267 0.0047991 0.1344337 0.1360020 0.1359553 0.1080231 0.1357325 0.1323588 0.1370238 0.1373562 0.1359730 0.1368292 0.1171910 0.1363481 0.1336026 0.1298197 0.1370661 0.1310561 0.1367063 0.1341165 0.0044158 0.0043984 0.0044161 0.0035950 0.0048263 0.0043984 0.0048050 0.1538328 0.0047909 0.0047909 0.0048222 0.1383027 0.0035993 0.0043950 0.0044081 0.0048137 0.0044081 0.0048114 0.0048114 0.0056302 0.0052042 0.1353720 0.1353720 0.1359748 0.1368768 0.1359890 0.1352594 0.1359890 0.1359897 0.1352594 0.1367091 0.1366977 0.1363143 0.1369181 0.1359748 0.1361562 0.1359748 0.1359776 0.1366977 0.1377405 0.1375815 0.1352061 0.1361896 0.1375815 0.1370661 0.0043871 0.3703829 
HM585506_Human_herpesvirus_1            0.0000010 0.0047905 0.0031851 0.0003940 0.0003940 0.0035758 0.0027756 0.0003940 0.0076871 0.0003940 0.0000000 0.0039843 0.0056334 0.0039824 0.0039894 0.0048112 0.0048112 0.0043869 0.1334774 0.1350657 0.1350224 0.1013433 0.1348021 0.1313483 0.1360908 0.1363399 0.1349980 0.1358821 0.1116942 0.1351650 0.1325750 0.1286544 0.1361331 0.1299637 0.1357744 0.1331899 0.0040032 0.0039874 0.0040034 0.0031867 0.0044117 0.0039874 0.0043923 0.1528530 0.0043794 0.0043794 0.0044080 0.1373656 0.0031905 0.0039843 0.0039962 0.0044002 0.0039962 0.0043982 0.0043982 0.0052134 0.0047905 0.1344446 0.1344446 0.1350454 0.1359442 0.1350594 0.1343323 0.1350594 0.1350601 0.1343323 0.1357772 0.1357659 0.1353836 0.1359858 0.1350454 0.1352260 0.1350454 0.1350482 0.1357659 0.1368054 0.1366468 0.1342794 0.1352594 0.1366468 0.1361331 0.0039772 0.3690432 
HM585508_Human_herpesvirus_1            0.0039843 0.0039861 0.0031868 0.0043950 0.0043950 0.0019796 0.0011846 0.0043949 0.0060257 0.0043949 0.0039843 0.0000000 0.0048043 0.0031811 0.0023852 0.0035829 0.0035829 0.0027720 0.1326276 0.1342339 0.1341936 0.1118245 0.1339754 0.1294468 0.1352620 0.1344280 0.1331634 0.1350408 0.1202639 0.1329395 0.1306417 0.1282537 0.1353044 0.1279090 0.1349466 0.1323664 0.0031866 0.0031851 0.0023851 0.0015821 0.0044142 0.0031851 0.0035885 0.1500243 0.0043819 0.0043819 0.0035885 0.1365334 0.0023809 0.0031827 0.0031810 0.0035822 0.0031810 0.0044006 0.0044006 0.0043892 0.0031712 0.1336206 0.1336206 0.1342197 0.1336732 0.1342336 0.1335085 0.1342336 0.1342343 0.1335085 0.1349494 0.1349381 0.1345568 0.1351576 0.1342197 0.1343995 0.1342197 0.1342224 0.1349381 0.1359748 0.1358165 0.1334559 0.1344330 0.1358165 0.1353044 0.0039794 0.3677733 
HM585509_Human_herpesvirus_1            0.0056334 0.0064545 0.0039903 0.0060529 0.0060529 0.0052191 0.0044074 0.0060527 0.0035815 0.0060527 0.0056334 0.0048043 0.0000000 0.0056339 0.0039903 0.0052133 0.0052133 0.0052096 0.1301952 0.1332903 0.1332535 0.1013433 0.1330378 0.1284357 0.1343211 0.1334080 0.1306928 0.1340860 0.1116942 0.1308414 0.1288331 0.1244058 0.1343636 0.1259747 0.1340070 0.1314336 0.0048149 0.0056410 0.0048151 0.0040026 0.0060795 0.0056410 0.0060370 0.1490345 0.0068533 0.0068533 0.0052214 0.1355879 0.0039972 0.0056366 0.0048064 0.0052122 0.0048064 0.0068829 0.0068829 0.0060447 0.0056161 0.1326862 0.1326862 0.1332830 0.1341755 0.1332967 0.1325745 0.1332967 0.1332974 0.1325745 0.1340098 0.1339987 0.1336187 0.1342175 0.1332830 0.1334619 0.1332830 0.1332857 0.1339987 0.1350315 0.1348737 0.1325223 0.1334953 0.1348737 0.1343636 0.0064435 0.3690930 
HM585510_Human_herpesvirus_1            0.0039824 0.0023748 0.0023841 0.0043929 0.0043929 0.0019786 0.0019787 0.0043928 0.0068643 0.0043928 0.0039824 0.0031811 0.0056339 0.0000000 0.0023841 0.0052124 0.0052124 0.0035822 0.1301622 0.1318193 0.1317878 0.1013433 0.1315758 0.1262998 0.1328554 0.1312620 0.1316188 0.1325984 0.1075021 0.1311332 0.1290149 0.1255091 0.1328981 0.1261814 0.1325431 0.1299771 0.0048141 0.0031836 0.0040037 0.0023853 0.0044121 0.0031836 0.0043926 0.1485743 0.0043798 0.0043798 0.0052206 0.1341163 0.0039966 0.0031812 0.0048056 0.0052114 0.0048056 0.0043985 0.0043985 0.0052139 0.0039842 0.1312287 0.1312287 0.1318227 0.1327105 0.1318362 0.1311175 0.1318362 0.1318369 0.1311175 0.1325459 0.1325350 0.1321565 0.1319198 0.1318227 0.1320003 0.1318227 0.1318254 0.1325350 0.1335627 0.1334056 0.1310659 0.1320338 0.1334056 0.1328981 0.0039775 0.3655214 
HM585511_Human_herpesvirus_1            0.0039894 0.0031865 0.0007874 0.0044007 0.0044007 0.0011861 0.0011862 0.0044006 0.0052049 0.0044006 0.0039894 0.0023852 0.0039903 0.0023841 0.0000000 0.0044094 0.0044094 0.0035885 0.1309915 0.1326317 0.1325972 0.1065254 0.1323832 0.1287222 0.1336652 0.1336994 0.1324642 0.1334202 0.1159370 0.1320912 0.1299050 0.1274128 0.1337078 0.1271262 0.1333518 0.1307808 0.0040107 0.0031892 0.0032022 0.0023895 0.0044199 0.0031892 0.0035931 0.1503047 0.0043875 0.0043875 0.0044163 0.1349297 0.0031965 0.0031868 0.0040037 0.0044085 0.0040037 0.0044063 0.0044063 0.0052231 0.0039913 0.1320334 0.1320334 0.1326291 0.1335199 0.1326428 0.1319219 0.1326428 0.1326435 0.1319219 0.1333546 0.1333436 0.1329641 0.1335620 0.1326291 0.1328076 0.1326291 0.1326319 0.1333436 0.1343744 0.1342169 0.1318700 0.1328410 0.1342169 0.1337078 0.0039845 0.3654699 
HM585512_Human_herpesvirus_1            0.0048112 0.0060291 0.0052217 0.0052269 0.0052269 0.0039921 0.0031873 0.0052267 0.0081015 0.0052267 0.0048112 0.0035829 0.0052133 0.0052124 0.0044094 0.0000000 0.0000010 0.0047915 0.1351715 0.1367241 0.1366747 0.1065254 0.1364501 0.1321255 0.1377434 0.1371211 0.1357474 0.1375597 0.1159370 0.1360752 0.1317862 0.1285158 0.1377855 0.1308040 0.1374250 0.1348313 0.0023806 0.0052190 0.0023807 0.0027762 0.0056535 0.0052190 0.0039797 0.1526140 0.0064268 0.0064268 0.0027802 0.1390253 0.0015811 0.0052150 0.0023764 0.0027753 0.0023764 0.0064544 0.0064544 0.0056213 0.0051960 0.1360873 0.1360873 0.1366917 0.1375960 0.1367059 0.1359745 0.1367059 0.1367066 0.1359745 0.1374278 0.1374163 0.1370320 0.1376372 0.1366917 0.1368736 0.1366917 0.1366945 0.1374163 0.1384616 0.1383023 0.1359209 0.1369070 0.1383023 0.1377855 0.0060189 0.3716488 
HM585513_Human_herpesvirus_1            0.0048112 0.0060291 0.0052217 0.0052269 0.0052269 0.0039921 0.0031873 0.0052267 0.0081015 0.0052267 0.0048112 0.0035829 0.0052133 0.0052124 0.0044094 0.0000010 0.0000000 0.0047915 0.1351715 0.1367241 0.1366747 0.1065254 0.1364501 0.1321255 0.1377434 0.1371211 0.1357474 0.1375597 0.1159370 0.1360752 0.1317862 0.1285158 0.1377855 0.1308040 0.1374250 0.1348313 0.0023806 0.0052190 0.0023807 0.0027762 0.0056535 0.0052190 0.0039797 0.1526140 0.0064268 0.0064268 0.0027802 0.1390253 0.0015811 0.0052150 0.0023764 0.0027753 0.0023764 0.0064544 0.0064544 0.0056213 0.0051960 0.1360873 0.1360873 0.1366917 0.1375960 0.1367059 0.1359745 0.1367059 0.1367066 0.1359745 0.1374278 0.1374163 0.1370320 0.1376372 0.1366917 0.1368736 0.1366917 0.1366945 0.1374163 0.1384616 0.1383023 0.1359209 0.1369070 0.1383023 0.1377855 0.0060189 0.3716488 
HM585514_Human_herpesvirus_1            0.0043869 0.0043889 0.0035885 0.0047992 0.0047992 0.0031767 0.0023778 0.0047991 0.0064335 0.0047991 0.0043869 0.0027720 0.0052096 0.0035822 0.0035885 0.0047915 0.0047915 0.0000000 0.1333555 0.1349464 0.1349035 0.1065254 0.1346835 0.1294409 0.1359720 0.1336475 0.1331575 0.1357615 0.1159370 0.1320319 0.1298526 0.1282468 0.1360143 0.1270705 0.1356556 0.1330717 0.0043946 0.0035867 0.0035884 0.0019795 0.0048201 0.0035867 0.0047989 0.1507660 0.0047848 0.0047848 0.0047989 0.1372463 0.0035820 0.0035840 0.0043869 0.0047905 0.0043869 0.0048053 0.0048053 0.0047928 0.0011822 0.1343264 0.1343264 0.1349269 0.1358254 0.1349409 0.1342141 0.1349409 0.1349417 0.1342141 0.1356585 0.1356472 0.1352650 0.1358670 0.1349269 0.1351074 0.1349269 0.1349297 0.1356472 0.1366863 0.1365277 0.1341612 0.1351408 0.1365277 0.1360143 0.0043815 0.3702079 
HSV2_1                                  0.1334774 0.1325757 0.1304250 0.1344456 0.1344456 0.1316719 0.1302153 0.1344337 0.1271366 0.1344337 0.1334774 0.1326276 0.1301952 0.1301622 0.1309915 0.1351715 0.1351715 0.1333555 0.0000000 0.0008223 0.0008197 0.0000030 0.0032963 0.0013081 0.0012270 0.0017624 0.0008452 0.0008211 0.0000025 0.0005024 0.0044972 0.0041037 0.0049661 0.0000029 0.0045393 0.0041377 0.1352214 0.1303276 0.1337438 0.1313782 0.1331276 0.1303276 0.1340391 0.0409117 0.1331650 0.1331650 0.1359644 0.0057967 0.1335267 0.1326368 0.1350058 0.1357483 0.1350058 0.1327379 0.1327379 0.1361837 0.1340937 0.0041223 0.0041223 0.0041222 0.0045454 0.0041223 0.0037061 0.0041223 0.0032909 0.0037061 0.0045394 0.0045393 0.0045477 0.0053757 0.0041222 0.0041278 0.0041222 0.0041223 0.0045393 0.0053827 0.0049635 0.0041277 0.0041298 0.0049635 0.0049661 0.1324178 0.3125932 
HSV2_2                                  0.1350657 0.1341831 0.1320769 0.1360138 0.1360138 0.1332979 0.1318716 0.1360020 0.1302791 0.1360020 0.1350657 0.1342339 0.1332903 0.1318193 0.1326317 0.1367241 0.1367241 0.1349464 0.0008223 0.0000000 0.0007973 0.0000030 0.0032073 0.0013171 0.0011943 0.0017287 0.0016705 0.0008068 0.0000025 0.0010076 0.0044536 0.0046247 0.0048310 0.0004730 0.0044159 0.0040273 0.1367728 0.1319815 0.1353267 0.1330109 0.1347237 0.1319815 0.1356153 0.0406664 0.1347600 0.1347600 0.1375000 0.0056393 0.1351139 0.1342430 0.1365618 0.1372884 0.1365618 0.1343417 0.1343417 0.1377147 0.1356691 0.0040112 0.0040112 0.0040111 0.0044218 0.0040113 0.0036064 0.0040113 0.0032024 0.0036064 0.0044160 0.0044159 0.0044240 0.0052298 0.0040111 0.0040165 0.0040111 0.0040112 0.0044159 0.0052365 0.0048286 0.0040163 0.0040184 0.0048286 0.0048310 0.1340283 0.3103371 
HSV2_3                                  0.1350224 0.1341429 0.1320445 0.1359670 0.1359670 0.1332610 0.1318399 0.1359553 0.1302532 0.1359553 0.1350224 0.1341936 0.1332535 0.1317878 0.1325972 0.1366747 0.1366747 0.1349035 0.0008197 0.0007973 0.0000000 0.0000030 0.0031972 0.0008732 0.0011900 0.0012963 0.0012480 0.0008043 0.0000025 0.0005035 0.0044672 0.0041099 0.0048138 0.0000029 0.0044002 0.0040129 0.1367233 0.1319494 0.1352824 0.1329751 0.1346816 0.1319494 0.1355699 0.0399656 0.1347178 0.1347178 0.1374478 0.0056191 0.1350704 0.1342027 0.1365130 0.1372369 0.1365130 0.1343011 0.1343011 0.1376618 0.1356235 0.0039969 0.0039969 0.0039968 0.0044060 0.0039970 0.0035935 0.0039970 0.0031910 0.0035935 0.0044003 0.0044002 0.0044082 0.0052111 0.0039968 0.0040021 0.0039968 0.0039969 0.0044002 0.0052177 0.0048114 0.0040019 0.0040030 0.0048114 0.0048138 0.1339888 0.3120987 
HSV2_4                                  0.1013433 0.1013433 0.1013433 0.1013433 0.1013433 0.1065254 0.1065254 0.1080231 0.1065439 0.1080231 0.1013433 0.1118245 0.1013433 0.1013433 0.1065254 0.1065254 0.1065254 0.1065254 0.0000030 0.0000030 0.0000030 0.0000000 0.0000030 0.0000030 0.0000030 0.0000030 0.0000030 0.0000030 0.0000010 0.0000030 0.0000030 0.0000030 0.0033111 0.0000030 0.0000030 0.0000030 0.1118053 0.0962382 0.1065254 0.1013433 0.0962382 0.0962382 0.1118053 0.0392757 0.1013994 0.1013994 0.1118053 0.0000030 0.1065254 0.1013433 0.1065254 0.1065254 0.1065254 0.0962382 0.0962382 0.1080231 0.1065254 0.0000030 0.0000030 0.0000030 0.0000030 0.0000030 0.0000030 0.0000030 0.0000030 0.0000030 0.0000030 0.0000030 0.0000030 0.0000030 0.0000030 0.0000030 0.0000030 0.0000030 0.0000030 0.0000030 0.0000030 0.0000030 0.0000030 0.0000030 0.0033111 0.0962382 0.2274959 
HSV2_5                                  0.1348021 0.1339249 0.1318318 0.1357442 0.1357442 0.1330452 0.1316278 0.1357325 0.1300452 0.1357325 0.1348021 0.1339754 0.1330378 0.1315758 0.1323832 0.1364501 0.1364501 0.1346835 0.0032963 0.0032073 0.0031972 0.0000030 0.0000000 0.0017483 0.0035911 0.0039140 0.0025046 0.0032362 0.0000025 0.0025343 0.0026583 0.0035821 0.0039912 0.0023825 0.0035822 0.0031936 0.1364986 0.1317370 0.1350614 0.1327600 0.1344621 0.1317370 0.1353482 0.0414544 0.1344982 0.1344982 0.1372212 0.0039849 0.1348500 0.1339844 0.1362888 0.1370109 0.1362888 0.1340826 0.1340826 0.1374345 0.1354017 0.0023808 0.0023808 0.0031808 0.0035868 0.0031810 0.0027805 0.0031810 0.0023808 0.0027805 0.0035822 0.0035822 0.0027854 0.0035819 0.0031808 0.0031850 0.0031808 0.0031809 0.0035822 0.0043916 0.0039892 0.0031849 0.0031865 0.0039892 0.0039912 0.1337711 0.3121091 
HSV2_6                                  0.1313483 0.1303952 0.1281240 0.1313483 0.1313483 0.1294409 0.1279025 0.1323588 0.1259624 0.1323588 0.1313483 0.1294468 0.1284357 0.1262998 0.1287222 0.1321255 0.1321255 0.1294409 0.0013081 0.0013171 0.0008732 0.0000030 0.0017483 0.0000000 0.0017477 0.0004536 0.0017849 0.0004356 0.0000025 0.0015362 0.0028312 0.0026601 0.0039566 0.0009644 0.0030646 0.0035124 0.1321780 0.1280211 0.1306217 0.1281310 0.1309778 0.1280211 0.1319423 0.0427447 0.1310179 0.1310179 0.1329609 0.0039499 0.1303935 0.1304596 0.1311714 0.1319514 0.1311714 0.1305668 0.1305668 0.1331916 0.1309905 0.0030646 0.0030646 0.0030646 0.0039546 0.0030646 0.0030646 0.0030646 0.0026236 0.0030646 0.0035058 0.0039490 0.0035128 0.0043926 0.0030646 0.0035109 0.0035057 0.0035058 0.0039490 0.0043988 0.0039545 0.0035107 0.0035127 0.0039545 0.0039566 0.1302286 0.2954445 
HSV2_7                                  0.1360908 0.1352113 0.1331123 0.1370357 0.1370357 0.1343291 0.1329078 0.1370238 0.1313201 0.1370238 0.1360908 0.1352620 0.1343211 0.1328554 0.1336652 0.1377434 0.1377434 0.1359720 0.0012270 0.0011943 0.0011900 0.0000030 0.0035911 0.0017477 0.0000000 0.0021619 0.0020805 0.0012045 0.0026066 0.0015158 0.0049093 0.0051513 0.0052071 0.0009484 0.0047934 0.0044069 0.1377919 0.1330173 0.1363509 0.1340434 0.1357502 0.1330173 0.1366383 0.0408734 0.1357863 0.1357863 0.1385165 0.0060112 0.1361388 0.1352712 0.1375815 0.1383055 0.1375815 0.1353694 0.1353694 0.1387305 0.1366921 0.0043894 0.0043894 0.0043894 0.0047996 0.0043895 0.0039863 0.0043895 0.0035841 0.0039863 0.0047935 0.0047934 0.0048020 0.0056035 0.0043894 0.0043952 0.0043894 0.0043894 0.0047934 0.0056105 0.0052046 0.0043950 0.0043972 0.0052046 0.0052071 0.1350571 0.3126278 
HSV2_8                                  0.1363399 0.1353823 0.1330977 0.1363399 0.1363399 0.1344219 0.1328752 0.1373562 0.1309763 0.1373562 0.1363399 0.1344280 0.1334080 0.1312620 0.1336994 0.1371211 0.1371211 0.1336475 0.0017624 0.0017287 0.0012963 0.0000030 0.0039140 0.0004536 0.0021619 0.0000000 0.0026389 0.0008727 0.0026155 0.0020375 0.0051441 0.0048484 0.0056823 0.0014322 0.0052294 0.0047989 0.1371738 0.1329943 0.1356095 0.1331061 0.1359691 0.1329943 0.1369361 0.0421039 0.1360084 0.1360084 0.1379606 0.0070049 0.1353794 0.1354474 0.1361613 0.1369454 0.1361613 0.1355543 0.1355543 0.1381930 0.1352013 0.0052293 0.0052293 0.0047882 0.0056795 0.0052294 0.0047882 0.0052294 0.0043481 0.0047882 0.0056715 0.0056714 0.0056825 0.0065582 0.0047882 0.0052368 0.0052292 0.0052293 0.0056714 0.0061228 0.0056792 0.0052365 0.0052395 0.0056792 0.0056823 0.1352144 0.2982586 
HSV2_9                                  0.1349980 0.1340790 0.1318870 0.1359853 0.1359853 0.1331575 0.1316733 0.1359730 0.1283708 0.1359730 0.1349980 0.1331634 0.1306928 0.1316188 0.1324642 0.1357474 0.1357474 0.1331575 0.0008452 0.0016705 0.0012480 0.0000030 0.0025046 0.0017849 0.0020805 0.0026389 0.0000000 0.0016876 0.0000025 0.0005032 0.0044911 0.0041630 0.0046154 0.0004747 0.0041837 0.0037723 0.1357981 0.1317877 0.1342973 0.1318947 0.1346421 0.1317877 0.1355701 0.0388326 0.1346795 0.1346795 0.1365529 0.0058824 0.1340765 0.1341414 0.1348268 0.1355789 0.1348268 0.1342443 0.1342443 0.1367758 0.1346524 0.0041836 0.0041836 0.0037612 0.0046132 0.0041837 0.0037612 0.0041837 0.0033397 0.0037612 0.0046070 0.0046069 0.0046156 0.0054549 0.0037612 0.0041893 0.0041835 0.0041836 0.0046069 0.0050376 0.0046130 0.0041891 0.0041914 0.0046130 0.0046154 0.1339178 0.3073140 
HSV2_10                                 0.1358821 0.1349894 0.1328590 0.1368412 0.1368412 0.1340940 0.1326515 0.1368292 0.1310404 0.1368292 0.1358821 0.1350408 0.1340860 0.1325984 0.1334202 0.1375597 0.1375597 0.1357615 0.0008211 0.0008068 0.0008043 0.0000030 0.0032362 0.0004356 0.0012045 0.0008727 0.0016876 0.0000000 0.0000025 0.0010082 0.0040465 0.0041078 0.0048728 0.0004732 0.0044541 0.0040605 0.1376089 0.1327625 0.1361461 0.1338040 0.1355364 0.1327625 0.1364379 0.0410556 0.1355730 0.1355730 0.1383445 0.0056880 0.1359308 0.1350501 0.1373954 0.1381304 0.1373954 0.1351498 0.1351498 0.1385617 0.1364925 0.0040447 0.0040447 0.0040446 0.0044600 0.0040448 0.0036373 0.0040448 0.0032298 0.0036373 0.0044541 0.0044541 0.0044623 0.0052750 0.0040446 0.0040501 0.0040446 0.0040447 0.0044541 0.0052818 0.0048704 0.0040499 0.0040521 0.0048704 0.0048728 0.1348329 0.3144074 
HSV2_11                                 0.1116942 0.1116942 0.1116942 0.1116942 0.1116942 0.1159370 0.1159370 0.1171910 0.1159528 0.1171910 0.1116942 0.1202639 0.1116942 0.1075021 0.1159370 0.1159370 0.1159370 0.1159370 0.0000025 0.0000025 0.0000025 0.0000010 0.0000025 0.0000025 0.0026066 0.0026155 0.0000025 0.0000025 0.0000000 0.0000025 0.0000025 0.0000025 0.0026155 0.0000025 0.0000025 0.0000025 0.1202477 0.1075021 0.1159370 0.1116942 0.1075021 0.1075021 0.1202477 0.0458958 0.1117465 0.1117465 0.1202477 0.0000025 0.1159370 0.1116942 0.1159370 0.1159370 0.1159370 0.1075021 0.1075021 0.1171910 0.1159370 0.0000025 0.0000025 0.0000025 0.0000025 0.0000025 0.0000025 0.0000025 0.0000025 0.0000025 0.0000025 0.0000025 0.0026159 0.0000025 0.0000025 0.0000025 0.0000025 0.0000025 0.0000025 0.0000025 0.0000025 0.0000025 0.0000025 0.0000025 0.0026155 0.1075021 0.2205628 
HSV2_12                                 0.1351650 0.1341170 0.1313921 0.1351650 0.1351650 0.1329325 0.1311332 0.1363481 0.1300089 0.1363481 0.1351650 0.1329395 0.1308414 0.1311332 0.1320912 0.1360752 0.1360752 0.1320319 0.0005024 0.0010076 0.0005035 0.0000030 0.0025343 0.0015362 0.0015158 0.0020375 0.0005032 0.0010082 0.0000025 0.0000000 0.0042901 0.0040779 0.0045936 0.0005084 0.0040688 0.0040687 0.1349537 0.1312718 0.1331382 0.1314014 0.1335546 0.1312718 0.1358598 0.0417283 0.1347787 0.1347787 0.1358670 0.0045832 0.1340468 0.1341255 0.1349572 0.1358706 0.1349572 0.1342493 0.1342493 0.1352223 0.1338394 0.0040687 0.0040687 0.0035555 0.0045909 0.0040688 0.0035555 0.0040688 0.0030437 0.0035555 0.0040688 0.0045833 0.0045938 0.0045832 0.0035555 0.0040755 0.0040686 0.0040687 0.0045833 0.0051072 0.0045907 0.0040753 0.0040780 0.0045907 0.0045936 0.1338544 0.2930964 
HSV2_13                                 0.1325750 0.1316062 0.1292959 0.1336153 0.1336153 0.1306356 0.1290716 0.1336026 0.1255533 0.1336026 0.1325750 0.1306417 0.1288331 0.1290149 0.1299050 0.1317862 0.1317862 0.1298526 0.0044972 0.0044536 0.0044672 0.0000030 0.0026583 0.0028312 0.0049093 0.0051441 0.0044911 0.0040465 0.0000025 0.0042901 0.0000000 0.0010260 0.0013255 0.0040155 0.0008810 0.0008838 0.1334186 0.1284121 0.1318354 0.1293034 0.1321981 0.1284121 0.1323888 0.0406273 0.1314516 0.1314516 0.1342145 0.0017662 0.1316042 0.1308856 0.1323950 0.1331880 0.1323950 0.1309933 0.1309933 0.1344492 0.1314238 0.0000028 0.0000028 0.0004400 0.0008810 0.0008810 0.0004400 0.0008810 0.0008811 0.0004400 0.0013230 0.0013230 0.0004408 0.0013229 0.0004400 0.0004400 0.0008810 0.0008810 0.0013230 0.0017683 0.0013248 0.0008823 0.0008828 0.0013248 0.0013255 0.1306513 0.3115383 
HSV2_14                                 0.1286544 0.1293532 0.1267199 0.1298336 0.1298336 0.1282468 0.1264631 0.1298197 0.1224477 0.1298197 0.1286544 0.1282537 0.1244058 0.1255091 0.1274128 0.1285158 0.1285158 0.1282468 0.0041037 0.0046247 0.0041099 0.0000030 0.0035821 0.0026601 0.0051513 0.0048484 0.0041630 0.0041078 0.0000025 0.0040779 0.0010260 0.0000000 0.0015290 0.0043207 0.0000020 0.0010182 0.1305160 0.1257130 0.1296150 0.1267276 0.1291256 0.1257130 0.1293446 0.0416622 0.1273845 0.1273845 0.1314223 0.0020375 0.1284509 0.1285301 0.1293515 0.1302540 0.1293515 0.1277567 0.1277567 0.1307810 0.1291458 0.0010161 0.0010161 0.0005067 0.0010161 0.0000020 0.0005067 0.0000020 0.0010162 0.0005067 0.0005067 0.0015256 0.0015291 0.0015256 0.0005067 0.0005067 0.0010161 0.0010161 0.0015256 0.0020409 0.0015281 0.0010178 0.0010185 0.0015281 0.0015290 0.1264770 0.3102334 
HSV2_15                                 0.1361331 0.1357017 0.1331549 0.1370779 0.1370779 0.1343716 0.1329504 0.1370661 0.1313628 0.1370661 0.1361331 0.1353044 0.1343636 0.1328981 0.1337078 0.1377855 0.1377855 0.1360143 0.0049661 0.0048310 0.0048138 0.0033111 0.0039912 0.0039566 0.0052071 0.0056823 0.0046154 0.0048728 0.0026155 0.0045936 0.0013255 0.0015290 0.0000000 0.0043147 0.0011857 0.0011907 0.1378341 0.1330599 0.1363932 0.1340860 0.1357926 0.1330599 0.1366805 0.0424166 0.1358287 0.1358287 0.1385586 0.0031806 0.1361811 0.1353136 0.1376237 0.1383476 0.1376237 0.1354118 0.1354118 0.1387725 0.1367344 0.0015835 0.0015835 0.0007896 0.0019840 0.0015836 0.0011857 0.0015836 0.0015836 0.0011857 0.0019815 0.0019814 0.0019850 0.0027796 0.0007896 0.0015847 0.0015835 0.0015835 0.0019814 0.0019839 0.0015846 0.0015846 0.0015855 0.0015846 0.0000010 0.1350995 0.3146601 
HSV2_16                                 0.1299637 0.1289335 0.1264801 0.1299637 0.1299637 0.1279026 0.1262409 0.1310561 0.1241924 0.1310561 0.1299637 0.1279090 0.1259747 0.1261814 0.1271262 0.1308040 0.1308040 0.1270705 0.0000029 0.0004730 0.0000029 0.0000030 0.0023825 0.0009644 0.0009484 0.0014322 0.0004747 0.0004732 0.0000025 0.0005084 0.0040155 0.0043207 0.0043147 0.0000000 0.0038226 0.0038244 0.1308609 0.1263689 0.1291783 0.1264872 0.1295626 0.1263689 0.1306063 0.0407038 0.1296065 0.1296065 0.1317075 0.0047896 0.1289321 0.1290030 0.1297728 0.1306161 0.1297728 0.1291190 0.1291190 0.1311093 0.1287404 0.0038226 0.0038226 0.0033407 0.0043124 0.0038226 0.0033407 0.0038226 0.0028599 0.0033407 0.0043057 0.0043056 0.0043149 0.0047898 0.0033407 0.0038285 0.0038225 0.0038226 0.0043056 0.0047970 0.0043121 0.0038283 0.0038307 0.0043121 0.0043147 0.1287537 0.2910235 
HSV2_17                                 0.1357744 0.1348959 0.1327996 0.1367181 0.1367181 0.1340149 0.1325953 0.1367063 0.1310099 0.1367063 0.1357744 0.1349466 0.1340070 0.1325431 0.1333518 0.1374250 0.1374250 0.1356556 0.0045393 0.0044159 0.0044002 0.0000030 0.0035822 0.0030646 0.0047934 0.0052294 0.0041837 0.0044541 0.0000025 0.0040688 0.0008810 0.0000020 0.0011857 0.0038226 0.0000000 0.0007911 0.1374735 0.1327047 0.1360341 0.1337295 0.1354342 0.1327047 0.1363212 0.0418529 0.1354702 0.1354702 0.1381972 0.0027754 0.1358223 0.1349557 0.1372633 0.1379865 0.1372633 0.1350538 0.1350538 0.1384109 0.1363749 0.0011835 0.0011835 0.0003937 0.0015828 0.0003937 0.0007882 0.0003937 0.0011836 0.0007882 0.0007882 0.0015808 0.0015836 0.0023759 0.0003937 0.0011851 0.0011835 0.0011835 0.0015808 0.0015827 0.0011851 0.0011851 0.0011857 0.0011851 0.0011857 0.1347419 0.3145392 
HSV2_18                                 0.1331899 0.1323161 0.1302318 0.1341280 0.1341280 0.1314403 0.1300285 0.1341165 0.1284534 0.1341165 0.1331899 0.1323664 0.1314336 0.1299771 0.1307808 0.1348313 0.1348313 0.1330717 0.0041377 0.0040273 0.0040129 0.0000030 0.0031936 0.0035124 0.0044069 0.0047989 0.0037723 0.0040605 0.0000025 0.0040687 0.0008838 0.0010182 0.0011907 0.0038244 0.0007911 0.0000000 0.1348796 0.1301373 0.1334480 0.1311546 0.1328499 0.1301373 0.1337342 0.0410589 0.1328871 0.1328871 0.1355995 0.0027865 0.1332376 0.1323753 0.1346709 0.1353901 0.1346709 0.1324733 0.1324733 0.1358119 0.1337871 0.0011887 0.0011887 0.0003955 0.0015882 0.0011887 0.0007911 0.0011887 0.0011887 0.0007911 0.0015861 0.0007911 0.0015890 0.0023854 0.0003955 0.0011902 0.0011886 0.0003955 0.0007911 0.0007921 0.0003960 0.0011902 0.0011908 0.0003960 0.0011907 0.1321631 0.3126289 
JN400093_Human_herpesvirus_1            0.0040032 0.0056302 0.0048226 0.0044160 0.0044160 0.0035948 0.0027904 0.0044158 0.0077006 0.0044158 0.0040032 0.0031866 0.0048149 0.0048141 0.0040107 0.0023806 0.0023806 0.0043946 0.1352214 0.1367728 0.1367233 0.1118053 0.1364986 0.1321780 0.1377919 0.1371738 0.1357981 0.1376089 0.1202477 0.1349537 0.1334186 0.1305160 0.1378341 0.1308609 0.1374735 0.1348796 0.0000000 0.0048202 0.0007873 0.0023808 0.0044195 0.0048202 0.0027817 0.1526638 0.0060283 0.0060283 0.0003932 0.1390740 0.0007888 0.0048165 0.0015819 0.0019793 0.0015819 0.0060543 0.0060543 0.0043944 0.0047989 0.1361356 0.1361356 0.1367400 0.1376445 0.1367543 0.1360228 0.1367543 0.1367550 0.1360228 0.1374763 0.1374647 0.1370804 0.1376857 0.1367400 0.1369220 0.1367400 0.1367429 0.1374647 0.1385103 0.1383509 0.1359692 0.1369554 0.1383509 0.1378341 0.0056207 0.3714821 
JN420337_Human_herpesvirus_1            0.0039874 0.0039892 0.0031892 0.0043985 0.0043985 0.0027792 0.0019812 0.0043984 0.0068730 0.0043984 0.0039874 0.0031851 0.0056410 0.0031836 0.0031892 0.0052190 0.0052190 0.0035867 0.1303276 0.1319815 0.1319494 0.0962382 0.1317370 0.1280211 0.1330173 0.1329943 0.1317877 0.1327625 0.1075021 0.1312718 0.1284121 0.1257130 0.1330599 0.1263689 0.1327047 0.1301373 0.0048202 0.0000000 0.0040088 0.0023883 0.0019856 0.0000010 0.0035913 0.1496217 0.0027793 0.0027793 0.0052272 0.1342790 0.0040017 0.0023841 0.0048117 0.0052180 0.0048117 0.0011845 0.0011845 0.0052205 0.0039893 0.1313893 0.1313893 0.1319837 0.1328723 0.1319972 0.1312781 0.1319972 0.1319980 0.1312781 0.1327074 0.1326965 0.1323178 0.1329145 0.1319837 0.1321615 0.1319837 0.1319864 0.1326965 0.1337250 0.1335678 0.1312264 0.1321950 0.1335678 0.1330599 0.0023798 0.3665397 
JN420338_Human_herpesvirus_1            0.0040034 0.0048162 0.0040108 0.0044162 0.0044162 0.0027904 0.0019883 0.0044161 0.0068762 0.0044161 0.0040034 0.0023851 0.0048151 0.0040037 0.0032022 0.0023807 0.0023807 0.0035884 0.1337438 0.1353267 0.1352824 0.1065254 0.1350614 0.1306217 0.1363509 0.1356095 0.1342973 0.1361461 0.1159370 0.1331382 0.1318354 0.1296150 0.1363932 0.1291783 0.1360341 0.1334480 0.0007873 0.0040088 0.0000000 0.0015831 0.0044197 0.0040088 0.0027817 0.1511585 0.0052141 0.0052141 0.0011822 0.1376268 0.0007888 0.0040057 0.0015819 0.0019794 0.0015819 0.0052365 0.0052365 0.0043946 0.0039911 0.1347030 0.1347030 0.1353044 0.1362042 0.1353185 0.1345906 0.1353185 0.1353192 0.1345906 0.1360370 0.1360256 0.1356430 0.1362457 0.1353044 0.1354852 0.1353044 0.1353072 0.1360256 0.1370661 0.1369074 0.1345376 0.1355186 0.1369074 0.1363932 0.0048081 0.3689936 
JN420339_Human_herpesvirus_1            0.0031867 0.0031882 0.0023895 0.0035951 0.0035951 0.0019831 0.0011868 0.0035950 0.0052210 0.0035950 0.0031867 0.0015821 0.0040026 0.0023853 0.0023895 0.0027762 0.0027762 0.0019795 0.1313782 0.1330109 0.1329751 0.1013433 0.1327600 0.1281310 0.1340434 0.1331061 0.1318947 0.1338040 0.1116942 0.1314014 0.1293034 0.1267276 0.1340860 0.1264872 0.1337295 0.1311546 0.0023808 0.0023883 0.0015831 0.0000000 0.0036108 0.0023883 0.0027804 0.1487509 0.0035843 0.0035843 0.0027805 0.1353099 0.0015813 0.0023865 0.0023767 0.0027756 0.0023767 0.0035997 0.0035997 0.0035903 0.0023778 0.1324089 0.1324089 0.1330056 0.1338979 0.1330193 0.1322973 0.1330193 0.1330200 0.1322973 0.1337322 0.1337212 0.1333412 0.1339399 0.1330056 0.1331844 0.1330056 0.1330084 0.1337212 0.1347537 0.1345959 0.1322451 0.1332179 0.1345959 0.1340860 0.0031828 0.3666004 
JN420340_Human_herpesvirus_1            0.0044117 0.0052271 0.0044199 0.0048264 0.0048264 0.0040016 0.0031949 0.0048263 0.0081504 0.0048263 0.0044117 0.0044142 0.0060795 0.0044121 0.0044199 0.0056535 0.0056535 0.0048201 0.1331276 0.1347237 0.1346816 0.0962382 0.1344621 0.1309778 0.1357502 0.1359691 0.1346421 0.1355364 0.1075021 0.1335546 0.1321981 0.1291256 0.1357926 0.1295626 0.1354342 0.1328499 0.0044195 0.0019856 0.0044197 0.0036108 0.0000000 0.0019856 0.0056421 0.1524943 0.0048119 0.0048119 0.0048262 0.1370238 0.0044276 0.0044143 0.0052433 0.0056523 0.0052433 0.0023808 0.0023808 0.0048199 0.0052271 0.1341056 0.1341056 0.1347059 0.1356038 0.1347199 0.1339934 0.1347199 0.1347206 0.1339934 0.1354370 0.1354257 0.1350437 0.1356455 0.1347059 0.1348862 0.1347059 0.1347087 0.1354257 0.1364642 0.1363057 0.1339406 0.1349196 0.1363057 0.1357926 0.0044063 0.3668219 
JN420341_Human_herpesvirus_1            0.0039874 0.0039892 0.0031892 0.0043985 0.0043985 0.0027792 0.0019812 0.0043984 0.0068730 0.0043984 0.0039874 0.0031851 0.0056410 0.0031836 0.0031892 0.0052190 0.0052190 0.0035867 0.1303276 0.1319815 0.1319494 0.0962382 0.1317370 0.1280211 0.1330173 0.1329943 0.1317877 0.1327625 0.1075021 0.1312718 0.1284121 0.1257130 0.1330599 0.1263689 0.1327047 0.1301373 0.0048202 0.0000010 0.0040088 0.0023883 0.0019856 0.0000000 0.0035913 0.1496217 0.0027793 0.0027793 0.0052272 0.1342790 0.0040017 0.0023841 0.0048117 0.0052180 0.0048117 0.0011845 0.0011845 0.0052205 0.0039893 0.1313893 0.1313893 0.1319837 0.1328723 0.1319972 0.1312781 0.1319972 0.1319980 0.1312781 0.1327074 0.1326965 0.1323178 0.1329145 0.1319837 0.1321615 0.1319837 0.1319864 0.1326965 0.1337250 0.1335678 0.1312264 0.1321950 0.1335678 0.1330599 0.0023798 0.3665397 
JN420342_Human_herpesvirus_1            0.0043923 0.0052040 0.0044004 0.0048051 0.0048051 0.0031808 0.0023808 0.0048050 0.0081141 0.0048050 0.0043923 0.0035885 0.0060370 0.0043926 0.0035931 0.0039797 0.0039797 0.0047989 0.1340391 0.1356153 0.1355699 0.1118053 0.1353482 0.1319423 0.1366383 0.1369361 0.1355701 0.1364379 0.1202477 0.1358598 0.1323888 0.1293446 0.1366805 0.1306063 0.1363212 0.1337342 0.0027817 0.0035913 0.0027817 0.0027804 0.0056421 0.0035913 0.0000000 0.1534284 0.0031809 0.0031809 0.0031823 0.1379152 0.0027768 0.0027854 0.0035774 0.0039789 0.0035774 0.0031945 0.0031945 0.0064475 0.0052040 0.1349891 0.1349891 0.1355909 0.1364914 0.1356050 0.1348766 0.1356050 0.1356057 0.1348766 0.1363240 0.1363126 0.1359298 0.1365329 0.1355909 0.1357719 0.1355909 0.1355937 0.1363126 0.1373540 0.1371951 0.1348235 0.1358053 0.1371951 0.1366805 0.0027804 0.3701993 
JQ360576_Chimpanzee_alpha-1_herpesvirus 0.1528530 0.1510485 0.1497202 0.1538468 0.1538468 0.1510036 0.1495089 0.1538328 0.1458968 0.1538328 0.1528530 0.1500243 0.1490345 0.1485743 0.1503047 0.1526140 0.1526140 0.1507660 0.0409117 0.0406664 0.0399656 0.0392757 0.0414544 0.0427447 0.0408734 0.0421039 0.0388326 0.0410556 0.0458958 0.0417283 0.0406273 0.0416622 0.0424166 0.0407038 0.0418529 0.0410589 0.1526638 0.1496217 0.1511585 0.1487509 0.1524943 0.1496217 0.1534284 0.0000000 0.1525395 0.1525395 0.1534207 0.0423502 0.1509375 0.1519954 0.1524450 0.1532016 0.1524450 0.1520944 0.1520944 0.1536430 0.1515186 0.0403885 0.0403885 0.0413631 0.0419109 0.0413655 0.0408767 0.0413655 0.0413660 0.0408767 0.0418538 0.0418523 0.0409508 0.0398991 0.0413631 0.0414220 0.0413631 0.0413640 0.0418523 0.0428873 0.0423974 0.0414194 0.0414391 0.0423974 0.0424166 0.1517708 0.3614239 
JQ730035_Human_herpesvirus_1            0.0043794 0.0051887 0.0043875 0.0047910 0.0047910 0.0039723 0.0031716 0.0047909 0.0080901 0.0047909 0.0043794 0.0043819 0.0068533 0.0043798 0.0043875 0.0064268 0.0064268 0.0047848 0.1331650 0.1347600 0.1347178 0.1013994 0.1344982 0.1310179 0.1357863 0.1360084 0.1346795 0.1355730 0.1117465 0.1347787 0.1314516 0.1273845 0.1358287 0.1296065 0.1354702 0.1328871 0.0060283 0.0027793 0.0052141 0.0035843 0.0048119 0.0027793 0.0031809 0.1525395 0.0000000 0.0000010 0.0064368 0.1370600 0.0052048 0.0019797 0.0060178 0.0064254 0.0060178 0.0023839 0.0023839 0.0064285 0.0051888 0.1341417 0.1341417 0.1347419 0.1356399 0.1347559 0.1340294 0.1347559 0.1347566 0.1340294 0.1354730 0.1354617 0.1350798 0.1356815 0.1347419 0.1349222 0.1347419 0.1347447 0.1354617 0.1365004 0.1363418 0.1339767 0.1349557 0.1363418 0.1358287 0.0003933 0.3664604 
