97
HM585496_Human_herpesvirus_1            0.0000000 0.0145924 0.0075675 0.0003916 0.0003916 0.0075706 0.0071686 0.0146016 0.0067679 0.0141808 0.0063570 0.0075675 0.0092096 0.0088048 0.0067618 0.0088048 0.1757507 0.1797268 0.1748620 0.1279497 0.2195243 0.1650787 0.2547917 0.1649950 0.1515541 0.1798337 0.1069149 0.1509773 0.1527546 0.1619586 0.2395428 0.1551049 0.2556595 0.1785640 0.0075877 0.0067631 0.0071696 0.0055587 0.0055614 0.0075917 0.0059664 0.2651623 0.0055550 0.0055550 0.0088175 0.2688052 0.0083866 0.0063601 0.0083797 0.0079767 0.0079767 0.0075794 0.0071769 0.0071700 0.0071631 0.2762840 0.2706705 0.2762840 0.2728952 0.2706705 0.2773319 0.2744804 0.2733251 0.2744804 0.2760582 0.2779372 0.2757216 0.2241704 0.2750121 0.2752132 0.2241704 0.2757580 0.2766558 0.2681334 0.2748815 0.2748815 0.2765098 0.2720341 0.2782756 0.2789550 0.2770827 0.2752132 0.2784896 0.2784896 0.2775918 0.2748591 0.2740405 0.2780661 0.2740405 0.2757580 0.2768838 0.2769080 0.2741532 0.0083797 0.2448450 0.0055527 1.0640436 
HM585497_Human_herpesvirus_1            0.0145924 0.0000000 0.0116705 0.0141668 0.0141668 0.0100395 0.0112672 0.0071586 0.0116884 0.0059517 0.0120822 0.0116705 0.0124994 0.0120902 0.0116776 0.0120902 0.1786891 0.1852135 0.1791526 0.1290246 0.2244967 0.1679615 0.2606991 0.1690197 0.1569906 0.1841675 0.1039940 0.1548738 0.1583333 0.1680224 0.2449574 0.1601446 0.2627752 0.1811973 0.0108575 0.0150110 0.0120975 0.0120896 0.0129278 0.0108633 0.0133495 0.2636631 0.0129125 0.0129125 0.0129313 0.2742563 0.0133427 0.0137449 0.0133316 0.0129212 0.0129212 0.0100293 0.0096234 0.0120983 0.0120863 0.2811461 0.2726848 0.2811461 0.2766745 0.2726848 0.2811461 0.2782585 0.2783324 0.2782585 0.2798585 0.2817573 0.2795193 0.2279064 0.2788016 0.2802423 0.2279064 0.2778152 0.2804635 0.2690879 0.2786650 0.2786650 0.2803158 0.2770192 0.2821043 0.2845490 0.2808994 0.2802423 0.2823266 0.2823266 0.2796641 0.2786419 0.2778152 0.2818939 0.2778152 0.2778152 0.2806885 0.2807135 0.2779290 0.0133316 0.2502327 0.0129071 1.0775517 
HM585498_Human_herpesvirus_1            0.0075675 0.0116705 0.0000000 0.0071592 0.0071592 0.0039457 0.0027572 0.0133417 0.0039556 0.0121005 0.0035530 0.0000010 0.0055589 0.0051593 0.0039521 0.0051593 0.1736796 0.1787971 0.1727921 0.1267810 0.2164112 0.1639110 0.2507145 0.1640725 0.1496923 0.1777445 0.1032326 0.1509227 0.1519015 0.1608020 0.2373140 0.1539700 0.2516072 0.1747742 0.0039601 0.0063621 0.0043534 0.0035552 0.0051543 0.0047607 0.0055580 0.2603288 0.0051484 0.0051484 0.0059690 0.2655385 0.0055553 0.0059512 0.0055508 0.0051517 0.0051517 0.0031607 0.0027642 0.0051518 0.0043495 0.2723027 0.2640082 0.2723027 0.2678853 0.2640082 0.2723027 0.2694819 0.2683416 0.2694819 0.2710397 0.2729040 0.2707044 0.2196992 0.2700016 0.2702166 0.2196992 0.2690436 0.2716309 0.2605322 0.2698782 0.2698782 0.2714864 0.2670667 0.2732329 0.2738997 0.2720488 0.2702166 0.2734374 0.2734374 0.2708594 0.2698564 0.2690436 0.2730233 0.2690436 0.2690436 0.2718646 0.2718878 0.2691554 0.0055508 0.2426491 0.0043490 1.0755912 
HM585499_Human_herpesvirus_1            0.0003916 0.0141668 0.0071592 0.0000000 0.0000010 0.0071621 0.0067609 0.0141757 0.0063609 0.0137560 0.0059514 0.0071592 0.0087968 0.0083928 0.0063552 0.0083928 0.1745569 0.1785254 0.1736697 0.1279497 0.2182483 0.1639189 0.2534201 0.1638318 0.1505021 0.1786258 0.1069149 0.1498624 0.1517032 0.1608103 0.2382532 0.1539789 0.2542954 0.1773528 0.0071783 0.0063564 0.0067618 0.0051545 0.0051570 0.0071821 0.0055609 0.2638159 0.0051510 0.0051510 0.0084048 0.2674188 0.0079760 0.0059543 0.0079695 0.0075673 0.0075673 0.0071704 0.0067687 0.0067623 0.0067557 0.2748729 0.2692804 0.2748729 0.2714911 0.2692804 0.2759174 0.2730777 0.2719279 0.2730777 0.2746481 0.2765209 0.2743123 0.2229741 0.2736054 0.2738102 0.2229741 0.2743508 0.2752433 0.2667565 0.2734770 0.2734770 0.2750979 0.2706428 0.2768563 0.2775315 0.2756672 0.2738102 0.2770674 0.2770674 0.2761786 0.2734548 0.2726387 0.2766470 0.2726387 0.2743508 0.2754727 0.2754966 0.2727511 0.0079695 0.2435612 0.0051489 1.0574709 
HM585500_Human_herpesvirus_1            0.0003916 0.0141668 0.0071592 0.0000010 0.0000000 0.0071621 0.0067609 0.0141757 0.0063609 0.0137560 0.0059514 0.0071592 0.0087968 0.0083928 0.0063552 0.0083928 0.1745569 0.1785254 0.1736697 0.1279497 0.2182483 0.1639189 0.2534201 0.1638318 0.1505021 0.1786258 0.1069149 0.1498624 0.1517032 0.1608103 0.2382532 0.1539789 0.2542954 0.1773528 0.0071783 0.0063564 0.0067618 0.0051545 0.0051570 0.0071821 0.0055609 0.2638159 0.0051510 0.0051510 0.0084048 0.2674188 0.0079760 0.0059543 0.0079695 0.0075673 0.0075673 0.0071704 0.0067687 0.0067623 0.0067557 0.2748729 0.2692804 0.2748729 0.2714911 0.2692804 0.2759174 0.2730777 0.2719279 0.2730777 0.2746481 0.2765209 0.2743123 0.2229741 0.2736054 0.2738102 0.2229741 0.2743508 0.2752433 0.2667565 0.2734770 0.2734770 0.2750979 0.2706428 0.2768563 0.2775315 0.2756672 0.2738102 0.2770674 0.2770674 0.2761786 0.2734548 0.2726387 0.2766470 0.2726387 0.2743508 0.2754727 0.2754966 0.2727511 0.0079695 0.2435612 0.0051489 1.0574709 
HM585501_Human_herpesvirus_1            0.0075706 0.0100395 0.0039457 0.0071621 0.0071621 0.0000000 0.0035508 0.0141742 0.0039572 0.0129291 0.0043498 0.0039457 0.0071683 0.0067667 0.0039537 0.0067667 0.1737414 0.1788601 0.1728537 0.1237779 0.2164803 0.1631090 0.2526076 0.1641321 0.1497444 0.1778075 0.1034257 0.1501265 0.1519542 0.1600031 0.2391343 0.1531760 0.2534883 0.1748367 0.0055605 0.0071694 0.0043551 0.0043524 0.0051564 0.0055635 0.0055603 0.2621644 0.0051505 0.0051505 0.0075831 0.2674261 0.0055575 0.0059536 0.0055530 0.0051538 0.0051538 0.0047550 0.0043566 0.0043554 0.0043513 0.2742080 0.2658890 0.2742080 0.2697850 0.2658890 0.2742080 0.2713767 0.2702311 0.2713767 0.2729414 0.2748106 0.2726058 0.2214080 0.2719007 0.2721103 0.2214080 0.2709379 0.2735349 0.2623919 0.2717746 0.2717746 0.2733898 0.2689507 0.2751430 0.2758143 0.2739560 0.2721103 0.2753510 0.2753510 0.2727584 0.2717526 0.2709379 0.2749335 0.2709379 0.2709379 0.2737663 0.2737899 0.2710501 0.0055530 0.2444501 0.0051484 1.0715249 
HM585502_Human_herpesvirus_1            0.0071686 0.0112672 0.0027572 0.0067609 0.0067609 0.0035508 0.0000000 0.0121038 0.0043563 0.0108680 0.0047489 0.0027572 0.0059630 0.0055627 0.0043524 0.0055627 0.1727488 0.1778616 0.1718615 0.1235216 0.2154674 0.1621338 0.2497380 0.1631501 0.1488469 0.1768075 0.1012509 0.1491711 0.1510549 0.1590344 0.2363760 0.1522192 0.2506368 0.1738356 0.0043613 0.0059598 0.0047547 0.0039548 0.0047574 0.0043635 0.0051605 0.2593814 0.0047519 0.0047519 0.0055667 0.2645639 0.0059591 0.0055539 0.0059542 0.0055545 0.0055545 0.0035599 0.0031628 0.0039548 0.0047505 0.2713187 0.2630371 0.2713187 0.2669043 0.2630371 0.2713187 0.2685034 0.2673658 0.2685034 0.2700575 0.2719193 0.2697224 0.2188205 0.2690208 0.2692386 0.2188205 0.2680653 0.2706476 0.2595723 0.2688988 0.2688988 0.2705033 0.2660939 0.2722463 0.2729108 0.2710638 0.2692386 0.2724490 0.2724490 0.2698787 0.2688772 0.2680653 0.2720368 0.2680653 0.2680653 0.2708824 0.2709055 0.2681770 0.0059542 0.2417206 0.0047500 1.0641908 
HM585504_Human_herpesvirus_1            0.0146016 0.0071586 0.0133417 0.0141757 0.0141757 0.0141742 0.0121038 0.0000000 0.0141902 0.0027536 0.0145842 0.0133417 0.0133506 0.0129396 0.0141769 0.0129396 0.1779675 0.1844872 0.1784280 0.1310299 0.2237712 0.1672471 0.2609731 0.1683008 0.1574035 0.1834396 0.1045110 0.1541664 0.1587494 0.1673060 0.2442424 0.1594343 0.2618070 0.1821817 0.0117009 0.0125095 0.0146029 0.0129389 0.0137821 0.0125305 0.0142065 0.2647397 0.0137658 0.0137658 0.0121066 0.2728031 0.0158620 0.0146027 0.0158486 0.0154346 0.0154346 0.0116877 0.0112791 0.0137650 0.0145892 0.2803636 0.2746817 0.2803636 0.2769500 0.2746817 0.2814228 0.2785335 0.2773606 0.2785335 0.2801346 0.2820342 0.2797953 0.2294357 0.2790773 0.2792679 0.2294357 0.2798259 0.2807400 0.2721026 0.2789402 0.2789402 0.2805922 0.2760504 0.2823817 0.2848279 0.2811763 0.2792679 0.2826046 0.2826046 0.2816796 0.2789171 0.2780901 0.2821713 0.2780901 0.2798259 0.2809647 0.2809897 0.2782039 0.0158486 0.2504902 0.0137600 1.0613665 
HM585508_Human_herpesvirus_1            0.0067679 0.0116884 0.0039556 0.0063609 0.0063609 0.0039572 0.0043563 0.0141902 0.0000000 0.0129436 0.0027622 0.0039556 0.0063707 0.0059696 0.0007849 0.0059696 0.1751288 0.1802685 0.1742385 0.1240705 0.2204120 0.1644463 0.2558278 0.1654813 0.1488809 0.1792153 0.1019542 0.1514060 0.1510893 0.1613241 0.2396229 0.1544645 0.2566917 0.1762389 0.0047654 0.0063717 0.0011790 0.0019662 0.0051621 0.0039571 0.0055664 0.2653260 0.0051561 0.0051561 0.0067837 0.2706986 0.0023641 0.0059601 0.0023622 0.0019675 0.0019675 0.0031566 0.0027607 0.0027581 0.0011779 0.2775389 0.2691436 0.2775389 0.2730883 0.2691436 0.2775389 0.2746778 0.2735185 0.2746778 0.2762610 0.2781461 0.2759233 0.2218400 0.2752115 0.2754126 0.2218400 0.2742365 0.2768606 0.2655953 0.2750803 0.2750803 0.2767141 0.2722230 0.2784859 0.2791678 0.2772892 0.2754126 0.2787010 0.2787010 0.2760723 0.2750577 0.2742365 0.2782758 0.2742365 0.2742365 0.2770891 0.2771134 0.2743496 0.0023622 0.2449416 0.0043556 1.0606802 
HM585509_Human_herpesvirus_1            0.0141808 0.0059517 0.0121005 0.0137560 0.0137560 0.0129291 0.0108680 0.0027536 0.0129436 0.0000000 0.0133377 0.0121005 0.0121086 0.0116991 0.0129316 0.0116991 0.1777828 0.1842977 0.1782423 0.1276184 0.2235641 0.1670706 0.2607482 0.1681225 0.1572440 0.1832502 0.1042350 0.1540001 0.1585892 0.1671290 0.2440319 0.1592637 0.2615833 0.1802788 0.0104660 0.0120931 0.0133547 0.0116985 0.0117129 0.0112915 0.0121330 0.2637096 0.0116991 0.0116991 0.0108706 0.2725777 0.0146077 0.0125292 0.0145954 0.0141830 0.0141830 0.0104542 0.0100471 0.0125212 0.0133423 0.2801346 0.2727322 0.2801346 0.2767220 0.2727322 0.2811934 0.2783057 0.2771337 0.2783057 0.2799058 0.2818045 0.2795666 0.2292406 0.2788489 0.2790402 0.2292406 0.2778625 0.2805108 0.2718787 0.2787122 0.2787122 0.2803631 0.2758244 0.2821516 0.2845963 0.2809467 0.2790402 0.2823740 0.2823740 0.2797113 0.2786891 0.2778625 0.2819412 0.2778625 0.2778625 0.2807357 0.2807607 0.2779763 0.0145954 0.2502801 0.0116942 1.0693234 
HM585510_Human_herpesvirus_1            0.0063570 0.0120822 0.0035530 0.0059514 0.0059514 0.0043498 0.0047489 0.0145842 0.0027622 0.0133377 0.0000000 0.0035530 0.0067639 0.0063628 0.0027597 0.0063628 0.1739351 0.1790611 0.1730463 0.1235802 0.2176977 0.1632868 0.2526895 0.1643124 0.1478398 0.1780075 0.1014967 0.1502858 0.1500436 0.1601761 0.2388225 0.1533390 0.2535707 0.1750334 0.0051587 0.0067649 0.0031583 0.0031564 0.0055550 0.0059630 0.0059596 0.2644670 0.0055486 0.0055486 0.0071774 0.2698066 0.0043542 0.0063528 0.0043506 0.0039532 0.0039532 0.0043548 0.0039569 0.0039532 0.0031556 0.2766275 0.2682573 0.2766275 0.2721866 0.2682573 0.2766275 0.2737760 0.2726210 0.2737760 0.2753533 0.2772332 0.2750164 0.2211229 0.2743068 0.2745101 0.2211229 0.2733356 0.2759510 0.2647249 0.2741770 0.2741770 0.2758050 0.2713303 0.2775708 0.2782495 0.2763773 0.2745101 0.2777838 0.2777838 0.2751663 0.2741546 0.2733356 0.2773610 0.2733356 0.2733356 0.2761802 0.2762043 0.2734483 0.0043506 0.2441396 0.0047480 1.0729328 
HM585511_Human_herpesvirus_1            0.0075675 0.0116705 0.0000010 0.0071592 0.0071592 0.0039457 0.0027572 0.0133417 0.0039556 0.0121005 0.0035530 0.0000000 0.0055589 0.0051593 0.0039521 0.0051593 0.1736796 0.1787971 0.1727921 0.1267810 0.2164112 0.1639110 0.2507145 0.1640725 0.1496923 0.1777445 0.1032326 0.1509227 0.1519015 0.1608020 0.2373140 0.1539700 0.2516072 0.1747742 0.0039601 0.0063621 0.0043534 0.0035552 0.0051543 0.0047607 0.0055580 0.2603288 0.0051484 0.0051484 0.0059690 0.2655385 0.0055553 0.0059512 0.0055508 0.0051517 0.0051517 0.0031607 0.0027642 0.0051518 0.0043495 0.2723027 0.2640082 0.2723027 0.2678853 0.2640082 0.2723027 0.2694819 0.2683416 0.2694819 0.2710397 0.2729040 0.2707044 0.2196992 0.2700016 0.2702166 0.2196992 0.2690436 0.2716309 0.2605322 0.2698782 0.2698782 0.2714864 0.2670667 0.2732329 0.2738997 0.2720488 0.2702166 0.2734374 0.2734374 0.2708594 0.2698564 0.2690436 0.2730233 0.2690436 0.2690436 0.2718646 0.2718878 0.2691554 0.0055508 0.2426491 0.0043490 1.0755912 
HM585512_Human_herpesvirus_1            0.0092096 0.0124994 0.0055589 0.0087968 0.0087968 0.0071683 0.0059630 0.0133506 0.0063707 0.0121086 0.0067639 0.0055589 0.0000000 0.0003908 0.0063650 0.0003908 0.1779557 0.1844811 0.1784166 0.1287421 0.2208854 0.1672261 0.2554596 0.1682805 0.1541574 0.1834326 0.1073489 0.1541343 0.1551879 0.1653869 0.2392812 0.1584690 0.2563254 0.1804574 0.0023617 0.0079951 0.0067723 0.0051625 0.0067761 0.0055648 0.0071841 0.2670058 0.0067683 0.0067683 0.0043506 0.2694270 0.0079885 0.0075783 0.0079819 0.0075791 0.0075791 0.0039584 0.0035608 0.0075791 0.0067662 0.2769295 0.2695855 0.2769295 0.2735319 0.2695855 0.2779808 0.2751192 0.2739594 0.2751192 0.2767029 0.2785879 0.2763654 0.2238341 0.2756535 0.2758533 0.2238341 0.2746781 0.2773026 0.2660348 0.2772464 0.2772464 0.2771561 0.2726635 0.2789283 0.2796108 0.2777317 0.2758533 0.2791440 0.2791440 0.2765137 0.2754992 0.2746781 0.2787183 0.2746781 0.2746781 0.2775305 0.2775548 0.2747911 0.0079819 0.2453803 0.0059620 1.0727199 
HM585513_Human_herpesvirus_1            0.0088048 0.0120902 0.0051593 0.0083928 0.0083928 0.0067667 0.0055627 0.0129396 0.0059696 0.0116991 0.0063628 0.0051593 0.0003908 0.0000000 0.0059642 0.0000010 0.1788352 0.1853666 0.1792997 0.1287421 0.2217629 0.1680960 0.2563603 0.1691560 0.1534047 0.1843200 0.1073489 0.1549941 0.1544380 0.1662564 0.2401430 0.1593317 0.2572202 0.1813475 0.0019671 0.0075916 0.0063707 0.0047630 0.0063743 0.0051647 0.0067816 0.2662082 0.0063670 0.0063670 0.0039532 0.2703230 0.0075853 0.0071759 0.0075791 0.0071766 0.0071766 0.0035608 0.0031636 0.0071767 0.0063650 0.2778344 0.2704803 0.2778344 0.2744354 0.2704803 0.2788868 0.2760204 0.2748581 0.2760204 0.2776073 0.2794946 0.2772696 0.2230877 0.2765567 0.2767539 0.2230877 0.2755790 0.2782080 0.2669195 0.2764237 0.2764237 0.2780613 0.2735596 0.2798366 0.2805212 0.2786386 0.2767539 0.2800540 0.2800540 0.2774168 0.2764010 0.2755790 0.2796266 0.2755790 0.2755790 0.2784348 0.2784593 0.2756922 0.0075791 0.2462331 0.0055618 1.0693574 
HM585514_Human_herpesvirus_1            0.0067618 0.0116776 0.0039521 0.0063552 0.0063552 0.0039537 0.0043524 0.0141769 0.0007849 0.0129316 0.0027597 0.0039521 0.0063650 0.0059642 0.0000000 0.0059642 0.1747451 0.1798725 0.1738566 0.1220842 0.2199332 0.1640900 0.2552699 0.1651205 0.1485840 0.1788208 0.0997644 0.1510832 0.1507876 0.1609762 0.2391169 0.1541343 0.2561360 0.1758497 0.0047611 0.0063660 0.0011779 0.0019645 0.0051575 0.0039536 0.0055614 0.2647699 0.0051515 0.0051515 0.0067776 0.2701183 0.0023621 0.0059548 0.0023602 0.0019658 0.0019658 0.0031539 0.0027582 0.0019658 0.0003910 0.2769425 0.2685678 0.2769425 0.2725005 0.2685678 0.2769425 0.2740891 0.2729332 0.2740891 0.2756676 0.2775484 0.2753306 0.2213947 0.2746206 0.2748231 0.2213947 0.2736486 0.2762657 0.2650317 0.2744904 0.2744904 0.2761196 0.2716415 0.2778866 0.2785660 0.2766926 0.2748231 0.2781002 0.2781002 0.2754802 0.2744680 0.2736486 0.2776767 0.2736486 0.2736486 0.2764945 0.2765186 0.2737614 0.0023602 0.2444320 0.0043517 1.0700968 
HM585515_Human_herpesvirus_1            0.0088048 0.0120902 0.0051593 0.0083928 0.0083928 0.0067667 0.0055627 0.0129396 0.0059696 0.0116991 0.0063628 0.0051593 0.0003908 0.0000010 0.0059642 0.0000000 0.1788352 0.1853666 0.1792997 0.1287421 0.2217629 0.1680960 0.2563603 0.1691560 0.1534047 0.1843200 0.1073489 0.1549941 0.1544380 0.1662564 0.2401430 0.1593317 0.2572202 0.1813475 0.0019671 0.0075916 0.0063707 0.0047630 0.0063743 0.0051647 0.0067816 0.2662082 0.0063670 0.0063670 0.0039532 0.2703230 0.0075853 0.0071759 0.0075791 0.0071766 0.0071766 0.0035608 0.0031636 0.0071767 0.0063650 0.2778344 0.2704803 0.2778344 0.2744354 0.2704803 0.2788868 0.2760204 0.2748581 0.2760204 0.2776073 0.2794946 0.2772696 0.2230877 0.2765567 0.2767539 0.2230877 0.2755790 0.2782080 0.2669195 0.2764237 0.2764237 0.2780613 0.2735596 0.2798366 0.2805212 0.2786386 0.2767539 0.2800540 0.2800540 0.2774168 0.2764010 0.2755790 0.2796266 0.2755790 0.2755790 0.2784348 0.2784593 0.2756922 0.0075791 0.2462331 0.0055618 1.0693574 
HSV2_1                                  0.1757507 0.1786891 0.1736796 0.1745569 0.1745569 0.1737414 0.1727488 0.1779675 0.1751288 0.1777828 0.1739351 0.1736796 0.1779557 0.1788352 0.1747451 0.1788352 0.0000000 0.0033056 0.0023648 0.0098001 0.0018837 0.0014303 0.0014110 0.0014373 0.0273860 0.0014194 0.0000028 0.0000010 0.0199109 0.0079206 0.0181508 0.0004850 0.0076312 0.0087271 0.1749406 0.1753852 0.1747451 0.1747451 0.1736047 0.1754276 0.1747518 0.0419914 0.1745569 0.1745569 0.1762543 0.0086136 0.1735597 0.1765546 0.1757233 0.1757233 0.1757233 0.1747451 0.1739351 0.1739351 0.1755555 0.0076312 0.0081303 0.0076312 0.0081610 0.0081303 0.0081139 0.0071366 0.0076349 0.0071366 0.0071424 0.0085871 0.0086048 0.0289522 0.0076240 0.0090791 0.0289522 0.0076178 0.0090852 0.0100736 0.0100864 0.0100864 0.0076312 0.0076312 0.0095850 0.0100892 0.0076492 0.0090791 0.0091141 0.0091141 0.0085843 0.0080987 0.0076178 0.0095935 0.0076178 0.0076178 0.0081013 0.0076203 0.0081067 0.1765346 0.0181508 0.1744128 0.9114560 
HSV2_2                                  0.1797268 0.1852135 0.1787971 0.1785254 0.1785254 0.1788601 0.1778616 0.1844872 0.1802685 0.1842977 0.1790611 0.1787971 0.1844811 0.1853666 0.1798725 0.1853666 0.0033056 0.0000000 0.0009386 0.0128034 0.0023374 0.0023904 0.0037526 0.0028828 0.0293217 0.0009406 0.0047189 0.0029489 0.0217682 0.0083961 0.0189950 0.0024275 0.0090179 0.0101595 0.1814296 0.1805059 0.1798725 0.1798725 0.1787192 0.1819366 0.1798786 0.0444459 0.1796764 0.1796764 0.1827683 0.0099987 0.1786746 0.1816895 0.1808543 0.1808543 0.1808543 0.1812242 0.1804099 0.1790611 0.1806844 0.0090179 0.0095170 0.0090179 0.0095529 0.0095170 0.0094980 0.0085223 0.0090223 0.0085223 0.0085292 0.0099682 0.0099886 0.0308007 0.0090083 0.0104599 0.0308007 0.0090010 0.0104669 0.0114548 0.0114693 0.0114693 0.0090179 0.0090179 0.0109673 0.0114724 0.0090389 0.0104599 0.0105001 0.0105001 0.0099649 0.0094802 0.0090010 0.0109770 0.0090010 0.0090010 0.0094833 0.0090039 0.0094896 0.1816671 0.0189950 0.1795287 0.9226807 
HSV2_3                                  0.1748620 0.1791526 0.1727921 0.1736697 0.1736697 0.1728537 0.1718615 0.1784280 0.1742385 0.1782423 0.1730463 0.1727921 0.1784166 0.1792997 0.1738566 0.1792997 0.0023648 0.0009386 0.0000000 0.0108079 0.0014104 0.0014306 0.0028304 0.0019186 0.0283705 0.0004700 0.0023523 0.0019618 0.0209114 0.0073897 0.0181275 0.0014530 0.0081147 0.0091795 0.1753877 0.1744984 0.1738566 0.1738566 0.1727177 0.1758779 0.1738635 0.0436905 0.1736697 0.1736697 0.1767080 0.0090984 0.1726726 0.1756662 0.1748349 0.1748349 0.1748349 0.1751908 0.1743776 0.1730463 0.1746674 0.0081147 0.0086145 0.0081147 0.0086471 0.0086145 0.0085971 0.0076186 0.0081187 0.0076186 0.0076248 0.0090704 0.0090891 0.0299751 0.0081061 0.0095636 0.0299751 0.0080995 0.0095700 0.0105607 0.0105741 0.0105741 0.0081147 0.0081147 0.0100713 0.0105771 0.0081328 0.0095636 0.0096005 0.0096005 0.0090675 0.0085810 0.0080995 0.0095946 0.0080995 0.0080995 0.0085837 0.0081021 0.0085895 0.1756466 0.0181275 0.1735261 0.9197231 
HSV2_4                                  0.1279497 0.1290246 0.1267810 0.1279497 0.1279497 0.1237779 0.1235216 0.1310299 0.1240705 0.1276184 0.1235802 0.1267810 0.1287421 0.1287421 0.1220842 0.1287421 0.0098001 0.0128034 0.0108079 0.0000000 0.0098001 0.0098001 0.0088095 0.0098001 0.0172824 0.0098160 0.0039293 0.0098001 0.0191984 0.0029112 0.0038826 0.0098001 0.0019400 0.0009661 0.1235802 0.1267096 0.1220842 0.1235802 0.1250781 0.1240154 0.1250781 0.0393451 0.1267810 0.1267810 0.1238333 0.0019327 0.1220842 0.1270057 0.1220842 0.1220842 0.1220842 0.1250781 0.1235802 0.1188530 0.1235802 0.0009651 0.0000026 0.0009651 0.0009651 0.0000026 0.0009651 0.0019340 0.0029156 0.0019340 0.0029093 0.0019358 0.0029084 0.0204518 0.0029093 0.0029137 0.0204518 0.0000026 0.0019327 0.0019358 0.0019358 0.0019358 0.0009651 0.0019400 0.0029026 0.0038896 0.0019340 0.0029137 0.0029112 0.0029112 0.0000026 0.0019327 0.0019327 0.0019353 0.0019327 0.0000026 0.0029045 0.0019340 0.0029084 0.1220842 0.0038826 0.1265791 0.6810920 
HSV2_5                                  0.2195243 0.2244967 0.2164112 0.2182483 0.2182483 0.2164803 0.2154674 0.2237712 0.2204120 0.2235641 0.2176977 0.2164112 0.2208854 0.2217629 0.2199332 0.2217629 0.0018837 0.0023374 0.0014104 0.0098001 0.0000000 0.0014310 0.0025880 0.0014380 0.0275396 0.0004685 0.0023540 0.0019624 0.0205002 0.0082203 0.0170163 0.0014527 0.0078734 0.0086637 0.2177817 0.2180977 0.2199332 0.2208089 0.2163151 0.2212485 0.2175313 0.0477398 0.2172808 0.2172808 0.2199964 0.0092241 0.2186675 0.2193510 0.2211240 0.2209162 0.2209162 0.2203932 0.2195867 0.2191284 0.2207385 0.0078703 0.0083274 0.0078703 0.0088107 0.0083274 0.0083120 0.0065195 0.0069729 0.0065195 0.0065243 0.0087457 0.0087622 0.0277742 0.0069630 0.0091969 0.0277742 0.0078567 0.0092025 0.0101085 0.0101203 0.0101203 0.0078703 0.0083203 0.0096608 0.0105687 0.0069847 0.0091969 0.0092293 0.0092293 0.0087431 0.0082977 0.0078567 0.0096686 0.0078567 0.0078567 0.0087471 0.0083052 0.0083052 0.2217222 0.0170163 0.2171143 0.9562314 
HSV2_6                                  0.1650787 0.1679615 0.1639110 0.1639189 0.1639189 0.1631090 0.1621338 0.1672471 0.1644463 0.1670706 0.1632868 0.1639110 0.1672261 0.1680960 0.1640900 0.1680960 0.0014303 0.0023904 0.0014306 0.0098001 0.0014310 0.0000000 0.0014303 0.0009600 0.0282906 0.0009532 0.0011724 0.0014687 0.0207212 0.0074132 0.0178994 0.0009701 0.0072492 0.0082452 0.1642695 0.1647407 0.1640900 0.1640900 0.1629818 0.1647238 0.1640979 0.0408840 0.1639189 0.1639189 0.1655428 0.0082423 0.1629364 0.1658754 0.1650557 0.1650557 0.1650557 0.1640900 0.1632868 0.1632868 0.1648937 0.0072492 0.0077529 0.0072492 0.0077826 0.0077529 0.0077371 0.0067490 0.0072528 0.0067490 0.0067546 0.0082167 0.0082338 0.0299196 0.0072414 0.0087146 0.0299196 0.0072354 0.0087205 0.0097208 0.0097333 0.0097333 0.0072492 0.0072492 0.0092261 0.0097361 0.0072664 0.0087146 0.0087486 0.0087486 0.0082140 0.0077224 0.0072354 0.0087431 0.0072354 0.0072354 0.0077249 0.0072378 0.0077301 0.1658603 0.0178994 0.1637831 0.9056842 
HSV2_7                                  0.2547917 0.2606991 0.2507145 0.2534201 0.2534201 0.2526076 0.2497380 0.2609731 0.2558278 0.2607482 0.2526895 0.2507145 0.2554596 0.2563603 0.2552699 0.2563603 0.0014110 0.0037526 0.0028304 0.0088095 0.0025880 0.0014303 0.0000000 0.0014373 0.0280923 0.0018780 0.0011724 0.0009784 0.0204464 0.0082218 0.0167131 0.0014520 0.0075356 0.0076653 0.2522101 0.2545587 0.2558068 0.2561694 0.2542497 0.2559693 0.2555655 0.0515717 0.2537244 0.2537244 0.2545476 0.0087956 0.2539152 0.2559187 0.2564888 0.2562743 0.2562743 0.2549762 0.2541535 0.2544483 0.2560921 0.0075063 0.0079413 0.0075063 0.0084002 0.0079413 0.0079274 0.0062197 0.0066515 0.0062197 0.0062241 0.0083411 0.0083561 0.0269048 0.0066424 0.0087708 0.0269048 0.0074940 0.0087759 0.0096386 0.0096493 0.0096493 0.0075063 0.0079349 0.0092121 0.0100765 0.0066622 0.0087708 0.0088003 0.0088003 0.0083387 0.0079143 0.0074940 0.0092192 0.0074940 0.0074940 0.0083424 0.0079212 0.0079212 0.2570972 0.0166949 0.2535390 0.9902526 
HSV2_8                                  0.1649950 0.1690197 0.1640725 0.1638318 0.1638318 0.1641321 0.1631501 0.1683008 0.1654813 0.1681225 0.1643124 0.1640725 0.1682805 0.1691560 0.1651205 0.1691560 0.0014373 0.0028828 0.0019186 0.0098001 0.0014380 0.0009600 0.0014373 0.0000000 0.0284424 0.0009591 0.0011724 0.0014754 0.0208219 0.0074739 0.0179915 0.0009779 0.0072852 0.0082997 0.1653025 0.1657736 0.1651205 0.1651205 0.1640033 0.1657624 0.1651283 0.0405348 0.1649468 0.1649468 0.1665865 0.0082835 0.1639576 0.1669177 0.1658916 0.1658916 0.1658916 0.1651205 0.1643124 0.1643124 0.1659290 0.0072852 0.0077915 0.0072852 0.0078216 0.0077915 0.0077756 0.0067825 0.0072889 0.0067825 0.0067881 0.0082575 0.0082748 0.0300807 0.0072773 0.0087580 0.0300807 0.0072713 0.0087640 0.0097695 0.0097821 0.0097821 0.0072852 0.0072852 0.0092722 0.0097849 0.0073026 0.0087580 0.0087923 0.0087923 0.0082548 0.0077607 0.0072713 0.0087868 0.0072713 0.0072713 0.0077632 0.0072737 0.0077685 0.1667007 0.0179915 0.1648095 0.9113384 
HSV2_9                                  0.1515541 0.1569906 0.1496923 0.1505021 0.1505021 0.1497444 0.1488469 0.1574035 0.1488809 0.1572440 0.1478398 0.1496923 0.1541574 0.1534047 0.1485840 0.1534047 0.0273860 0.0293217 0.0283705 0.0172824 0.0275396 0.0282906 0.0280923 0.0284424 0.0000000 0.0272525 0.0121382 0.0285903 0.0075760 0.0196810 0.0118070 0.0271105 0.0213554 0.0243934 0.1498948 0.1512684 0.1485840 0.1485840 0.1475877 0.1502802 0.1485927 0.0618157 0.1484459 0.1484459 0.1510404 0.0234884 0.1475449 0.1502250 0.1496414 0.1494715 0.1494715 0.1497457 0.1489989 0.1478398 0.1493285 0.0224377 0.0229857 0.0224377 0.0230758 0.0229857 0.0229389 0.0234482 0.0229150 0.0234482 0.0234693 0.0234159 0.0234647 0.0013687 0.0239722 0.0228512 0.0013687 0.0223941 0.0239597 0.0178026 0.0218888 0.0218888 0.0224377 0.0213554 0.0245044 0.0250581 0.0240552 0.0228512 0.0240389 0.0240389 0.0234072 0.0228943 0.0223941 0.0240236 0.0223941 0.0223941 0.0234190 0.0224014 0.0229177 0.1502170 0.0118070 0.1483302 0.8612083 
HSV2_10                                 0.1798337 0.1841675 0.1777445 0.1786258 0.1786258 0.1778075 0.1768075 0.1834396 0.1792153 0.1832502 0.1780075 0.1777445 0.1834326 0.1843200 0.1788208 0.1843200 0.0014194 0.0009406 0.0004700 0.0098160 0.0004685 0.0009532 0.0018780 0.0009591 0.0272525 0.0000000 0.0011747 0.0014715 0.0198143 0.0068965 0.0170620 0.0009679 0.0071253 0.0081720 0.1803773 0.1794572 0.1788208 0.1788208 0.1776671 0.1808826 0.1788270 0.0448113 0.1786258 0.1786258 0.1817162 0.0081010 0.1776223 0.1806410 0.1798045 0.1798045 0.1798045 0.1801728 0.1793566 0.1780075 0.1796345 0.0071253 0.0076200 0.0071253 0.0076488 0.0076200 0.0076048 0.0066340 0.0071288 0.0066340 0.0066393 0.0080762 0.0080928 0.0288091 0.0071177 0.0085645 0.0288091 0.0071120 0.0085702 0.0095533 0.0095654 0.0095654 0.0071253 0.0071253 0.0090671 0.0095681 0.0071419 0.0085645 0.0085976 0.0085976 0.0080736 0.0075905 0.0071120 0.0085923 0.0071120 0.0071120 0.0075930 0.0071143 0.0075980 0.1806191 0.0170620 0.1784784 0.9253627 
HSV2_11                                 0.1069149 0.1039940 0.1032326 0.1069149 0.1069149 0.1034257 0.1012509 0.1045110 0.1019542 0.1042350 0.1014967 0.1032326 0.1073489 0.1073489 0.0997644 0.1073489 0.0000028 0.0047189 0.0023523 0.0039293 0.0023540 0.0011724 0.0011724 0.0011724 0.0121382 0.0011747 0.0000000 0.0000028 0.0035481 0.0047244 0.0047150 0.0000028 0.0035309 0.0059144 0.1014967 0.1019195 0.1014967 0.1014967 0.1032326 0.1036476 0.1032326 0.0327275 0.1051686 0.1051686 0.1017290 0.0047150 0.0997644 0.1053694 0.0997644 0.0997644 0.0997644 0.1032326 0.1014967 0.0977990 0.1014967 0.0035309 0.0047150 0.0035309 0.0047369 0.0047150 0.0035309 0.0035309 0.0047207 0.0035309 0.0047244 0.0047244 0.0035309 0.0133713 0.0047244 0.0035309 0.0133713 0.0047150 0.0047150 0.0035309 0.0047244 0.0047244 0.0035309 0.0035309 0.0047150 0.0059301 0.0035309 0.0035309 0.0047244 0.0047244 0.0059097 0.0047150 0.0047150 0.0047369 0.0047150 0.0047150 0.0047188 0.0047188 0.0035309 0.0997644 0.0047150 0.1032326 0.8324279 
HSV2_12                                 0.1509773 0.1548738 0.1509227 0.1498624 0.1498624 0.1501265 0.1491711 0.1541664 0.1514060 0.1540001 0.1502858 0.1509227 0.1541343 0.1549941 0.1510832 0.1549941 0.0000010 0.0029489 0.0019618 0.0098001 0.0019624 0.0014687 0.0009784 0.0014754 0.0285903 0.0014715 0.0000028 0.0000000 0.0207793 0.0080173 0.0189460 0.0004891 0.0079568 0.0089844 0.1512431 0.1517474 0.1510832 0.1510832 0.1500117 0.1516582 0.1510913 0.0402505 0.1509319 0.1509319 0.1524694 0.0089812 0.1510827 0.1528422 0.1518430 0.1518430 0.1518430 0.1510832 0.1502858 0.1502858 0.1518802 0.0079568 0.0084771 0.0079568 0.0085106 0.0084771 0.0084593 0.0074404 0.0079609 0.0074404 0.0074467 0.0089525 0.0089717 0.0302681 0.0079480 0.0089624 0.0302681 0.0079413 0.0089624 0.0105047 0.0105186 0.0105186 0.0079568 0.0079568 0.0094893 0.0100145 0.0079763 0.0089624 0.0095041 0.0095041 0.0089494 0.0084427 0.0079413 0.0094980 0.0079413 0.0079413 0.0084456 0.0079439 0.0084515 0.1526404 0.0189460 0.1508063 0.8413727 
HSV2_13                                 0.1527546 0.1583333 0.1519015 0.1517032 0.1517032 0.1519542 0.1510549 0.1587494 0.1510893 0.1585892 0.1500436 0.1519015 0.1551879 0.1544380 0.1507876 0.1544380 0.0199109 0.0217682 0.0209114 0.0191984 0.0205002 0.0207212 0.0204464 0.0208219 0.0075760 0.0198143 0.0035481 0.0207793 0.0000000 0.0216394 0.0137878 0.0194507 0.0234549 0.0263786 0.1509375 0.1534779 0.1507876 0.1507876 0.1497872 0.1524977 0.1507962 0.0613471 0.1506467 0.1506467 0.1520817 0.0256191 0.1497444 0.1524304 0.1516762 0.1516762 0.1516762 0.1519548 0.1512082 0.1500436 0.1515321 0.0245550 0.0251119 0.0245550 0.0252112 0.0251119 0.0250606 0.0245326 0.0239950 0.0245326 0.0245548 0.0255398 0.0255932 0.0088815 0.0250605 0.0249640 0.0088815 0.0245069 0.0260920 0.0198607 0.0239965 0.0239965 0.0245550 0.0234549 0.0266449 0.0272077 0.0251475 0.0249640 0.0261789 0.0261789 0.0255300 0.0250115 0.0245069 0.0266711 0.0245069 0.0245069 0.0250196 0.0245149 0.0250373 0.1524215 0.0137878 0.1505296 0.9306301 
HSV2_14                                 0.1619586 0.1680224 0.1608020 0.1608103 0.1608103 0.1600031 0.1590344 0.1673060 0.1613241 0.1671290 0.1601761 0.1608020 0.1653869 0.1662564 0.1609762 0.1662564 0.0079206 0.0083961 0.0073897 0.0029112 0.0082203 0.0074132 0.0082218 0.0074739 0.0196810 0.0068965 0.0047244 0.0080173 0.0216394 0.0000000 0.0087510 0.0074165 0.0019091 0.0014619 0.1624365 0.1616291 0.1609762 0.1609762 0.1598789 0.1628857 0.1609845 0.0433428 0.1608103 0.1608103 0.1637045 0.0028644 0.1609779 0.1627522 0.1621259 0.1619368 0.1619368 0.1622595 0.1614564 0.1601761 0.1617768 0.0019091 0.0023852 0.0019091 0.0023942 0.0023852 0.0023877 0.0023885 0.0033562 0.0023885 0.0019075 0.0019033 0.0019088 0.0201643 0.0019075 0.0028668 0.0201643 0.0019056 0.0028668 0.0052975 0.0033535 0.0033535 0.0019091 0.0019091 0.0033551 0.0038439 0.0033625 0.0028668 0.0014318 0.0014318 0.0028633 0.0023832 0.0019056 0.0023926 0.0019056 0.0019056 0.0028647 0.0019062 0.0014279 0.1627384 0.0087510 0.1606771 0.8345669 
HSV2_15                                 0.2395428 0.2449574 0.2373140 0.2382532 0.2382532 0.2391343 0.2363760 0.2442424 0.2396229 0.2440319 0.2388225 0.2373140 0.2392812 0.2401430 0.2391169 0.2401430 0.0181508 0.0189950 0.0181275 0.0038826 0.0170163 0.0178994 0.0167131 0.0179915 0.0118070 0.0170620 0.0047150 0.0189460 0.0137878 0.0087510 0.0000000 0.0176562 0.0114691 0.0142166 0.2361986 0.2384701 0.2396054 0.2399776 0.2381474 0.2397102 0.2393838 0.0622571 0.2376688 0.2376688 0.2384080 0.0125731 0.2378436 0.2397434 0.2402862 0.2400809 0.2400809 0.2388097 0.2380204 0.2383287 0.2399057 0.0116898 0.0117104 0.0116898 0.0121882 0.0117104 0.0116898 0.0129770 0.0130042 0.0129770 0.0129865 0.0121023 0.0104168 0.0091608 0.0129865 0.0125376 0.0091608 0.0112480 0.0116934 0.0082718 0.0134338 0.0134338 0.0112666 0.0117010 0.0129887 0.0138638 0.0130253 0.0125376 0.0117173 0.0117173 0.0120988 0.0108228 0.0104013 0.0121354 0.0104013 0.0112480 0.0121040 0.0116807 0.0099786 0.2408703 0.0000010 0.2374965 0.9734228 
HSV2_16                                 0.1551049 0.1601446 0.1539700 0.1539789 0.1539789 0.1531760 0.1522192 0.1594343 0.1544645 0.1592637 0.1533390 0.1539700 0.1584690 0.1593317 0.1541343 0.1593317 0.0004850 0.0024275 0.0014530 0.0098001 0.0014527 0.0009701 0.0014520 0.0009779 0.0271105 0.0009679 0.0000028 0.0004891 0.0194507 0.0074165 0.0176562 0.0000000 0.0073597 0.0083716 0.1555583 0.1547930 0.1541343 0.1541343 0.1530579 0.1559861 0.1541431 0.0402848 0.1539789 0.1539789 0.1567995 0.0083683 0.1541345 0.1558934 0.1550858 0.1550858 0.1550858 0.1553914 0.1545932 0.1533390 0.1549300 0.0073597 0.0078713 0.0073597 0.0079020 0.0078713 0.0078551 0.0068516 0.0073634 0.0068516 0.0068573 0.0083420 0.0083597 0.0287588 0.0073516 0.0083512 0.0287588 0.0073455 0.0083512 0.0098701 0.0098830 0.0098830 0.0073597 0.0073597 0.0088692 0.0093859 0.0073775 0.0083512 0.0088829 0.0088829 0.0083392 0.0078399 0.0073455 0.0088772 0.0073455 0.0073455 0.0078426 0.0073479 0.0078479 0.1558825 0.0176562 0.1538513 0.8527693 
HSV2_17                                 0.2556595 0.2627752 0.2516072 0.2542954 0.2542954 0.2534883 0.2506368 0.2618070 0.2566917 0.2615833 0.2535707 0.2516072 0.2563254 0.2572202 0.2561360 0.2572202 0.0076312 0.0090179 0.0081147 0.0019400 0.0078734 0.0072492 0.0075356 0.0072852 0.0213554 0.0071253 0.0035309 0.0079568 0.0234549 0.0019091 0.0114691 0.0073597 0.0000000 0.0018953 0.2530954 0.2554276 0.2566707 0.2570297 0.2551220 0.2568349 0.2564305 0.0529528 0.2545988 0.2545988 0.2567308 0.0020500 0.2547888 0.2567803 0.2573467 0.2571337 0.2571337 0.2558456 0.2550283 0.2553198 0.2569528 0.0008165 0.0012275 0.0008165 0.0016445 0.0012275 0.0012254 0.0020466 0.0016346 0.0020466 0.0020480 0.0016332 0.0016360 0.0202851 0.0024589 0.0012215 0.0202851 0.0008152 0.0020455 0.0037023 0.0028746 0.0028746 0.0008165 0.0004063 0.0024595 0.0032879 0.0024661 0.0012215 0.0020511 0.0020511 0.0016327 0.0012234 0.0008152 0.0024612 0.0008152 0.0008152 0.0016334 0.0012244 0.0012244 0.2579512 0.0113651 0.2544143 0.9652555 
HSV2_18                                 0.1785640 0.1811973 0.1747742 0.1773528 0.1773528 0.1748367 0.1738356 0.1821817 0.1762389 0.1802788 0.1750334 0.1747742 0.1804574 0.1813475 0.1758497 0.1813475 0.0087271 0.0101595 0.0091795 0.0009661 0.0086637 0.0082452 0.0076653 0.0082997 0.0243934 0.0081720 0.0059144 0.0089844 0.0263786 0.0014619 0.0142166 0.0083716 0.0018953 0.0000000 0.1774000 0.1781885 0.1758497 0.1758497 0.1760403 0.1778992 0.1772054 0.0470887 0.1756584 0.1756584 0.1787357 0.0028507 0.1746529 0.1776742 0.1768359 0.1768359 0.1768359 0.1771989 0.1763797 0.1742177 0.1766664 0.0018953 0.0014222 0.0018953 0.0014228 0.0014222 0.0014157 0.0023675 0.0028494 0.0023675 0.0014170 0.0018895 0.0018903 0.0259311 0.0018902 0.0033232 0.0259311 0.0009444 0.0023641 0.0052599 0.0023670 0.0023670 0.0009429 0.0018953 0.0028433 0.0033250 0.0018935 0.0033232 0.0014183 0.0014183 0.0018921 0.0023667 0.0018918 0.0023700 0.0018918 0.0009444 0.0023675 0.0018924 0.0023691 0.1776535 0.0142166 0.1755124 0.8927926 
JN400093_Human_herpesvirus_1            0.0075877 0.0108575 0.0039601 0.0071783 0.0071783 0.0055605 0.0043613 0.0117009 0.0047654 0.0104660 0.0051587 0.0039601 0.0023617 0.0019671 0.0047611 0.0019671 0.1749406 0.1814296 0.1753877 0.1235802 0.2177817 0.1642695 0.2522101 0.1653025 0.1498948 0.1803773 0.1014967 0.1512431 0.1509375 0.1624365 0.2361986 0.1555583 0.2530954 0.1774000 0.0000000 0.0063791 0.0051651 0.0035645 0.0051680 0.0039643 0.0055728 0.2613788 0.0051620 0.0051620 0.0027613 0.2653607 0.0063738 0.0059670 0.0063686 0.0059676 0.0059676 0.0023688 0.0019730 0.0059677 0.0051604 0.2728139 0.2655249 0.2728139 0.2694262 0.2655249 0.2738583 0.2710225 0.2698753 0.2710225 0.2725895 0.2744620 0.2722531 0.2186612 0.2715469 0.2717580 0.2186612 0.2705828 0.2731839 0.2620240 0.2714210 0.2714210 0.2730386 0.2685930 0.2747945 0.2754666 0.2736054 0.2717580 0.2750024 0.2750024 0.2724065 0.2713990 0.2705828 0.2745846 0.2705828 0.2705828 0.2734162 0.2734398 0.2706951 0.0063686 0.2415429 0.0043605 1.0564022 
JN420337_Human_herpesvirus_1            0.0067631 0.0150110 0.0063621 0.0063564 0.0063564 0.0071694 0.0059598 0.0125095 0.0063717 0.0120931 0.0067649 0.0063621 0.0079951 0.0075916 0.0063660 0.0075916 0.1753852 0.1805059 0.1744984 0.1267096 0.2180977 0.1647407 0.2545587 0.1657736 0.1512684 0.1794572 0.1019195 0.1517474 0.1534779 0.1616291 0.2384701 0.1547930 0.2554276 0.1781885 0.0063791 0.0000000 0.0067733 0.0051632 0.0043562 0.0079983 0.0047584 0.2624020 0.0043512 0.0043512 0.0067791 0.2676748 0.0079897 0.0051516 0.0079832 0.0075802 0.0075802 0.0063721 0.0059708 0.0067691 0.0067672 0.2751390 0.2695385 0.2751390 0.2717534 0.2695385 0.2761850 0.2733409 0.2721893 0.2733409 0.2749139 0.2767892 0.2745776 0.2231643 0.2738698 0.2740740 0.2231643 0.2746158 0.2755100 0.2670103 0.2737409 0.2737409 0.2753643 0.2709021 0.2771255 0.2778019 0.2759348 0.2740740 0.2773373 0.2773373 0.2764460 0.2737186 0.2729015 0.2769159 0.2729015 0.2746158 0.2757392 0.2757632 0.2730139 0.0079832 0.2437812 0.0035541 1.0686545 
JN420338_Human_herpesvirus_1            0.0071696 0.0120975 0.0043534 0.0067618 0.0067618 0.0043551 0.0047547 0.0146029 0.0011790 0.0133547 0.0031583 0.0043534 0.0067723 0.0063707 0.0011779 0.0063707 0.1747451 0.1798725 0.1738566 0.1220842 0.2199332 0.1640900 0.2558068 0.1651205 0.1485840 0.1788208 0.1014967 0.1510832 0.1507876 0.1609762 0.2396054 0.1541343 0.2566707 0.1758497 0.0051651 0.0067733 0.0000000 0.0023607 0.0055619 0.0043550 0.0059670 0.2636360 0.0055555 0.0055555 0.0071864 0.2706754 0.0027595 0.0063607 0.0027573 0.0023622 0.0023622 0.0035530 0.0031566 0.0031537 0.0015714 0.2775145 0.2691207 0.2775145 0.2730646 0.2691207 0.2775145 0.2746540 0.2734949 0.2746540 0.2762368 0.2781216 0.2758992 0.2218266 0.2751875 0.2753887 0.2218266 0.2742127 0.2768363 0.2655732 0.2750563 0.2750563 0.2766899 0.2721996 0.2784613 0.2791431 0.2772648 0.2753887 0.2786763 0.2786763 0.2760482 0.2750338 0.2742127 0.2782512 0.2742127 0.2742127 0.2770648 0.2770891 0.2743258 0.0027573 0.2449234 0.0047539 1.0700968 
JN420339_Human_herpesvirus_1            0.0055587 0.0120896 0.0035552 0.0051545 0.0051545 0.0043524 0.0039548 0.0129389 0.0019662 0.0116985 0.0031564 0.0035552 0.0051625 0.0047630 0.0019645 0.0047630 0.1747451 0.1798725 0.1738566 0.1235802 0.2208089 0.1640900 0.2561694 0.1651205 0.1485840 0.1788208 0.1014967 0.1510832 0.1507876 0.1609762 0.2399776 0.1541343 0.2570297 0.1758497 0.0035645 0.0051632 0.0023607 0.0000000 0.0039603 0.0043523 0.0043620 0.2656415 0.0039557 0.0039557 0.0055717 0.2693020 0.0035503 0.0047555 0.0035474 0.0031517 0.0031517 0.0027582 0.0023630 0.0031517 0.0023586 0.2767964 0.2694605 0.2767964 0.2734020 0.2694605 0.2778465 0.2749882 0.2738299 0.2749882 0.2765700 0.2784530 0.2762328 0.2222044 0.2755218 0.2757217 0.2222044 0.2745475 0.2771690 0.2659145 0.2753903 0.2753903 0.2770227 0.2725355 0.2787928 0.2794743 0.2775975 0.2757217 0.2790081 0.2790081 0.2763812 0.2753677 0.2745475 0.2785830 0.2745475 0.2745475 0.2773968 0.2774211 0.2746604 0.0035474 0.2452830 0.0031593 1.0689304 
JN420340_Human_herpesvirus_1            0.0055614 0.0129278 0.0051543 0.0051570 0.0051570 0.0051564 0.0047574 0.0137821 0.0051621 0.0117129 0.0055550 0.0051543 0.0067761 0.0063743 0.0051575 0.0063743 0.1736047 0.1787192 0.1727177 0.1250781 0.2163151 0.1629818 0.2542497 0.1640033 0.1475877 0.1776671 0.1032326 0.1500117 0.1497872 0.1598789 0.2381474 0.1530579 0.2551220 0.1760403 0.0051680 0.0043562 0.0055619 0.0039603 0.0000000 0.0051707 0.0003915 0.2637778 0.0007859 0.0007859 0.0063834 0.2673891 0.0067716 0.0015746 0.0067661 0.0063649 0.0063649 0.0051624 0.0047629 0.0055623 0.0055569 0.2748622 0.2675503 0.2748622 0.2714717 0.2675503 0.2759093 0.2730625 0.2719097 0.2730625 0.2746368 0.2765144 0.2743001 0.2204903 0.2735915 0.2737968 0.2204903 0.2726224 0.2752335 0.2640267 0.2734628 0.2734628 0.2750877 0.2706214 0.2768506 0.2775274 0.2756585 0.2737968 0.2770622 0.2770622 0.2744509 0.2734405 0.2726224 0.2766407 0.2726224 0.2726224 0.2754634 0.2754874 0.2727350 0.0067661 0.2434712 0.0007856 1.0611845 
