92
HM585496_Human_herpesvirus_1            0.0000000 0.0044157 0.0086145 0.0000010 0.0077471 0.0073384 0.0003925 0.0094736 0.0086382 0.0069059 0.0086145 0.0073391 0.0073391 0.0069139 0.4075653 0.3905523 0.3938344 0.3414372 0.4046083 0.3633265 0.4015224 0.3594778 0.3693682 0.3946868 0.2100512 0.3731596 0.3877879 0.3938083 0.4271284 0.4002968 0.4069738 0.3742229 0.0060740 0.0065634 0.0086053 0.0077639 0.0056767 0.0086030 0.0073574 0.4093708 0.0048336 0.0044230 0.0086270 0.4319929 0.0090814 0.0052438 0.0078643 0.0078643 0.0069165 0.0069165 0.0086065 0.0090319 0.4331188 0.4306287 0.4331188 0.4312896 0.4306287 0.4326166 0.4314930 0.4317991 0.4327888 0.4321948 0.4305044 0.4318773 0.4345273 0.4276886 0.4337931 0.4347409 0.4345266 0.4297405 0.4302856 0.4305241 0.4305241 0.4330132 0.4319057 0.4314930 0.4324814 0.4307875 0.4337931 0.4287698 0.4287698 0.4297154 0.4335968 0.4329785 0.4331714 0.4329785 0.4320205 0.4307320 0.4311905 0.4308098 0.0044262 1.0938199 
HM585497_Human_herpesvirus_1            0.0044157 0.0000000 0.0056594 0.0044157 0.0056627 0.0044282 0.0048256 0.0065073 0.0073809 0.0048256 0.0056594 0.0052583 0.0052583 0.0048416 0.4107083 0.3925323 0.3957701 0.3493342 0.4041722 0.3666246 0.4029367 0.3626911 0.3724270 0.3977186 0.2170179 0.3751167 0.3884616 0.3945041 0.4244742 0.4024117 0.4051565 0.3736792 0.0073463 0.0069960 0.0065041 0.0048417 0.0044413 0.0065024 0.0052720 0.4056126 0.0052532 0.0048406 0.0056797 0.4293582 0.0061156 0.0040165 0.0057582 0.0057582 0.0048434 0.0048434 0.0065050 0.0060804 0.4302823 0.4277903 0.4302823 0.4286546 0.4277903 0.4299753 0.4288633 0.4291658 0.4301536 0.4295654 0.4278762 0.4292433 0.4316856 0.4248586 0.4311561 0.4318978 0.4316863 0.4269106 0.4274507 0.4276896 0.4276896 0.4303765 0.4290712 0.4288633 0.4298499 0.4279565 0.4311561 0.4259386 0.4259386 0.4268824 0.4307560 0.4303419 0.4305334 0.4303419 0.4293819 0.4281022 0.4285562 0.4281785 0.0056725 1.0950962 
HM585498_Human_herpesvirus_1            0.0086145 0.0056594 0.0000000 0.0086145 0.0073349 0.0060835 0.0090402 0.0081940 0.0090857 0.0056457 0.0000010 0.0069275 0.0069275 0.0065037 0.4061730 0.3880213 0.3913658 0.3498733 0.4004793 0.3632845 0.3998246 0.3594415 0.3693224 0.3940042 0.2170179 0.3716656 0.3838522 0.3898268 0.4213839 0.3971879 0.4020008 0.3691497 0.0081844 0.0078403 0.0073370 0.0073509 0.0052637 0.0073350 0.0060997 0.4039760 0.0060783 0.0056633 0.0073559 0.4262833 0.0069213 0.0048336 0.0074484 0.0074484 0.0065061 0.0065061 0.0073380 0.0077588 0.4272045 0.4247172 0.4272045 0.4255804 0.4247172 0.4268917 0.4257950 0.4260929 0.4270771 0.4264963 0.4248111 0.4261694 0.4285986 0.4218022 0.4280758 0.4288085 0.4286008 0.4238488 0.4243822 0.4246208 0.4246208 0.4272977 0.4259988 0.4257950 0.4267779 0.4248908 0.4280758 0.4228780 0.4228780 0.4238175 0.4276723 0.4272634 0.4274528 0.4272634 0.4263024 0.4250348 0.4254830 0.4251092 0.0065007 1.0957770 
HM585499_Human_herpesvirus_1            0.0000010 0.0044157 0.0086145 0.0000000 0.0077471 0.0073384 0.0003925 0.0094736 0.0086382 0.0069059 0.0086145 0.0073391 0.0073391 0.0069139 0.4075653 0.3905523 0.3938344 0.3414372 0.4046083 0.3633265 0.4015224 0.3594778 0.3693682 0.3946868 0.2100512 0.3731596 0.3877879 0.3938083 0.4271284 0.4002968 0.4069738 0.3742229 0.0060740 0.0065634 0.0086053 0.0077639 0.0056767 0.0086030 0.0073574 0.4093708 0.0048336 0.0044230 0.0086270 0.4319929 0.0090814 0.0052438 0.0078643 0.0078643 0.0069165 0.0069165 0.0086065 0.0090319 0.4331188 0.4306287 0.4331188 0.4312896 0.4306287 0.4326166 0.4314930 0.4317991 0.4327888 0.4321948 0.4305044 0.4318773 0.4345273 0.4276886 0.4337931 0.4347409 0.4345266 0.4297405 0.4302856 0.4305241 0.4305241 0.4330132 0.4319057 0.4314930 0.4324814 0.4307875 0.4337931 0.4287698 0.4287698 0.4297154 0.4335968 0.4329785 0.4331714 0.4329785 0.4320205 0.4307320 0.4311905 0.4308098 0.0044262 1.0938199 
HM585501_Human_herpesvirus_1            0.0077471 0.0056627 0.0073349 0.0077471 0.0000000 0.0019828 0.0081690 0.0040082 0.0073630 0.0040050 0.0073349 0.0052452 0.0052452 0.0048295 0.4033803 0.3839465 0.3873956 0.3408555 0.3959319 0.3588807 0.3950770 0.3552494 0.3639991 0.3894139 0.2133304 0.3671529 0.3796777 0.3869172 0.4180112 0.3939562 0.3985567 0.3650066 0.0056465 0.0069719 0.0040060 0.0048296 0.0036077 0.0064865 0.0044292 0.4018222 0.0052351 0.0048239 0.0048383 0.4238239 0.0036171 0.0031901 0.0057437 0.0057437 0.0048313 0.0048313 0.0064891 0.0035953 0.4247438 0.4222575 0.4247438 0.4231208 0.4222575 0.4244261 0.4233402 0.4236349 0.4246171 0.4240418 0.4223579 0.4237107 0.4261320 0.4193529 0.4256141 0.4263404 0.4261353 0.4213973 0.4219259 0.4221645 0.4221645 0.4248363 0.4235411 0.4233402 0.4243213 0.4224372 0.4256141 0.4204264 0.4204264 0.4213635 0.4252073 0.4248021 0.4249902 0.4248021 0.4238393 0.4225801 0.4230241 0.4226530 0.0056530 1.0965597 
HM585502_Human_herpesvirus_1            0.0073384 0.0044282 0.0060835 0.0073384 0.0019828 0.0000000 0.0077596 0.0027916 0.0069535 0.0036042 0.0060835 0.0040155 0.0040155 0.0036049 0.4052168 0.3857596 0.3891679 0.3411379 0.3976849 0.3591085 0.3967486 0.3553596 0.3657574 0.3896386 0.2134282 0.3673922 0.3815276 0.3888021 0.4196160 0.3942274 0.4001799 0.3652261 0.0052427 0.0057138 0.0027900 0.0036050 0.0023929 0.0052450 0.0032052 0.4022761 0.0040078 0.0036007 0.0036118 0.4245284 0.0023996 0.0019836 0.0044965 0.0044965 0.0036062 0.0036062 0.0052471 0.0023847 0.4254488 0.4229620 0.4254488 0.4238253 0.4229620 0.4251325 0.4240434 0.4243390 0.4253220 0.4247450 0.4230605 0.4244150 0.4268389 0.4200541 0.4263195 0.4270477 0.4268419 0.4220994 0.4226294 0.4228680 0.4228680 0.4255416 0.4242451 0.4240434 0.4250251 0.4231400 0.4263195 0.4211284 0.4211284 0.4220662 0.4259136 0.4255073 0.4256958 0.4255073 0.4245449 0.4232832 0.4237284 0.4233565 0.0044205 1.0951242 
HM585504_Human_herpesvirus_1            0.0003925 0.0048256 0.0090402 0.0003925 0.0081690 0.0077596 0.0000000 0.0099026 0.0090649 0.0073248 0.0090402 0.0077603 0.0077603 0.0073334 0.4087028 0.3905523 0.3949554 0.3414372 0.4057070 0.3633265 0.4015224 0.3594778 0.3693682 0.3957964 0.2100512 0.3731596 0.3877879 0.3950017 0.4281106 0.4002968 0.4069738 0.3742229 0.0064902 0.0069859 0.0090308 0.0081868 0.0060927 0.0090284 0.0077794 0.4103188 0.0052455 0.0048336 0.0090533 0.4329667 0.0095102 0.0056570 0.0082912 0.0082912 0.0073361 0.0073361 0.0090321 0.0094589 0.4340919 0.4316021 0.4340919 0.4322637 0.4316021 0.4335927 0.4324650 0.4327724 0.4337625 0.4331665 0.4314761 0.4328508 0.4355023 0.4286588 0.4347672 0.4357165 0.4355012 0.4307109 0.4312578 0.4314962 0.4314962 0.4339874 0.4328780 0.4324650 0.4334539 0.4317584 0.4347672 0.4297406 0.4297406 0.4306868 0.4345714 0.4339527 0.4341461 0.4339527 0.4329958 0.4317042 0.4321643 0.4317827 0.0048370 1.0928649 
HM585508_Human_herpesvirus_1            0.0094736 0.0065073 0.0081940 0.0094736 0.0040082 0.0027916 0.0099026 0.0000000 0.0090893 0.0056646 0.0081940 0.0060856 0.0060856 0.0056657 0.4084634 0.3890380 0.3923596 0.3476188 0.4008105 0.3643070 0.3997318 0.3604370 0.3690136 0.3943352 0.2268353 0.3727216 0.3848896 0.3921977 0.4224060 0.3998307 0.4030638 0.3701649 0.0064950 0.0078351 0.0023817 0.0056657 0.0044340 0.0073373 0.0052633 0.4049679 0.0060739 0.0056591 0.0056757 0.4272958 0.0019917 0.0040100 0.0065960 0.0065960 0.0056678 0.0056678 0.0073402 0.0019792 0.4282171 0.4257305 0.4282171 0.4265933 0.4257305 0.4279065 0.4268058 0.4271049 0.4280894 0.4275067 0.4258217 0.4271817 0.4296129 0.4228128 0.4290884 0.4298234 0.4296146 0.4248592 0.4253943 0.4256328 0.4256328 0.4283105 0.4270107 0.4268058 0.4277890 0.4259016 0.4290884 0.4238890 0.4238890 0.4248290 0.4286864 0.4282762 0.4284661 0.4282762 0.4273163 0.4260460 0.4264957 0.4261209 0.0064961 1.0912294 
HM585509_Human_herpesvirus_1            0.0086382 0.0073809 0.0090857 0.0086382 0.0073630 0.0069535 0.0090649 0.0090893 0.0000000 0.0073630 0.0090857 0.0078005 0.0078005 0.0073717 0.4168260 0.3974259 0.4005346 0.3638201 0.4088383 0.3746882 0.4078102 0.3705687 0.3785948 0.4024380 0.2239242 0.3833705 0.3934811 0.4009015 0.4314448 0.4095164 0.4108868 0.3786742 0.0099303 0.0104810 0.0082213 0.0082289 0.0069676 0.0090738 0.0078198 0.4113186 0.0086451 0.0082195 0.0090990 0.4362822 0.0086959 0.0065239 0.0083331 0.0083331 0.0073745 0.0073745 0.0090776 0.0086480 0.4372105 0.4347141 0.4372105 0.4355787 0.4347141 0.4369173 0.4357735 0.4360857 0.4370795 0.4364755 0.4347816 0.4361652 0.4386315 0.4317514 0.4380877 0.4388481 0.4386288 0.4338104 0.4343647 0.4346035 0.4346035 0.4373066 0.4359901 0.4357735 0.4367659 0.4348628 0.4380877 0.4328382 0.4328382 0.4337897 0.4376964 0.4372717 0.4374671 0.4372717 0.4363164 0.4350119 0.4354782 0.4350925 0.0090803 1.0971193 
HM585510_Human_herpesvirus_1            0.0069059 0.0048256 0.0056457 0.0069059 0.0040050 0.0036042 0.0073248 0.0056646 0.0073630 0.0000000 0.0056457 0.0052506 0.0052506 0.0048345 0.4049524 0.3855024 0.3889158 0.3452902 0.3974340 0.3605126 0.3969137 0.3567287 0.3655123 0.3909230 0.2136167 0.3688364 0.3812661 0.3885340 0.4197873 0.3957621 0.4003422 0.3665641 0.0056523 0.0069790 0.0048302 0.0056669 0.0036115 0.0056548 0.0044338 0.4024290 0.0052404 0.0048289 0.0048434 0.4247019 0.0052733 0.0031935 0.0057497 0.0057497 0.0048363 0.0048363 0.0056570 0.0052425 0.4256231 0.4231344 0.4256231 0.4239983 0.4231344 0.4253068 0.4242162 0.4245123 0.4254960 0.4249183 0.4232325 0.4245884 0.4270145 0.4202238 0.4264944 0.4272236 0.4270174 0.4222706 0.4228013 0.4230401 0.4230401 0.4257159 0.4244183 0.4242162 0.4251987 0.4233121 0.4264944 0.4212990 0.4212990 0.4222376 0.4260885 0.4256816 0.4258703 0.4256816 0.4247187 0.4234555 0.4239013 0.4235290 0.0056588 1.0916263 
HM585511_Human_herpesvirus_1            0.0086145 0.0056594 0.0000010 0.0086145 0.0073349 0.0060835 0.0090402 0.0081940 0.0090857 0.0056457 0.0000000 0.0069275 0.0069275 0.0065037 0.4061730 0.3880213 0.3913658 0.3498733 0.4004793 0.3632845 0.3998246 0.3594415 0.3693224 0.3940042 0.2170179 0.3716656 0.3838522 0.3898268 0.4213839 0.3971879 0.4020008 0.3691497 0.0081844 0.0078403 0.0073370 0.0073509 0.0052637 0.0073350 0.0060997 0.4039760 0.0060783 0.0056633 0.0073559 0.4262833 0.0069213 0.0048336 0.0074484 0.0074484 0.0065061 0.0065061 0.0073380 0.0077588 0.4272045 0.4247172 0.4272045 0.4255804 0.4247172 0.4268917 0.4257950 0.4260929 0.4270771 0.4264963 0.4248111 0.4261694 0.4285986 0.4218022 0.4280758 0.4288085 0.4286008 0.4238488 0.4243822 0.4246208 0.4246208 0.4272977 0.4259988 0.4257950 0.4267779 0.4248908 0.4280758 0.4228780 0.4228780 0.4238175 0.4276723 0.4272634 0.4274528 0.4272634 0.4263024 0.4250348 0.4254830 0.4251092 0.0065007 1.0957770 
HM585512_Human_herpesvirus_1            0.0073391 0.0052583 0.0069275 0.0073391 0.0052452 0.0040155 0.0077603 0.0060856 0.0078005 0.0052506 0.0069275 0.0000000 0.0000010 0.0019791 0.4074893 0.3880646 0.3890377 0.3482501 0.3998767 0.3632708 0.3992487 0.3594256 0.3680561 0.3933939 0.2168856 0.3716578 0.3838934 0.3911885 0.4230880 0.3987057 0.4026000 0.3691798 0.0069144 0.0065617 0.0044189 0.0035973 0.0032069 0.0060810 0.0031994 0.4033452 0.0048323 0.0044219 0.0060987 0.4279775 0.0052615 0.0027904 0.0028334 0.0028334 0.0019798 0.0019798 0.0060834 0.0056610 0.4289000 0.4264108 0.4289000 0.4272744 0.4264108 0.4285905 0.4274857 0.4277861 0.4287719 0.4281872 0.4265003 0.4278630 0.4302987 0.4234876 0.4297724 0.4305098 0.4303001 0.4255365 0.4260734 0.4263121 0.4263121 0.4289937 0.4276917 0.4274857 0.4284703 0.4265803 0.4297724 0.4245653 0.4245653 0.4255069 0.4293708 0.4289593 0.4291497 0.4289593 0.4279990 0.4267252 0.4271765 0.4268006 0.0052492 1.0960644 
HM585513_Human_herpesvirus_1            0.0073391 0.0052583 0.0069275 0.0073391 0.0052452 0.0040155 0.0077603 0.0060856 0.0078005 0.0052506 0.0069275 0.0000010 0.0000000 0.0019791 0.4074893 0.3880646 0.3890377 0.3482501 0.3998767 0.3632708 0.3992487 0.3594256 0.3680561 0.3933939 0.2168856 0.3716578 0.3838934 0.3911885 0.4230880 0.3987057 0.4026000 0.3691798 0.0069144 0.0065617 0.0044189 0.0035973 0.0032069 0.0060810 0.0031994 0.4033452 0.0048323 0.0044219 0.0060987 0.4279775 0.0052615 0.0027904 0.0028334 0.0028334 0.0019798 0.0019798 0.0060834 0.0056610 0.4289000 0.4264108 0.4289000 0.4272744 0.4264108 0.4285905 0.4274857 0.4277861 0.4287719 0.4281872 0.4265003 0.4278630 0.4302987 0.4234876 0.4297724 0.4305098 0.4303001 0.4255365 0.4260734 0.4263121 0.4263121 0.4289937 0.4276917 0.4274857 0.4284703 0.4265803 0.4297724 0.4245653 0.4245653 0.4255069 0.4293708 0.4289593 0.4291497 0.4289593 0.4279990 0.4267252 0.4271765 0.4268006 0.0052492 1.0960644 
HM585514_Human_herpesvirus_1            0.0069139 0.0048416 0.0065037 0.0069139 0.0048295 0.0036049 0.0073334 0.0056657 0.0073717 0.0048345 0.0065037 0.0019791 0.0019791 0.0000000 0.4070157 0.3876125 0.3909658 0.3444979 0.3994304 0.3628201 0.3988230 0.3589906 0.3676337 0.3929509 0.2134282 0.3711844 0.3834356 0.3907147 0.4226622 0.3981699 0.4021833 0.3687443 0.0064914 0.0061360 0.0040072 0.0031896 0.0027981 0.0056613 0.0027915 0.4029569 0.0044185 0.0040099 0.0056780 0.4275496 0.0048447 0.0023858 0.0024237 0.0024237 0.0015799 0.0015799 0.0056636 0.0052435 0.4284710 0.4259845 0.4284710 0.4268472 0.4259845 0.4281609 0.4270592 0.4273586 0.4283432 0.4277600 0.4260751 0.4274354 0.4298672 0.4230661 0.4293423 0.4300778 0.4298688 0.4251125 0.4256481 0.4258865 0.4258865 0.4285644 0.4272644 0.4270592 0.4280424 0.4261549 0.4293423 0.4241423 0.4241423 0.4250825 0.4289406 0.4285301 0.4287201 0.4285301 0.4275705 0.4262994 0.4267496 0.4263746 0.0048333 1.0939335 
HSV2_1                                  0.4075653 0.4107083 0.4061730 0.4075653 0.4033803 0.4052168 0.4087028 0.4084634 0.4168260 0.4049524 0.4061730 0.4074893 0.4074893 0.4070157 0.0000000 0.0009899 0.0045398 0.0126128 0.0131947 0.0016229 0.0014548 0.0026810 0.0004984 0.0040723 0.0000027 0.0005601 0.0132980 0.0151814 0.0135999 0.0016724 0.0131651 0.0135921 0.4021619 0.4043838 0.4070703 0.4061937 0.4019661 0.4052414 0.4034225 0.0863514 0.4015498 0.4028445 0.4081361 0.0151959 0.4034502 0.4014557 0.4040637 0.4040637 0.4048764 0.4048764 0.4087986 0.4070899 0.0146445 0.0141091 0.0146445 0.0146806 0.0141091 0.0146955 0.0152189 0.0141009 0.0157935 0.0157670 0.0130193 0.0141022 0.0152189 0.0146556 0.0169111 0.0157733 0.0157447 0.0141043 0.0141075 0.0146435 0.0146435 0.0130193 0.0162890 0.0152189 0.0157670 0.0135953 0.0169111 0.0141093 0.0141093 0.0130203 0.0141410 0.0135614 0.0141306 0.0135614 0.0147107 0.0135655 0.0141065 0.0135592 0.4028004 0.9722261 
HSV2_2                                  0.3905523 0.3925323 0.3880213 0.3905523 0.3839465 0.3857596 0.3905523 0.3890380 0.3974259 0.3855024 0.3880213 0.3880646 0.3880646 0.3876125 0.0009899 0.0000000 0.0010047 0.0109322 0.0100900 0.0005390 0.0014714 0.0015975 0.0005041 0.0005114 0.0000027 0.0010918 0.0127198 0.0117645 0.0105569 0.0016722 0.0127607 0.0122870 0.3839729 0.3862395 0.3876527 0.3867565 0.3824250 0.3857705 0.3840019 0.0795718 0.3846418 0.3846418 0.3886642 0.0121905 0.3849307 0.3819886 0.3855199 0.3855199 0.3863653 0.3863653 0.3893608 0.3876726 0.0116383 0.0110993 0.0116383 0.0116701 0.0110993 0.0116821 0.0122104 0.0110928 0.0127836 0.0127607 0.0100075 0.0110938 0.0122104 0.0110994 0.0139056 0.0127658 0.0127412 0.0105492 0.0110980 0.0110928 0.0110928 0.0100075 0.0127350 0.0122104 0.0127607 0.0105803 0.0139056 0.0110994 0.0110994 0.0100082 0.0111275 0.0105509 0.0111192 0.0105509 0.0111488 0.0105542 0.0110973 0.0105492 0.3846263 0.9338189 
HSV2_3                                  0.3938344 0.3957701 0.3913658 0.3938344 0.3873956 0.3891679 0.3949554 0.3923596 0.4005346 0.3889158 0.3913658 0.3890377 0.3890377 0.3909658 0.0045398 0.0010047 0.0000000 0.0125807 0.0103058 0.0016435 0.0024697 0.0016039 0.0015147 0.0014889 0.0000027 0.0022260 0.0123295 0.0111768 0.0097439 0.0028449 0.0122167 0.0118488 0.3874230 0.3894270 0.3910074 0.3912545 0.3859303 0.3891808 0.3889988 0.0812095 0.3880782 0.3880782 0.3931249 0.0113253 0.3874584 0.3854917 0.3891529 0.3891529 0.3899719 0.3899719 0.3926765 0.3910268 0.0107907 0.0102681 0.0107907 0.0113280 0.0102681 0.0102706 0.0113435 0.0102623 0.0118975 0.0118765 0.0092106 0.0102631 0.0113435 0.0107987 0.0124113 0.0118811 0.0118586 0.0102646 0.0102670 0.0102623 0.0102623 0.0092106 0.0123889 0.0113435 0.0118765 0.0092106 0.0124113 0.0102682 0.0102682 0.0092113 0.0097371 0.0097371 0.0107932 0.0097371 0.0108432 0.0097400 0.0102663 0.0097356 0.3880579 0.9308409 
HSV2_4                                  0.3414372 0.3493342 0.3498733 0.3414372 0.3408555 0.3411379 0.3414372 0.3476188 0.3638201 0.3452902 0.3498733 0.3482501 0.3482501 0.3444979 0.0126128 0.0109322 0.0125807 0.0000000 0.0014941 0.0109532 0.0143249 0.0125779 0.0109756 0.0109322 0.0000026 0.0126128 0.0045445 0.0014941 0.0014941 0.0143249 0.0045445 0.0045445 0.3366793 0.3414422 0.3479224 0.3452272 0.3380887 0.3444141 0.3383860 0.0673433 0.3380887 0.3380887 0.3448461 0.0045445 0.3434639 0.3380887 0.3411379 0.3411379 0.3411379 0.3411379 0.3515994 0.3513595 0.0045445 0.0030089 0.0045445 0.0030089 0.0030089 0.0030110 0.0045445 0.0030089 0.0045445 0.0045445 0.0014941 0.0030082 0.0045445 0.0014941 0.0045445 0.0045445 0.0061046 0.0014941 0.0014941 0.0014941 0.0014941 0.0014941 0.0045445 0.0014941 0.0045445 0.0014941 0.0045445 0.0014941 0.0014941 0.0030089 0.0030104 0.0030104 0.0030089 0.0030104 0.0045741 0.0030089 0.0030110 0.0014941 0.3380887 0.8216798 
HSV2_5                                  0.4046083 0.4041722 0.4004793 0.4046083 0.3959319 0.3976849 0.4057070 0.4008105 0.4088383 0.3974340 0.4004793 0.3998767 0.3998767 0.3994304 0.0131947 0.0100900 0.0103058 0.0014941 0.0000000 0.0098926 0.0112826 0.0115189 0.0090346 0.0094701 0.0000027 0.0106405 0.0030624 0.0030786 0.0013928 0.0119052 0.0023869 0.0031055 0.3983015 0.4006303 0.3994774 0.3997235 0.3945363 0.3977034 0.3975071 0.0859771 0.3977072 0.3989562 0.4015774 0.0027985 0.3959965 0.3940734 0.3976688 0.3976688 0.3984600 0.3984600 0.4011273 0.3982854 0.0023269 0.0027993 0.0023269 0.0023343 0.0027993 0.0032885 0.0028032 0.0018576 0.0032837 0.0032777 0.0009248 0.0018577 0.0028032 0.0023310 0.0042460 0.0032789 0.0032725 0.0018580 0.0009250 0.0009246 0.0009246 0.0009248 0.0027975 0.0028032 0.0032777 0.0013948 0.0042460 0.0028026 0.0028026 0.0018580 0.0018641 0.0013903 0.0018629 0.0013903 0.0032888 0.0013907 0.0018582 0.0013901 0.3989197 0.9774477 
HSV2_6                                  0.3633265 0.3666246 0.3632845 0.3633265 0.3588807 0.3591085 0.3633265 0.3643070 0.3746882 0.3605126 0.3632845 0.3632708 0.3632708 0.3628201 0.0016229 0.0005390 0.0016435 0.0109532 0.0098926 0.0000000 0.0021693 0.0022101 0.0010829 0.0011087 0.0000027 0.0016902 0.0124910 0.0112938 0.0105051 0.0023337 0.0123031 0.0119381 0.3589362 0.3635308 0.3616068 0.3618638 0.3571685 0.3609122 0.3589563 0.0715022 0.3582250 0.3582250 0.3652544 0.0117048 0.3599466 0.3567524 0.3602256 0.3602256 0.3614821 0.3614821 0.3647987 0.3628655 0.0116987 0.0105043 0.0116987 0.0111315 0.0105043 0.0117473 0.0116987 0.0110966 0.0123276 0.0123031 0.0098990 0.0110977 0.0123306 0.0111039 0.0129501 0.0129442 0.0129167 0.0104967 0.0111024 0.0110966 0.0110966 0.0098990 0.0129098 0.0116987 0.0123031 0.0105309 0.0129501 0.0111039 0.0111039 0.0098998 0.0105316 0.0098990 0.0111257 0.0098990 0.0111584 0.0105022 0.0111015 0.0104967 0.3582505 0.8634699 
HSV2_7                                  0.4015224 0.4029367 0.3998246 0.4015224 0.3950770 0.3967486 0.4015224 0.3997318 0.4078102 0.3969137 0.3998246 0.3992487 0.3992487 0.3988230 0.0014548 0.0014714 0.0024697 0.0143249 0.0112826 0.0021693 0.0000000 0.0032240 0.0009918 0.0019825 0.0016933 0.0016422 0.0138239 0.0129550 0.0119093 0.0005541 0.0136516 0.0134401 0.3955081 0.3976991 0.3988675 0.3986949 0.3941433 0.3971706 0.3955223 0.0840656 0.3949384 0.3961301 0.4004614 0.0138796 0.3959709 0.3937013 0.3979727 0.3979727 0.3987287 0.3987287 0.4017653 0.3973230 0.0128777 0.0128873 0.0128777 0.0134077 0.0128873 0.0134211 0.0133984 0.0123827 0.0139194 0.0138974 0.0113977 0.0123837 0.0133984 0.0128847 0.0149365 0.0139024 0.0138786 0.0123854 0.0123880 0.0128768 0.0128768 0.0113977 0.0138725 0.0133984 0.0138974 0.0119198 0.0149365 0.0123894 0.0123894 0.0118928 0.0124165 0.0118911 0.0129056 0.0118911 0.0134344 0.0118945 0.0123872 0.0118894 0.3960994 0.9505039 
HSV2_8                                  0.3594778 0.3626911 0.3594415 0.3594778 0.3552494 0.3553596 0.3594778 0.3604370 0.3705687 0.3567287 0.3594415 0.3594256 0.3594256 0.3589906 0.0026810 0.0015975 0.0016039 0.0125779 0.0115189 0.0022101 0.0032240 0.0000000 0.0021475 0.0021920 0.0016883 0.0028286 0.0129674 0.0112644 0.0109163 0.0034832 0.0126993 0.0123728 0.3551919 0.3586234 0.3578014 0.3580496 0.3533913 0.3571136 0.3552168 0.0707456 0.3544927 0.3544927 0.3613525 0.0121027 0.3561837 0.3530562 0.3564537 0.3564537 0.3576833 0.3576833 0.3609129 0.3590322 0.0121027 0.0103311 0.0121027 0.0121059 0.0103311 0.0109122 0.0121027 0.0115084 0.0127240 0.0126993 0.0103263 0.0115095 0.0127271 0.0109093 0.0132982 0.0133260 0.0133051 0.0109163 0.0115084 0.0115084 0.0115084 0.0103263 0.0132982 0.0121027 0.0126993 0.0103263 0.0132982 0.0109093 0.0109093 0.0097368 0.0109182 0.0109182 0.0121059 0.0109182 0.0109735 0.0109163 0.0115134 0.0109163 0.3545232 0.8770673 
HSV2_9                                  0.3693682 0.3724270 0.3693224 0.3693682 0.3639991 0.3657574 0.3693682 0.3690136 0.3785948 0.3655123 0.3693224 0.3680561 0.3680561 0.3676337 0.0004984 0.0005041 0.0015147 0.0109756 0.0090346 0.0010829 0.0009918 0.0021475 0.0000000 0.0010216 0.0000027 0.0005453 0.0116562 0.0107594 0.0095850 0.0011147 0.0118084 0.0112253 0.3653060 0.3693259 0.3676591 0.3678998 0.3623922 0.3670504 0.3640661 0.0755604 0.3633645 0.3646557 0.3710454 0.0112359 0.3649811 0.3620398 0.3663793 0.3663793 0.3675386 0.3675386 0.3694721 0.3676789 0.0106807 0.0101379 0.0106807 0.0107111 0.0101379 0.0107222 0.0112548 0.0101319 0.0118301 0.0118084 0.0090399 0.0101328 0.0112548 0.0101381 0.0129588 0.0118132 0.0117898 0.0101344 0.0101368 0.0101319 0.0101319 0.0090399 0.0117841 0.0112548 0.0118084 0.0096143 0.0129588 0.0101381 0.0101381 0.0090406 0.0101647 0.0095866 0.0101571 0.0095866 0.0107349 0.0095896 0.0101360 0.0095850 0.3646701 0.9111060 
HSV2_10                                 0.3946868 0.3977186 0.3940042 0.3946868 0.3894139 0.3896386 0.3957964 0.3943352 0.4024380 0.3909230 0.3940042 0.3933939 0.3933939 0.3929509 0.0040723 0.0005114 0.0014889 0.0109322 0.0094701 0.0011087 0.0019825 0.0021920 0.0010216 0.0000000 0.0000027 0.0016897 0.0120402 0.0108661 0.0104572 0.0016745 0.0129246 0.0115525 0.3907011 0.3929670 0.3929937 0.3932394 0.3879721 0.3924514 0.3910033 0.0833758 0.3888339 0.3900935 0.3963666 0.0119967 0.3894768 0.3875295 0.3911585 0.3911585 0.3919671 0.3919671 0.3959177 0.3917891 0.0114768 0.0109641 0.0114768 0.0115016 0.0109641 0.0115077 0.0120208 0.0109580 0.0125659 0.0125444 0.0099263 0.0109589 0.0120208 0.0114748 0.0136338 0.0125435 0.0125260 0.0109605 0.0109580 0.0109580 0.0109580 0.0099263 0.0130471 0.0120208 0.0125444 0.0104705 0.0136338 0.0109544 0.0109544 0.0099270 0.0109907 0.0104428 0.0109829 0.0104428 0.0115307 0.0104412 0.0109622 0.0104412 0.3900703 0.9641844 
HSV2_11                                 0.2100512 0.2170179 0.2170179 0.2100512 0.2133304 0.2134282 0.2100512 0.2268353 0.2239242 0.2136167 0.2170179 0.2168856 0.2168856 0.2134282 0.0000027 0.0000027 0.0000027 0.0000026 0.0000027 0.0000027 0.0016933 0.0016883 0.0000027 0.0000027 0.0000000 0.0000027 0.0034047 0.0000027 0.0000027 0.0016933 0.0034047 0.0034047 0.2096284 0.2199748 0.2198741 0.2134282 0.2134282 0.2133807 0.2136323 0.0432279 0.2170700 0.2170700 0.2172266 0.0034047 0.2198741 0.2134282 0.2134282 0.2134282 0.2134282 0.2134282 0.2133807 0.2198741 0.0034047 0.0000027 0.0034047 0.0016888 0.0000027 0.0016888 0.0034047 0.0016888 0.0034047 0.0034047 0.0000027 0.0000027 0.0034047 0.0000027 0.0034047 0.0034047 0.0034047 0.0000027 0.0000027 0.0000027 0.0000027 0.0000027 0.0034047 0.0000027 0.0034047 0.0000027 0.0034047 0.0000027 0.0000027 0.0000027 0.0000027 0.0000027 0.0016888 0.0000027 0.0000027 0.0016888 0.0000027 0.0000027 0.2134282 0.7354855 
HSV2_12                                 0.3731596 0.3751167 0.3716656 0.3731596 0.3671529 0.3673922 0.3731596 0.3727216 0.3833705 0.3688364 0.3716656 0.3716578 0.3716578 0.3711844 0.0005601 0.0010918 0.0022260 0.0126128 0.0106405 0.0016902 0.0016422 0.0028286 0.0005453 0.0016897 0.0000027 0.0000000 0.0125336 0.0113125 0.0106475 0.0017180 0.0130962 0.0126075 0.3686465 0.3728546 0.3712153 0.3702181 0.3654212 0.3705476 0.3672251 0.0708553 0.3679290 0.3679290 0.3737134 0.0118734 0.3682407 0.3649835 0.3685297 0.3685297 0.3698143 0.3698143 0.3732347 0.3712374 0.0118671 0.0112645 0.0118671 0.0112919 0.0112645 0.0125323 0.0118671 0.0112562 0.0125056 0.0124805 0.0106475 0.0118683 0.0125087 0.0112637 0.0131374 0.0131315 0.0131032 0.0106475 0.0112621 0.0112562 0.0112562 0.0106475 0.0130962 0.0118671 0.0124805 0.0112926 0.0131374 0.0112637 0.0112637 0.0106484 0.0119079 0.0112582 0.0112859 0.0112582 0.0119332 0.0112621 0.0118725 0.0106475 0.3679397 0.8924904 
HSV2_13                                 0.3877879 0.3884616 0.3838522 0.3877879 0.3796777 0.3815276 0.3877879 0.3848896 0.3934811 0.3812661 0.3838522 0.3838934 0.3838934 0.3834356 0.0132980 0.0127198 0.0123295 0.0045445 0.0030624 0.0124910 0.0138239 0.0129674 0.0116562 0.0120402 0.0034047 0.0125336 0.0000000 0.0031507 0.0015203 0.0144871 0.0025489 0.0010551 0.3822146 0.3862120 0.3834737 0.3825522 0.3780963 0.3815358 0.3797372 0.0812339 0.3828996 0.3828996 0.3844967 0.0010096 0.3806878 0.3776669 0.3809621 0.3809621 0.3821575 0.3821575 0.3840366 0.3834941 0.0005033 0.0041011 0.0005033 0.0020302 0.0041011 0.0046456 0.0010120 0.0010098 0.0015249 0.0015218 0.0020306 0.0030602 0.0000022 0.0030641 0.0020341 0.0005022 0.0015191 0.0015189 0.0020303 0.0020303 0.0020303 0.0020306 0.0015184 0.0030663 0.0015218 0.0025532 0.0020341 0.0030641 0.0030641 0.0030607 0.0025445 0.0025445 0.0015190 0.0025445 0.0041225 0.0015189 0.0030612 0.0015189 0.3828865 0.9372599 
HSV2_14                                 0.3938083 0.3945041 0.3898268 0.3938083 0.3869172 0.3888021 0.3950017 0.3921977 0.4009015 0.3885340 0.3898268 0.3911885 0.3911885 0.3907147 0.0151814 0.0117645 0.0111768 0.0014941 0.0030786 0.0112938 0.0129550 0.0112644 0.0107594 0.0108661 0.0000027 0.0113125 0.0031507 0.0000000 0.0015169 0.0133600 0.0047336 0.0032424 0.3895258 0.3940167 0.3907589 0.3898332 0.3853313 0.3901726 0.3886227 0.0772058 0.3888714 0.3888714 0.3931810 0.0025375 0.3869838 0.3848914 0.3872633 0.3872633 0.3884706 0.3884706 0.3927034 0.3907795 0.0025375 0.0025395 0.0025375 0.0025380 0.0025395 0.0025465 0.0030578 0.0020253 0.0035833 0.0035762 0.0020256 0.0030527 0.0030578 0.0015148 0.0046357 0.0035759 0.0035699 0.0015153 0.0020253 0.0020253 0.0020253 0.0020256 0.0040884 0.0030578 0.0035762 0.0025469 0.0046357 0.0010073 0.0010073 0.0020258 0.0030630 0.0025383 0.0025380 0.0025383 0.0030694 0.0025379 0.0030527 0.0015153 0.3888485 0.9543524 
HSV2_15                                 0.4271284 0.4244742 0.4213839 0.4271284 0.4180112 0.4196160 0.4281106 0.4224060 0.4314448 0.4197873 0.4213839 0.4230880 0.4230880 0.4226622 0.0135999 0.0105569 0.0097439 0.0014941 0.0013928 0.0105051 0.0119093 0.0109163 0.0095850 0.0104572 0.0000027 0.0106475 0.0015203 0.0015169 0.0000000 0.0125453 0.0025825 0.0015415 0.4205448 0.4228503 0.4227200 0.4214246 0.4172576 0.4200518 0.4198325 0.0918070 0.4200310 0.4211510 0.4231296 0.0016104 0.4194675 0.4167656 0.4220975 0.4220975 0.4218009 0.4218009 0.4243647 0.4201286 0.0016103 0.0032470 0.0016103 0.0016107 0.0032470 0.0028466 0.0012073 0.0004002 0.0016152 0.0020187 0.0008042 0.0012053 0.0020195 0.0024278 0.0024348 0.0024292 0.0024251 0.0012090 0.0012059 0.0012052 0.0012052 0.0008019 0.0024241 0.0012073 0.0016126 0.0012089 0.0024348 0.0016124 0.0016124 0.0020165 0.0016151 0.0008019 0.0012055 0.0008019 0.0028468 0.0012093 0.0012057 0.0000028 0.4210867 1.0595969 
HSV2_16                                 0.4002968 0.4024117 0.3971879 0.4002968 0.3939562 0.3942274 0.4002968 0.3998307 0.4095164 0.3957621 0.3971879 0.3987057 0.3987057 0.3981699 0.0016724 0.0016722 0.0028449 0.0143249 0.0119052 0.0023337 0.0005541 0.0034832 0.0011147 0.0016745 0.0016933 0.0017180 0.0144871 0.0133600 0.0125453 0.0000000 0.0144175 0.0141452 0.3955382 0.4004070 0.3982254 0.3972025 0.3922629 0.3975912 0.3940124 0.0757849 0.3948195 0.3948195 0.4009420 0.0137946 0.3950840 0.3917164 0.3953973 0.3953973 0.3967352 0.3967352 0.4004001 0.3982482 0.0137872 0.0125445 0.0137872 0.0132000 0.0125445 0.0138438 0.0137872 0.0131597 0.0144462 0.0144175 0.0119131 0.0131610 0.0144498 0.0131687 0.0157338 0.0150911 0.0150590 0.0125350 0.0131668 0.0131597 0.0131597 0.0119131 0.0150507 0.0137872 0.0144175 0.0125748 0.0157338 0.0131687 0.0131687 0.0119141 0.0132041 0.0125373 0.0131929 0.0125373 0.0132321 0.0125417 0.0131657 0.0125350 0.3947833 0.9321459 
HSV2_17                                 0.4069738 0.4051565 0.4020008 0.4069738 0.3985567 0.4001799 0.4069738 0.4030638 0.4108868 0.4003422 0.4020008 0.4026000 0.4026000 0.4021833 0.0131651 0.0127607 0.0122167 0.0045445 0.0023869 0.0123031 0.0136516 0.0126993 0.0118084 0.0129246 0.0034047 0.0130962 0.0025489 0.0047336 0.0025825 0.0144175 0.0000000 0.0025848 0.4011418 0.4033217 0.4022286 0.4020593 0.3976721 0.4005944 0.3989894 0.0844374 0.4005947 0.4017498 0.4037765 0.0021451 0.3994195 0.3972329 0.4023763 0.4023763 0.4020915 0.4020915 0.4037590 0.4007304 0.0021448 0.0047787 0.0021448 0.0030153 0.0047787 0.0047979 0.0012793 0.0021447 0.0017122 0.0012791 0.0021449 0.0030144 0.0025829 0.0034569 0.0017144 0.0030206 0.0030151 0.0034626 0.0025794 0.0025777 0.0025777 0.0025787 0.0008524 0.0021411 0.0008511 0.0025860 0.0017144 0.0038973 0.0038973 0.0034530 0.0030238 0.0025786 0.0025784 0.0025786 0.0047982 0.0017131 0.0030152 0.0025782 0.4017120 1.0018397 
HSV2_18                                 0.3742229 0.3736792 0.3691497 0.3742229 0.3650066 0.3652261 0.3742229 0.3701649 0.3786742 0.3665641 0.3691497 0.3691798 0.3691798 0.3687443 0.0135921 0.0122870 0.0118488 0.0045445 0.0031055 0.0119381 0.0134401 0.0123728 0.0112253 0.0115525 0.0034047 0.0126075 0.0010551 0.0032424 0.0015415 0.0141452 0.0025848 0.0000000 0.3688529 0.3709857 0.3687712 0.3691770 0.3633593 0.3681472 0.3650748 0.0750815 0.3681867 0.3681867 0.3710777 0.0010237 0.3660160 0.3629927 0.3665858 0.3665858 0.3674744 0.3674744 0.3706377 0.3687917 0.0005102 0.0041585 0.0005102 0.0020597 0.0041585 0.0047133 0.0010259 0.0010236 0.0015463 0.0015431 0.0020591 0.0031032 0.0010259 0.0031086 0.0015431 0.0015437 0.0015403 0.0015401 0.0020597 0.0020588 0.0020588 0.0020591 0.0015396 0.0031094 0.0015431 0.0020591 0.0015431 0.0031086 0.0031086 0.0031037 0.0025803 0.0025803 0.0015402 0.0025803 0.0041805 0.0015408 0.0031042 0.0015401 0.3681963 0.8940510 
JN400093_Human_herpesvirus_1            0.0060740 0.0073463 0.0081844 0.0060740 0.0056465 0.0052427 0.0064902 0.0064950 0.0099303 0.0056523 0.0081844 0.0069144 0.0069144 0.0064914 0.4021619 0.3839729 0.3874230 0.3366793 0.3983015 0.3589362 0.3955081 0.3551919 0.3653060 0.3907011 0.2096284 0.3686465 0.3822146 0.3895258 0.4205448 0.3955382 0.4011418 0.3688529 0.0000000 0.0028099 0.0056538 0.0073373 0.0044286 0.0064701 0.0060880 0.4039902 0.0035994 0.0031939 0.0056567 0.4254493 0.0061040 0.0040051 0.0074344 0.0074344 0.0064938 0.0064938 0.0064727 0.0060689 0.4263699 0.4238833 0.4263699 0.4247464 0.4238833 0.4260555 0.4249626 0.4252594 0.4262427 0.4256639 0.4239794 0.4253356 0.4277617 0.4209724 0.4272407 0.4279711 0.4277643 0.4230179 0.4235496 0.4237881 0.4237881 0.4264628 0.4251654 0.4249626 0.4259447 0.4240590 0.4272407 0.4220472 0.4220472 0.4229857 0.4268361 0.4264286 0.4266175 0.4264286 0.4254671 0.4242026 0.4246493 0.4242765 0.0040103 1.0837806 
JN420337_Human_herpesvirus_1            0.0065634 0.0069960 0.0078403 0.0065634 0.0069719 0.0057138 0.0069859 0.0078351 0.0104810 0.0069790 0.0078403 0.0065617 0.0065617 0.0061360 0.4043838 0.3862395 0.3894270 0.3414422 0.4006303 0.3635308 0.3976991 0.3586234 0.3693259 0.3929670 0.2199748 0.3728546 0.3862120 0.3940167 0.4228503 0.4004070 0.4033217 0.3709857 0.0028099 0.0000000 0.0069739 0.0069873 0.0040497 0.0044468 0.0057259 0.4050995 0.0032237 0.0028148 0.0052908 0.4277847 0.0074402 0.0036318 0.0070826 0.0070826 0.0061383 0.0061383 0.0044485 0.0073980 0.4287153 0.4262042 0.4287153 0.4270754 0.4262042 0.4284026 0.4272890 0.4275917 0.4285861 0.4279967 0.4262950 0.4276693 0.4301259 0.4232560 0.4295953 0.4303388 0.4301274 0.4253228 0.4258641 0.4261049 0.4261049 0.4288098 0.4274965 0.4272890 0.4282821 0.4263757 0.4295953 0.4243431 0.4243431 0.4252928 0.4291900 0.4287750 0.4289671 0.4287750 0.4278062 0.4265218 0.4269767 0.4265977 0.0036366 1.0889598 
JN420338_Human_herpesvirus_1            0.0086053 0.0065041 0.0073370 0.0086053 0.0040060 0.0027900 0.0090308 0.0023817 0.0082213 0.0048302 0.0073370 0.0044189 0.0044189 0.0040072 0.4070703 0.3876527 0.3910074 0.3479224 0.3994774 0.3616068 0.3988675 0.3578014 0.3676591 0.3929937 0.2198741 0.3712153 0.3834737 0.3907589 0.4227200 0.3982254 0.4022286 0.3687712 0.0056538 0.0069739 0.0000000 0.0056628 0.0036089 0.0064884 0.0044307 0.4052597 0.0052367 0.0048255 0.0056729 0.4276104 0.0015842 0.0031913 0.0049053 0.0049053 0.0040086 0.0040086 0.0064910 0.0019781 0.4285324 0.4260442 0.4285324 0.4269075 0.4260442 0.4282222 0.4271195 0.4274192 0.4284045 0.4278208 0.4261347 0.4274961 0.4299297 0.4231235 0.4294043 0.4301406 0.4299313 0.4251714 0.4257074 0.4259460 0.4259460 0.4286259 0.4273249 0.4271195 0.4281035 0.4262146 0.4294043 0.4242006 0.4242006 0.4251415 0.4290025 0.4285916 0.4287818 0.4285916 0.4276314 0.4263592 0.4268097 0.4264344 0.0056547 1.0934730 
JN420339_Human_herpesvirus_1            0.0077639 0.0048417 0.0073509 0.0077639 0.0048296 0.0036050 0.0081868 0.0056657 0.0082289 0.0056669 0.0073509 0.0035973 0.0035973 0.0031896 0.4061937 0.3867565 0.3912545 0.3452272 0.3997235 0.3618638 0.3986949 0.3580496 0.3678998 0.3932394 0.2134282 0.3702181 0.3825522 0.3898332 0.4214246 0.3972025 0.4020593 0.3691770 0.0073373 0.0069873 0.0056628 0.0000000 0.0036156 0.0065006 0.0036071 0.4017753 0.0052465 0.0048345 0.0048490 0.4263197 0.0052744 0.0031971 0.0032469 0.0032469 0.0023832 0.0023832 0.0065033 0.0052435 0.4272402 0.4247548 0.4272402 0.4256174 0.4247548 0.4269277 0.4258317 0.4261295 0.4271129 0.4265325 0.4248486 0.4262059 0.4286333 0.4218421 0.4281109 0.4288431 0.4286354 0.4238871 0.4244201 0.4246585 0.4246585 0.4273333 0.4260354 0.4258317 0.4268139 0.4249282 0.4281109 0.4229170 0.4229170 0.4238558 0.4277077 0.4272991 0.4274884 0.4272991 0.4263388 0.4250722 0.4255201 0.4251465 0.0056654 1.0906682 
JN420340_Human_herpesvirus_1            0.0056767 0.0044413 0.0052637 0.0056767 0.0036077 0.0023929 0.0060927 0.0044340 0.0069676 0.0036115 0.0052637 0.0032069 0.0032069 0.0027981 0.4019661 0.3824250 0.3859303 0.3380887 0.3945363 0.3571685 0.3941433 0.3533913 0.3623922 0.3879721 0.2134282 0.3654212 0.3780963 0.3853313 0.4172576 0.3922629 0.3976721 0.3633593 0.0044286 0.0040497 0.0036089 0.0036156 0.0000000 0.0044305 0.0023985 0.3999432 0.0023893 0.0019876 0.0044438 0.4222059 0.0040417 0.0003943 0.0036758 0.0036758 0.0027991 0.0027991 0.0044322 0.0040174 0.4231287 0.4206331 0.4231287 0.4214999 0.4206331 0.4228065 0.4217235 0.4220171 0.4230021 0.4224279 0.4207381 0.4220927 0.4245186 0.4177237 0.4240018 0.4247268 0.4245227 0.4197749 0.4203024 0.4205420 0.4205420 0.4232211 0.4219231 0.4217235 0.4227072 0.4208176 0.4240018 0.4188001 0.4188001 0.4197392 0.4235913 0.4231869 0.4233748 0.4231869 0.4222190 0.4209602 0.4214033 0.4210325 0.0027952 1.0928675 
JN420341_Human_herpesvirus_1            0.0086030 0.0065024 0.0073350 0.0086030 0.0064865 0.0052450 0.0090284 0.0073373 0.0090738 0.0056548 0.0073350 0.0060810 0.0060810 0.0056613 0.4052414 0.3857705 0.3891808 0.3444141 0.3977034 0.3609122 0.3971706 0.3571136 0.3670504 0.3924514 0.2133807 0.3705476 0.3815358 0.3901726 0.4200518 0.3975912 0.4005944 0.3681472 0.0064701 0.0044468 0.0064884 0.0065006 0.0044305 0.0000000 0.0052592 0.4075356 0.0060693 0.0056548 0.0040049 0.4249695 0.0069461 0.0040068 0.0065910 0.0065910 0.0056634 0.0056634 0.0023779 0.0069067 0.4258917 0.4234003 0.4258917 0.4242652 0.4234003 0.4255757 0.4244828 0.4247795 0.4257644 0.4251855 0.4234979 0.4248557 0.4272851 0.4204857 0.4267640 0.4274946 0.4272879 0.4225348 0.4230666 0.4233056 0.4233056 0.4259847 0.4246853 0.4244828 0.4254665 0.4235776 0.4267640 0.4215622 0.4215622 0.4225021 0.4263580 0.4259504 0.4261394 0.4259504 0.4249866 0.4237212 0.4241680 0.4237950 0.0064912 1.0957559 
JN420342_Human_herpesvirus_1            0.0073574 0.0052720 0.0060997 0.0073574 0.0044292 0.0032052 0.0077794 0.0052633 0.0078198 0.0044338 0.0060997 0.0031994 0.0031994 0.0027915 0.4034225 0.3840019 0.3889988 0.3383860 0.3975071 0.3589563 0.3955223 0.3552168 0.3640661 0.3910033 0.2136323 0.3672251 0.3797372 0.3886227 0.4198325 0.3940124 0.3989894 0.3650748 0.0060880 0.0057259 0.0044307 0.0036071 0.0023985 0.0052592 0.0000000 0.4004872 0.0040166 0.0036088 0.0052748 0.4247421 0.0048711 0.0019883 0.0036669 0.0036669 0.0027925 0.0027925 0.0052613 0.0048424 0.4256624 0.4231761 0.4256624 0.4240392 0.4231761 0.4253465 0.4242568 0.4245526 0.4255354 0.4249582 0.4232740 0.4246287 0.4270525 0.4202680 0.4265329 0.4272615 0.4270554 0.4223130 0.4228432 0.4230818 0.4230818 0.4257551 0.4244587 0.4222032 0.4252384 0.4233535 0.4265329 0.4213423 0.4213423 0.4222801 0.4261274 0.4257209 0.4259095 0.4257209 0.4247589 0.4234967 0.4239423 0.4235702 0.0044302 1.0942209 
JQ360576_Chimpanzee_alpha-1_herpesvirus 0.4093708 0.4056126 0.4039760 0.4093708 0.4018222 0.4022761 0.4103188 0.4049679 0.4113186 0.4024290 0.4039760 0.4033452 0.4033452 0.4029569 0.0863514 0.0795718 0.0812095 0.0673433 0.0859771 0.0715022 0.0840656 0.0707456 0.0755604 0.0833758 0.0432279 0.0708553 0.0812339 0.0772058 0.0918070 0.0757849 0.0844374 0.0750815 0.4039902 0.4050995 0.4052597 0.4017753 0.3999432 0.4075356 0.4004872 0.0000000 0.4026647 0.4037427 0.4044450 0.0969852 0.4021391 0.3995257 0.4021270 0.4021270 0.4021221 0.4021221 0.4076340 0.4027886 0.0970135 0.0970459 0.0970135 0.0963715 0.0970459 0.0944960 0.0963748 0.0950531 0.0970375 0.0963517 0.0937662 0.0950631 0.0976973 0.0957185 0.0983393 0.0983356 0.0977077 0.0957404 0.0963717 0.0963437 0.0963437 0.0944367 0.0982912 0.0950793 0.0970163 0.0937539 0.0983393 0.0944242 0.0944242 0.0950956 0.0957599 0.0944288 0.0957355 0.0944288 0.0964301 0.0944044 0.0944561 0.0944141 0.4037048 1.1014808 
JQ730035_Human_herpesvirus_1            0.0048336 0.0052532 0.0060783 0.0048336 0.0052351 0.0040078 0.0052455 0.0060739 0.0086451 0.0052404 0.0060783 0.0048323 0.0048323 0.0044185 0.4015498 0.3846418 0.3880782 0.3380887 0.3977072 0.3582250 0.3949384 0.3544927 0.3633645 0.3888339 0.2170700 0.3679290 0.3828996 0.3888714 0.4200310 0.3948195 0.4005947 0.3681867 0.0035994 0.0032237 0.0052367 0.0052465 0.0023893 0.0060693 0.0040166 0.4026647 0.0000000 0.0003930 0.0060870 0.4249434 0.0056831 0.0019807 0.0053250 0.0053250 0.0044202 0.0044202 0.0060717 0.0056501 0.4258645 0.4233760 0.4258645 0.4242399 0.4233760 0.4255488 0.4244573 0.4247536 0.4257374 0.4251592 0.4234735 0.4248298 0.4272563 0.4204647 0.4267359 0.4274656 0.4272592 0.4225115 0.4230426 0.4232814 0.4232814 0.4259574 0.4246596 0.4244573 0.4254399 0.4235531 0.4267359 0.4215400 0.4215400 0.4224788 0.4263303 0.4259231 0.4261120 0.4259231 0.4249605 0.4236966 0.4241428 0.4237702 0.0019833 1.0906330 
