104
HM585496_Human_herpesvirus_1            0.0000000 0.0069879 0.0053289 0.0003943 0.0003943 0.0074171 0.0069920 0.0040501 0.0007911 0.0040501 0.0007911 0.0044619 0.0052723 0.0127764 0.0069992 0.0053289 0.0063857 0.0065169 0.0073569 0.0061001 0.3831586 0.3145113 0.4857117 0.3055696 0.3634064 0.4417831 0.3737797 0.3059211 0.3804147 0.3304605 0.1556504 0.4071445 0.4149704 0.5050198 0.4502732 0.3457611 0.3840450 0.4671957 0.0074675 0.0086709 0.0065568 0.0077529 0.0095185 0.0070362 0.0065966 0.4005270 0.0091969 0.0052898 0.0065450 0.4316222 0.0069537 0.0071252 0.0058463 0.0058463 0.0066206 0.0062689 0.0070219 0.0082462 0.0086394 0.4899549 0.4305595 0.4632607 0.5192050 0.4806211 0.4550628 0.4348477 0.4379143 0.4352917 0.4388912 0.4382564 0.4386243 0.4325250 0.4351328 0.4300819 0.4378172 0.4342800 0.4342800 0.4327839 0.4386986 0.4349933 0.4352929 0.4356056 0.4357337 0.4377485 0.4351528 0.4393662 0.4378172 0.4313786 0.4323496 0.4371785 0.4357927 0.4325250 0.4291583 0.4325250 0.4279971 0.4342243 0.4333082 0.4338311 0.4332778 0.0065459 0.0065459 0.4344655 0.0056683 0.8882709 
HM585497_Human_herpesvirus_1            0.0069879 0.0000000 0.0045061 0.0065669 0.0065669 0.0036180 0.0032098 0.0069910 0.0069879 0.0069910 0.0069879 0.0074135 0.0057312 0.0151335 0.0032133 0.0045061 0.0055430 0.0065739 0.0074207 0.0061537 0.3717681 0.3040868 0.4714489 0.3055696 0.3536570 0.4206253 0.3643402 0.2919976 0.3633517 0.3180452 0.1556504 0.4040185 0.4131178 0.4844202 0.4393042 0.3303095 0.3742871 0.4540795 0.0079559 0.0077214 0.0057464 0.0064468 0.0086400 0.0070983 0.0075177 0.3926152 0.0092300 0.0057502 0.0070187 0.4215066 0.0074310 0.0062967 0.0054405 0.0054405 0.0057844 0.0058636 0.0065977 0.0083173 0.0087134 0.4844381 0.4204581 0.4566338 0.5133332 0.4752645 0.4500603 0.4246608 0.4276972 0.4251147 0.4286668 0.4280495 0.4283997 0.4223660 0.4249831 0.4199439 0.4275776 0.4241326 0.4241326 0.4226333 0.4284790 0.4248506 0.4251381 0.4254315 0.4255608 0.4275599 0.4249398 0.4291266 0.4275776 0.4212036 0.4221562 0.4269585 0.4267476 0.4235099 0.4190271 0.4235099 0.4178298 0.4240546 0.4242516 0.4236950 0.4231367 0.0070197 0.0070197 0.4243133 0.0065822 0.8721243 
HM585498_Human_herpesvirus_1            0.0053289 0.0045061 0.0000000 0.0049113 0.0049113 0.0040939 0.0036774 0.0053533 0.0053289 0.0053533 0.0053289 0.0057740 0.0036710 0.0129299 0.0036814 0.0000010 0.0042844 0.0040832 0.0049170 0.0036692 0.3784406 0.2970097 0.4783819 0.2967783 0.3492584 0.4278187 0.3613217 0.2980401 0.3698763 0.3234094 0.1556504 0.4036398 0.4121018 0.4976078 0.4364605 0.3395899 0.3706897 0.4617201 0.0054100 0.0067978 0.0049465 0.0060669 0.0069201 0.0054123 0.0054109 0.3937419 0.0071313 0.0032650 0.0049375 0.4187447 0.0053485 0.0059244 0.0046381 0.0046381 0.0049949 0.0046283 0.0053037 0.0062039 0.0061870 0.4761317 0.4176918 0.4489680 0.5046866 0.4671435 0.4423255 0.4219045 0.4249569 0.4223648 0.4259314 0.4253148 0.4256630 0.4195982 0.4222395 0.4171639 0.4248308 0.4213828 0.4213828 0.4198708 0.4257443 0.4221078 0.4223943 0.4226848 0.4228155 0.4248253 0.4221791 0.4263922 0.4248308 0.4184233 0.4193775 0.4242116 0.4240014 0.4207474 0.4162417 0.4207474 0.4150237 0.4212981 0.4214823 0.4209449 0.4203808 0.0049383 0.0049383 0.4215637 0.0049220 0.8811494 
HM585499_Human_herpesvirus_1            0.0003943 0.0065669 0.0049113 0.0000000 0.0000010 0.0069945 0.0065707 0.0036395 0.0003943 0.0036395 0.0003943 0.0040501 0.0048593 0.0123324 0.0065776 0.0049113 0.0059502 0.0061001 0.0069374 0.0056845 0.3831586 0.3145113 0.4857117 0.3055696 0.3634064 0.4417831 0.3737797 0.3059211 0.3804147 0.3304605 0.1556504 0.4071445 0.4149704 0.5050198 0.4502732 0.3457611 0.3840450 0.4671957 0.0070417 0.0081747 0.0061376 0.0073104 0.0090715 0.0066120 0.0061747 0.4005270 0.0087658 0.0048754 0.0061266 0.4316222 0.0065346 0.0066953 0.0054201 0.0054201 0.0061972 0.0058417 0.0065720 0.0078219 0.0082153 0.4899549 0.4305595 0.4632607 0.5192050 0.4806211 0.4550628 0.4348477 0.4379143 0.4352917 0.4388912 0.4382564 0.4386243 0.4325250 0.4351328 0.4300819 0.4378172 0.4342800 0.4342800 0.4327839 0.4386986 0.4349933 0.4352929 0.4356056 0.4357337 0.4377485 0.4351528 0.4393662 0.4378172 0.4313786 0.4323496 0.4371785 0.4357927 0.4325250 0.4291583 0.4325250 0.4279971 0.4342243 0.4333082 0.4338311 0.4332778 0.0061274 0.0061274 0.4344655 0.0052553 0.8882709 
HM585500_Human_herpesvirus_1            0.0003943 0.0065669 0.0049113 0.0000010 0.0000000 0.0069945 0.0065707 0.0036395 0.0003943 0.0036395 0.0003943 0.0040501 0.0048593 0.0123324 0.0065776 0.0049113 0.0059502 0.0061001 0.0069374 0.0056845 0.3831586 0.3145113 0.4857117 0.3055696 0.3634064 0.4417831 0.3737797 0.3059211 0.3804147 0.3304605 0.1556504 0.4071445 0.4149704 0.5050198 0.4502732 0.3457611 0.3840450 0.4671957 0.0070417 0.0081747 0.0061376 0.0073104 0.0090715 0.0066120 0.0061747 0.4005270 0.0087658 0.0048754 0.0061266 0.4316222 0.0065346 0.0066953 0.0054201 0.0054201 0.0061972 0.0058417 0.0065720 0.0078219 0.0082153 0.4899549 0.4305595 0.4632607 0.5192050 0.4806211 0.4550628 0.4348477 0.4379143 0.4352917 0.4388912 0.4382564 0.4386243 0.4325250 0.4351328 0.4300819 0.4378172 0.4342800 0.4342800 0.4327839 0.4386986 0.4349933 0.4352929 0.4356056 0.4357337 0.4377485 0.4351528 0.4393662 0.4378172 0.4313786 0.4323496 0.4371785 0.4357927 0.4325250 0.4291583 0.4325250 0.4279971 0.4342243 0.4333082 0.4338311 0.4332778 0.0061274 0.0061274 0.4344655 0.0052553 0.8882709 
HM585501_Human_herpesvirus_1            0.0074171 0.0036180 0.0040939 0.0069945 0.0069945 0.0000000 0.0028068 0.0065755 0.0074171 0.0065755 0.0074171 0.0069970 0.0053185 0.0151429 0.0019917 0.0040939 0.0055423 0.0065732 0.0074199 0.0061530 0.3693398 0.3024437 0.4688230 0.2967783 0.3520781 0.4179672 0.3641136 0.2902433 0.3609838 0.3161269 0.1556504 0.4009631 0.4099268 0.4834872 0.4405267 0.3276953 0.3742871 0.4512257 0.0075322 0.0077204 0.0057457 0.0064460 0.0082023 0.0070975 0.0070955 0.3959306 0.0088048 0.0053362 0.0066018 0.4226330 0.0070137 0.0062959 0.0050187 0.0050187 0.0053678 0.0054411 0.0061534 0.0083165 0.0087125 0.4865229 0.4215829 0.4584638 0.5156184 0.4772707 0.4518849 0.4257954 0.4288354 0.4262483 0.4298049 0.4291866 0.4295388 0.4234973 0.4261136 0.4210726 0.4287182 0.4252628 0.4252628 0.4237637 0.4296176 0.4259803 0.4262691 0.4265647 0.4266939 0.4286950 0.4260773 0.4302674 0.4287182 0.4223365 0.4232904 0.4280969 0.4278847 0.4246420 0.4201550 0.4246420 0.4189607 0.4251872 0.4253889 0.4248239 0.4242661 0.0066027 0.0066027 0.4254440 0.0065814 0.8712549 
HM585502_Human_herpesvirus_1            0.0069920 0.0032098 0.0036774 0.0065707 0.0065707 0.0028068 0.0000000 0.0061530 0.0069920 0.0061530 0.0069920 0.0065731 0.0049002 0.0146839 0.0015942 0.0036774 0.0051058 0.0061508 0.0069945 0.0057320 0.3715524 0.3039746 0.4711499 0.3064039 0.3535251 0.4203546 0.3653204 0.2921510 0.3631471 0.3179057 0.1556504 0.4044681 0.4127981 0.4868905 0.4416292 0.3276953 0.3752923 0.4559795 0.0071005 0.0067290 0.0053253 0.0060044 0.0077555 0.0066674 0.0066656 0.3969623 0.0083702 0.0049166 0.0061777 0.4236573 0.0065888 0.0058648 0.0045916 0.0045916 0.0049455 0.0050128 0.0057022 0.0078860 0.0082821 0.4879445 0.4226062 0.4597471 0.5171322 0.4786497 0.4531728 0.4268258 0.4298668 0.4272775 0.4308377 0.4302178 0.4305717 0.4245248 0.4271401 0.4209575 0.4297529 0.4262894 0.4262894 0.4247912 0.4306489 0.4270053 0.4272961 0.4275935 0.4277226 0.4297236 0.4259590 0.4313015 0.4297529 0.4222204 0.4243224 0.4291289 0.4289155 0.4256715 0.4200404 0.4256715 0.4188462 0.4262161 0.4264229 0.4258495 0.4252924 0.0061786 0.0061786 0.4264711 0.0057394 0.8705597 
HM585503_Human_herpesvirus_1            0.0040501 0.0069910 0.0053533 0.0036395 0.0036395 0.0065755 0.0061530 0.0000000 0.0040501 0.0000010 0.0040501 0.0003947 0.0070116 0.0142046 0.0061594 0.0053533 0.0077698 0.0082839 0.0091428 0.0078577 0.3791510 0.3116623 0.4767242 0.3071639 0.3607756 0.4323674 0.3705143 0.3002461 0.3764719 0.3271615 0.1556504 0.4048634 0.4131295 0.4991409 0.4443970 0.3403954 0.3806805 0.4627639 0.0092810 0.0092250 0.0074477 0.0087084 0.0100129 0.0079726 0.0075238 0.4003423 0.0105654 0.0070346 0.0083187 0.4271835 0.0087341 0.0076223 0.0071961 0.0071961 0.0079670 0.0076255 0.0084572 0.0100602 0.0104564 0.4874221 0.4261269 0.4593149 0.5165269 0.4781567 0.4527481 0.4303773 0.4334312 0.4308258 0.4344052 0.4337779 0.4341380 0.4280666 0.4306789 0.4256328 0.4333247 0.4298268 0.4298268 0.4283301 0.4342146 0.4305425 0.4308367 0.4311409 0.4312696 0.4332780 0.4306716 0.4348740 0.4333247 0.4269134 0.4291666 0.4326940 0.4324763 0.4292188 0.4247120 0.4292188 0.4235342 0.4297613 0.4299869 0.4293829 0.4288273 0.0083198 0.0083198 0.4300104 0.0074115 0.8854742 
HM585504_Human_herpesvirus_1            0.0007911 0.0069879 0.0053289 0.0003943 0.0003943 0.0074171 0.0069920 0.0040501 0.0000000 0.0040501 0.0007911 0.0044619 0.0052723 0.0127764 0.0069992 0.0053289 0.0063857 0.0065169 0.0073569 0.0061001 0.3831586 0.3145113 0.4857117 0.3055696 0.3647363 0.4417831 0.3748824 0.3059211 0.3804147 0.3304605 0.1556504 0.4071445 0.4149704 0.5050198 0.4513660 0.3457611 0.3851815 0.4671957 0.0074675 0.0086709 0.0065568 0.0077529 0.0095185 0.0070362 0.0065966 0.4015464 0.0091969 0.0052898 0.0065450 0.4326364 0.0069537 0.0071252 0.0058463 0.0058463 0.0066206 0.0062689 0.0070219 0.0082462 0.0086394 0.4913504 0.4315727 0.4645232 0.5206906 0.4819759 0.4563277 0.4358679 0.4389363 0.4363107 0.4399136 0.4392773 0.4396469 0.4335433 0.4361491 0.4310988 0.4388414 0.4352964 0.4352964 0.4338012 0.4397206 0.4360090 0.4363096 0.4366243 0.4367522 0.4387678 0.4361754 0.4403898 0.4388414 0.4323987 0.4333713 0.4382011 0.4368132 0.4335433 0.4301748 0.4335433 0.4290178 0.4352429 0.4343308 0.4348466 0.4342939 0.0065459 0.0065459 0.4354823 0.0056683 0.8900076 
HM585505_Human_herpesvirus_1            0.0040501 0.0069910 0.0053533 0.0036395 0.0036395 0.0065755 0.0061530 0.0000010 0.0040501 0.0000000 0.0040501 0.0003947 0.0070116 0.0142046 0.0061594 0.0053533 0.0077698 0.0082839 0.0091428 0.0078577 0.3791510 0.3116623 0.4767242 0.3071639 0.3607756 0.4323674 0.3705143 0.3002461 0.3764719 0.3271615 0.1556504 0.4048634 0.4131295 0.4991409 0.4443970 0.3403954 0.3806805 0.4627639 0.0092810 0.0092250 0.0074477 0.0087084 0.0100129 0.0079726 0.0075238 0.4003423 0.0105654 0.0070346 0.0083187 0.4271835 0.0087341 0.0076223 0.0071961 0.0071961 0.0079670 0.0076255 0.0084572 0.0100602 0.0104564 0.4874221 0.4261269 0.4593149 0.5165269 0.4781567 0.4527481 0.4303773 0.4334312 0.4308258 0.4344052 0.4337779 0.4341380 0.4280666 0.4306789 0.4256328 0.4333247 0.4298268 0.4298268 0.4283301 0.4342146 0.4305425 0.4308367 0.4311409 0.4312696 0.4332780 0.4306716 0.4348740 0.4333247 0.4269134 0.4291666 0.4326940 0.4324763 0.4292188 0.4247120 0.4292188 0.4235342 0.4297613 0.4299869 0.4293829 0.4288273 0.0083198 0.0083198 0.4300104 0.0074115 0.8854742 
HM585506_Human_herpesvirus_1            0.0007911 0.0069879 0.0053289 0.0003943 0.0003943 0.0074171 0.0069920 0.0040501 0.0007911 0.0040501 0.0000000 0.0044619 0.0052723 0.0127764 0.0069992 0.0053289 0.0063857 0.0065169 0.0073569 0.0061001 0.3831586 0.3145113 0.4857117 0.3055696 0.3634064 0.4417831 0.3737797 0.3059211 0.3804147 0.3304605 0.1556504 0.4071445 0.4149704 0.5050198 0.4502732 0.3457611 0.3840450 0.4671957 0.0074675 0.0086709 0.0065568 0.0077529 0.0095185 0.0070362 0.0065966 0.4005270 0.0091969 0.0052898 0.0065450 0.4316222 0.0069537 0.0071252 0.0058463 0.0058463 0.0066206 0.0062689 0.0070219 0.0082462 0.0086394 0.4899549 0.4305595 0.4632607 0.5192050 0.4806211 0.4550628 0.4348477 0.4379143 0.4352917 0.4388912 0.4382564 0.4386243 0.4325250 0.4351328 0.4300819 0.4378172 0.4342800 0.4342800 0.4327839 0.4386986 0.4349933 0.4352929 0.4356056 0.4357337 0.4377485 0.4361754 0.4393662 0.4378172 0.4313786 0.4323496 0.4371785 0.4357927 0.4325250 0.4291583 0.4325250 0.4279971 0.4342243 0.4333082 0.4338311 0.4332778 0.0065459 0.0065459 0.4344655 0.0056683 0.8882709 
HM585507_Human_herpesvirus_1            0.0044619 0.0074135 0.0057740 0.0040501 0.0040501 0.0069970 0.0065731 0.0003947 0.0044619 0.0003947 0.0044619 0.0000000 0.0074352 0.0146562 0.0065799 0.0057740 0.0082147 0.0087113 0.0095730 0.0082839 0.3791510 0.3130995 0.4767242 0.3071639 0.3621040 0.4323674 0.3716156 0.3002461 0.3764719 0.3288261 0.1556504 0.4048634 0.4131295 0.4991409 0.4454855 0.3403954 0.3818154 0.4627639 0.0097175 0.0092250 0.0078733 0.0091584 0.0104646 0.0084048 0.0079538 0.4013596 0.0110042 0.0074595 0.0087477 0.4281935 0.0091637 0.0080583 0.0076312 0.0076312 0.0083990 0.0080618 0.0089170 0.0104950 0.0108912 0.4874221 0.4271368 0.4593149 0.5165269 0.4781567 0.4527481 0.4313942 0.4344500 0.4318415 0.4354242 0.4347955 0.4351572 0.4290815 0.4316919 0.4266464 0.4343456 0.4308400 0.4308400 0.4293440 0.4352333 0.4315549 0.4318502 0.4321563 0.4322848 0.4342940 0.4316908 0.4358943 0.4343456 0.4279302 0.4301866 0.4337133 0.4334944 0.4302348 0.4257253 0.4302348 0.4245517 0.4307767 0.4310072 0.4303951 0.4298402 0.0087488 0.0087488 0.4310239 0.0078351 0.8872126 
HM585508_Human_herpesvirus_1            0.0052723 0.0057312 0.0036710 0.0048593 0.0048593 0.0053185 0.0049002 0.0070116 0.0052723 0.0070116 0.0052723 0.0074352 0.0000000 0.0137316 0.0049054 0.0036710 0.0046642 0.0044473 0.0036114 0.0040367 0.3796402 0.3093201 0.4824027 0.2967783 0.3587365 0.4317690 0.3710338 0.3005556 0.3710137 0.3241817 0.1556504 0.4048491 0.4138194 0.5002047 0.4477161 0.3403954 0.3812380 0.4634856 0.0053537 0.0062077 0.0036338 0.0055564 0.0063915 0.0040772 0.0032440 0.4001487 0.0053289 0.0015952 0.0028067 0.4292130 0.0015928 0.0045571 0.0008155 0.0008155 0.0012082 0.0045796 0.0052451 0.0052813 0.0048472 0.4881636 0.4281508 0.4615741 0.5173838 0.4788571 0.4533528 0.4324307 0.4354981 0.4328774 0.4364761 0.4358435 0.4362093 0.4301071 0.4327245 0.4276623 0.4353956 0.4318709 0.4318709 0.4303698 0.4362841 0.4325864 0.4328839 0.4331939 0.4333227 0.4353386 0.4327299 0.4369491 0.4353956 0.4289539 0.4299229 0.4347594 0.4333760 0.4301071 0.4267377 0.4301071 0.4255641 0.4318096 0.4308813 0.4314224 0.4308672 0.0011950 0.0011950 0.4320548 0.0019953 0.8886593 
HM585509_Human_herpesvirus_1            0.0127764 0.0151335 0.0129299 0.0123324 0.0123324 0.0151429 0.0146839 0.0142046 0.0127764 0.0142046 0.0127764 0.0146562 0.0137316 0.0000000 0.0146978 0.0129299 0.0153579 0.0150840 0.0159964 0.0146315 0.3936485 0.3174038 0.5026880 0.2980687 0.3666857 0.4446045 0.3757807 0.3092047 0.3806009 0.3303049 0.1556504 0.4180351 0.4290539 0.5227852 0.4569263 0.3598668 0.3875971 0.4785981 0.0143408 0.0162363 0.0142593 0.0158723 0.0168134 0.0139290 0.0134428 0.4057305 0.0180998 0.0137743 0.0142294 0.4386244 0.0155724 0.0136041 0.0146000 0.0146000 0.0153229 0.0136108 0.0147846 0.0151078 0.0173999 0.5008860 0.4375448 0.4723619 0.5313035 0.4910992 0.4657643 0.4419211 0.4450290 0.4423608 0.4460174 0.4453662 0.4457493 0.4395634 0.4421816 0.4370888 0.4449464 0.4413218 0.4413218 0.4398184 0.4458203 0.4420363 0.4423464 0.4426751 0.4428031 0.4448420 0.4422459 0.4454700 0.4449464 0.4384202 0.4394110 0.4432789 0.4428766 0.4395634 0.4361544 0.4395634 0.4340017 0.4412814 0.4403846 0.4408621 0.4403086 0.0151412 0.0151412 0.4415118 0.0141394 0.8810557 
HM585510_Human_herpesvirus_1            0.0069992 0.0032133 0.0036814 0.0065776 0.0065776 0.0019917 0.0015942 0.0061594 0.0069992 0.0061594 0.0069992 0.0065799 0.0049054 0.0146978 0.0000000 0.0036814 0.0051114 0.0061572 0.0070018 0.0057380 0.3715524 0.3039746 0.4711499 0.3064039 0.3548192 0.4203546 0.3652983 0.2921510 0.3631471 0.3179057 0.1556504 0.4044681 0.4127981 0.4868905 0.4417551 0.3276953 0.3766440 0.4537639 0.0071079 0.0072310 0.0053309 0.0060109 0.0077638 0.0066745 0.0066726 0.3970611 0.0083788 0.0049218 0.0061842 0.4237661 0.0065957 0.0058711 0.0045966 0.0045966 0.0049508 0.0050182 0.0057087 0.0078942 0.0082905 0.4881316 0.4227144 0.4599016 0.5173493 0.4788262 0.4533245 0.4269364 0.4299788 0.4273882 0.4309503 0.4303300 0.4306841 0.4246343 0.4272505 0.4210653 0.4298652 0.4263994 0.4263994 0.4249008 0.4307623 0.4271165 0.4274066 0.4277044 0.4278335 0.4298353 0.4260695 0.4314143 0.4298652 0.4223291 0.4244322 0.4292407 0.4290271 0.4257816 0.4201478 0.4257816 0.4189536 0.4263264 0.4265338 0.4259593 0.4254020 0.0061850 0.0061850 0.4265812 0.0057454 0.8736136 
HM585511_Human_herpesvirus_1            0.0053289 0.0045061 0.0000010 0.0049113 0.0049113 0.0040939 0.0036774 0.0053533 0.0053289 0.0053533 0.0053289 0.0057740 0.0036710 0.0129299 0.0036814 0.0000000 0.0042844 0.0040832 0.0049170 0.0036692 0.3784406 0.2970097 0.4783819 0.2967783 0.3492584 0.4278187 0.3613217 0.2980401 0.3698763 0.3234094 0.1556504 0.4036398 0.4121018 0.4976078 0.4364605 0.3395899 0.3706897 0.4617201 0.0054100 0.0067978 0.0049465 0.0060669 0.0069201 0.0054123 0.0054109 0.3937419 0.0071313 0.0032650 0.0049375 0.4187447 0.0053485 0.0059244 0.0046381 0.0046381 0.0049949 0.0046283 0.0053037 0.0062039 0.0061870 0.4761317 0.4176918 0.4489680 0.5046866 0.4671435 0.4423255 0.4219045 0.4249569 0.4223648 0.4259314 0.4253148 0.4256630 0.4195982 0.4222395 0.4171639 0.4248308 0.4213828 0.4213828 0.4198708 0.4257443 0.4221078 0.4223943 0.4226848 0.4228155 0.4248253 0.4221791 0.4263922 0.4248308 0.4184233 0.4193775 0.4242116 0.4240014 0.4207474 0.4162417 0.4207474 0.4150237 0.4212981 0.4214823 0.4209449 0.4203808 0.0049383 0.0049383 0.4215637 0.0049220 0.8811494 
HM585512_Human_herpesvirus_1            0.0063857 0.0055430 0.0042844 0.0059502 0.0059502 0.0055423 0.0051058 0.0077698 0.0063857 0.0077698 0.0063857 0.0082147 0.0046642 0.0153579 0.0051114 0.0042844 0.0000000 0.0008303 0.0033675 0.0004144 0.3819988 0.3074923 0.4897525 0.2967783 0.3619407 0.4205336 0.3744659 0.2899858 0.3663911 0.3140877 0.1450458 0.3976895 0.4044465 0.4864841 0.4566780 0.3229952 0.3855670 0.4514623 0.0069403 0.0069951 0.0042443 0.0057734 0.0081027 0.0056123 0.0064304 0.4086695 0.0051142 0.0046805 0.0059902 0.4365964 0.0050966 0.0059709 0.0055422 0.0055422 0.0055422 0.0059734 0.0065866 0.0068804 0.0046624 0.4896976 0.4368340 0.4629695 0.5190060 0.4803494 0.4547531 0.4400178 0.4432515 0.4404781 0.4442803 0.4436049 0.4440009 0.4374157 0.4402967 0.4349908 0.4430078 0.4394011 0.4394011 0.4378336 0.4440758 0.4401466 0.4404674 0.4408062 0.4409399 0.4430618 0.4403511 0.4447866 0.4430078 0.4363704 0.4373997 0.4424811 0.4410125 0.4375658 0.4340182 0.4375658 0.4328185 0.4393545 0.4384122 0.4389242 0.4383464 0.0055422 0.0055422 0.4395981 0.0046582 0.9241397 
HM585513_Human_herpesvirus_1            0.0065169 0.0065739 0.0040832 0.0061001 0.0061001 0.0065732 0.0061508 0.0082839 0.0065169 0.0082839 0.0065169 0.0087113 0.0044473 0.0150840 0.0061572 0.0040832 0.0008303 0.0000000 0.0032119 0.0003954 0.3703991 0.3030241 0.4745363 0.2967783 0.3540302 0.4216716 0.3674129 0.2966757 0.3619934 0.3168386 0.1450458 0.3976895 0.4019138 0.4856420 0.4451813 0.3344530 0.3774837 0.4527259 0.0066174 0.0072112 0.0048872 0.0059907 0.0086266 0.0053469 0.0061875 0.3989845 0.0083365 0.0044621 0.0057094 0.4268914 0.0061168 0.0058517 0.0054316 0.0054316 0.0057751 0.0058540 0.0061372 0.0065563 0.0044457 0.4882997 0.4258332 0.4617050 0.5175175 0.4789923 0.4534862 0.4300900 0.4331479 0.4305386 0.4341234 0.4334954 0.4338568 0.4276367 0.4303922 0.4253370 0.4328994 0.4295397 0.4295397 0.4280391 0.4339327 0.4302558 0.4305502 0.4308555 0.4309844 0.4329952 0.4303832 0.4345928 0.4328994 0.4266190 0.4275829 0.4324092 0.4310331 0.4277748 0.4244147 0.4277748 0.4232336 0.4294734 0.4285376 0.4290942 0.4285373 0.0057102 0.0057102 0.4297224 0.0048633 0.8848976 
HM585514_Human_herpesvirus_1            0.0073569 0.0074207 0.0049170 0.0069374 0.0069374 0.0074199 0.0069945 0.0091428 0.0073569 0.0091428 0.0073569 0.0095730 0.0036114 0.0159964 0.0070018 0.0049170 0.0033675 0.0032119 0.0000000 0.0028061 0.3769090 0.3075232 0.4793685 0.3055696 0.3596105 0.4287146 0.3693412 0.3023320 0.3683584 0.3220694 0.1667542 0.4079185 0.4127936 0.4956665 0.4460416 0.3430498 0.3794722 0.4597226 0.0074703 0.0071886 0.0048671 0.0068713 0.0085906 0.0053248 0.0053235 0.3986540 0.0083028 0.0044437 0.0056861 0.4276854 0.0052617 0.0058273 0.0045607 0.0045607 0.0049128 0.0067141 0.0074925 0.0065297 0.0011918 0.4894204 0.4266262 0.4627082 0.5187268 0.4800761 0.4544883 0.4308895 0.4339495 0.4313373 0.4349256 0.4342963 0.4346590 0.4284337 0.4311887 0.4261328 0.4337024 0.4303361 0.4303361 0.4288358 0.4347345 0.4310518 0.4313471 0.4316539 0.4317828 0.4337946 0.4311846 0.4353961 0.4337024 0.4274177 0.4283829 0.4332111 0.4318330 0.4285722 0.4252100 0.4285722 0.4240319 0.4302715 0.4293386 0.4298897 0.4293343 0.0048580 0.0048580 0.4305191 0.0040224 0.8915341 
HM585515_Human_herpesvirus_1            0.0061001 0.0061537 0.0036692 0.0056845 0.0056845 0.0061530 0.0057320 0.0078577 0.0061001 0.0078577 0.0061001 0.0082839 0.0040367 0.0146315 0.0057380 0.0036692 0.0004144 0.0003954 0.0028061 0.0000000 0.3703991 0.3030241 0.4745363 0.2967783 0.3540302 0.4216716 0.3674129 0.2966757 0.3619934 0.3168386 0.1450458 0.3976895 0.4019138 0.4856420 0.4451813 0.3344530 0.3774837 0.4527259 0.0061941 0.0067187 0.0044730 0.0055538 0.0081822 0.0049279 0.0057661 0.3989845 0.0079078 0.0040502 0.0052934 0.4268914 0.0057002 0.0054251 0.0050058 0.0050058 0.0053543 0.0054272 0.0061372 0.0061371 0.0040353 0.4882997 0.4258332 0.4617050 0.5175175 0.4789923 0.4534862 0.4300900 0.4331479 0.4305386 0.4341234 0.4334954 0.4338568 0.4276367 0.4303922 0.4253370 0.4328994 0.4295397 0.4295397 0.4280391 0.4339327 0.4302558 0.4305502 0.4308555 0.4309844 0.4329952 0.4303832 0.4345928 0.4328994 0.4266190 0.4275829 0.4324092 0.4310331 0.4277748 0.4244147 0.4277748 0.4232336 0.4294734 0.4285376 0.4290942 0.4285373 0.0052942 0.0052942 0.4297224 0.0044511 0.8848976 
HSV2_1                                  0.3831586 0.3717681 0.3784406 0.3831586 0.3831586 0.3693398 0.3715524 0.3791510 0.3831586 0.3791510 0.3831586 0.3791510 0.3796402 0.3936485 0.3715524 0.3784406 0.3819988 0.3703991 0.3769090 0.3703991 0.0000000 0.0042899 0.0037832 0.0000021 0.0077481 0.0020019 0.0025105 0.0020058 0.0018993 0.0018814 0.0000023 0.0038580 0.0118494 0.0069139 0.0050569 0.0024534 0.0050645 0.0081490 0.3785222 0.3637693 0.3742226 0.3548367 0.3748955 0.3711460 0.3854652 0.0688283 0.3835044 0.3796402 0.3792404 0.0103721 0.3861926 0.3764414 0.3767073 0.3767073 0.3682441 0.3714561 0.3913718 0.3773625 0.3793846 0.0132982 0.0095210 0.0122980 0.0105769 0.0136482 0.0126619 0.0050536 0.0077172 0.0059142 0.0068346 0.0095293 0.0067860 0.0059226 0.0076999 0.0059756 0.0076855 0.0094833 0.0077059 0.0068010 0.0076716 0.0085907 0.0085907 0.0076553 0.0059142 0.0059142 0.0068695 0.0059226 0.0076855 0.0086550 0.0077376 0.0076843 0.0059266 0.0059350 0.0059797 0.0059350 0.0077653 0.0050502 0.0059689 0.0085840 0.0094851 0.3841564 0.3841564 0.0050502 0.3816685 0.7311792 
HSV2_2                                  0.3145113 0.3040868 0.2970097 0.3145113 0.3145113 0.3024437 0.3039746 0.3116623 0.3145113 0.3116623 0.3145113 0.3130995 0.3093201 0.3174038 0.3039746 0.2970097 0.3074923 0.3030241 0.3075232 0.3030241 0.0042899 0.0000000 0.0008446 0.0000021 0.0066385 0.0027266 0.0038424 0.0026011 0.0025502 0.0014898 0.0060300 0.0064690 0.0125005 0.0081273 0.0044636 0.0035068 0.0051426 0.0091849 0.3097112 0.3168859 0.3054784 0.3033936 0.3122624 0.3033484 0.3123346 0.0567133 0.3120831 0.3095728 0.3090821 0.0084657 0.3153188 0.3043985 0.3045293 0.3045293 0.3004350 0.3013090 0.3118907 0.3095936 0.3106289 0.0102816 0.0078236 0.0094598 0.0091206 0.0101613 0.0093672 0.0051213 0.0064741 0.0051213 0.0064741 0.0078286 0.0057787 0.0051268 0.0071289 0.0051615 0.0064531 0.0077995 0.0064654 0.0057884 0.0071052 0.0071306 0.0071306 0.0070932 0.0051213 0.0051213 0.0058329 0.0057813 0.0064531 0.0071708 0.0064870 0.0057924 0.0057872 0.0058004 0.0058265 0.0058004 0.0058382 0.0051213 0.0058176 0.0077966 0.0077966 0.3124308 0.3124308 0.0051213 0.3121739 0.5518931 
HSV2_3                                  0.4857117 0.4714489 0.4783819 0.4857117 0.4857117 0.4688230 0.4711499 0.4767242 0.4857117 0.4767242 0.4857117 0.4767242 0.4824027 0.5026880 0.4711499 0.4783819 0.4897525 0.4745363 0.4793685 0.4745363 0.0037832 0.0008446 0.0000000 0.0000028 0.0075608 0.0018647 0.0049891 0.0021617 0.0027722 0.0008741 0.0000010 0.0039244 0.0115434 0.0068175 0.0045685 0.0023988 0.0049738 0.0081443 0.4793130 0.4680164 0.4769512 0.4647961 0.4779983 0.4763579 0.4903781 0.0772191 0.4867354 0.4824027 0.4819175 0.0101682 0.4891431 0.4845423 0.4849328 0.4849328 0.4726413 0.4771596 0.5013583 0.4799197 0.4820346 0.0111935 0.0093978 0.0119226 0.0097511 0.0119848 0.0110228 0.0045744 0.0069700 0.0053484 0.0069700 0.0077799 0.0061343 0.0053550 0.0085537 0.0053986 0.0069431 0.0093640 0.0069599 0.0069335 0.0077096 0.0077568 0.0069484 0.0069054 0.0053484 0.0053484 0.0069981 0.0053463 0.0069431 0.0078090 0.0062133 0.0053576 0.0053656 0.0061561 0.0061950 0.0061561 0.0054081 0.0045744 0.0061887 0.0093599 0.0093599 0.4871095 0.4871095 0.0053484 0.4844282 0.8806632 
HSV2_4                                  0.3055696 0.3055696 0.2967783 0.3055696 0.3055696 0.2967783 0.3064039 0.3071639 0.3055696 0.3071639 0.3055696 0.3071639 0.2967783 0.2980687 0.3064039 0.2967783 0.2967783 0.2967783 0.3055696 0.2967783 0.0000021 0.0000021 0.0000028 0.0000000 0.0039897 0.0000024 0.0000021 0.0041088 0.0000025 0.0041083 0.0000021 0.0000028 0.0039897 0.0000024 0.0000024 0.0000021 0.0000024 0.0039897 0.2967783 0.2893610 0.2967783 0.2967783 0.2957251 0.2957251 0.3055696 0.0778073 0.2967783 0.2967783 0.2967783 0.0039897 0.2967783 0.3145578 0.2967783 0.2967783 0.2967783 0.2967783 0.2967783 0.3057305 0.3055696 0.0039897 0.0000024 0.0039897 0.0082792 0.0000024 0.0039897 0.0000024 0.0000024 0.0000024 0.0000024 0.0000024 0.0000024 0.0000024 0.0039897 0.0000026 0.0039962 0.0081329 0.0000024 0.0000024 0.0000024 0.0000024 0.0000024 0.0039962 0.0000024 0.0000024 0.0000026 0.0000024 0.0039962 0.0041513 0.0000024 0.0040046 0.0000024 0.0000024 0.0000026 0.0000024 0.0000026 0.0000024 0.0000021 0.0039897 0.0039897 0.2967783 0.2967783 0.0000024 0.3057305 0.5849228 
HSV2_5                                  0.3634064 0.3536570 0.3492584 0.3634064 0.3634064 0.3520781 0.3535251 0.3607756 0.3647363 0.3607756 0.3634064 0.3621040 0.3587365 0.3666857 0.3548192 0.3492584 0.3619407 0.3540302 0.3596105 0.3540302 0.0077481 0.0066385 0.0075608 0.0039897 0.0000000 0.0062891 0.0069788 0.0069321 0.0067938 0.0060305 0.0000023 0.0105337 0.0010117 0.0044050 0.0022450 0.0035141 0.0022513 0.0037812 0.3581086 0.3711121 0.3551827 0.3538402 0.3616652 0.3539665 0.3622326 0.0645101 0.3615035 0.3590322 0.3584864 0.0022144 0.3643399 0.3559501 0.3577601 0.3577601 0.3526737 0.3530685 0.3656276 0.3590232 0.3625477 0.0023214 0.0027837 0.0021195 0.0033564 0.0038080 0.0021467 0.0022265 0.0045202 0.0027906 0.0033743 0.0027851 0.0033580 0.0027930 0.0000024 0.0028101 0.0039350 0.0011032 0.0011032 0.0039311 0.0039284 0.0022155 0.0022155 0.0050661 0.0027906 0.0033559 0.0033855 0.0039273 0.0039350 0.0005537 0.0011067 0.0039342 0.0027947 0.0033635 0.0028114 0.0033635 0.0039667 0.0027898 0.0033762 0.0011024 0.0022149 0.3632803 0.3632803 0.0022265 0.3613718 0.6400292 
HSV2_6                                  0.4417831 0.4206253 0.4278187 0.4417831 0.4417831 0.4179672 0.4203546 0.4323674 0.4417831 0.4323674 0.4417831 0.4323674 0.4317690 0.4446045 0.4203546 0.4278187 0.4205336 0.4216716 0.4287146 0.4216716 0.0020019 0.0027266 0.0018647 0.0000024 0.0062891 0.0000000 0.0026543 0.0000026 0.0009247 0.0000027 0.0000023 0.0000029 0.0087871 0.0045644 0.0033731 0.0000028 0.0035477 0.0061220 0.4335923 0.4198135 0.4260155 0.4202376 0.4408069 0.4231428 0.4386710 0.0664408 0.4361177 0.4317690 0.4312982 0.0095377 0.4409725 0.4308326 0.4311799 0.4311799 0.4205772 0.4231683 0.4231683 0.4292485 0.4335838 0.0102603 0.0086831 0.0102023 0.0076818 0.0092309 0.0100685 0.0033730 0.0059860 0.0050836 0.0051114 0.0059809 0.0059555 0.0050914 0.0068653 0.0051373 0.0059602 0.0086481 0.0068707 0.0059687 0.0059580 0.0077556 0.0068583 0.0059411 0.0050836 0.0050836 0.0069123 0.0042206 0.0059602 0.0078137 0.0060407 0.0059634 0.0042358 0.0042415 0.0042674 0.0042415 0.0051450 0.0033685 0.0042598 0.0077496 0.0086559 0.4366568 0.4366568 0.0042208 0.4339169 0.7753866 
HSV2_7                                  0.3737797 0.3643402 0.3613217 0.3737797 0.3737797 0.3641136 0.3653204 0.3705143 0.3748824 0.3705143 0.3737797 0.3716156 0.3710338 0.3757807 0.3652983 0.3613217 0.3744659 0.3674129 0.3693412 0.3674129 0.0025105 0.0038424 0.0049891 0.0000021 0.0069788 0.0026543 0.0000000 0.0032716 0.0016607 0.0029205 0.0000010 0.0038279 0.0119553 0.0055688 0.0056760 0.0023127 0.0062443 0.0088840 0.3720393 0.3736893 0.3683160 0.3617566 0.3810639 0.3689549 0.3743130 0.0711568 0.3736105 0.3715281 0.3724021 0.0084847 0.3758903 0.3693282 0.3706020 0.3706020 0.3661349 0.3692090 0.3791891 0.3737265 0.3728646 0.0088808 0.0080200 0.0087314 0.0088403 0.0080400 0.0083261 0.0060758 0.0075300 0.0060658 0.0075288 0.0075399 0.0065432 0.0060629 0.0075196 0.0060975 0.0070305 0.0080055 0.0065556 0.0070304 0.0070236 0.0080233 0.0080233 0.0074892 0.0055784 0.0060544 0.0065784 0.0065449 0.0070305 0.0075491 0.0065683 0.0065453 0.0065591 0.0070456 0.0060997 0.0070456 0.0065954 0.0065410 0.0070500 0.0080000 0.0084926 0.3748261 0.3748261 0.0060629 0.3732195 0.7279561 
HSV2_8                                  0.3059211 0.2919976 0.2980401 0.3059211 0.3059211 0.2902433 0.2921510 0.3002461 0.3059211 0.3002461 0.3059211 0.3002461 0.3005556 0.3092047 0.2921510 0.2980401 0.2899858 0.2966757 0.3023320 0.2966757 0.0020058 0.0026011 0.0021617 0.0041088 0.0069321 0.0000026 0.0032716 0.0000000 0.0009863 0.0000028 0.0000023 0.0026179 0.0108766 0.0063828 0.0040986 0.0000026 0.0041044 0.0077530 0.3033700 0.3029764 0.2978000 0.2935683 0.3120558 0.2953596 0.3041833 0.0585299 0.3036700 0.3005556 0.3023320 0.0092316 0.3080827 0.2960448 0.2940328 0.2940328 0.2892310 0.2919858 0.2919858 0.3026693 0.3062416 0.0101919 0.0084045 0.0091020 0.0078707 0.0102433 0.0097307 0.0040931 0.0066637 0.0049264 0.0066585 0.0075279 0.0057693 0.0049331 0.0066486 0.0049761 0.0066363 0.0083717 0.0066537 0.0057658 0.0066246 0.0075093 0.0075093 0.0066109 0.0049264 0.0049264 0.0049761 0.0057738 0.0066363 0.0066870 0.0066801 0.0066351 0.0049366 0.0049433 0.0049794 0.0049433 0.0058324 0.0040904 0.0049707 0.0075036 0.0083734 0.3044513 0.3044513 0.0040904 0.3044513 0.5738267 
HSV2_9                                  0.3804147 0.3633517 0.3698763 0.3804147 0.3804147 0.3609838 0.3631471 0.3764719 0.3804147 0.3764719 0.3804147 0.3764719 0.3710137 0.3806009 0.3631471 0.3698763 0.3663911 0.3619934 0.3683584 0.3619934 0.0018993 0.0025502 0.0027722 0.0000025 0.0067938 0.0009247 0.0016607 0.0009863 0.0000000 0.0008726 0.0000024 0.0012637 0.0113193 0.0047114 0.0041491 0.0000021 0.0041893 0.0072265 0.3727121 0.3561516 0.3656999 0.3629889 0.3781587 0.3626229 0.3735244 0.0615620 0.3747653 0.3710137 0.3706289 0.0093532 0.3794259 0.3644302 0.3646746 0.3646746 0.3596976 0.3596407 0.3719405 0.3709894 0.3707719 0.0104950 0.0076063 0.0104950 0.0090473 0.0106221 0.0104950 0.0041464 0.0058911 0.0041400 0.0058911 0.0076410 0.0049881 0.0041524 0.0076040 0.0041830 0.0058670 0.0084808 0.0067388 0.0049988 0.0075816 0.0067357 0.0067357 0.0058359 0.0041400 0.0041400 0.0050494 0.0041524 0.0058670 0.0067947 0.0059073 0.0058574 0.0058532 0.0050117 0.0059051 0.0050117 0.0067894 0.0049872 0.0050398 0.0084768 0.0084884 0.3754286 0.3754286 0.0041400 0.3730037 0.6829179 
HSV2_10                                 0.3304605 0.3180452 0.3234094 0.3304605 0.3304605 0.3161269 0.3179057 0.3271615 0.3304605 0.3271615 0.3304605 0.3288261 0.3241817 0.3303049 0.3179057 0.3234094 0.3140877 0.3168386 0.3220694 0.3168386 0.0018814 0.0014898 0.0008741 0.0041083 0.0060305 0.0000027 0.0029205 0.0000028 0.0008726 0.0000000 0.0000023 0.0012604 0.0100590 0.0057615 0.0036629 0.0000026 0.0036676 0.0070506 0.3235030 0.3287209 0.3197388 0.3173316 0.3268147 0.3171817 0.3279492 0.0545164 0.3271389 0.3241817 0.3238950 0.0090013 0.3311450 0.3191270 0.3192920 0.3192920 0.3140953 0.3152088 0.3217512 0.3241956 0.3256830 0.0098309 0.0082619 0.0105662 0.0074284 0.0105201 0.0093016 0.0036608 0.0059456 0.0044020 0.0051856 0.0074973 0.0051531 0.0044073 0.0059332 0.0044416 0.0059234 0.0074651 0.0059372 0.0059157 0.0059174 0.0066985 0.0066985 0.0074173 0.0044020 0.0044020 0.0052086 0.0044073 0.0059234 0.0059636 0.0059628 0.0059221 0.0044101 0.0051645 0.0044441 0.0051645 0.0052035 0.0036564 0.0051902 0.0074570 0.0082392 0.3278030 0.3278030 0.0036564 0.3274817 0.6332695 
HSV2_11                                 0.1556504 0.1556504 0.1556504 0.1556504 0.1556504 0.1556504 0.1556504 0.1556504 0.1556504 0.1556504 0.1556504 0.1556504 0.1556504 0.1556504 0.1556504 0.1556504 0.1450458 0.1450458 0.1667542 0.1450458 0.0000023 0.0060300 0.0000010 0.0000021 0.0000023 0.0000023 0.0000010 0.0000023 0.0000024 0.0000023 0.0000000 0.0000010 0.0000023 0.0000010 0.0000023 0.0000023 0.0000010 0.0059753 0.1556504 0.1585438 0.1556504 0.1556504 0.1556504 0.1490808 0.1667542 0.0342875 0.1556504 0.1556504 0.1556504 0.0059753 0.1668530 0.1780962 0.1668530 0.1668530 0.1668530 0.1556504 0.1556504 0.1556504 0.1667542 0.0059753 0.0059753 0.0059753 0.0000023 0.0059753 0.0059753 0.0000023 0.0000023 0.0000023 0.0000023 0.0000023 0.0000023 0.0000023 0.0000023 0.0000023 0.0059753 0.0059944 0.0000023 0.0059753 0.0000023 0.0059753 0.0059753 0.0122470 0.0000023 0.0000023 0.0000023 0.0000023 0.0059753 0.0000023 0.0000023 0.0059944 0.0000023 0.0000023 0.0000023 0.0000023 0.0000023 0.0000023 0.0000023 0.0059753 0.0059753 0.1668530 0.1668530 0.0000023 0.1556504 0.3640635 
HSV2_12                                 0.4071445 0.4040185 0.4036398 0.4071445 0.4071445 0.4009631 0.4044681 0.4048634 0.4071445 0.4048634 0.4071445 0.4048634 0.4048491 0.4180351 0.4044681 0.4036398 0.3976895 0.3976895 0.4079185 0.3976895 0.0038580 0.0064690 0.0039244 0.0000028 0.0105337 0.0000029 0.0038279 0.0026179 0.0012637 0.0012604 0.0000010 0.0000000 0.0110199 0.0057169 0.0064071 0.0014158 0.0064217 0.0090793 0.4095918 0.4074014 0.4094347 0.4046287 0.4039203 0.3958428 0.4083196 0.0837424 0.4048491 0.4048491 0.4079185 0.0146514 0.4111268 0.4114651 0.4079857 0.4079857 0.4079857 0.4009089 0.4009089 0.4051435 0.4118629 0.0137316 0.0118736 0.0137316 0.0116973 0.0122707 0.0137316 0.0064071 0.0091760 0.0063939 0.0091760 0.0105315 0.0077193 0.0064214 0.0118689 0.0064949 0.0091184 0.0132656 0.0105005 0.0077451 0.0104548 0.0104925 0.0104925 0.0090442 0.0063939 0.0063939 0.0064949 0.0051062 0.0091184 0.0106599 0.0092143 0.0090967 0.0090852 0.0077750 0.0078488 0.0077750 0.0078921 0.0077176 0.0077918 0.0132550 0.0132835 0.4079857 0.4079857 0.0063939 0.4079857 0.8335239 
HSV2_13                                 0.4149704 0.4131178 0.4121018 0.4149704 0.4149704 0.4099268 0.4127981 0.4131295 0.4149704 0.4131295 0.4149704 0.4131295 0.4138194 0.4290539 0.4127981 0.4121018 0.4044465 0.4019138 0.4127936 0.4019138 0.0118494 0.0125005 0.0115434 0.0039897 0.0010117 0.0087871 0.0119553 0.0108766 0.0113193 0.0100590 0.0000023 0.0110199 0.0000000 0.0061536 0.0062519 0.0051641 0.0052040 0.0054470 0.4187789 0.4166175 0.4143692 0.4218077 0.4239391 0.4040406 0.4166654 0.0789779 0.4138194 0.4138194 0.4132765 0.0040881 0.4215218 0.4160106 0.4163840 0.4163840 0.4163840 0.4073902 0.4073902 0.4137374 0.4160106 0.0033010 0.0040920 0.0033010 0.0049061 0.0055825 0.0033010 0.0062519 0.0073754 0.0073156 0.0062928 0.0040903 0.0084022 0.0062633 0.0010093 0.0074097 0.0073370 0.0030559 0.0030559 0.0084251 0.0084282 0.0051342 0.0051342 0.0094847 0.0073156 0.0073156 0.0085314 0.0073370 0.0073370 0.0020533 0.0030815 0.0095295 0.0062634 0.0062794 0.0063329 0.0062794 0.0085704 0.0051818 0.0063237 0.0020270 0.0030594 0.4163840 0.4163840 0.0062414 0.4131728 0.8928076 
HSV2_14                                 0.5050198 0.4844202 0.4976078 0.5050198 0.5050198 0.4834872 0.4868905 0.4991409 0.5050198 0.4991409 0.5050198 0.4991409 0.5002047 0.5227852 0.4868905 0.4976078 0.4864841 0.4856420 0.4956665 0.4856420 0.0069139 0.0081273 0.0068175 0.0000024 0.0044050 0.0045644 0.0055688 0.0063828 0.0047114 0.0057615 0.0000010 0.0057169 0.0061536 0.0000000 0.0000022 0.0013489 0.0000022 0.0021836 0.4997119 0.4828979 0.4921721 0.4665023 0.4978455 0.4874434 0.5126075 0.0760954 0.5067196 0.5002047 0.4994707 0.0077985 0.5101940 0.5047794 0.5054058 0.5054058 0.4861519 0.4935742 0.4935742 0.4964985 0.4996333 0.0078885 0.0066970 0.0078885 0.0041327 0.0080792 0.0078885 0.0000022 0.0010847 0.0000022 0.0010847 0.0044133 0.0010753 0.0000022 0.0055235 0.0000022 0.0010783 0.0066616 0.0044010 0.0010783 0.0043701 0.0043985 0.0043985 0.0021594 0.0000022 0.0000022 0.0010922 0.0010783 0.0010783 0.0044605 0.0033086 0.0021696 0.0021678 0.0010820 0.0021924 0.0010820 0.0033234 0.0010750 0.0010899 0.0066575 0.0066575 0.5071943 0.5071943 0.0000022 0.5031867 0.9738445 
HSV2_15                                 0.4502732 0.4393042 0.4364605 0.4502732 0.4502732 0.4405267 0.4416292 0.4443970 0.4513660 0.4443970 0.4502732 0.4454855 0.4477161 0.4569263 0.4417551 0.4364605 0.4566780 0.4451813 0.4460416 0.4451813 0.0050569 0.0044636 0.0045685 0.0000024 0.0022450 0.0033731 0.0056760 0.0040986 0.0041491 0.0036629 0.0000023 0.0064071 0.0062519 0.0000022 0.0000000 0.0011496 0.0009264 0.0016926 0.4496596 0.4626602 0.4450879 0.4418370 0.4599110 0.4466352 0.4519182 0.0763846 0.4506202 0.4483656 0.4491931 0.0059976 0.4526440 0.4482345 0.4495438 0.4495438 0.4435983 0.4480713 0.4637961 0.4505037 0.4496115 0.0068595 0.0055741 0.0063265 0.0047330 0.0067231 0.0063622 0.0008370 0.0029660 0.0025323 0.0025372 0.0042679 0.0038334 0.0016829 0.0051247 0.0016867 0.0042833 0.0060013 0.0042578 0.0021029 0.0038132 0.0033901 0.0033901 0.0042398 0.0025279 0.0025279 0.0047292 0.0033927 0.0042833 0.0051614 0.0038453 0.0033880 0.0016830 0.0021113 0.0029709 0.0021113 0.0029757 0.0021034 0.0021152 0.0051235 0.0059986 0.4516314 0.4516314 0.0016778 0.4498803 0.8031794 
HSV2_16                                 0.3457611 0.3303095 0.3395899 0.3457611 0.3457611 0.3276953 0.3276953 0.3403954 0.3457611 0.3403954 0.3457611 0.3403954 0.3403954 0.3598668 0.3276953 0.3395899 0.3229952 0.3344530 0.3430498 0.3344530 0.0024534 0.0035068 0.0023988 0.0000021 0.0035141 0.0000028 0.0023127 0.0000026 0.0000021 0.0000026 0.0000023 0.0014158 0.0051641 0.0013489 0.0011496 0.0000000 0.0011498 0.0024140 0.3397182 0.3218021 0.3363654 0.3177036 0.3394370 0.3318823 0.3433172 0.0703929 0.3420823 0.3403954 0.3430498 0.0071165 0.3517780 0.3323232 0.3292381 0.3292381 0.3238238 0.3232952 0.3232952 0.3406549 0.3490118 0.0063756 0.0071621 0.0063756 0.0013633 0.0063626 0.0063756 0.0011496 0.0034984 0.0023073 0.0023202 0.0047019 0.0034801 0.0023073 0.0035075 0.0023073 0.0034771 0.0059079 0.0047019 0.0034771 0.0034923 0.0059051 0.0059051 0.0046586 0.0023073 0.0023073 0.0023073 0.0034771 0.0034771 0.0047019 0.0047203 0.0046824 0.0023142 0.0023142 0.0011486 0.0023142 0.0023162 0.0011475 0.0023142 0.0046990 0.0059164 0.3463313 0.3463313 0.0011475 0.3436124 0.6740630 
