94
HM585496_Human_herpesvirus_1            0.0000000 0.0064350 0.0158278 0.0000010 0.0141606 0.0141097 0.0177175 0.0177175 0.0167024 0.0172101 0.0158718 0.0158278 0.0149022 0.0149022 0.0162420 0.4923680 0.4974264 0.4943040 0.4249187 0.5124121 0.4844186 0.5138679 0.4920617 0.4901740 0.4962817 0.4083901 0.4751553 0.4949207 0.4971083 0.5426731 0.4733092 0.5082802 0.4940429 0.0141034 0.0166854 0.0128000 0.0145550 0.0123209 0.0136657 0.0166883 0.5403808 0.0135897 0.0123057 0.0135656 0.5541212 0.0144590 0.0127536 0.0171775 0.0171775 0.0127467 0.0123209 0.0127467 0.0162420 0.5550939 0.5561222 0.5539981 0.5525025 0.5561222 0.5550939 0.5536866 0.5551314 0.5534460 0.5569446 0.5535250 0.5551007 0.5526925 0.5534944 0.5547859 0.5538911 0.5559673 0.5542528 0.5551445 0.5523792 0.5548103 0.5548103 0.5557107 0.5522060 0.5547859 0.5542053 0.5538911 0.5540761 0.5534451 0.5523701 0.5540409 0.5563817 0.5525025 0.5563817 0.5553403 0.5529690 0.5550164 0.5542442 0.5530504 0.0140924 1.3404530 
HM585497_Human_herpesvirus_1            0.0064350 0.0000000 0.0124114 0.0064350 0.0098512 0.0098147 0.0107101 0.0107101 0.0123411 0.0160119 0.0089677 0.0124114 0.0098058 0.0098058 0.0101906 0.4935082 0.4985811 0.4954513 0.4268689 0.5136035 0.4855662 0.5150701 0.4926335 0.4913183 0.4974302 0.4106323 0.4757188 0.4960950 0.4980587 0.5439320 0.4744648 0.5094594 0.4961613 0.0115268 0.0123285 0.0102438 0.0119431 0.0106593 0.0110962 0.0123308 0.5424077 0.0136614 0.0123715 0.0102053 0.5553914 0.0101718 0.0110882 0.0127975 0.0127975 0.0110822 0.0106593 0.0110822 0.0101906 0.5563672 0.5574014 0.5552679 0.5537692 0.5574014 0.5563672 0.5573102 0.5564063 0.5547149 0.5582272 0.5547967 0.5543169 0.5539574 0.5547613 0.5540024 0.5551621 0.5572440 0.5555233 0.5564198 0.5536463 0.5560842 0.5560842 0.5569897 0.5534706 0.5540024 0.5554780 0.5551621 0.5553465 0.5547139 0.5536376 0.5553134 0.5576621 0.5537692 0.5576621 0.5566146 0.5542398 0.5562912 0.5555150 0.5543169 0.0132279 1.3334810 
HM585498_Human_herpesvirus_1            0.0158278 0.0124114 0.0000000 0.0158278 0.0086316 0.0090608 0.0112156 0.0112156 0.0056336 0.0168577 0.0103018 0.0000010 0.0056523 0.0056523 0.0069047 0.4912721 0.4963347 0.4932082 0.4223259 0.5117815 0.4821649 0.5143090 0.4918684 0.4890663 0.4956053 0.4075639 0.4756665 0.4938015 0.4950605 0.5462497 0.4725601 0.5089901 0.4938540 0.0141479 0.0056290 0.0128394 0.0145693 0.0132605 0.0137086 0.0064501 0.5481627 0.0093498 0.0080981 0.0044094 0.5602787 0.0052380 0.0136977 0.0060594 0.0060594 0.0136904 0.0132605 0.0136904 0.0069047 0.5612577 0.5623051 0.5601543 0.5586570 0.5623051 0.5612577 0.5622189 0.5613024 0.5596028 0.5631369 0.5596950 0.5612768 0.5588367 0.5596413 0.5609567 0.5600545 0.5621393 0.5604100 0.5613177 0.5585372 0.5609792 0.5609792 0.5618966 0.5583534 0.5609567 0.5603740 0.5600545 0.5602350 0.5596017 0.5585297 0.5602102 0.5625680 0.5586570 0.5625680 0.5615067 0.5591398 0.5611880 0.5604031 0.5591989 0.0158767 1.3268867 
HM585499_Human_herpesvirus_1            0.0000010 0.0064350 0.0158278 0.0000000 0.0141606 0.0141097 0.0177175 0.0177175 0.0167024 0.0172101 0.0158718 0.0158278 0.0149022 0.0149022 0.0162420 0.4923680 0.4974264 0.4943040 0.4249187 0.5124121 0.4844186 0.5138679 0.4920617 0.4901740 0.4962817 0.4083901 0.4751553 0.4949207 0.4971083 0.5426731 0.4733092 0.5082802 0.4940429 0.0141034 0.0166854 0.0128000 0.0145550 0.0123209 0.0136657 0.0166883 0.5403808 0.0135897 0.0123057 0.0135656 0.5541212 0.0144590 0.0127536 0.0171775 0.0171775 0.0127467 0.0123209 0.0127467 0.0162420 0.5550939 0.5561222 0.5539981 0.5525025 0.5561222 0.5550939 0.5536866 0.5551314 0.5534460 0.5569446 0.5535250 0.5551007 0.5526925 0.5534944 0.5547859 0.5538911 0.5559673 0.5542528 0.5551445 0.5523792 0.5548103 0.5548103 0.5557107 0.5522060 0.5547859 0.5542053 0.5538911 0.5540761 0.5534451 0.5523701 0.5540409 0.5563817 0.5525025 0.5563817 0.5553403 0.5529690 0.5550164 0.5542442 0.5530504 0.0140924 1.3404530 
HM585501_Human_herpesvirus_1            0.0141606 0.0098512 0.0086316 0.0141606 0.0000000 0.0023818 0.0040108 0.0040108 0.0085800 0.0182206 0.0023803 0.0086316 0.0086068 0.0086068 0.0089945 0.4890216 0.4940636 0.4909469 0.4221523 0.5114546 0.4787772 0.5104501 0.4894973 0.4868044 0.4929310 0.4065981 0.4717115 0.4908398 0.4916649 0.5456705 0.4688727 0.5073274 0.4908746 0.0146347 0.0085712 0.0133196 0.0150577 0.0137425 0.0141929 0.0094116 0.5461482 0.0133115 0.0120176 0.0073254 0.5583195 0.0073006 0.0141825 0.0090213 0.0090213 0.0141747 0.0137425 0.0141747 0.0089945 0.5592942 0.5603330 0.5581959 0.5567026 0.5603330 0.5592942 0.5602451 0.5593365 0.5576455 0.5611598 0.5577333 0.5572452 0.5568852 0.5576870 0.5569295 0.5580940 0.5601711 0.5584507 0.5593511 0.5565820 0.5590148 0.5590148 0.5599245 0.5564020 0.5569295 0.5584110 0.5580940 0.5582755 0.5576445 0.5565741 0.5582474 0.5605942 0.5567026 0.5605942 0.5595418 0.5571791 0.5592222 0.5584432 0.5572452 0.0163717 1.3347240 
HM585502_Human_herpesvirus_1            0.0141097 0.0098147 0.0090608 0.0141097 0.0023818 0.0000000 0.0056330 0.0056330 0.0090075 0.0181580 0.0039801 0.0090608 0.0081855 0.0081855 0.0085732 0.4972662 0.5023291 0.4992104 0.4293333 0.5197770 0.4860252 0.5187871 0.4981791 0.4951147 0.5011710 0.4096535 0.4804861 0.4992864 0.5001324 0.5540398 0.4775618 0.5156296 0.4993715 0.0141935 0.0089979 0.0128831 0.0146156 0.0133049 0.0137534 0.0098407 0.5535589 0.0128751 0.0115856 0.0069090 0.5666107 0.0068854 0.0137433 0.0094504 0.0094504 0.0137358 0.0133049 0.0137358 0.0085732 0.5675920 0.5686546 0.5664856 0.5649928 0.5686546 0.5675920 0.5685749 0.5676438 0.5659369 0.5694924 0.5660424 0.5655261 0.5651611 0.5659650 0.5652039 0.5663935 0.5684780 0.5667410 0.5676614 0.5648771 0.5673199 0.5673199 0.5682509 0.5646831 0.5652039 0.5667171 0.5663935 0.5665686 0.5659357 0.5648714 0.5665547 0.5689198 0.5649928 0.5689198 0.5678425 0.5654905 0.5675306 0.5667359 0.5655261 0.0159252 1.3357696 
HM585503_Human_herpesvirus_1            0.0177175 0.0107101 0.0112156 0.0177175 0.0040108 0.0056330 0.0000000 0.0000010 0.0111500 0.0209774 0.0031864 0.0112156 0.0094708 0.0094708 0.0098592 0.4941529 0.4992069 0.4960896 0.4212524 0.5166301 0.4840168 0.5156348 0.4933144 0.4919770 0.4980587 0.4096535 0.4741405 0.4960962 0.4969342 0.5519908 0.4742848 0.5124911 0.4961623 0.0173221 0.0111388 0.0159824 0.0177499 0.0164107 0.0168718 0.0119938 0.5508506 0.0159741 0.0146587 0.0098730 0.5645728 0.0098409 0.0168592 0.0116033 0.0116033 0.0168500 0.0164107 0.0168500 0.0098592 0.5655518 0.5666079 0.5644481 0.5629562 0.5666079 0.5655518 0.5665263 0.5656013 0.5638994 0.5674425 0.5640004 0.5634915 0.5631279 0.5639308 0.5631711 0.5643537 0.5664351 0.5647033 0.5656182 0.5628394 0.5652782 0.5652782 0.5662033 0.5626489 0.5631711 0.5646755 0.5643537 0.5645303 0.5638983 0.5628331 0.5645129 0.5668720 0.5629562 0.5668720 0.5658015 0.5634483 0.5654879 0.5646976 0.5634915 0.0190862 1.3396397 
HM585505_Human_herpesvirus_1            0.0177175 0.0107101 0.0112156 0.0177175 0.0040108 0.0056330 0.0000010 0.0000000 0.0111500 0.0209774 0.0031864 0.0112156 0.0094708 0.0094708 0.0098592 0.4941529 0.4992069 0.4960896 0.4212524 0.5166301 0.4840168 0.5156348 0.4933144 0.4919770 0.4980587 0.4096535 0.4741405 0.4960962 0.4969342 0.5519908 0.4742848 0.5124911 0.4961623 0.0173221 0.0111388 0.0159824 0.0177499 0.0164107 0.0168718 0.0119938 0.5508506 0.0159741 0.0146587 0.0098730 0.5645728 0.0098409 0.0168592 0.0116033 0.0116033 0.0168500 0.0164107 0.0168500 0.0098592 0.5655518 0.5666079 0.5644481 0.5629562 0.5666079 0.5655518 0.5665263 0.5656013 0.5638994 0.5674425 0.5640004 0.5634915 0.5631279 0.5639308 0.5631711 0.5643537 0.5664351 0.5647033 0.5656182 0.5628394 0.5652782 0.5652782 0.5662033 0.5626489 0.5631711 0.5646755 0.5643537 0.5645303 0.5638983 0.5628331 0.5645129 0.5668720 0.5629562 0.5668720 0.5658015 0.5634483 0.5654879 0.5646976 0.5634915 0.0190862 1.3396397 
HM585508_Human_herpesvirus_1            0.0167024 0.0123411 0.0056336 0.0167024 0.0085800 0.0090075 0.0111500 0.0111500 0.0000000 0.0168559 0.0102416 0.0056336 0.0064754 0.0064754 0.0060399 0.4957312 0.5007954 0.4976739 0.4307334 0.5162291 0.4867387 0.5187832 0.4965632 0.4935652 0.5000585 0.4114086 0.4800096 0.4983652 0.4996381 0.5486676 0.4768653 0.5134409 0.4984448 0.0132079 0.0023709 0.0119134 0.0136261 0.0132604 0.0127732 0.0023711 0.5509683 0.0076766 0.0064393 0.0052238 0.5640009 0.0048178 0.0136976 0.0019803 0.0019803 0.0136903 0.0132604 0.0136903 0.0060399 0.5649807 0.5660364 0.5638762 0.5623823 0.5660364 0.5649807 0.5659541 0.5650296 0.5633266 0.5668713 0.5634266 0.5629189 0.5625553 0.5633590 0.5625986 0.5637810 0.5658644 0.5641316 0.5650462 0.5622650 0.5647062 0.5647062 0.5656310 0.5620753 0.5625986 0.5641027 0.5637810 0.5639582 0.5633255 0.5622586 0.5639398 0.5663006 0.5623823 0.5663006 0.5652305 0.5628736 0.5649159 0.5641257 0.5629189 0.0149211 1.3392511 
HM585509_Human_herpesvirus_1            0.0172101 0.0160119 0.0168577 0.0172101 0.0182206 0.0181580 0.0209774 0.0209774 0.0168559 0.0000000 0.0199747 0.0168577 0.0168849 0.0168849 0.0173669 0.4908873 0.4959508 0.4928233 0.4249404 0.5114013 0.4817678 0.5139715 0.4916975 0.4886775 0.4952220 0.4091060 0.4717329 0.4934082 0.4948972 0.5428404 0.4707673 0.5097412 0.4936889 0.0164110 0.0168386 0.0150799 0.0182428 0.0177837 0.0159636 0.0177250 0.5454083 0.0158588 0.0145508 0.0155148 0.5532519 0.0164307 0.0182371 0.0173347 0.0173347 0.0182271 0.0177837 0.0182271 0.0173669 0.5542259 0.5552537 0.5531288 0.5516302 0.5552537 0.5542259 0.5551604 0.5542624 0.5525754 0.5560765 0.5526527 0.5542310 0.5518221 0.5526253 0.5539163 0.5530205 0.5551000 0.5533839 0.5542752 0.5515062 0.5539410 0.5539410 0.5548409 0.5513341 0.5539163 0.5533346 0.5530205 0.5532066 0.5525745 0.5514968 0.5531698 0.5555133 0.5516302 0.5555133 0.5544724 0.5520954 0.5541471 0.5533751 0.5521802 0.0172789 1.3279524 
HM585510_Human_herpesvirus_1            0.0158718 0.0089677 0.0103018 0.0158718 0.0023803 0.0039801 0.0031864 0.0031864 0.0102416 0.0199747 0.0000000 0.0103018 0.0085772 0.0085772 0.0089635 0.4963101 0.5013709 0.4982523 0.4255161 0.5188126 0.4862157 0.5178210 0.4955804 0.4941509 0.5002158 0.4104196 0.4764190 0.4983069 0.4991506 0.5530685 0.4765521 0.5146675 0.4983862 0.0163532 0.0102312 0.0150259 0.0167782 0.0154511 0.0159071 0.0110784 0.5534051 0.0150177 0.0137141 0.0089768 0.5656474 0.0089470 0.0158953 0.0106895 0.0106895 0.0158867 0.0154511 0.0158867 0.0089635 0.5666277 0.5676874 0.5655224 0.5640297 0.5676874 0.5666277 0.5676068 0.5666785 0.5649736 0.5685239 0.5650770 0.5645641 0.5641997 0.5650033 0.5642427 0.5654292 0.5675126 0.5657778 0.5666957 0.5639135 0.5663549 0.5663549 0.5672832 0.5637211 0.5642427 0.5657520 0.5654292 0.5656050 0.5649724 0.5639075 0.5655895 0.5679522 0.5640297 0.5679522 0.5668779 0.5645249 0.5665651 0.5657724 0.5645641 0.0181031 1.3369894 
HM585511_Human_herpesvirus_1            0.0158278 0.0124114 0.0000010 0.0158278 0.0086316 0.0090608 0.0112156 0.0112156 0.0056336 0.0168577 0.0103018 0.0000000 0.0056523 0.0056523 0.0069047 0.4912721 0.4963347 0.4932082 0.4223259 0.5117815 0.4821649 0.5143090 0.4918684 0.4890663 0.4956053 0.4075639 0.4756665 0.4938015 0.4950605 0.5462497 0.4725601 0.5089901 0.4938540 0.0141479 0.0056290 0.0128394 0.0145693 0.0132605 0.0137086 0.0064501 0.5481627 0.0093498 0.0080981 0.0044094 0.5602787 0.0052380 0.0136977 0.0060594 0.0060594 0.0136904 0.0132605 0.0136904 0.0069047 0.5612577 0.5623051 0.5601543 0.5586570 0.5623051 0.5612577 0.5622189 0.5613024 0.5596028 0.5631369 0.5596950 0.5612768 0.5588367 0.5596413 0.5609567 0.5600545 0.5621393 0.5604100 0.5613177 0.5585372 0.5609792 0.5609792 0.5618966 0.5583534 0.5609567 0.5603740 0.5600545 0.5602350 0.5596017 0.5585297 0.5602102 0.5625680 0.5586570 0.5625680 0.5615067 0.5591398 0.5611880 0.5604031 0.5591989 0.0158767 1.3268867 
HM585512_Human_herpesvirus_1            0.0149022 0.0098058 0.0056523 0.0149022 0.0086068 0.0081855 0.0094708 0.0094708 0.0064754 0.0168849 0.0085772 0.0056523 0.0000000 0.0000010 0.0031961 0.4966130 0.5016865 0.4985604 0.4256165 0.5182804 0.4876269 0.5197084 0.4958968 0.4944510 0.5009468 0.4075639 0.4793159 0.4992725 0.5005505 0.5500721 0.4777669 0.5143520 0.4993577 0.0141724 0.0056458 0.0128620 0.0145941 0.0123545 0.0137326 0.0072964 0.5510097 0.0093681 0.0081145 0.0035841 0.5640624 0.0044039 0.0127880 0.0069061 0.0069061 0.0127811 0.0123545 0.0127811 0.0031961 0.5650436 0.5661011 0.5639374 0.5624414 0.5661011 0.5650436 0.5660187 0.5650927 0.5633871 0.5669373 0.5634873 0.5650703 0.5626145 0.5634194 0.5647474 0.5638422 0.5659287 0.5641932 0.5651094 0.5623239 0.5647688 0.5647688 0.5656951 0.5621339 0.5647474 0.5641644 0.5638422 0.5640196 0.5633860 0.5623175 0.5640013 0.5663657 0.5624414 0.5663657 0.5652938 0.5629336 0.5649789 0.5641874 0.5629787 0.0159029 1.3313706 
HM585513_Human_herpesvirus_1            0.0149022 0.0098058 0.0056523 0.0149022 0.0086068 0.0081855 0.0094708 0.0094708 0.0064754 0.0168849 0.0085772 0.0056523 0.0000010 0.0000000 0.0031961 0.4966130 0.5016865 0.4985604 0.4256165 0.5182804 0.4876269 0.5197084 0.4958968 0.4944510 0.5009468 0.4075639 0.4793159 0.4992725 0.5005505 0.5500721 0.4777669 0.5143520 0.4993577 0.0141724 0.0056458 0.0128620 0.0145941 0.0123545 0.0137326 0.0072964 0.5510097 0.0093681 0.0081145 0.0035841 0.5640624 0.0044039 0.0127880 0.0069061 0.0069061 0.0127811 0.0123545 0.0127811 0.0031961 0.5650436 0.5661011 0.5639374 0.5624414 0.5661011 0.5650436 0.5660187 0.5650927 0.5633871 0.5669373 0.5634873 0.5650703 0.5626145 0.5634194 0.5647474 0.5638422 0.5659287 0.5641932 0.5651094 0.5623239 0.5647688 0.5647688 0.5656951 0.5621339 0.5647474 0.5641644 0.5638422 0.5640196 0.5633860 0.5623175 0.5640013 0.5663657 0.5624414 0.5663657 0.5652938 0.5629336 0.5649789 0.5641874 0.5629787 0.0159029 1.3313706 
HM585514_Human_herpesvirus_1            0.0162420 0.0101906 0.0069047 0.0162420 0.0089945 0.0085732 0.0098592 0.0098592 0.0060399 0.0173669 0.0089635 0.0069047 0.0031961 0.0031961 0.0000000 0.4997576 0.5048368 0.5017114 0.4327324 0.5217462 0.4908443 0.5219389 0.4992016 0.4976219 0.5040911 0.4157074 0.4826670 0.5024937 0.5037827 0.5552314 0.4810907 0.5165643 0.5025983 0.0136933 0.0056238 0.0123907 0.0141135 0.0136711 0.0132559 0.0060344 0.5560791 0.0106541 0.0093882 0.0048076 0.5691902 0.0047912 0.0141092 0.0064661 0.0064661 0.0141017 0.0136711 0.0141017 0.0000010 0.5701761 0.5712489 0.5690643 0.5675678 0.5712489 0.5701761 0.5711715 0.5702310 0.5685148 0.5720923 0.5686260 0.5680996 0.5677321 0.5685388 0.5677745 0.5689750 0.5710672 0.5693206 0.5702497 0.5674534 0.5699056 0.5699056 0.5708457 0.5672545 0.5677745 0.5693016 0.5689750 0.5691486 0.5685135 0.5674484 0.5691391 0.5715161 0.5675678 0.5715161 0.5704282 0.5680734 0.5701178 0.5693162 0.5680996 0.0154160 1.3350254 
HSV2_1                                  0.4923680 0.4935082 0.4912721 0.4923680 0.4890216 0.4972662 0.4941529 0.4941529 0.4957312 0.4908873 0.4963101 0.4912721 0.4966130 0.4966130 0.4997576 0.0000000 0.0026149 0.0030638 0.0115979 0.0080062 0.0026994 0.0026268 0.0032188 0.0026490 0.0026259 0.0008699 0.0014198 0.0077323 0.0087078 0.0089164 0.0009356 0.0066485 0.0077715 0.5003087 0.4941859 0.4976877 0.5012476 0.4975167 0.4974168 0.4932334 0.0726615 0.4932215 0.4920507 0.4961220 0.0080044 0.4981401 0.4988655 0.4966262 0.4966262 0.4986551 0.4975167 0.4975167 0.4997576 0.0089209 0.0089539 0.0084635 0.0080093 0.0089539 0.0089209 0.0093849 0.0089473 0.0075471 0.0084606 0.0075337 0.0080094 0.0070895 0.0079984 0.0080064 0.0080031 0.0084540 0.0075427 0.0084635 0.0071028 0.0080048 0.0080048 0.0108267 0.0080018 0.0080064 0.0080031 0.0080031 0.0084590 0.0080031 0.0075584 0.0080315 0.0089489 0.0080093 0.0098717 0.0080014 0.0123268 0.0094161 0.0075467 0.0089164 0.5023483 1.0781390 
HSV2_2                                  0.4974264 0.4985811 0.4963347 0.4974264 0.4940636 0.5023291 0.4992069 0.4992069 0.5007954 0.4959508 0.5013709 0.4963347 0.5016865 0.5016865 0.5048368 0.0026149 0.0000000 0.0021826 0.0132129 0.0088900 0.0027002 0.0026177 0.0032204 0.0044432 0.0021795 0.0017476 0.0023737 0.0086445 0.0096506 0.0098015 0.0018773 0.0075302 0.0086884 0.5053748 0.4992446 0.5027490 0.5063125 0.5025791 0.5024735 0.4982933 0.0742200 0.4982634 0.4970895 0.5011892 0.0088880 0.5032148 0.5039318 0.5016863 0.5016863 0.5037176 0.5025791 0.5025791 0.5048368 0.0098065 0.0098423 0.0093483 0.0088935 0.0098423 0.0098065 0.0102718 0.0098350 0.0084296 0.0093451 0.0075083 0.0088936 0.0079707 0.0088813 0.0088903 0.0088865 0.0093378 0.0084247 0.0093483 0.0079856 0.0088884 0.0088884 0.0117199 0.0088851 0.0088903 0.0088898 0.0088865 0.0093433 0.0088865 0.0084453 0.0089177 0.0098368 0.0088935 0.0107613 0.0088847 0.0132333 0.0103054 0.0084292 0.0098015 0.5074016 1.0710642 
HSV2_3                                  0.4943040 0.4954513 0.4932082 0.4943040 0.4909469 0.4992104 0.4960896 0.4960896 0.4976739 0.4928233 0.4982523 0.4932082 0.4985604 0.4985604 0.5017114 0.0030638 0.0021826 0.0000000 0.0116045 0.0084739 0.0013457 0.0013095 0.0036846 0.0040026 0.0017476 0.0000028 0.0028526 0.0077361 0.0091820 0.0093968 0.0023500 0.0071135 0.0077769 0.5022582 0.4961244 0.4996319 0.5031978 0.4994611 0.4993588 0.4951712 0.0754102 0.4951523 0.4939788 0.4980664 0.0084802 0.5000901 0.5008131 0.4985685 0.4985685 0.5006010 0.4994611 0.4994611 0.5017114 0.0094015 0.0094362 0.0089419 0.0084855 0.0094362 0.0094015 0.0098681 0.0094292 0.0080205 0.0089388 0.0066433 0.0084856 0.0075604 0.0084739 0.0084824 0.0084788 0.0089318 0.0080159 0.0089419 0.0075746 0.0084807 0.0084807 0.0108438 0.0084775 0.0084824 0.0084820 0.0084788 0.0089370 0.0084788 0.0080356 0.0085089 0.0094309 0.0084855 0.0103583 0.0084771 0.0128266 0.0099007 0.0080201 0.0093968 0.5042955 1.0706683 
HSV2_4                                  0.4249187 0.4268689 0.4223259 0.4249187 0.4221523 0.4293333 0.4212524 0.4212524 0.4307334 0.4249404 0.4255161 0.4223259 0.4256165 0.4256165 0.4327324 0.0115979 0.0132129 0.0116045 0.0000000 0.0037620 0.0084625 0.0076578 0.0124473 0.0060946 0.0108224 0.0037844 0.0061767 0.0037644 0.0045312 0.0045250 0.0087086 0.0045335 0.0029982 0.4333603 0.4283319 0.4291950 0.4327734 0.4267754 0.4288511 0.4304484 0.0682985 0.4255838 0.4258519 0.4291884 0.0037581 0.4320262 0.4288818 0.4276886 0.4276886 0.4286208 0.4267754 0.4267754 0.4327324 0.0052858 0.0053208 0.0045202 0.0037621 0.0053208 0.0052858 0.0045312 0.0037836 0.0030016 0.0030016 0.0045272 0.0037645 0.0022438 0.0037581 0.0037645 0.0030016 0.0022436 0.0014918 0.0045259 0.0022438 0.0014918 0.0014918 0.0060770 0.0037608 0.0037645 0.0030035 0.0030016 0.0022436 0.0037618 0.0022452 0.0037836 0.0045506 0.0037621 0.0053229 0.0029987 0.0061389 0.0045506 0.0029995 0.0045250 0.4345644 0.9131026 
HSV2_5                                  0.5124121 0.5136035 0.5117815 0.5124121 0.5114546 0.5197770 0.5166301 0.5166301 0.5162291 0.5114013 0.5188126 0.5117815 0.5182804 0.5182804 0.5217462 0.0080062 0.0088900 0.0084739 0.0037620 0.0000000 0.0063774 0.0065989 0.0093961 0.0049025 0.0079755 0.0035057 0.0047849 0.0000010 0.0022282 0.0025727 0.0061954 0.0030254 0.0017868 0.5230078 0.5146680 0.5203730 0.5239387 0.5202079 0.5200822 0.5137239 0.0762684 0.5136407 0.5124622 0.5166301 0.0000028 0.5186696 0.5215702 0.5171036 0.5171036 0.5213434 0.5202079 0.5202079 0.5217462 0.0008531 0.0008565 0.0004261 0.0017117 0.0008565 0.0008531 0.0030086 0.0025821 0.0012810 0.0021414 0.0034419 0.0017117 0.0008522 0.0000028 0.0017111 0.0017104 0.0012804 0.0012803 0.0021421 0.0008538 0.0017107 0.0017107 0.0038981 0.0017101 0.0017111 0.0017110 0.0017104 0.0021410 0.0008528 0.0012833 0.0017168 0.0025826 0.0017117 0.0034531 0.0017100 0.0057104 0.0030192 0.0004258 0.0025727 0.5249844 1.1051455 
HSV2_6                                  0.4844186 0.4855662 0.4821649 0.4844186 0.4787772 0.4860252 0.4840168 0.4840168 0.4867387 0.4817678 0.4862157 0.4821649 0.4876269 0.4876269 0.4908443 0.0026994 0.0027002 0.0013457 0.0084625 0.0063774 0.0000000 0.0017993 0.0037350 0.0036187 0.0013490 0.0000027 0.0033495 0.0064537 0.0069827 0.0073106 0.0018887 0.0054582 0.0064960 0.4914340 0.4851626 0.4887523 0.4923999 0.4885750 0.4884824 0.4841830 0.0727482 0.4842043 0.4830082 0.4857604 0.0063770 0.4891921 0.4899524 0.4876648 0.4876648 0.4897432 0.4885750 0.4885750 0.4908443 0.0073087 0.0073370 0.0068423 0.0063811 0.0073370 0.0073087 0.0077869 0.0073372 0.0059142 0.0068452 0.0054458 0.0063812 0.0054485 0.0063746 0.0063812 0.0063784 0.0068397 0.0059107 0.0068476 0.0054589 0.0063798 0.0063798 0.0082972 0.0063774 0.0063812 0.0063809 0.0063784 0.0068438 0.0063784 0.0059255 0.0064023 0.0073385 0.0063811 0.0082800 0.0063770 0.0107692 0.0078140 0.0059116 0.0073106 0.4924269 1.0598937 
HSV2_7                                  0.5138679 0.5150701 0.5143090 0.5138679 0.5104501 0.5187871 0.5156348 0.5156348 0.5187832 0.5139715 0.5178210 0.5143090 0.5197084 0.5197084 0.5219389 0.0026268 0.0026177 0.0013095 0.0076578 0.0065989 0.0017993 0.0000000 0.0032305 0.0026580 0.0021782 0.0000024 0.0023753 0.0058859 0.0063553 0.0074236 0.0018812 0.0052411 0.0059133 0.5218455 0.5160727 0.5192031 0.5227798 0.5190371 0.5189123 0.5162613 0.0731652 0.5161689 0.5149821 0.5191880 0.0069825 0.5212430 0.5204030 0.5196607 0.5196607 0.5201763 0.5190371 0.5190371 0.5219389 0.0078791 0.0079081 0.0074315 0.0065373 0.0079081 0.0078791 0.0083270 0.0078971 0.0060884 0.0074241 0.0060778 0.0065374 0.0060884 0.0069773 0.0065350 0.0065323 0.0078697 0.0069756 0.0069810 0.0060943 0.0074285 0.0074285 0.0092785 0.0065312 0.0065350 0.0065347 0.0065323 0.0074276 0.0065323 0.0060983 0.0065556 0.0074507 0.0065373 0.0083505 0.0069799 0.0107351 0.0079053 0.0065346 0.0074236 0.5238316 1.1000365 
HSV2_8                                  0.4920617 0.4926335 0.4918684 0.4920617 0.4894973 0.4981791 0.4933144 0.4933144 0.4965632 0.4916975 0.4955804 0.4918684 0.4958968 0.4958968 0.4992016 0.0032188 0.0032204 0.0036846 0.0124473 0.0093961 0.0037350 0.0032305 0.0000000 0.0051012 0.0041606 0.0008686 0.0023735 0.0094411 0.0099210 0.0103679 0.0019188 0.0079543 0.0094070 0.5014775 0.4949354 0.4987147 0.5010217 0.4970966 0.4984283 0.4939329 0.0731577 0.4927273 0.4929189 0.4969752 0.0093965 0.4991016 0.4985153 0.4975047 0.4975047 0.4982942 0.4970966 0.4970966 0.4992016 0.0103653 0.0104049 0.0098802 0.0094026 0.0104049 0.0103653 0.0108669 0.0104051 0.0089146 0.0098845 0.0093872 0.0094028 0.0084283 0.0093928 0.0094028 0.0093986 0.0098763 0.0089091 0.0098880 0.0084450 0.0094007 0.0094007 0.0114098 0.0093970 0.0094028 0.0093986 0.0093986 0.0098824 0.0093986 0.0089286 0.0094332 0.0104071 0.0094026 0.0108975 0.0093965 0.0140004 0.0109042 0.0089106 0.0103679 0.5024241 1.0349674 
HSV2_9                                  0.4901740 0.4913183 0.4890663 0.4901740 0.4868044 0.4951147 0.4919770 0.4919770 0.4935652 0.4886775 0.4941509 0.4890663 0.4944510 0.4944510 0.4976219 0.0026490 0.0044432 0.0040026 0.0060946 0.0049025 0.0036187 0.0026580 0.0051012 0.0000000 0.0031092 0.0017483 0.0033377 0.0049886 0.0050349 0.0053505 0.0028337 0.0044504 0.0045507 0.4981836 0.4920082 0.4955408 0.4991316 0.4953678 0.4952693 0.4910466 0.0718086 0.4910425 0.4898624 0.4939582 0.0048996 0.4959915 0.4967272 0.4944701 0.4944701 0.4965165 0.4953678 0.4953678 0.4976219 0.0058062 0.0058279 0.0053523 0.0044483 0.0058279 0.0058062 0.0058095 0.0049152 0.0039956 0.0044466 0.0044413 0.0044483 0.0039956 0.0048977 0.0044483 0.0039956 0.0048977 0.0039956 0.0049003 0.0040031 0.0039970 0.0039970 0.0067614 0.0044457 0.0044483 0.0039956 0.0039956 0.0044464 0.0044464 0.0044550 0.0044629 0.0053710 0.0044483 0.0062841 0.0048996 0.0082135 0.0058301 0.0044464 0.0053505 0.5002473 1.0605018 
HSV2_10                                 0.4962817 0.4974302 0.4956053 0.4962817 0.4929310 0.5011710 0.4980587 0.4980587 0.5000585 0.4952220 0.5002158 0.4956053 0.5009468 0.5009468 0.5040911 0.0026259 0.0021795 0.0017476 0.0108224 0.0079755 0.0013490 0.0021782 0.0041606 0.0031092 0.0000000 0.0008724 0.0033386 0.0072689 0.0086734 0.0088820 0.0018810 0.0070741 0.0073001 0.5042084 0.4985111 0.5015903 0.5051440 0.5014205 0.5013165 0.4975612 0.0754255 0.4975339 0.4963624 0.5004512 0.0079733 0.5024724 0.5027689 0.5009485 0.5009485 0.5025561 0.5014205 0.5014205 0.5040911 0.0088864 0.0089192 0.0084308 0.0079782 0.0089192 0.0088864 0.0093486 0.0089127 0.0075177 0.0084279 0.0061543 0.0079783 0.0070616 0.0079673 0.0079754 0.0079720 0.0084213 0.0075133 0.0084307 0.0070748 0.0079737 0.0079737 0.0107846 0.0079707 0.0079754 0.0079750 0.0079720 0.0084262 0.0079720 0.0075316 0.0080003 0.0089142 0.0079782 0.0098335 0.0079703 0.0122831 0.0093796 0.0075173 0.0088820 0.5062330 1.0749259 
HSV2_11                                 0.4083901 0.4106323 0.4075639 0.4083901 0.4065981 0.4096535 0.4096535 0.4096535 0.4114086 0.4091060 0.4104196 0.4075639 0.4075639 0.4075639 0.4157074 0.0008699 0.0017476 0.0000028 0.0037844 0.0035057 0.0000027 0.0000024 0.0008686 0.0017483 0.0008724 0.0000000 0.0000020 0.0035057 0.0035116 0.0026222 0.0000028 0.0008701 0.0035080 0.4144235 0.4111053 0.4096535 0.4141349 0.4068931 0.4117177 0.4135420 0.0587748 0.4049419 0.4052392 0.4096262 0.0035057 0.4155843 0.4092949 0.4114086 0.4114086 0.4090185 0.4068931 0.4068931 0.4157074 0.0052868 0.0053280 0.0043941 0.0026222 0.0053280 0.0052868 0.0035116 0.0026219 0.0017428 0.0026219 0.0017428 0.0026241 0.0017428 0.0035057 0.0026241 0.0026219 0.0035057 0.0026211 0.0035068 0.0017428 0.0035087 0.0035087 0.0026222 0.0026211 0.0026241 0.0026219 0.0026219 0.0043992 0.0026219 0.0017428 0.0026400 0.0035295 0.0026222 0.0035295 0.0026211 0.0044032 0.0035295 0.0026219 0.0026222 0.4162057 0.8001659 
HSV2_12                                 0.4751553 0.4757188 0.4756665 0.4751553 0.4717115 0.4804861 0.4741405 0.4741405 0.4800096 0.4717329 0.4764190 0.4756665 0.4793159 0.4793159 0.4826670 0.0014198 0.0023737 0.0028526 0.0061767 0.0047849 0.0033495 0.0023753 0.0023735 0.0033377 0.0033386 0.0000020 0.0000000 0.0047921 0.0047857 0.0052658 0.0014574 0.0033360 0.0047873 0.4835478 0.4783680 0.4807513 0.4845601 0.4805644 0.4804769 0.4773423 0.0706771 0.4751782 0.4753688 0.4804201 0.0047815 0.4825628 0.4819985 0.4809847 0.4809847 0.4817860 0.4805644 0.4805644 0.4826670 0.0057550 0.0057787 0.0052677 0.0042976 0.0057787 0.0057550 0.0057596 0.0052865 0.0038121 0.0047806 0.0047777 0.0042976 0.0038121 0.0047795 0.0042976 0.0042956 0.0052656 0.0042949 0.0047823 0.0038198 0.0047837 0.0047837 0.0067807 0.0042949 0.0042976 0.0042974 0.0042956 0.0052689 0.0042956 0.0043062 0.0043130 0.0052875 0.0042976 0.0057776 0.0047815 0.0088511 0.0057811 0.0042956 0.0052658 0.4838337 1.0206901 
HSV2_13                                 0.4949207 0.4960950 0.4938015 0.4949207 0.4908398 0.4992864 0.4960962 0.4960962 0.4983652 0.4934082 0.4983069 0.4938015 0.4992725 0.4992725 0.5024937 0.0077323 0.0086445 0.0077361 0.0037644 0.0000010 0.0064537 0.0058859 0.0094411 0.0049886 0.0072689 0.0035057 0.0047921 0.0000000 0.0022653 0.0026744 0.0062072 0.0031301 0.0017964 0.5003374 0.4967810 0.4976612 0.5012960 0.4974866 0.4973845 0.4958070 0.0739006 0.4957854 0.4945859 0.4987667 0.0000029 0.5008359 0.4988637 0.4992788 0.4992788 0.4986489 0.4974866 0.4974866 0.5024937 0.0008857 0.0008894 0.0004424 0.0017783 0.0008894 0.0008857 0.0031278 0.0026846 0.0013315 0.0022259 0.0026749 0.0017783 0.0008854 0.0000029 0.0017783 0.0017776 0.0013308 0.0013307 0.0022266 0.0008871 0.0017780 0.0017780 0.0031429 0.0017773 0.0017783 0.0017782 0.0017776 0.0022254 0.0008860 0.0013339 0.0017846 0.0026851 0.0017783 0.0035906 0.0017772 0.0059416 0.0031393 0.0004424 0.0026744 0.5024199 1.0464128 
HSV2_14                                 0.4971083 0.4980587 0.4950605 0.4971083 0.4916649 0.5001324 0.4969342 0.4969342 0.4996381 0.4948972 0.4991506 0.4950605 0.5005505 0.5005505 0.5037827 0.0087078 0.0096506 0.0091820 0.0045312 0.0022282 0.0069827 0.0063553 0.0099210 0.0050349 0.0086734 0.0035116 0.0047857 0.0022653 0.0000000 0.0022252 0.0067247 0.0026805 0.0022582 0.5039979 0.4980478 0.5013048 0.5035512 0.4997272 0.5010234 0.4970713 0.0766488 0.4972770 0.4960720 0.5000416 0.0022286 0.5021189 0.5011109 0.5005534 0.5005534 0.5008937 0.4997272 0.4997272 0.5037827 0.0031286 0.0031412 0.0026780 0.0013325 0.0031412 0.0031286 0.0017772 0.0022338 0.0008862 0.0017780 0.0031263 0.0013320 0.0013323 0.0022269 0.0013320 0.0013314 0.0026760 0.0017788 0.0017786 0.0013348 0.0022287 0.0022287 0.0040562 0.0013312 0.0013320 0.0013319 0.0013314 0.0026775 0.0013314 0.0017832 0.0013366 0.0022341 0.0013325 0.0026851 0.0022277 0.0054800 0.0026867 0.0017797 0.0022252 0.5049132 1.0878363 
HSV2_15                                 0.5426731 0.5439320 0.5462497 0.5426731 0.5456705 0.5540398 0.5519908 0.5519908 0.5486676 0.5428404 0.5530685 0.5462497 0.5500721 0.5500721 0.5552314 0.0089164 0.0098015 0.0093968 0.0045250 0.0025727 0.0073106 0.0074236 0.0103679 0.0053505 0.0088820 0.0026222 0.0052658 0.0026744 0.0022252 0.0000000 0.0071689 0.0030100 0.0026876 0.5518263 0.5464165 0.5492065 0.5532206 0.5490524 0.5488938 0.5461679 0.0785410 0.5459795 0.5447963 0.5495241 0.0024536 0.5515824 0.5504155 0.5495025 0.5495025 0.5501704 0.5490524 0.5490524 0.5552314 0.0032808 0.0032929 0.0028671 0.0008121 0.0032929 0.0032808 0.0024519 0.0032879 0.0012203 0.0028639 0.0032775 0.0016305 0.0016303 0.0024519 0.0016299 0.0016293 0.0032771 0.0024513 0.0020402 0.0024553 0.0028660 0.0028660 0.0032961 0.0016291 0.0016299 0.0016299 0.0016293 0.0028657 0.0020392 0.0024574 0.0016352 0.0024592 0.0008121 0.0032876 0.0024528 0.0054349 0.0028746 0.0020414 0.0000010 0.5537021 1.1676693 
HSV2_16                                 0.4733092 0.4744648 0.4725601 0.4733092 0.4688727 0.4775618 0.4742848 0.4742848 0.4768653 0.4707673 0.4765521 0.4725601 0.4777669 0.4777669 0.4810907 0.0009356 0.0018773 0.0023500 0.0087086 0.0061954 0.0018887 0.0018812 0.0019188 0.0028337 0.0018810 0.0000028 0.0014574 0.0062072 0.0067247 0.0071689 0.0000000 0.0047495 0.0062473 0.4792024 0.4752425 0.4764376 0.4802057 0.4762517 0.4761698 0.4742245 0.0697393 0.4735595 0.4723256 0.4761024 0.0061935 0.4793866 0.4776683 0.4778338 0.4778338 0.4774611 0.4762517 0.4762517 0.4810907 0.0071670 0.0071962 0.0066796 0.0061976 0.0071962 0.0071670 0.0076668 0.0067056 0.0057091 0.0061949 0.0061872 0.0061977 0.0052225 0.0061910 0.0061977 0.0061949 0.0066769 0.0057055 0.0066849 0.0052330 0.0061963 0.0061963 0.0087020 0.0061938 0.0061977 0.0061974 0.0061949 0.0066811 0.0061949 0.0052351 0.0062192 0.0071977 0.0061976 0.0071977 0.0061935 0.0107951 0.0071977 0.0057065 0.0071689 0.4807036 1.0156051 
HSV2_17                                 0.5082802 0.5094594 0.5089901 0.5082802 0.5073274 0.5156296 0.5124911 0.5124911 0.5134409 0.5097412 0.5146675 0.5089901 0.5143520 0.5143520 0.5165643 0.0066485 0.0075302 0.0071135 0.0045335 0.0030254 0.0054582 0.0052411 0.0079543 0.0044504 0.0070741 0.0008701 0.0033360 0.0031301 0.0026805 0.0030100 0.0047495 0.0000000 0.0031476 0.5175803 0.5107494 0.5149537 0.5185114 0.5147873 0.5146681 0.5109358 0.0727477 0.5108620 0.5096842 0.5138407 0.0030143 0.5158782 0.5161439 0.5143186 0.5143186 0.5159214 0.5147873 0.5147873 0.5165643 0.0038873 0.0039022 0.0034508 0.0021458 0.0039022 0.0038873 0.0034481 0.0025934 0.0017126 0.0021508 0.0038831 0.0021458 0.0021455 0.0030122 0.0021450 0.0017179 0.0034470 0.0025780 0.0025777 0.0021494 0.0030145 0.0030145 0.0043433 0.0021438 0.0021450 0.0017185 0.0017179 0.0034490 0.0021441 0.0025841 0.0021522 0.0030214 0.0021458 0.0038956 0.0030132 0.0057349 0.0034602 0.0025793 0.0030100 0.5195681 1.1159877 
HSV2_18                                 0.4940429 0.4961613 0.4938540 0.4940429 0.4908746 0.4993715 0.4961623 0.4961623 0.4984448 0.4936889 0.4983862 0.4938540 0.4993577 0.4993577 0.5025983 0.0077715 0.0086884 0.0077769 0.0029982 0.0017868 0.0064960 0.0059133 0.0094070 0.0045507 0.0073001 0.0035080 0.0047873 0.0017964 0.0022582 0.0026876 0.0062473 0.0031476 0.0000000 0.5032515 0.4968512 0.5005486 0.5028039 0.4989653 0.5002668 0.4982100 0.0729348 0.4960812 0.4948733 0.4988488 0.0017859 0.5009305 0.5003539 0.4993638 0.4993638 0.5001363 0.4989653 0.4989653 0.5025983 0.0026869 0.0026978 0.0022359 0.0017864 0.0026978 0.0026869 0.0031433 0.0026979 0.0013380 0.0022368 0.0026881 0.0017871 0.0008897 0.0017852 0.0017871 0.0017863 0.0022351 0.0013372 0.0022367 0.0008914 0.0008890 0.0008890 0.0036174 0.0017860 0.0017871 0.0017870 0.0017863 0.0013364 0.0017863 0.0013405 0.0013393 0.0022386 0.0017864 0.0026907 0.0017859 0.0055087 0.0026922 0.0013374 0.0026876 0.5041723 1.0423977 
JN400093_Human_herpesvirus_1            0.0141034 0.0115268 0.0141479 0.0141034 0.0146347 0.0141935 0.0173221 0.0173221 0.0132079 0.0164110 0.0163532 0.0141479 0.0141724 0.0141724 0.0136933 0.5003087 0.5053748 0.5022582 0.4333603 0.5230078 0.4914340 0.5218455 0.5014775 0.4981836 0.5042084 0.4144235 0.4835478 0.5003374 0.5039979 0.5518263 0.4792024 0.5175803 0.5032515 0.0000000 0.0131945 0.0011806 0.0048060 0.0048136 0.0019736 0.0140559 0.5517116 0.0127713 0.0114914 0.0128336 0.5623739 0.0127935 0.0052237 0.0136679 0.0136679 0.0052209 0.0048136 0.0052209 0.0136933 0.5633513 0.5644012 0.5622495 0.5607572 0.5644012 0.5633513 0.5643174 0.5649482 0.5617003 0.5652331 0.5617966 0.5612951 0.5609328 0.5617352 0.5609763 0.5621525 0.5642323 0.5625046 0.5634143 0.5606391 0.5630756 0.5630756 0.5639953 0.5604523 0.5609763 0.5624726 0.5621525 0.5623308 0.5616992 0.5606322 0.5623097 0.5646643 0.5607572 0.5646643 0.5636003 0.5612438 0.5632845 0.5624982 0.5612951 0.0043908 1.3312849 
JN420337_Human_herpesvirus_1            0.0166854 0.0123285 0.0056290 0.0166854 0.0085712 0.0089979 0.0111388 0.0111388 0.0023709 0.0168386 0.0102312 0.0056290 0.0056458 0.0056458 0.0056238 0.4941859 0.4992446 0.4961244 0.4283319 0.5146680 0.4851626 0.5160727 0.4949354 0.4920082 0.4985111 0.4111053 0.4783680 0.4967810 0.4980478 0.5464165 0.4752425 0.5107494 0.4968512 0.0131945 0.0000000 0.0119012 0.0136123 0.0132470 0.0127603 0.0031666 0.5474168 0.0084981 0.0072556 0.0052186 0.5604195 0.0048130 0.0136838 0.0027769 0.0027769 0.0136765 0.0132470 0.0136765 0.0056238 0.5613969 0.5624429 0.5602954 0.5588006 0.5624429 0.5613969 0.5623570 0.5614417 0.5597448 0.5632734 0.5598372 0.5593415 0.5589798 0.5597830 0.5590238 0.5601959 0.5622771 0.5605506 0.5614570 0.5586811 0.5611191 0.5611191 0.5620352 0.5584974 0.5590238 0.5605149 0.5601959 0.5603759 0.5597438 0.5586737 0.5603514 0.5627054 0.5588006 0.5627054 0.5616455 0.5592830 0.5613275 0.5605437 0.5593415 0.0149061 1.3345446 
JN420338_Human_herpesvirus_1            0.0128000 0.0102438 0.0128394 0.0128000 0.0133196 0.0128831 0.0159824 0.0159824 0.0119134 0.0150799 0.0150259 0.0128394 0.0128620 0.0128620 0.0123907 0.4976877 0.5027490 0.4996319 0.4291950 0.5203730 0.4887523 0.5192031 0.4987147 0.4955408 0.5015903 0.4096535 0.4807513 0.4976612 0.5013048 0.5492065 0.4764376 0.5149537 0.5005486 0.0011806 0.0119012 0.0000000 0.0035877 0.0035934 0.0007849 0.0127554 0.5478068 0.0114817 0.0102123 0.0115386 0.5584405 0.0115019 0.0039994 0.0123677 0.0123677 0.0039974 0.0035934 0.0039974 0.0123907 0.5594150 0.5604539 0.5583168 0.5568240 0.5604539 0.5594150 0.5603661 0.5610000 0.5577666 0.5612807 0.5578546 0.5573663 0.5570063 0.5578079 0.5570506 0.5582151 0.5602918 0.5585716 0.5594720 0.5567035 0.5591358 0.5591358 0.5600456 0.5565233 0.5570506 0.5585322 0.5582151 0.5583965 0.5577656 0.5566955 0.5583686 0.5607151 0.5568240 0.5607151 0.5596626 0.5573006 0.5593432 0.5585641 0.5573663 0.0031785 1.3323671 
JN420339_Human_herpesvirus_1            0.0145550 0.0119431 0.0145693 0.0145550 0.0150577 0.0146156 0.0177499 0.0177499 0.0136261 0.0182428 0.0167782 0.0145693 0.0145941 0.0145941 0.0141135 0.5012476 0.5063125 0.5031978 0.4327734 0.5239387 0.4923999 0.5227798 0.5010217 0.4991316 0.5051440 0.4141349 0.4845601 0.5012960 0.5035512 0.5532206 0.4802057 0.5185114 0.5028039 0.0048060 0.0136123 0.0035877 0.0000000 0.0031990 0.0043980 0.0144750 0.5517479 0.0140782 0.0127871 0.0132524 0.5623945 0.0132112 0.0036050 0.0140874 0.0140874 0.0036031 0.0031990 0.0036031 0.0141135 0.5633713 0.5644206 0.5622702 0.5607789 0.5644206 0.5633713 0.5619811 0.5655451 0.5617213 0.5652520 0.5618177 0.5613163 0.5609543 0.5617562 0.5609978 0.5621733 0.5642518 0.5625251 0.5634343 0.5606608 0.5630958 0.5630958 0.5640150 0.5604741 0.5609978 0.5624932 0.5621733 0.5623515 0.5617202 0.5606540 0.5623304 0.5646835 0.5607789 0.5646835 0.5636201 0.5612652 0.5633046 0.5625188 0.5613163 0.0035670 1.3424524 
JN420340_Human_herpesvirus_1            0.0123209 0.0106593 0.0132605 0.0123209 0.0137425 0.0133049 0.0164107 0.0164107 0.0132604 0.0177837 0.0154511 0.0132605 0.0123545 0.0123545 0.0136711 0.4975167 0.5025791 0.4994611 0.4267754 0.5202079 0.4885750 0.5190371 0.4970966 0.4953678 0.5014205 0.4068931 0.4805644 0.4974866 0.4997272 0.5490524 0.4762517 0.5147873 0.4989653 0.0048136 0.0132470 0.0035934 0.0031990 0.0000000 0.0044049 0.0141106 0.5476645 0.0119254 0.0106509 0.0110418 0.5582922 0.0119193 0.0003918 0.0137227 0.0137227 0.0003916 0.0000010 0.0003916 0.0136711 0.5592670 0.5603059 0.5581685 0.5566750 0.5603059 0.5592670 0.5578683 0.5608522 0.5576180 0.5611328 0.5577057 0.5592821 0.5568577 0.5576596 0.5589644 0.5580666 0.5601440 0.5584233 0.5593238 0.5565544 0.5589875 0.5589875 0.5598973 0.5563744 0.5589644 0.5583836 0.5580666 0.5582481 0.5576170 0.5565464 0.5582200 0.5605671 0.5566750 0.5605671 0.5595146 0.5571515 0.5591949 0.5584159 0.5572177 0.0060572 1.3237342 
JN420341_Human_herpesvirus_1            0.0136657 0.0110962 0.0137086 0.0136657 0.0141929 0.0137534 0.0168718 0.0168718 0.0127732 0.0159636 0.0159071 0.0137086 0.0137326 0.0137326 0.0132559 0.4974168 0.5024735 0.4993588 0.4288511 0.5200822 0.4884824 0.5189123 0.4984283 0.4952693 0.5013165 0.4117177 0.4804769 0.4973845 0.5010234 0.5488938 0.4761698 0.5146681 0.5002668 0.0019736 0.0127603 0.0007849 0.0043980 0.0044049 0.0000000 0.0136191 0.5475016 0.0114882 0.0110621 0.0123989 0.5581247 0.0123599 0.0048136 0.0132313 0.0132313 0.0048111 0.0044049 0.0048111 0.0132559 0.5590982 0.5601354 0.5580012 0.5565095 0.5601354 0.5590982 0.5600474 0.5606811 0.5574514 0.5609612 0.5575386 0.5570517 0.5566922 0.5574932 0.5567365 0.5578992 0.5599741 0.5582557 0.5591548 0.5563889 0.5588189 0.5588189 0.5597273 0.5562094 0.5567365 0.5582158 0.5578992 0.5580807 0.5574503 0.5563809 0.5580523 0.5603963 0.5565095 0.5603963 0.5593455 0.5569850 0.5590261 0.5582483 0.5570517 0.0039849 1.3371592 
JN420342_Human_herpesvirus_1            0.0166883 0.0123308 0.0064501 0.0166883 0.0094116 0.0098407 0.0119938 0.0119938 0.0023711 0.0177250 0.0110784 0.0064501 0.0072964 0.0072964 0.0060344 0.4932334 0.4982933 0.4951712 0.4304484 0.5137239 0.4841830 0.5162613 0.4939329 0.4910466 0.4975612 0.4135420 0.4773423 0.4958070 0.4970713 0.5461679 0.4742245 0.5109358 0.4982100 0.0140559 0.0031666 0.0127554 0.0144750 0.0141106 0.0136191 0.0000000 0.5482231 0.0084988 0.0072563 0.0060373 0.5612230 0.0056298 0.0145509 0.0027772 0.0027772 0.0145421 0.0141106 0.0145421 0.0060344 0.5622002 0.5632476 0.5610988 0.5607076 0.5632476 0.5622002 0.5631625 0.5622459 0.5605489 0.5640785 0.5606428 0.5601448 0.5597830 0.5605857 0.5598268 0.5610003 0.5630805 0.5613539 0.5633650 0.5594864 0.5630263 0.5630263 0.5634644 0.5593015 0.5598268 0.5613197 0.5610003 0.5611796 0.5605478 0.5594792 0.5611565 0.5635103 0.5607076 0.5635103 0.5624489 0.5624465 0.5621319 0.5613472 0.5601448 0.0157752 1.3270669 
