86
HM585496_Human_herpesvirus_1            0.0000000 0.0007827 0.0067667 0.0003913 0.0003913 0.0059847 0.0083605 0.0000010 0.0039368 0.0003912 0.0071607 0.0047347 0.0100145 0.0067667 0.0083717 0.0083717 0.0095770 0.1933545 0.1961784 0.1970220 0.1609654 0.1948891 0.1980270 0.1985815 0.1969299 0.1935402 0.1965310 0.1748628 0.1960230 0.1944915 0.1937524 0.1955607 0.1963920 0.1949241 0.1945004 0.0071508 0.0059272 0.0071543 0.0063582 0.0047331 0.0083410 0.0047335 0.2052003 0.0075702 0.0071694 0.0047304 0.1946350 0.0075620 0.0083553 0.0079616 0.0079616 0.0087701 0.0051510 0.0051510 0.0075652 0.0095770 0.1946136 0.1946136 0.1939552 0.1931225 0.1938766 0.1948053 0.1931225 0.1915317 0.1953029 0.1949241 0.1944287 0.1947779 0.1940218 0.1946350 0.1947779 0.1940218 0.1958524 0.1948053 0.1932669 0.1947779 0.1944893 0.1938766 0.1937346 0.1947866 0.1946350 0.1946350 0.1937346 0.1957622 0.0075610 0.5611862 
HM585497_Human_herpesvirus_1            0.0007827 0.0000000 0.0075709 0.0011751 0.0011751 0.0067898 0.0083562 0.0007827 0.0047293 0.0011750 0.0079650 0.0055300 0.0108274 0.0075709 0.0091789 0.0091789 0.0103863 0.1947235 0.1975584 0.1984049 0.1635073 0.1962614 0.1994116 0.1999686 0.1983120 0.1949101 0.1979101 0.1768240 0.1974011 0.1958648 0.1951244 0.1969395 0.1977692 0.1962972 0.1958692 0.0079538 0.0067249 0.0079578 0.0071607 0.0055281 0.0091455 0.0055286 0.2065848 0.0083761 0.0079746 0.0055248 0.1960057 0.0083670 0.0091609 0.0087672 0.0087672 0.0095777 0.0059498 0.0059498 0.0083706 0.0103863 0.1959844 0.1959844 0.1953247 0.1944893 0.1952452 0.1961773 0.1944893 0.1928939 0.1966746 0.1962972 0.1958003 0.1961497 0.1953917 0.1960057 0.1961497 0.1953917 0.1972243 0.1961773 0.1946350 0.1961497 0.1958586 0.1952452 0.1951021 0.1961588 0.1960057 0.1960057 0.1951021 0.1971381 0.0083660 0.5623890 
HM585498_Human_herpesvirus_1            0.0067667 0.0075709 0.0000000 0.0071707 0.0071707 0.0063642 0.0087327 0.0067667 0.0083768 0.0071701 0.0067284 0.0091954 0.0055328 0.0000010 0.0079325 0.0079325 0.0091316 0.1948753 0.1977145 0.1985623 0.1568320 0.1964153 0.1995703 0.2001281 0.1984692 0.1950625 0.1980664 0.1728559 0.1975569 0.1960185 0.1952770 0.1970950 0.1979252 0.1964511 0.1960225 0.0075165 0.0095887 0.0059188 0.0075348 0.0083751 0.0112212 0.0083758 0.2067514 0.0071351 0.0067364 0.0083701 0.1961591 0.0071275 0.0079171 0.0075250 0.0075250 0.0083290 0.0055304 0.0055304 0.0071305 0.0091316 0.1961378 0.1961378 0.1954773 0.1946407 0.1953976 0.1963310 0.1946407 0.1930431 0.1968288 0.1964511 0.1959536 0.1963034 0.1955444 0.1961591 0.1963034 0.1955444 0.1973793 0.1963310 0.1947867 0.1963034 0.1960118 0.1953976 0.1952542 0.1963125 0.1961591 0.1961591 0.1952542 0.1972932 0.0071266 0.5605559 
HM585499_Human_herpesvirus_1            0.0003913 0.0011751 0.0071707 0.0000000 0.0000010 0.0063889 0.0087659 0.0003913 0.0043341 0.0007831 0.0075649 0.0051336 0.0104239 0.0071707 0.0087777 0.0087777 0.0099845 0.1941399 0.1969715 0.1978171 0.1623940 0.1956772 0.1988236 0.1993798 0.1977245 0.1943263 0.1973231 0.1759750 0.1968150 0.1952800 0.1945397 0.1963529 0.1971835 0.1957125 0.1952864 0.0075543 0.0063277 0.0075581 0.0067613 0.0051319 0.0087456 0.0051323 0.2060004 0.0079753 0.0075740 0.0051289 0.1954220 0.0079667 0.0087605 0.0083667 0.0083667 0.0091764 0.0055518 0.0055518 0.0079700 0.0099845 0.1954006 0.1954006 0.1947412 0.1939065 0.1946620 0.1955931 0.1939065 0.1923123 0.1960908 0.1957125 0.1952161 0.1955655 0.1948080 0.1954220 0.1955655 0.1948080 0.1966407 0.1955931 0.1940517 0.1955655 0.1952754 0.1946620 0.1945193 0.1955745 0.1954220 0.1954220 0.1945193 0.1965526 0.0079657 0.5597306 
HM585500_Human_herpesvirus_1            0.0003913 0.0011751 0.0071707 0.0000010 0.0000000 0.0063889 0.0087659 0.0003913 0.0043341 0.0007831 0.0075649 0.0051336 0.0104239 0.0071707 0.0087777 0.0087777 0.0099845 0.1941399 0.1969715 0.1978171 0.1623940 0.1956772 0.1988236 0.1993798 0.1977245 0.1943263 0.1973231 0.1759750 0.1968150 0.1952800 0.1945397 0.1963529 0.1971835 0.1957125 0.1952864 0.0075543 0.0063277 0.0075581 0.0067613 0.0051319 0.0087456 0.0051323 0.2060004 0.0079753 0.0075740 0.0051289 0.1954220 0.0079667 0.0087605 0.0083667 0.0083667 0.0091764 0.0055518 0.0055518 0.0079700 0.0099845 0.1954006 0.1954006 0.1947412 0.1939065 0.1946620 0.1955931 0.1939065 0.1923123 0.1960908 0.1957125 0.1952161 0.1955655 0.1948080 0.1954220 0.1955655 0.1948080 0.1966407 0.1955931 0.1940517 0.1955655 0.1952754 0.1946620 0.1945193 0.1955745 0.1954220 0.1954220 0.1945193 0.1965526 0.0079657 0.5597306 
HM585501_Human_herpesvirus_1            0.0059847 0.0067898 0.0063642 0.0063889 0.0063889 0.0000000 0.0071547 0.0059847 0.0075966 0.0063884 0.0059577 0.0084150 0.0096072 0.0063642 0.0079675 0.0079675 0.0091716 0.1942488 0.1954848 0.1963272 0.1585331 0.1957912 0.1973317 0.1978851 0.1962355 0.1931251 0.1958385 0.1720987 0.1953303 0.1953932 0.1946500 0.1948675 0.1956999 0.1958266 0.1941143 0.0075496 0.0096307 0.0067522 0.0075681 0.0084121 0.0112690 0.0084128 0.2048521 0.0071668 0.0067664 0.0084070 0.1955349 0.0063578 0.0079519 0.0067565 0.0067565 0.0075620 0.0055551 0.0055551 0.0063605 0.0091716 0.1955135 0.1955135 0.1948520 0.1940145 0.1947725 0.1957067 0.1940145 0.1924152 0.1962059 0.1958266 0.1953285 0.1956790 0.1949190 0.1955349 0.1956790 0.1949190 0.1967577 0.1957067 0.1941603 0.1956790 0.1953879 0.1947725 0.1946293 0.1956880 0.1955349 0.1955349 0.1946293 0.1966695 0.0063570 0.5616021 
HM585502_Human_herpesvirus_1            0.0083605 0.0083562 0.0087327 0.0087659 0.0087659 0.0071547 0.0000000 0.0083605 0.0091680 0.0087652 0.0043316 0.0099878 0.0119865 0.0087327 0.0071163 0.0071163 0.0083108 0.1981362 0.1997081 0.2005614 0.1602804 0.1983956 0.2015737 0.2021361 0.2004670 0.1970373 0.1987625 0.1774593 0.1995477 0.1979999 0.1972545 0.1990861 0.1999150 0.1984323 0.1979975 0.0075134 0.0079577 0.0091174 0.0091342 0.0099843 0.0120288 0.0099852 0.2087976 0.0063220 0.0059248 0.0099783 0.1981362 0.0047276 0.0079043 0.0051227 0.0051227 0.0059192 0.0079193 0.0079193 0.0047296 0.0083108 0.1981150 0.1981150 0.1974516 0.1966095 0.1973705 0.1983104 0.1966095 0.1950024 0.1988086 0.1984323 0.1979317 0.1982823 0.1975193 0.1981362 0.1982823 0.1975193 0.1980714 0.1983104 0.1967576 0.1982823 0.1979867 0.1973705 0.1972252 0.1982921 0.1981362 0.1981362 0.1972252 0.1992799 0.0047270 0.5616304 
HM585503_Human_herpesvirus_1            0.0000010 0.0007827 0.0067667 0.0003913 0.0003913 0.0059847 0.0083605 0.0000000 0.0039368 0.0003912 0.0071607 0.0047347 0.0100145 0.0067667 0.0083717 0.0083717 0.0095770 0.1933545 0.1961784 0.1970220 0.1609654 0.1948891 0.1980270 0.1985815 0.1969299 0.1935402 0.1965310 0.1748628 0.1960230 0.1944915 0.1937524 0.1955607 0.1963920 0.1949241 0.1945004 0.0071508 0.0059272 0.0071543 0.0063582 0.0047331 0.0083410 0.0047335 0.2052003 0.0075702 0.0071694 0.0047304 0.1946350 0.0075620 0.0083553 0.0079616 0.0079616 0.0087701 0.0051510 0.0051510 0.0075652 0.0095770 0.1946136 0.1946136 0.1939552 0.1931225 0.1938766 0.1948053 0.1931225 0.1915317 0.1953029 0.1949241 0.1944287 0.1947779 0.1940218 0.1946350 0.1947779 0.1940218 0.1958524 0.1948053 0.1932669 0.1947779 0.1944893 0.1938766 0.1937346 0.1947866 0.1946350 0.1946350 0.1937346 0.1957622 0.0075610 0.5611862 
HM585504_Human_herpesvirus_1            0.0039368 0.0047293 0.0083768 0.0043341 0.0043341 0.0075966 0.0091680 0.0039368 0.0000000 0.0043337 0.0087708 0.0015692 0.0091968 0.0083768 0.0099877 0.0099877 0.0111983 0.1892842 0.1907872 0.1916175 0.1528545 0.1895307 0.1926130 0.1931565 0.1915287 0.1881936 0.1911458 0.1694338 0.1906390 0.1891295 0.1883988 0.1901749 0.1910111 0.1895631 0.1891554 0.0063450 0.0043297 0.0079591 0.0047502 0.0031432 0.0091469 0.0031434 0.2010468 0.0091836 0.0087814 0.0015677 0.1892842 0.0091736 0.0091624 0.0095744 0.0095744 0.0103868 0.0059508 0.0059508 0.0091776 0.0111983 0.1892624 0.1892624 0.1886103 0.1877906 0.1885355 0.1894488 0.1877906 0.1862219 0.1899462 0.1895631 0.1890746 0.1894222 0.1886753 0.1892842 0.1894222 0.1886753 0.1904928 0.1894488 0.1879297 0.1894222 0.1891438 0.1885355 0.1883983 0.1894294 0.1892842 0.1892842 0.1883983 0.1903881 0.0091725 0.5585625 
HM585506_Human_herpesvirus_1            0.0003912 0.0011750 0.0071701 0.0007831 0.0007831 0.0063884 0.0087652 0.0003912 0.0043337 0.0000000 0.0075642 0.0051332 0.0104230 0.0071701 0.0087770 0.0087770 0.0099836 0.1925708 0.1953870 0.1962285 0.1609654 0.1941027 0.1972321 0.1977848 0.1961369 0.1927556 0.1957405 0.1737541 0.1952327 0.1937046 0.1929667 0.1947701 0.1956020 0.1941372 0.1937160 0.0075537 0.0063271 0.0075574 0.0067607 0.0051315 0.0079371 0.0051319 0.2044018 0.0079746 0.0075734 0.0051285 0.1938497 0.0079660 0.0087597 0.0083660 0.0083660 0.0091756 0.0055514 0.0055514 0.0079694 0.0099836 0.1938282 0.1938282 0.1931708 0.1923401 0.1930927 0.1940191 0.1923401 0.1907527 0.1945166 0.1941372 0.1936429 0.1939918 0.1932371 0.1938497 0.1939918 0.1932371 0.1950657 0.1940191 0.1924837 0.1939918 0.1937048 0.1930927 0.1929515 0.1940003 0.1938497 0.1938497 0.1929515 0.1949733 0.0079650 0.5612883 
HM585508_Human_herpesvirus_1            0.0071607 0.0079650 0.0067284 0.0075649 0.0075649 0.0059577 0.0043316 0.0071607 0.0087708 0.0075642 0.0000000 0.0095898 0.0099594 0.0067284 0.0035370 0.0035370 0.0047209 0.1932116 0.1960334 0.1968764 0.1594043 0.1947453 0.1978809 0.1984349 0.1967844 0.1933969 0.1951001 0.1739834 0.1958782 0.1943476 0.1936091 0.1954159 0.1962472 0.1947802 0.1943569 0.0063146 0.0067509 0.0071139 0.0079271 0.0087690 0.0099942 0.0087698 0.2050519 0.0035383 0.0031440 0.0087638 0.1944915 0.0011749 0.0059111 0.0007822 0.0007822 0.0015666 0.0059223 0.0059223 0.0019608 0.0047209 0.1944701 0.1944701 0.1938120 0.1929799 0.1937335 0.1946616 0.1929799 0.1913901 0.1951590 0.1947802 0.1942851 0.1946342 0.1938785 0.1944915 0.1946342 0.1938785 0.1944277 0.1946616 0.1931241 0.1946342 0.1943459 0.1937335 0.1935917 0.1946428 0.1944915 0.1944915 0.1935917 0.1956177 0.0003910 0.5596437 
HM585509_Human_herpesvirus_1            0.0047347 0.0055300 0.0091954 0.0051336 0.0051336 0.0084150 0.0099878 0.0047347 0.0015692 0.0051332 0.0095898 0.0000000 0.0108307 0.0091954 0.0108112 0.0108112 0.0120255 0.1923620 0.1938889 0.1947273 0.1554620 0.1926130 0.1957288 0.1962788 0.1946365 0.1912685 0.1942444 0.1737846 0.1937366 0.1922137 0.1914778 0.1932733 0.1941070 0.1926469 0.1922299 0.0071541 0.0051284 0.0087747 0.0055543 0.0039378 0.0099651 0.0039381 0.2041837 0.0100048 0.0096015 0.0031454 0.1923620 0.0099939 0.0099816 0.0103957 0.0103957 0.0112123 0.0067594 0.0067594 0.0099982 0.0120255 0.1923404 0.1923404 0.1916844 0.1908568 0.1916074 0.1925300 0.1908568 0.1892747 0.1930278 0.1926469 0.1921542 0.1925029 0.1917503 0.1923620 0.1925029 0.1917503 0.1935763 0.1925300 0.1909991 0.1925029 0.1922185 0.1916074 0.1914674 0.1925109 0.1923620 0.1923620 0.1914674 0.1934798 0.0099926 0.5637731 
HM585510_Human_herpesvirus_1            0.0100145 0.0108274 0.0055328 0.0104239 0.0104239 0.0096072 0.0119865 0.0100145 0.0091968 0.0104230 0.0099594 0.0108307 0.0000000 0.0055328 0.0111784 0.0111784 0.0123888 0.1952924 0.1981351 0.1989836 0.1554466 0.1968337 0.1999922 0.2005506 0.1988903 0.1954804 0.1984858 0.1741655 0.1979771 0.1964375 0.1956951 0.1975155 0.1983449 0.1968695 0.1964401 0.0099454 0.0112251 0.0091449 0.0091517 0.0100036 0.0137008 0.0100044 0.2064853 0.0103739 0.0099705 0.0091894 0.1965767 0.0103626 0.0103499 0.0107635 0.0107635 0.0115774 0.0079440 0.0079440 0.0103670 0.0123888 0.1965555 0.1965555 0.1958946 0.1950571 0.1958146 0.1967491 0.1950571 0.1934581 0.1972468 0.1968695 0.1963715 0.1967213 0.1959618 0.1965767 0.1967213 0.1959618 0.1977975 0.1967491 0.1952035 0.1967213 0.1964290 0.1958146 0.1956709 0.1967306 0.1965767 0.1965767 0.1956709 0.1977125 0.0103613 0.5690499 
HM585511_Human_herpesvirus_1            0.0067667 0.0075709 0.0000010 0.0071707 0.0071707 0.0063642 0.0087327 0.0067667 0.0083768 0.0071701 0.0067284 0.0091954 0.0055328 0.0000000 0.0079325 0.0079325 0.0091316 0.1948753 0.1977145 0.1985623 0.1568320 0.1964153 0.1995703 0.2001281 0.1984692 0.1950625 0.1980664 0.1728559 0.1975569 0.1960185 0.1952770 0.1970950 0.1979252 0.1964511 0.1960225 0.0075165 0.0095887 0.0059188 0.0075348 0.0083751 0.0112212 0.0083758 0.2067514 0.0071351 0.0067364 0.0083701 0.1961591 0.0071275 0.0079171 0.0075250 0.0075250 0.0083290 0.0055304 0.0055304 0.0071305 0.0091316 0.1961378 0.1961378 0.1954773 0.1946407 0.1953976 0.1963310 0.1946407 0.1930431 0.1968288 0.1964511 0.1959536 0.1963034 0.1955444 0.1961591 0.1963034 0.1955444 0.1973793 0.1963310 0.1947867 0.1963034 0.1960118 0.1953976 0.1952542 0.1963125 0.1961591 0.1961591 0.1952542 0.1972932 0.0071266 0.5605559 
HM585512_Human_herpesvirus_1            0.0083717 0.0091789 0.0079325 0.0087777 0.0087777 0.0079675 0.0071163 0.0083717 0.0099877 0.0087770 0.0035370 0.0108112 0.0111784 0.0079325 0.0000000 0.0000010 0.0027439 0.1967396 0.1995920 0.2004423 0.1596237 0.1982838 0.2014523 0.2020123 0.2003483 0.1969297 0.1986495 0.1759438 0.1994325 0.1978894 0.1971453 0.1989721 0.1997977 0.1983196 0.1978874 0.0075143 0.0079588 0.0083171 0.0091354 0.0099857 0.0112182 0.0091730 0.2083148 0.0039334 0.0035388 0.0099796 0.1980244 0.0039319 0.0071083 0.0043260 0.0043260 0.0051198 0.0071217 0.0071217 0.0047246 0.0027439 0.1980032 0.1980032 0.1973419 0.1965023 0.1972610 0.1981981 0.1965023 0.1948999 0.1986956 0.1983196 0.1978207 0.1981702 0.1974094 0.1980244 0.1981702 0.1974094 0.1992464 0.1981981 0.1966500 0.1981702 0.1978753 0.1972610 0.1971161 0.1981798 0.1980244 0.1980244 0.1971161 0.1991648 0.0039314 0.5632990 
HM585513_Human_herpesvirus_1            0.0083717 0.0091789 0.0079325 0.0087777 0.0087777 0.0079675 0.0071163 0.0083717 0.0099877 0.0087770 0.0035370 0.0108112 0.0111784 0.0079325 0.0000010 0.0000000 0.0027439 0.1967396 0.1995920 0.2004423 0.1596237 0.1982838 0.2014523 0.2020123 0.2003483 0.1969297 0.1986495 0.1759438 0.1994325 0.1978894 0.1971453 0.1989721 0.1997977 0.1983196 0.1978874 0.0075143 0.0079588 0.0083171 0.0091354 0.0099857 0.0112182 0.0091730 0.2083148 0.0039334 0.0035388 0.0099796 0.1980244 0.0039319 0.0071083 0.0043260 0.0043260 0.0051198 0.0071217 0.0071217 0.0047246 0.0027439 0.1980032 0.1980032 0.1973419 0.1965023 0.1972610 0.1981981 0.1965023 0.1948999 0.1986956 0.1983196 0.1978207 0.1981702 0.1974094 0.1980244 0.1981702 0.1974094 0.1992464 0.1981981 0.1966500 0.1981702 0.1978753 0.1972610 0.1971161 0.1981798 0.1980244 0.1980244 0.1971161 0.1991648 0.0039314 0.5632990 
HM585514_Human_herpesvirus_1            0.0095770 0.0103863 0.0091316 0.0099845 0.0099845 0.0091716 0.0083108 0.0095770 0.0111983 0.0099836 0.0047209 0.0120255 0.0123888 0.0091316 0.0027439 0.0027439 0.0000000 0.1983714 0.2012365 0.2020899 0.1603242 0.1999196 0.2031017 0.2036644 0.2019949 0.1985633 0.2002901 0.1765033 0.2010750 0.1995267 0.1987807 0.2006157 0.2014396 0.1999559 0.1995195 0.0087096 0.0091615 0.0095159 0.0103387 0.0111960 0.0124324 0.0103806 0.2099622 0.0051186 0.0047233 0.0111892 0.1996577 0.0051166 0.0083013 0.0055114 0.0055114 0.0063077 0.0083171 0.0083171 0.0059118 0.0000010 0.1996377 0.1996377 0.1989742 0.1981315 0.1988922 0.1998331 0.1981315 0.1965241 0.2003304 0.1999559 0.1994555 0.1998049 0.1990422 0.1996577 0.1998049 0.1990422 0.2008815 0.1998331 0.1982807 0.1998049 0.1995083 0.1988922 0.1987459 0.1998150 0.1996577 0.1996577 0.1987459 0.2008041 0.0051160 0.5651326 
HSV2_1                                  0.1933545 0.1947235 0.1948753 0.1941399 0.1941399 0.1942488 0.1981362 0.1933545 0.1892842 0.1925708 0.1932116 0.1923620 0.1952924 0.1948753 0.1967396 0.1967396 0.1983714 0.0000000 0.0052069 0.0052067 0.0024035 0.0007922 0.0052241 0.0064226 0.0052052 0.0007935 0.0052024 0.0023997 0.0048024 0.0007937 0.0015883 0.0027860 0.0056061 0.0007924 0.0015870 0.1939074 0.1938865 0.1939791 0.1934429 0.1917839 0.1954489 0.1918133 0.0448454 0.1962423 0.1956272 0.1896142 0.0007917 0.1939029 0.1958198 0.1944372 0.1944372 0.1959419 0.1926024 0.1926024 0.1947257 0.1983714 0.0011884 0.0011884 0.0007917 0.0007924 0.0011896 0.0015869 0.0007924 0.0019880 0.0011882 0.0007924 0.0011947 0.0007920 0.0003957 0.0007917 0.0007920 0.0003957 0.0019840 0.0015869 0.0007921 0.0007920 0.0015866 0.0011896 0.0011891 0.0015878 0.0007917 0.0007917 0.0011891 0.0011896 0.1938244 0.4550432 
HSV2_2                                  0.1961784 0.1975584 0.1977145 0.1969715 0.1969715 0.1954848 0.1997081 0.1961784 0.1907872 0.1953870 0.1960334 0.1938889 0.1981351 0.1977145 0.1995920 0.1995920 0.2012365 0.0052069 0.0000000 0.0000022 0.0032156 0.0052124 0.0015960 0.0011897 0.0000022 0.0048123 0.0015891 0.0000029 0.0011923 0.0052202 0.0052147 0.0023900 0.0019884 0.0052114 0.0060215 0.1954411 0.1954195 0.1968096 0.1949781 0.1933020 0.1982878 0.1933319 0.0477949 0.1990927 0.1984737 0.1911169 0.0052069 0.1967310 0.1986629 0.1972669 0.1972669 0.1987860 0.1954261 0.1954261 0.1975619 0.2012365 0.0056117 0.0056117 0.0052069 0.0052120 0.0056172 0.0060215 0.0052120 0.0043985 0.0056108 0.0052114 0.0056410 0.0052091 0.0048047 0.0052069 0.0052091 0.0048047 0.0064243 0.0060215 0.0044009 0.0052091 0.0060206 0.0056172 0.0056149 0.0060250 0.0052069 0.0052069 0.0056149 0.0056173 0.1966501 0.4582285 
HSV2_3                                  0.1970220 0.1984049 0.1985623 0.1978171 0.1978171 0.1963272 0.2005614 0.1970220 0.1916175 0.1962285 0.1968764 0.1947273 0.1989836 0.1985623 0.2004423 0.2004423 0.2020899 0.0052067 0.0000022 0.0000000 0.0032156 0.0052124 0.0015965 0.0011899 0.0000010 0.0048124 0.0015897 0.0000029 0.0011922 0.0052202 0.0052145 0.0023906 0.0019884 0.0052112 0.0060220 0.1962809 0.1962590 0.1976550 0.1958191 0.1941366 0.1991343 0.1941666 0.0477950 0.1999436 0.1993233 0.1919465 0.0052067 0.1975757 0.1995108 0.1981122 0.1981122 0.1996355 0.1962698 0.1962698 0.1984088 0.2020899 0.0056115 0.0056115 0.0052067 0.0052118 0.0056170 0.0060212 0.0052118 0.0043983 0.0056106 0.0052112 0.0056408 0.0052089 0.0048045 0.0052067 0.0052089 0.0048045 0.0064241 0.0060212 0.0044007 0.0052089 0.0060203 0.0056170 0.0056147 0.0060247 0.0052067 0.0052067 0.0056147 0.0056171 0.1974943 0.4582285 
HSV2_4                                  0.1609654 0.1635073 0.1568320 0.1623940 0.1623940 0.1585331 0.1602804 0.1609654 0.1528545 0.1609654 0.1594043 0.1554620 0.1554466 0.1568320 0.1596237 0.1596237 0.1603242 0.0024035 0.0032156 0.0032156 0.0000000 0.0024035 0.0040616 0.0032192 0.0032156 0.0016021 0.0048392 0.0008759 0.0024085 0.0016012 0.0024047 0.0016012 0.0032192 0.0016012 0.0024035 0.1553065 0.1577602 0.1557509 0.1541054 0.1541054 0.1598847 0.1541054 0.0510799 0.1613278 0.1613278 0.1539985 0.0016012 0.1595144 0.1580401 0.1594043 0.1594043 0.1605522 0.1568468 0.1568468 0.1594043 0.1603242 0.0024055 0.0024055 0.0024035 0.0016012 0.0016012 0.0016012 0.0016012 0.0040318 0.0016012 0.0016012 0.0024266 0.0024055 0.0016012 0.0016012 0.0024055 0.0016012 0.0048312 0.0016012 0.0016012 0.0024055 0.0032089 0.0024055 0.0016012 0.0024055 0.0016012 0.0024035 0.0024035 0.0016012 0.1605522 0.3350325 
HSV2_5                                  0.1948891 0.1962614 0.1964153 0.1956772 0.1956772 0.1957912 0.1983956 0.1948891 0.1895307 0.1941027 0.1947453 0.1926130 0.1968337 0.1964153 0.1982838 0.1982838 0.1999196 0.0007922 0.0052124 0.0052124 0.0024035 0.0000000 0.0052287 0.0064296 0.0052108 0.0007943 0.0052079 0.0030053 0.0048042 0.0007945 0.0015900 0.0027897 0.0056122 0.0007929 0.0015881 0.1941593 0.1941383 0.1955160 0.1936955 0.1920332 0.1969882 0.1920627 0.0457905 0.1977856 0.1971697 0.1898607 0.0007922 0.1954386 0.1973606 0.1959726 0.1959726 0.1974835 0.1941383 0.1941383 0.1962643 0.1999196 0.0011895 0.0011895 0.0007922 0.0007930 0.0011907 0.0015886 0.0007930 0.0019902 0.0011893 0.0007929 0.0011960 0.0007926 0.0003961 0.0007922 0.0007926 0.0003961 0.0019861 0.0015886 0.0007926 0.0007926 0.0015883 0.0011907 0.0011902 0.0015895 0.0007922 0.0007922 0.0011902 0.0011907 0.1953589 0.4540091 
HSV2_6                                  0.1980270 0.1994116 0.1995703 0.1988236 0.1988236 0.1973317 0.2015737 0.1980270 0.1926130 0.1972321 0.1978809 0.1957288 0.1999922 0.1995703 0.2014523 0.2014523 0.2031017 0.0052241 0.0015960 0.0015965 0.0040616 0.0052287 0.0000000 0.0027999 0.0015961 0.0048284 0.0011903 0.0006015 0.0011964 0.0052376 0.0052320 0.0032064 0.0019952 0.0052287 0.0060415 0.1972818 0.1972595 0.1986614 0.1968227 0.1951342 0.2001418 0.1951644 0.0479061 0.2009531 0.2003326 0.1929408 0.0052241 0.1985813 0.2005190 0.1991174 0.1991174 0.2006431 0.1972760 0.1972760 0.1994159 0.2031017 0.0056303 0.0056303 0.0052241 0.0052293 0.0056358 0.0060413 0.0052293 0.0044132 0.0056293 0.0052287 0.0048016 0.0052263 0.0048207 0.0052241 0.0052263 0.0048207 0.0064454 0.0060413 0.0044156 0.0052263 0.0060404 0.0056358 0.0056334 0.0060448 0.0052241 0.0052241 0.0056334 0.0056359 0.1984991 0.4607144 
HSV2_7                                  0.1985815 0.1999686 0.2001281 0.1993798 0.1993798 0.1978851 0.2021361 0.1985815 0.1931565 0.1977848 0.1984349 0.1962788 0.2005506 0.2001281 0.2020123 0.2020123 0.2036644 0.0064226 0.0011897 0.0011899 0.0032192 0.0064296 0.0027999 0.0000000 0.0011896 0.0060286 0.0027880 0.0005981 0.0015907 0.0064391 0.0064323 0.0035938 0.0023875 0.0064282 0.0072426 0.1978335 0.1978109 0.1992173 0.1973749 0.1956814 0.2006984 0.1957118 0.0492010 0.2015137 0.2008921 0.1934839 0.0064226 0.1991368 0.2010771 0.1996735 0.1996735 0.2012026 0.1978302 0.1978302 0.1999731 0.2036644 0.0068293 0.0068293 0.0064226 0.0064289 0.0068360 0.0072417 0.0064289 0.0056104 0.0068281 0.0064282 0.0068647 0.0064253 0.0060191 0.0064226 0.0064253 0.0060191 0.0076457 0.0072417 0.0056135 0.0064253 0.0072406 0.0068360 0.0068331 0.0072459 0.0064226 0.0064226 0.0068331 0.0068361 0.1990542 0.4609749 
HSV2_8                                  0.1969299 0.1983120 0.1984692 0.1977245 0.1977245 0.1962355 0.2004670 0.1969299 0.1915287 0.1961369 0.1967844 0.1946365 0.1988903 0.1984692 0.2003483 0.2003483 0.2019949 0.0052052 0.0000022 0.0000010 0.0032156 0.0052108 0.0015961 0.0011896 0.0000000 0.0048110 0.0015893 0.0000029 0.0011918 0.0052187 0.0052130 0.0023899 0.0019878 0.0052097 0.0060202 0.1961895 0.1961676 0.1975625 0.1957277 0.1940464 0.1990410 0.1940764 0.0477793 0.1998497 0.1992298 0.1918576 0.0052052 0.1974833 0.1994173 0.1980196 0.1980196 0.1995419 0.1961779 0.1961779 0.1983159 0.2019949 0.0056099 0.0056099 0.0052052 0.0052103 0.0056154 0.0060195 0.0052103 0.0043971 0.0056089 0.0052097 0.0056392 0.0052074 0.0048031 0.0052052 0.0052074 0.0048031 0.0064222 0.0060195 0.0043994 0.0052074 0.0060186 0.0056154 0.0056130 0.0060230 0.0052052 0.0052052 0.0056130 0.0056155 0.1974019 0.4579316 
HSV2_9                                  0.1935402 0.1949101 0.1950625 0.1943263 0.1943263 0.1931251 0.1970373 0.1935402 0.1881936 0.1927556 0.1933969 0.1912685 0.1954804 0.1950625 0.1969297 0.1969297 0.1985633 0.0007935 0.0048123 0.0048124 0.0016021 0.0007943 0.0048284 0.0060286 0.0048110 0.0000000 0.0048081 0.0024008 0.0044077 0.0007952 0.0015914 0.0023917 0.0052124 0.0007942 0.0007934 0.1928165 0.1927960 0.1941652 0.1923485 0.1906936 0.1956375 0.1907229 0.0458585 0.1964318 0.1958161 0.1885252 0.0007935 0.1940887 0.1960087 0.1946243 0.1946243 0.1961310 0.1927879 0.1927879 0.1949134 0.1985633 0.0011912 0.0011912 0.0007935 0.0000022 0.0003963 0.0015900 0.0000022 0.0011926 0.0011910 0.0007942 0.0003980 0.0007938 0.0003965 0.0007935 0.0007938 0.0003965 0.0019886 0.0015900 0.0007939 0.0007938 0.0007931 0.0003963 0.0003961 0.0007937 0.0007935 0.0007935 0.0003961 0.0011923 0.1940099 0.4541419 
HSV2_10                                 0.1965310 0.1979101 0.1980664 0.1973231 0.1973231 0.1958385 0.1987625 0.1965310 0.1911458 0.1957405 0.1951001 0.1942444 0.1984858 0.1980664 0.1986495 0.1986495 0.2002901 0.0052024 0.0015891 0.0015897 0.0048392 0.0052079 0.0011903 0.0027880 0.0015893 0.0048081 0.0000000 0.0011955 0.0011908 0.0052158 0.0052103 0.0031929 0.0019868 0.0052070 0.0060163 0.1945115 0.1944903 0.1971624 0.1953325 0.1936567 0.1973496 0.1936866 0.0477441 0.1981511 0.1975325 0.1914743 0.0052024 0.1957957 0.1977233 0.1963309 0.1963309 0.1978467 0.1957807 0.1957807 0.1966240 0.2002901 0.0056069 0.0056069 0.0052024 0.0052075 0.0056124 0.0060163 0.0052075 0.0043947 0.0056060 0.0052070 0.0052075 0.0052046 0.0048006 0.0052024 0.0052046 0.0048006 0.0064188 0.0060163 0.0043971 0.0052046 0.0060154 0.0056124 0.0056100 0.0060198 0.0052024 0.0052024 0.0056100 0.0056125 0.1957155 0.4590554 
HSV2_11                                 0.1748628 0.1768240 0.1728559 0.1759750 0.1759750 0.1720987 0.1774593 0.1748628 0.1694338 0.1737541 0.1739834 0.1737846 0.1741655 0.1728559 0.1759438 0.1759438 0.1765033 0.0023997 0.0000029 0.0000029 0.0008759 0.0030053 0.0006015 0.0005981 0.0000029 0.0024008 0.0011955 0.0000000 0.0000022 0.0023997 0.0023991 0.0005977 0.0005972 0.0023997 0.0036041 0.1742084 0.1732252 0.1737090 0.1748040 0.1714621 0.1741633 0.1714621 0.0498728 0.1753391 0.1753391 0.1703131 0.0030023 0.1740801 0.1754797 0.1739834 0.1739834 0.1761142 0.1738199 0.1738199 0.1751537 0.1765033 0.0030023 0.0030023 0.0030023 0.0023997 0.0030042 0.0030035 0.0023997 0.0017975 0.0023997 0.0023997 0.0030238 0.0023997 0.0023997 0.0030023 0.0030042 0.0023997 0.0048217 0.0030035 0.0017978 0.0023997 0.0036063 0.0030042 0.0030023 0.0030042 0.0023997 0.0030023 0.0023997 0.0030048 0.1748699 0.4188317 
HSV2_12                                 0.1960230 0.1974011 0.1975569 0.1968150 0.1968150 0.1953303 0.1995477 0.1960230 0.1906390 0.1952327 0.1958782 0.1937366 0.1979771 0.1975569 0.1994325 0.1994325 0.2010750 0.0048024 0.0011923 0.0011922 0.0024085 0.0048042 0.0011964 0.0015907 0.0011918 0.0044077 0.0011908 0.0000022 0.0000000 0.0048146 0.0048096 0.0027937 0.0007931 0.0048066 0.0056151 0.1952877 0.1952662 0.1966532 0.1948243 0.1931507 0.1981301 0.1931805 0.0473191 0.1989342 0.1983149 0.1909685 0.0048024 0.1965747 0.1985047 0.1971110 0.1971110 0.1986285 0.1952714 0.1952714 0.1974045 0.2010750 0.0052066 0.0052066 0.0048024 0.0048071 0.0052117 0.0056154 0.0048071 0.0039953 0.0052057 0.0048066 0.0052338 0.0048044 0.0044006 0.0048024 0.0048044 0.0044006 0.0060178 0.0056154 0.0039975 0.0048044 0.0056146 0.0052117 0.0052095 0.0056186 0.0048024 0.0048024 0.0052095 0.0052118 0.1964940 0.4565133 
HSV2_13                                 0.1944915 0.1958648 0.1960185 0.1952800 0.1952800 0.1953932 0.1979999 0.1944915 0.1891295 0.1937046 0.1943476 0.1922137 0.1964375 0.1960185 0.1978894 0.1978894 0.1995267 0.0007937 0.0052202 0.0052202 0.0016012 0.0007945 0.0052376 0.0064391 0.0052187 0.0007952 0.0052158 0.0023997 0.0048146 0.0000000 0.0007941 0.0019900 0.0056200 0.0000022 0.0015908 0.1937633 0.1937424 0.1951186 0.1932969 0.1916345 0.1965930 0.1916640 0.0454033 0.1973913 0.1967743 0.1894604 0.0007937 0.1950414 0.1969656 0.1955774 0.1955774 0.1970885 0.1937394 0.1937394 0.1958675 0.1995267 0.0011914 0.0011914 0.0007937 0.0007944 0.0011926 0.0007934 0.0007944 0.0019931 0.0011912 0.0000022 0.0011978 0.0007940 0.0003966 0.0007937 0.0007940 0.0003966 0.0019891 0.0007934 0.0007941 0.0007940 0.0015901 0.0011926 0.0011921 0.0015913 0.0007937 0.0007937 0.0011921 0.0003964 0.1949618 0.4573519 
HSV2_14                                 0.1937524 0.1951244 0.1952770 0.1945397 0.1945397 0.1946500 0.1972545 0.1937524 0.1883988 0.1929667 0.1936091 0.1914778 0.1956951 0.1952770 0.1971453 0.1971453 0.1987807 0.0015883 0.0052147 0.0052145 0.0024047 0.0015900 0.0052320 0.0064323 0.0052130 0.0015914 0.0052103 0.0023991 0.0048096 0.0007941 0.0000000 0.0019886 0.0056145 0.0007928 0.0023871 0.1930268 0.1930062 0.1943786 0.1925591 0.1909019 0.1958513 0.1909311 0.0458513 0.1966472 0.1960308 0.1887306 0.0015883 0.1943020 0.1962232 0.1948372 0.1948372 0.1963457 0.1929994 0.1929994 0.1951269 0.1987807 0.0019868 0.0019868 0.0015883 0.0015898 0.0019888 0.0015878 0.0015898 0.0027919 0.0019865 0.0007928 0.0019974 0.0015889 0.0011908 0.0015883 0.0015889 0.0011908 0.0027862 0.0015878 0.0007933 0.0015889 0.0023873 0.0019888 0.0019879 0.0023890 0.0015883 0.0015883 0.0019879 0.0011903 0.1942230 0.4569151 
HSV2_15                                 0.1955607 0.1969395 0.1970950 0.1963529 0.1963529 0.1948675 0.1990861 0.1955607 0.1901749 0.1947701 0.1954159 0.1932733 0.1975155 0.1970950 0.1989721 0.1989721 0.2006157 0.0027860 0.0023900 0.0023906 0.0016012 0.0027897 0.0032064 0.0035938 0.0023899 0.0023917 0.0031929 0.0005977 0.0027937 0.0019900 0.0019886 0.0000000 0.0035938 0.0019873 0.0035910 0.1948264 0.1948050 0.1961909 0.1943614 0.1926885 0.1976695 0.1927183 0.0472796 0.1984731 0.1978532 0.1905053 0.0027860 0.1961127 0.1980440 0.1966498 0.1966498 0.1981678 0.1948078 0.1948078 0.1969427 0.2006157 0.0031875 0.0031875 0.0027860 0.0027891 0.0031906 0.0027861 0.0027891 0.0039993 0.0031870 0.0019873 0.0032043 0.0027874 0.0023876 0.0027860 0.0027874 0.0023876 0.0039911 0.0027861 0.0019884 0.0027874 0.0035901 0.0031906 0.0031893 0.0035927 0.0027860 0.0027860 0.0031893 0.0023866 0.1960322 0.4587689 
HSV2_16                                 0.1963920 0.1977692 0.1979252 0.1971835 0.1971835 0.1956999 0.1999150 0.1963920 0.1910111 0.1956020 0.1962472 0.1941070 0.1983449 0.1979252 0.1997977 0.1997977 0.2014396 0.0056061 0.0019884 0.0019884 0.0032192 0.0056122 0.0019952 0.0023875 0.0019878 0.0052124 0.0019868 0.0005972 0.0007931 0.0056200 0.0056145 0.0035938 0.0000000 0.0056110 0.0064221 0.1956556 0.1956340 0.1970220 0.1945122 0.1935206 0.1978129 0.1935505 0.0473065 0.1993006 0.1986829 0.1913398 0.0056061 0.1969434 0.1988704 0.1974782 0.1974782 0.1989944 0.1956416 0.1956416 0.1977727 0.2014396 0.0060111 0.0060111 0.0056061 0.0056115 0.0060170 0.0064213 0.0056115 0.0047972 0.0060101 0.0056110 0.0060424 0.0056084 0.0052038 0.0056061 0.0056084 0.0052038 0.0068241 0.0064213 0.0047998 0.0056084 0.0064204 0.0060170 0.0060145 0.0064251 0.0056061 0.0056061 0.0060145 0.0060171 0.1968626 0.4609749 
HSV2_17                                 0.1949241 0.1962972 0.1964511 0.1957125 0.1957125 0.1958266 0.1984323 0.1949241 0.1895631 0.1941372 0.1947802 0.1926469 0.1968695 0.1964511 0.1983196 0.1983196 0.1999559 0.0007924 0.0052114 0.0052112 0.0016012 0.0007929 0.0052287 0.0064282 0.0052097 0.0007942 0.0052070 0.0023997 0.0048066 0.0000022 0.0007928 0.0019873 0.0056110 0.0000000 0.0015884 0.1941943 0.1941733 0.1955514 0.1937298 0.1920668 0.1970230 0.1920963 0.0457859 0.1978224 0.1972060 0.1898932 0.0007924 0.1954740 0.1973960 0.1960085 0.1960085 0.1975191 0.1941729 0.1941729 0.1963001 0.1999559 0.0011894 0.0011894 0.0007924 0.0007931 0.0011906 0.0007921 0.0007931 0.0019898 0.0011892 0.0000010 0.0011958 0.0007927 0.0003960 0.0007924 0.0007927 0.0003960 0.0019857 0.0007921 0.0007927 0.0007927 0.0015880 0.0011906 0.0011901 0.0015891 0.0007924 0.0007924 0.0011901 0.0003959 0.1953943 0.4558600 
HSV2_18                                 0.1945004 0.1958692 0.1960225 0.1952864 0.1952864 0.1941143 0.1979975 0.1945004 0.1891554 0.1937160 0.1943569 0.1922299 0.1964401 0.1960225 0.1978874 0.1978874 0.1995195 0.0015870 0.0060215 0.0060220 0.0024035 0.0015881 0.0060415 0.0072426 0.0060202 0.0007934 0.0060163 0.0036041 0.0056151 0.0015908 0.0023871 0.0035910 0.0064221 0.0015884 0.0000000 0.1937744 0.1937536 0.1951255 0.1933096 0.1916525 0.1965952 0.1916818 0.0458092 0.1973909 0.1967759 0.1894852 0.0015870 0.1950485 0.1969666 0.1955828 0.1955828 0.1958065 0.1937507 0.1937507 0.1958720 0.1995195 0.0019853 0.0019853 0.0015870 0.0007920 0.0011891 0.0023850 0.0007920 0.0019877 0.0019850 0.0015884 0.0011944 0.0015877 0.0011897 0.0015870 0.0015877 0.0011897 0.0027839 0.0023850 0.0015878 0.0015877 0.0015863 0.0011891 0.0011886 0.0015875 0.0015870 0.0015870 0.0011886 0.0019873 0.1949691 0.4571007 
JN400093_Human_herpesvirus_1            0.0071508 0.0079538 0.0075165 0.0075543 0.0075543 0.0075496 0.0075134 0.0071508 0.0063450 0.0075537 0.0063146 0.0071541 0.0099454 0.0075165 0.0075143 0.0075143 0.0087096 0.1939074 0.1954411 0.1962809 0.1553065 0.1941593 0.1972818 0.1978335 0.1961895 0.1928165 0.1945115 0.1742084 0.1952877 0.1937633 0.1930268 0.1948264 0.1956556 0.1941943 0.1937744 0.0000000 0.0051494 0.0039321 0.0039350 0.0055457 0.0075643 0.0055462 0.2057200 0.0059235 0.0055267 0.0055424 0.1939074 0.0067123 0.0043260 0.0063130 0.0063130 0.0071122 0.0043290 0.0043290 0.0059196 0.0087096 0.1938859 0.1938859 0.1932301 0.1924014 0.1931523 0.1940765 0.1924014 0.1908178 0.1945726 0.1941943 0.1937013 0.1940492 0.1932964 0.1939074 0.1940492 0.1932964 0.1951200 0.1940765 0.1925448 0.1940492 0.1937627 0.1931523 0.1930113 0.1940577 0.1939074 0.1939074 0.1930113 0.1950285 0.0067115 0.5606439 
JN420337_Human_herpesvirus_1            0.0059272 0.0067249 0.0095887 0.0063277 0.0063277 0.0096307 0.0079577 0.0059272 0.0043297 0.0063271 0.0067509 0.0051284 0.0112251 0.0095887 0.0079588 0.0079588 0.0091615 0.1938865 0.1954195 0.1962590 0.1577602 0.1941383 0.1972595 0.1978109 0.1961676 0.1927960 0.1944903 0.1732252 0.1952662 0.1937424 0.1930062 0.1948050 0.1956340 0.1941733 0.1937536 0.0051494 0.0000000 0.0083626 0.0051495 0.0035384 0.0079445 0.0035387 0.2056945 0.0071589 0.0067590 0.0035364 0.1938865 0.0071512 0.0071473 0.0075500 0.0075500 0.0083564 0.0063517 0.0063517 0.0071542 0.0091615 0.1938650 0.1938650 0.1932095 0.1923811 0.1931317 0.1940555 0.1923811 0.1907981 0.1945515 0.1941733 0.1936804 0.1940283 0.1932757 0.1938865 0.1940283 0.1932757 0.1950986 0.1940555 0.1925244 0.1940283 0.1937419 0.1931317 0.1929908 0.1940367 0.1938865 0.1938865 0.1929908 0.1950071 0.0071503 0.5647714 
JN420338_Human_herpesvirus_1            0.0071543 0.0079578 0.0059188 0.0075581 0.0075581 0.0067522 0.0091174 0.0071543 0.0079591 0.0075574 0.0071139 0.0087747 0.0091449 0.0059188 0.0083171 0.0083171 0.0095159 0.1939791 0.1968096 0.1976550 0.1557509 0.1955160 0.1986614 0.1992173 0.1975625 0.1941652 0.1971624 0.1737090 0.1966532 0.1951186 0.1943786 0.1961909 0.1970220 0.1955514 0.1951255 0.0039321 0.0083626 0.0000000 0.0047343 0.0063544 0.0091780 0.0063549 0.2058391 0.0075207 0.0071224 0.0071510 0.1952611 0.0075126 0.0051197 0.0079097 0.0079097 0.0087130 0.0027510 0.0027510 0.0075158 0.0095159 0.1952397 0.1952397 0.1945803 0.1937460 0.1945013 0.1954321 0.1937460 0.1921522 0.1959298 0.1955514 0.1950551 0.1954045 0.1946472 0.1952611 0.1954045 0.1946472 0.1964797 0.1954321 0.1938911 0.1954045 0.1951147 0.1945013 0.1943587 0.1954134 0.1952611 0.1952611 0.1943587 0.1963912 0.0075117 0.5668757 
JN420339_Human_herpesvirus_1            0.0063582 0.0071607 0.0075348 0.0067613 0.0067613 0.0075681 0.0091342 0.0063582 0.0047502 0.0067607 0.0079271 0.0055543 0.0091517 0.0075348 0.0091354 0.0091354 0.0103387 0.1934429 0.1949781 0.1958191 0.1541054 0.1936955 0.1968227 0.1973749 0.1957277 0.1923485 0.1953325 0.1748040 0.1948243 0.1932969 0.1925591 0.1943614 0.1945122 0.1937298 0.1933096 0.0039350 0.0051495 0.0047343 0.0000000 0.0023666 0.0091813 0.0031607 0.2045990 0.0083363 0.0079366 0.0039518 0.1934429 0.0083273 0.0067204 0.0087256 0.0087256 0.0095334 0.0043342 0.0043342 0.0083308 0.0103387 0.1934213 0.1934213 0.1927639 0.1919337 0.1926862 0.1936120 0.1919337 0.1903470 0.1941098 0.1937298 0.1932357 0.1935847 0.1928302 0.1934429 0.1935847 0.1928302 0.1946590 0.1936120 0.1920770 0.1935847 0.1932983 0.1926862 0.1925452 0.1935931 0.1934429 0.1934429 0.1925452 0.1945654 0.0083262 0.5578349 
JN420340_Human_herpesvirus_1            0.0047331 0.0055281 0.0083751 0.0051319 0.0051319 0.0084121 0.0099843 0.0047331 0.0031432 0.0051315 0.0087690 0.0039378 0.0100036 0.0083751 0.0099857 0.0099857 0.0111960 0.1917839 0.1933020 0.1941366 0.1541054 0.1920332 0.1951342 0.1956814 0.1940464 0.1906936 0.1936567 0.1714621 0.1931507 0.1916345 0.1909019 0.1926885 0.1935206 0.1920668 0.1916525 0.0055457 0.0035384 0.0063544 0.0023666 0.0000000 0.0083421 0.0015684 0.2035610 0.0091817 0.0087796 0.0023533 0.1917839 0.0091718 0.0083564 0.0095724 0.0095724 0.0103847 0.0051516 0.0051516 0.0091757 0.0111960 0.1917623 0.1917623 0.1911088 0.1902850 0.1910324 0.1919508 0.1902850 0.1887097 0.1924471 0.1920668 0.1915763 0.1919238 0.1911744 0.1917839 0.1919238 0.1911744 0.1929936 0.1919508 0.1904263 0.1919238 0.1916413 0.1910324 0.1908933 0.1919317 0.1917839 0.1917839 0.1908933 0.1928960 0.0091706 0.5614611 
JN420341_Human_herpesvirus_1            0.0083410 0.0091455 0.0112212 0.0087456 0.0087456 0.0112690 0.0120288 0.0083410 0.0091469 0.0079371 0.0099942 0.0099651 0.0137008 0.0112212 0.0112182 0.0112182 0.0124324 0.1954489 0.1982878 0.1991343 0.1598847 0.1969882 0.2001418 0.2006984 0.1990410 0.1956375 0.1973496 0.1741633 0.1981301 0.1965930 0.1958513 0.1976695 0.1978129 0.1970230 0.1965952 0.0075643 0.0079445 0.0091780 0.0091813 0.0083421 0.0000000 0.0083428 0.2066229 0.0104101 0.0100064 0.0083371 0.1967314 0.0103987 0.0087722 0.0108018 0.0108018 0.0116184 0.0079731 0.0079731 0.0104032 0.0124324 0.1967102 0.1967102 0.1960497 0.1952136 0.1959696 0.1969026 0.1952136 0.1936176 0.1974003 0.1970230 0.1965263 0.1968758 0.1961168 0.1967314 0.1968758 0.1961168 0.1979500 0.1969026 0.1953600 0.1968758 0.1965839 0.1959696 0.1958270 0.1968851 0.1967314 0.1967314 0.1958270 0.1978645 0.0103974 0.5647600 
JN420342_Human_herpesvirus_1            0.0047335 0.0055286 0.0083758 0.0051323 0.0051323 0.0084128 0.0099852 0.0047335 0.0031434 0.0051319 0.0087698 0.0039381 0.0100044 0.0083758 0.0091730 0.0091730 0.0103806 0.1918133 0.1933319 0.1941666 0.1541054 0.1920627 0.1951644 0.1957118 0.1940764 0.1907229 0.1936866 0.1714621 0.1931805 0.1916640 0.1909311 0.1927183 0.1935505 0.1920963 0.1916818 0.0055462 0.0035387 0.0063549 0.0031607 0.0015684 0.0083428 0.0000000 0.2035928 0.0091825 0.0087804 0.0023535 0.1918133 0.0091726 0.0083571 0.0095732 0.0095732 0.0103856 0.0051521 0.0051521 0.0091765 0.0103806 0.1917917 0.1917917 0.1911381 0.1903141 0.1910616 0.1919802 0.1903141 0.1887384 0.1924766 0.1920963 0.1916057 0.1919533 0.1912037 0.1918133 0.1919533 0.1912037 0.1930232 0.1919802 0.1904554 0.1919533 0.1916707 0.1910616 0.1909225 0.1919611 0.1918133 0.1918133 0.1909225 0.1929257 0.0091714 0.5599044 
JQ360576_Chimpanzee_alpha-1_herpesvirus 0.2052003 0.2065848 0.2067514 0.2060004 0.2060004 0.2048521 0.2087976 0.2052003 0.2010468 0.2044018 0.2050519 0.2041837 0.2064853 0.2067514 0.2083148 0.2083148 0.2099622 0.0448454 0.0477949 0.0477950 0.0510799 0.0457905 0.0479061 0.0492010 0.0477793 0.0458585 0.0477441 0.0498728 0.0473191 0.0454033 0.0458513 0.0472796 0.0473065 0.0457859 0.0458092 0.2057200 0.2056945 0.2058391 0.2045990 0.2035610 0.2066229 0.2035928 0.0000000 0.2081356 0.2075163 0.2013609 0.0457405 0.2057542 0.2063981 0.2062847 0.2062847 0.2078171 0.2044639 0.2044639 0.2065922 0.2099622 0.0462053 0.0462053 0.0457405 0.0457902 0.0462556 0.0467065 0.0457902 0.0462680 0.0452986 0.0457859 0.0464141 0.0457630 0.0452986 0.0457405 0.0448307 0.0452986 0.0471458 0.0467065 0.0457675 0.0457630 0.0466987 0.0462556 0.0462328 0.0467399 0.0448454 0.0457405 0.0462328 0.0462592 0.2056678 0.4867680 
JQ730035_Human_herpesvirus_1            0.0075702 0.0083761 0.0071351 0.0079753 0.0079753 0.0071668 0.0063220 0.0075702 0.0091836 0.0079746 0.0035383 0.0100048 0.0103739 0.0071351 0.0039334 0.0039334 0.0051186 0.1962423 0.1990927 0.1999436 0.1613278 0.1977856 0.2009531 0.2015137 0.1998497 0.1964318 0.1981511 0.1753391 0.1989342 0.1973913 0.1966472 0.1984731 0.1993006 0.1978224 0.1973909 0.0059235 0.0071589 0.0075207 0.0083363 0.0091817 0.0104101 0.0091825 0.2081356 0.0000000 0.0003910 0.0091762 0.1975278 0.0039332 0.0063148 0.0035374 0.0035374 0.0043296 0.0063268 0.0063268 0.0027609 0.0051186 0.1975066 0.1975066 0.1968450 0.1960055 0.1967643 0.1977012 0.1960055 0.1944033 0.1981986 0.1978224 0.1973234 0.1976733 0.1969124 0.1975278 0.1976733 0.1969124 0.1987492 0.1977012 0.1961529 0.1976733 0.1973792 0.1967643 0.1966198 0.1976828 0.1975278 0.1975278 0.1966198 0.1986674 0.0039327 0.5633104 
