98
HM585496_Human_herpesvirus_1            0.0000000 0.0091870 0.0128650 0.0019824 0.0019824 0.0137164 0.0109877 0.0036156 0.0032003 0.0036156 0.0015785 0.0128390 0.0231570 0.0115438 0.0123493 0.0100680 0.0100680 0.0123720 0.8098472 0.7946734 0.7816804 0.6539202 0.8088822 0.7780009 0.8014058 0.7538100 0.7655892 0.7918538 0.5953683 0.6830860 0.7490682 0.7697050 0.7917138 0.7160828 0.7830371 0.7659544 0.0150017 0.0142698 0.0181138 0.0176539 0.0124963 0.0176066 0.0180475 0.8528063 0.0146723 0.0124233 0.0132438 0.8941506 0.0109871 0.0136404 0.0121317 0.0119050 0.0119050 0.0110673 0.0111211 0.0123480 0.0128686 0.8799264 0.8925317 0.8760258 0.8822763 0.8971164 0.9241439 0.9037279 0.8996646 0.8982570 0.9007558 0.9004601 0.8969692 0.8990991 0.9011345 0.9025380 0.8982570 0.8977013 0.8815069 0.8875558 0.9005700 0.8934257 0.8934257 0.8998831 0.8942847 0.8970377 0.8999414 0.9066237 0.8968125 0.9011852 0.9011852 0.9027456 0.8951322 0.9005630 0.8977810 0.9028435 0.9010320 0.9024623 0.9002800 0.8955361 0.0165568 2.1381449 
HM585497_Human_herpesvirus_1            0.0091870 0.0000000 0.0086658 0.0069948 0.0069948 0.0078133 0.0061059 0.0061155 0.0065901 0.0061155 0.0069972 0.0083254 0.0168958 0.0057397 0.0095761 0.0065540 0.0065540 0.0087482 0.8155061 0.8000466 0.7868329 0.6517842 0.8139213 0.7838020 0.8064587 0.7595027 0.7707348 0.7973388 0.5926966 0.6837350 0.7545702 0.7750183 0.7959824 0.7167458 0.7875235 0.7715806 0.0111997 0.0104731 0.0137826 0.0133376 0.0083964 0.0133685 0.0140943 0.8543039 0.0100743 0.0087853 0.0095951 0.8956863 0.0078960 0.0098783 0.0089455 0.0087810 0.0087810 0.0074790 0.0066194 0.0087316 0.0092153 0.8750285 0.8940692 0.8741709 0.8778387 0.8953527 0.9186969 0.9052786 0.9012142 0.8997981 0.9023000 0.9020054 0.8985171 0.9006471 0.9026837 0.9040872 0.8997981 0.8992410 0.8851025 0.8890764 0.9021181 0.8949572 0.8949572 0.9014268 0.8958271 0.8985774 0.9014852 0.9081828 0.8983496 0.9027307 0.9027307 0.9042937 0.8966666 0.9021071 0.8993208 0.9043917 0.9025773 0.9040115 0.9018228 0.8970717 0.0123171 2.1232631 
HM585498_Human_herpesvirus_1            0.0128650 0.0086658 0.0000000 0.0110359 0.0110359 0.0082343 0.0056571 0.0092164 0.0124191 0.0092164 0.0110359 0.0096231 0.0212870 0.0065499 0.0007851 0.0078241 0.0078241 0.0091755 0.8179688 0.8047605 0.7908582 0.6594716 0.8208997 0.7890797 0.8124336 0.7623022 0.7759367 0.8015508 0.6024415 0.6843063 0.7608595 0.7803619 0.8019676 0.7225817 0.7958323 0.7780321 0.0129859 0.0123107 0.0151495 0.0147011 0.0110472 0.0138224 0.0150593 0.8621644 0.0113910 0.0096512 0.0100239 0.8976862 0.0083214 0.0112474 0.0093825 0.0092098 0.0092098 0.0091846 0.0087663 0.0105035 0.0096452 0.8788862 0.8960773 0.8797526 0.8857318 0.9013118 0.9249341 0.9089523 0.9049043 0.9034746 0.9059721 0.9056814 0.9022157 0.9043361 0.9063662 0.9077629 0.9034746 0.9029168 0.8887864 0.8927544 0.9058003 0.8986336 0.8986336 0.9051018 0.8995256 0.9022564 0.9051605 0.9140633 0.9020235 0.9064040 0.9064040 0.9079660 0.9003417 0.9057799 0.9029966 0.9080637 0.9062508 0.9076876 0.9038095 0.9007479 0.0136595 2.1116056 
HM585499_Human_herpesvirus_1            0.0019824 0.0069948 0.0110359 0.0000000 0.0000010 0.0118792 0.0092019 0.0015825 0.0011819 0.0015825 0.0000010 0.0105426 0.0205477 0.0097319 0.0105371 0.0078535 0.0078535 0.0100888 0.8141462 0.7987625 0.7856079 0.6539202 0.8127113 0.7824239 0.8052486 0.7581642 0.7695193 0.7960293 0.5953683 0.6830860 0.7532795 0.7737609 0.7949644 0.7160828 0.7864569 0.7702508 0.0126066 0.0118576 0.0156740 0.0152226 0.0101888 0.0157262 0.0155578 0.8520696 0.0123318 0.0101295 0.0109451 0.8951694 0.0092258 0.0112700 0.0103179 0.0101266 0.0101266 0.0097333 0.0093128 0.0100695 0.0105669 0.8775243 0.8935516 0.8737172 0.8798182 0.8948078 0.9214701 0.9047566 0.9006926 0.8992794 0.9017802 0.9014852 0.8979960 0.9001260 0.9021622 0.9035657 0.8992794 0.8987227 0.8845925 0.8885646 0.9015970 0.8944417 0.8944417 0.9009072 0.8953079 0.8980591 0.9009656 0.9076580 0.8978322 0.9022105 0.9022105 0.9037726 0.8961501 0.9015874 0.8988025 0.9038706 0.9020571 0.9034900 0.9013035 0.8965548 0.0141688 2.1410188 
HM585500_Human_herpesvirus_1            0.0019824 0.0069948 0.0110359 0.0000010 0.0000000 0.0118792 0.0092019 0.0015825 0.0011819 0.0015825 0.0000010 0.0105426 0.0205477 0.0097319 0.0105371 0.0078535 0.0078535 0.0100888 0.8141462 0.7987625 0.7856079 0.6539202 0.8127113 0.7824239 0.8052486 0.7581642 0.7695193 0.7960293 0.5953683 0.6830860 0.7532795 0.7737609 0.7949644 0.7160828 0.7864569 0.7702508 0.0126066 0.0118576 0.0156740 0.0152226 0.0101888 0.0157262 0.0155578 0.8520696 0.0123318 0.0101295 0.0109451 0.8951694 0.0092258 0.0112700 0.0103179 0.0101266 0.0101266 0.0097333 0.0093128 0.0100695 0.0105669 0.8775243 0.8935516 0.8737172 0.8798182 0.8948078 0.9214701 0.9047566 0.9006926 0.8992794 0.9017802 0.9014852 0.8979960 0.9001260 0.9021622 0.9035657 0.8992794 0.8987227 0.8845925 0.8885646 0.9015970 0.8944417 0.8944417 0.9009072 0.8953079 0.8980591 0.9009656 0.9076580 0.8978322 0.9022105 0.9022105 0.9037726 0.8961501 0.9015874 0.8988025 0.9038706 0.9020571 0.9034900 0.9013035 0.8965548 0.0141688 2.1410188 
HM585501_Human_herpesvirus_1            0.0137164 0.0078133 0.0082343 0.0118792 0.0118792 0.0000000 0.0044214 0.0100497 0.0114669 0.0100497 0.0118792 0.0078556 0.0177100 0.0052919 0.0082343 0.0061039 0.0061039 0.0074183 0.8138437 0.7985074 0.7848160 0.6475481 0.8150772 0.7847457 0.8087265 0.7579872 0.7720638 0.7951614 0.5934846 0.6774804 0.7566648 0.7763748 0.7969827 0.7159618 0.7905607 0.7706994 0.0088680 0.0094897 0.0122923 0.0118554 0.0087977 0.0119524 0.0112276 0.8585982 0.0086752 0.0078778 0.0065176 0.8985857 0.0065782 0.0094024 0.0066965 0.0074462 0.0074462 0.0074255 0.0070298 0.0087188 0.0078736 0.8804328 0.8969775 0.8793809 0.8833642 0.9009664 0.9245678 0.9081729 0.9041205 0.9026933 0.9051923 0.9049008 0.9014294 0.9035524 0.9055843 0.9069828 0.9026933 0.9021355 0.8879998 0.8919701 0.9050184 0.8978511 0.8978511 0.9043212 0.8987386 0.9014743 0.9043798 0.9110827 0.8995598 0.9056241 0.9056241 0.9071867 0.8995599 0.9050000 0.9022153 0.9072845 0.9054708 0.9069074 0.9047141 0.8999660 0.0118116 2.0982259 
HM585502_Human_herpesvirus_1            0.0109877 0.0061059 0.0056571 0.0092019 0.0092019 0.0044214 0.0000000 0.0074305 0.0087928 0.0074305 0.0092019 0.0053004 0.0163438 0.0027961 0.0056571 0.0036115 0.0036115 0.0048769 0.8163131 0.8008372 0.7870350 0.6475481 0.8172834 0.7872596 0.8087769 0.7604151 0.7742778 0.7975338 0.5934846 0.6819796 0.7590211 0.7786653 0.8011997 0.7204412 0.7905723 0.7713146 0.0084318 0.0077026 0.0105478 0.0101148 0.0074798 0.0101419 0.0103566 0.8597239 0.0069897 0.0053148 0.0052797 0.9010010 0.0040543 0.0067417 0.0049847 0.0048953 0.0048953 0.0048814 0.0049007 0.0061416 0.0053126 0.8845669 0.8993951 0.8833630 0.8915770 0.9049713 0.9285748 0.9123108 0.9082586 0.9068097 0.9093150 0.9090265 0.9055649 0.9076867 0.9097203 0.9111176 0.9068097 0.9062485 0.8920586 0.8960401 0.9091517 0.9019456 0.9019456 0.9084433 0.9028618 0.9055880 0.9085023 0.9152407 0.9053492 0.9097500 0.9097500 0.9113185 0.9036607 0.9091226 0.9063287 0.9114164 0.9095963 0.9110423 0.9071423 0.9040698 0.0091530 2.1008262 
HM585503_Human_herpesvirus_1            0.0036156 0.0061155 0.0092164 0.0015825 0.0015825 0.0100497 0.0074305 0.0000000 0.0027956 0.0000010 0.0015830 0.0087403 0.0194587 0.0088036 0.0087359 0.0061192 0.0061192 0.0082975 0.8184389 0.8028455 0.7895293 0.6604699 0.8165329 0.7868432 0.8090841 0.7625158 0.7734443 0.8001991 0.6025017 0.6876343 0.7574879 0.7778119 0.7982068 0.7206109 0.7898692 0.7745436 0.0116285 0.0099645 0.0137519 0.0133078 0.0092535 0.0137977 0.0135976 0.8551870 0.0104925 0.0083304 0.0091405 0.8982665 0.0074498 0.0103061 0.0084840 0.0083287 0.0083287 0.0088051 0.0083879 0.0082818 0.0087605 0.8775243 0.8966539 0.8765757 0.8798182 0.8982190 0.9214701 0.9078743 0.9038121 0.9023832 0.9048877 0.9045952 0.9011147 0.9032429 0.9052796 0.9066816 0.9023832 0.9018242 0.8876587 0.8916377 0.9047126 0.8975309 0.8975309 0.9040146 0.8984184 0.9011614 0.9040733 0.9107897 0.9009294 0.9053202 0.9053202 0.9068862 0.8992434 0.9046949 0.9019042 0.9069842 0.9051666 0.9066060 0.9044086 0.8996502 0.0122897 2.1329820 
HM585504_Human_herpesvirus_1            0.0032003 0.0065901 0.0124191 0.0011819 0.0011819 0.0114669 0.0087928 0.0027956 0.0000000 0.0027956 0.0011823 0.0101315 0.0190277 0.0093185 0.0119069 0.0074478 0.0074478 0.0096785 0.8086890 0.7935477 0.7805787 0.6499768 0.8078489 0.7799219 0.8003579 0.7556743 0.7672840 0.7906997 0.5909188 0.6803868 0.7508661 0.7714582 0.7908150 0.7134407 0.7820795 0.7678075 0.0121851 0.0114307 0.0142522 0.0138056 0.0097745 0.0153056 0.0151296 0.8481433 0.0109666 0.0087908 0.0105350 0.8913109 0.0088157 0.0108483 0.0098987 0.0097149 0.0097149 0.0093200 0.0088989 0.0096599 0.0101550 0.8730962 0.8896852 0.8694598 0.8752879 0.8905588 0.9165632 0.9008813 0.8968114 0.8954164 0.8979149 0.8976166 0.8941133 0.8962475 0.8982850 0.8996916 0.8954164 0.8948621 0.8807624 0.8847296 0.8977215 0.8905922 0.8905922 0.8970412 0.8914329 0.8941969 0.8970992 0.9037681 0.8939761 0.8983427 0.8983427 0.8999016 0.8922972 0.8977219 0.8949416 0.8999996 0.8981896 0.8996158 0.8974407 0.8926996 0.0127767 2.1290260 
HM585505_Human_herpesvirus_1            0.0036156 0.0061155 0.0092164 0.0015825 0.0015825 0.0100497 0.0074305 0.0000010 0.0027956 0.0000000 0.0015830 0.0087403 0.0194587 0.0088036 0.0087359 0.0061192 0.0061192 0.0082975 0.8184389 0.8028455 0.7895293 0.6604699 0.8165329 0.7868432 0.8090841 0.7625158 0.7734443 0.8001991 0.6025017 0.6876343 0.7574879 0.7778119 0.7982068 0.7206109 0.7898692 0.7745436 0.0116285 0.0099645 0.0137519 0.0133078 0.0092535 0.0137977 0.0135976 0.8551870 0.0104925 0.0083304 0.0091405 0.8982665 0.0074498 0.0103061 0.0084840 0.0083287 0.0083287 0.0088051 0.0083879 0.0082818 0.0087605 0.8775243 0.8966539 0.8765757 0.8798182 0.8982190 0.9214701 0.9078743 0.9038121 0.9023832 0.9048877 0.9045952 0.9011147 0.9032429 0.9052796 0.9066816 0.9023832 0.9018242 0.8876587 0.8916377 0.9047126 0.8975309 0.8975309 0.9040146 0.8984184 0.9011614 0.9040733 0.9107897 0.9009294 0.9053202 0.9053202 0.9068862 0.8992434 0.9046949 0.9019042 0.9069842 0.9051666 0.9066060 0.9044086 0.8996502 0.0122897 2.1329820 
HM585506_Human_herpesvirus_1            0.0015785 0.0069972 0.0110359 0.0000010 0.0000010 0.0118792 0.0092019 0.0015830 0.0011823 0.0015830 0.0000000 0.0105463 0.0205554 0.0097319 0.0105371 0.0078562 0.0078562 0.0100922 0.8117210 0.7964416 0.7833667 0.6539202 0.8105504 0.7798960 0.8030735 0.7556501 0.7672615 0.7936565 0.5953683 0.6830860 0.7508430 0.7714349 0.7931173 0.7160828 0.7845066 0.7677829 0.0126111 0.0118619 0.0156796 0.0152280 0.0101923 0.0157318 0.0155635 0.8503322 0.0123361 0.0101330 0.0109489 0.8934701 0.0092290 0.0112740 0.0103216 0.0101301 0.0101301 0.0092715 0.0093128 0.0100729 0.0105706 0.8775243 0.8918486 0.8737172 0.8798182 0.8948078 0.9214701 0.9030518 0.8989845 0.8975790 0.9000792 0.8997828 0.8962867 0.8984189 0.9004561 0.9018612 0.8975790 0.8970232 0.8829037 0.8868745 0.8998915 0.8927463 0.8927463 0.8992057 0.8936014 0.8963588 0.8992640 0.9059474 0.8961345 0.9005085 0.9005085 0.9020695 0.8944535 0.8998863 0.8971029 0.9021676 0.9003552 0.9017855 0.8996036 0.8948573 0.0141738 2.1378145 
HM585508_Human_herpesvirus_1            0.0128390 0.0083254 0.0096231 0.0105426 0.0105426 0.0078556 0.0053004 0.0087403 0.0101315 0.0087403 0.0105463 0.0000000 0.0194411 0.0066220 0.0091405 0.0048502 0.0048502 0.0053006 0.8259903 0.8100995 0.7953661 0.6580902 0.8259172 0.7973886 0.8174556 0.7704584 0.7833070 0.8069961 0.6142480 0.6908164 0.7687809 0.7879680 0.8062415 0.7291232 0.7983637 0.7829790 0.0084226 0.0072351 0.0100690 0.0096388 0.0079265 0.0096703 0.0108203 0.8631587 0.0074273 0.0053115 0.0069691 0.9089852 0.0036055 0.0071526 0.0045383 0.0044574 0.0044574 0.0074770 0.0070630 0.0074255 0.0057399 0.8879300 0.9057005 0.8847333 0.8930312 0.9100593 0.9307653 0.9186220 0.9145841 0.9131067 0.9156132 0.9153303 0.9118956 0.9140083 0.9160376 0.9174281 0.9131067 0.9125423 0.8983173 0.9006185 0.9154668 0.9082257 0.9082257 0.9147435 0.9091828 0.9118851 0.9148030 0.9215728 0.9099445 0.9160517 0.9160517 0.9176240 0.9099445 0.9154214 0.9126228 0.9177216 0.9158979 0.9173533 0.9134331 0.9103569 0.0086881 2.1199223 
HM585509_Human_herpesvirus_1            0.0231570 0.0168958 0.0212870 0.0205477 0.0205477 0.0177100 0.0163438 0.0194587 0.0190277 0.0194587 0.0205554 0.0194411 0.0000000 0.0160193 0.0212870 0.0168765 0.0168765 0.0194169 0.8223774 0.8096245 0.7955208 0.6634580 0.8288184 0.7935829 0.8114457 0.7699376 0.7828313 0.8065123 0.6026446 0.6937818 0.7757670 0.7922955 0.8058358 0.7285756 0.7989993 0.7907399 0.0229426 0.0206253 0.0202127 0.0208278 0.0191382 0.0252810 0.0224256 0.8573380 0.0172351 0.0173306 0.0203455 0.9041481 0.0184707 0.0188628 0.0193772 0.0194872 0.0194872 0.0169687 0.0165322 0.0183167 0.0199738 0.8772513 0.9025513 0.8781763 0.8801067 0.8979857 0.9244472 0.9137604 0.9102198 0.9082625 0.9107651 0.9104783 0.9075300 0.9079493 0.9111744 0.9125684 0.9082625 0.9060120 0.8951991 0.9012806 0.9111089 0.9034003 0.9034003 0.9098949 0.9048262 0.9070423 0.9099540 0.9149907 0.9068016 0.9112004 0.9095085 0.9110748 0.9051142 0.9088820 0.9060920 0.9128657 0.9093550 0.9124933 0.9102831 0.9055236 0.0217346 2.1031578 
HM585510_Human_herpesvirus_1            0.0115438 0.0057397 0.0065499 0.0097319 0.0097319 0.0052919 0.0027961 0.0088036 0.0093185 0.0088036 0.0097319 0.0066220 0.0160193 0.0000000 0.0065499 0.0048873 0.0048873 0.0061880 0.8034178 0.7883521 0.7775851 0.6308078 0.8084403 0.7765443 0.7998075 0.7464476 0.7646036 0.7876343 0.5731328 0.6665584 0.7454355 0.7687414 0.7935114 0.7058233 0.7823707 0.7595291 0.0089570 0.0091311 0.0119945 0.0115534 0.0079867 0.0111093 0.0118334 0.8498020 0.0083476 0.0066405 0.0070235 0.8946509 0.0053499 0.0072445 0.0063266 0.0062114 0.0062114 0.0049260 0.0049473 0.0074812 0.0066373 0.8801353 0.8930195 0.8790833 0.8870979 0.8985511 0.9241194 0.9060137 0.9019208 0.9004910 0.9030115 0.9027154 0.8992040 0.9013490 0.9034003 0.9031103 0.9004910 0.8999294 0.8856823 0.8896861 0.9028302 0.8956123 0.8956123 0.9021321 0.8964930 0.8992612 0.9021910 0.9089420 0.8990307 0.9034458 0.9034458 0.9050209 0.8973347 0.9028173 0.9000098 0.9051196 0.9032912 0.9047372 0.9008320 0.8977432 0.0105594 2.0808332 
HM585511_Human_herpesvirus_1            0.0123493 0.0095761 0.0007851 0.0105371 0.0105371 0.0082343 0.0056571 0.0087359 0.0119069 0.0087359 0.0105371 0.0091405 0.0212870 0.0065499 0.0000000 0.0073608 0.0073608 0.0086973 0.8203676 0.8070586 0.7930759 0.6594716 0.8230426 0.7915895 0.8145874 0.7647910 0.7781750 0.8038984 0.6024415 0.6843063 0.7632783 0.7826676 0.8037987 0.7225817 0.7977677 0.7804813 0.0124645 0.0117853 0.0146145 0.0141695 0.0105476 0.0132970 0.0145128 0.8621644 0.0108927 0.0091668 0.0095393 0.8993694 0.0078500 0.0107377 0.0088923 0.0087297 0.0087297 0.0091846 0.0092251 0.0100130 0.0091614 0.8788862 0.8977642 0.8797526 0.8857318 0.9013118 0.9249341 0.9106427 0.9065979 0.9051605 0.9076586 0.9073694 0.9039103 0.9060286 0.9080578 0.9094529 0.9051605 0.9046016 0.8904598 0.8944294 0.9074913 0.9003141 0.9003141 0.9067887 0.9012172 0.9039421 0.9068475 0.9157618 0.9037065 0.9080915 0.9080915 0.9096547 0.9020235 0.9074665 0.9046815 0.9097524 0.9079382 0.9093777 0.9054937 0.9024307 0.0131408 2.1116056 
HM585512_Human_herpesvirus_1            0.0100680 0.0065540 0.0078241 0.0078535 0.0078535 0.0061039 0.0036115 0.0061192 0.0074478 0.0061192 0.0078562 0.0048502 0.0168765 0.0048873 0.0073608 0.0000000 0.0000010 0.0036116 0.8187860 0.8032380 0.7899584 0.6517053 0.8200616 0.7849620 0.8115826 0.7631123 0.7772512 0.8006109 0.5988958 0.6803267 0.7591900 0.7793784 0.8012634 0.7214356 0.7911534 0.7732527 0.0084008 0.0072141 0.0100407 0.0096116 0.0061571 0.0087649 0.0098396 0.8566877 0.0065235 0.0048649 0.0052436 0.9025859 0.0036172 0.0062662 0.0045288 0.0044483 0.0044483 0.0048853 0.0044787 0.0052663 0.0040350 0.8786258 0.9009861 0.8795326 0.8834934 0.9016358 0.9225735 0.9121898 0.9064196 0.9066979 0.9091991 0.9089110 0.9037292 0.9058498 0.9096034 0.9109985 0.9066979 0.9061376 0.8919711 0.8959463 0.9073141 0.9018419 0.9018419 0.9083288 0.9010338 0.9054781 0.9083877 0.9151145 0.9052399 0.9096333 0.9096333 0.9111992 0.9035542 0.9090070 0.9062177 0.9112969 0.9094799 0.9109233 0.9087182 0.9039626 0.0086638 2.1186719 
HM585513_Human_herpesvirus_1            0.0100680 0.0065540 0.0078241 0.0078535 0.0078535 0.0061039 0.0036115 0.0061192 0.0074478 0.0061192 0.0078562 0.0048502 0.0168765 0.0048873 0.0073608 0.0000010 0.0000000 0.0036116 0.8187860 0.8032380 0.7899584 0.6517053 0.8200616 0.7849620 0.8115826 0.7631123 0.7772512 0.8006109 0.5988958 0.6803267 0.7591900 0.7793784 0.8012634 0.7214356 0.7911534 0.7732527 0.0084008 0.0072141 0.0100407 0.0096116 0.0061571 0.0087649 0.0098396 0.8566877 0.0065235 0.0048649 0.0052436 0.9025859 0.0036172 0.0062662 0.0045288 0.0044483 0.0044483 0.0048853 0.0044787 0.0052663 0.0040350 0.8786258 0.9009861 0.8795326 0.8834934 0.9016358 0.9225735 0.9121898 0.9064196 0.9066979 0.9091991 0.9089110 0.9037292 0.9058498 0.9096034 0.9109985 0.9066979 0.9061376 0.8919711 0.8959463 0.9073141 0.9018419 0.9018419 0.9083288 0.9010338 0.9054781 0.9083877 0.9151145 0.9052399 0.9096333 0.9096333 0.9111992 0.9035542 0.9090070 0.9062177 0.9112969 0.9094799 0.9109233 0.9087182 0.9039626 0.0086638 2.1186719 
HM585514_Human_herpesvirus_1            0.0123720 0.0087482 0.0091755 0.0100888 0.0100888 0.0074183 0.0048769 0.0082975 0.0096785 0.0082975 0.0100922 0.0053006 0.0194169 0.0061880 0.0086973 0.0036116 0.0036116 0.0000000 0.8086344 0.7934964 0.7799580 0.6391087 0.8104294 0.7792434 0.8051211 0.7524806 0.7671350 0.7900370 0.5882446 0.6716989 0.7482701 0.7683942 0.7957527 0.7135728 0.7872817 0.7622328 0.0093162 0.0081299 0.0114405 0.0110047 0.0078947 0.0101491 0.0103604 0.8571969 0.0078457 0.0061593 0.0065382 0.9015388 0.0048846 0.0076179 0.0058391 0.0057340 0.0057340 0.0070389 0.0066261 0.0069906 0.0019889 0.8885739 0.8999338 0.8853523 0.8936924 0.9064921 0.9314882 0.9111561 0.9071011 0.9056573 0.9081625 0.9078730 0.9044062 0.9065298 0.9085644 0.9099630 0.9056573 0.9050966 0.8909118 0.8932131 0.9079961 0.9007959 0.9007959 0.9072904 0.9017047 0.9044355 0.9073494 0.9140825 0.9025104 0.9085969 0.9085969 0.9101649 0.9025104 0.9079700 0.9051767 0.9102628 0.9084432 0.9098876 0.9059910 0.9029190 0.0100280 2.1211411 
HSV2_1                                  0.8098472 0.8155061 0.8179688 0.8141462 0.8141462 0.8138437 0.8163131 0.8184389 0.8086890 0.8184389 0.8117210 0.8259903 0.8223774 0.8034178 0.8203676 0.8187860 0.8187860 0.8086344 0.0000000 0.0030819 0.0024550 0.0068438 0.0083029 0.0039168 0.0000030 0.0032651 0.0038168 0.0024678 0.0000026 0.0029666 0.0097770 0.0073529 0.0083009 0.0014034 0.0062975 0.0074415 0.8220233 0.8180423 0.8042863 0.8157282 0.8194732 0.8164749 0.8187269 0.1538776 0.8120290 0.7999855 0.8125876 0.0069225 0.8132577 0.8299861 0.8211996 0.8211996 0.8211996 0.8067943 0.8063537 0.8159378 0.8152470 0.0077233 0.0069843 0.0066329 0.0076899 0.0087718 0.0054057 0.0088931 0.0069414 0.0069253 0.0062486 0.0075770 0.0069713 0.0082824 0.0082355 0.0082306 0.0069253 0.0082356 0.0069208 0.0076046 0.0062751 0.0069233 0.0069233 0.0089562 0.0062913 0.0062566 0.0069253 0.0082347 0.0068991 0.0062501 0.0068975 0.0088922 0.0069233 0.0088922 0.0068982 0.0068948 0.0088922 0.0089644 0.0069225 0.0089675 0.8090776 1.7966724 
HSV2_2                                  0.7946734 0.8000466 0.8047605 0.7987625 0.7987625 0.7985074 0.8008372 0.8028455 0.7935477 0.8028455 0.7964416 0.8100995 0.8096245 0.7883521 0.8070586 0.8032380 0.8032380 0.7934964 0.0030819 0.0000000 0.0018295 0.0092894 0.0103256 0.0032732 0.0024033 0.0039473 0.0056626 0.0006044 0.0026184 0.0045028 0.0120443 0.0095272 0.0099744 0.0050213 0.0079975 0.0095635 0.8062603 0.8037156 0.7893597 0.8002874 0.8038538 0.8044753 0.8195998 0.1536233 0.7967633 0.7851125 0.7972894 0.0092473 0.7979223 0.8307810 0.8055142 0.8055142 0.8055142 0.7916628 0.7912153 0.8004867 0.7998340 0.0105897 0.0086815 0.0093707 0.0099585 0.0106889 0.0078155 0.0105446 0.0086296 0.0086097 0.0079372 0.0092506 0.0086656 0.0093063 0.0098985 0.0098929 0.0086097 0.0098986 0.0098904 0.0092830 0.0079702 0.0086073 0.0086073 0.0106177 0.0079904 0.0079472 0.0086097 0.0098976 0.0098606 0.0079392 0.0085764 0.0105436 0.0086073 0.0105436 0.0085772 0.0085731 0.0105436 0.0106269 0.0092473 0.0106304 0.7905454 1.7944177 
HSV2_3                                  0.7816804 0.7868329 0.7908582 0.7856079 0.7856079 0.7848160 0.7870350 0.7895293 0.7805787 0.7895293 0.7833667 0.7953661 0.7955208 0.7775851 0.7930759 0.7899584 0.7899584 0.7799580 0.0024550 0.0018295 0.0000000 0.0068438 0.0096880 0.0012859 0.0018384 0.0019491 0.0055405 0.0006017 0.0012913 0.0037271 0.0115268 0.0089587 0.0096433 0.0042790 0.0077794 0.0088494 0.7944960 0.7880497 0.7753985 0.7859142 0.7899388 0.7883987 0.7892658 0.1489625 0.7831266 0.7734260 0.7842005 0.0083239 0.7836331 0.7995665 0.7909448 0.7909448 0.7909448 0.7859095 0.7854683 0.7878568 0.7860811 0.0093857 0.0083941 0.0082924 0.0093488 0.0102855 0.0072200 0.0101962 0.0083456 0.0083270 0.0076781 0.0089800 0.0084111 0.0096237 0.0095721 0.0096029 0.0083270 0.0095722 0.0095645 0.0089766 0.0077090 0.0083247 0.0083247 0.0102647 0.0077279 0.0077164 0.0083270 0.0095712 0.0095366 0.0076800 0.0082957 0.0101953 0.0083247 0.0101953 0.0082965 0.0082926 0.0101953 0.0102734 0.0083239 0.0102767 0.7798220 1.8199708 
HSV2_4                                  0.6539202 0.6517842 0.6594716 0.6539202 0.6539202 0.6475481 0.6475481 0.6604699 0.6499768 0.6604699 0.6539202 0.6580902 0.6634580 0.6308078 0.6594716 0.6517053 0.6517053 0.6391087 0.0068438 0.0092894 0.0068438 0.0000000 0.0044852 0.0068455 0.0045446 0.0068389 0.0045377 0.0056837 0.0014351 0.0044952 0.0044922 0.0022030 0.0057591 0.0056731 0.0022146 0.0011069 0.6500936 0.6466506 0.6437514 0.6533019 0.6454526 0.6399835 0.6541027 0.1321304 0.6484366 0.6484366 0.6396567 0.0033454 0.6452339 0.6622441 0.6532046 0.6532046 0.6532046 0.6620757 0.6620757 0.6486353 0.6437774 0.0023848 0.0033454 0.0035651 0.0036638 0.0033954 0.0024429 0.0056454 0.0033231 0.0022030 0.0022021 0.0033252 0.0022146 0.0033454 0.0033475 0.0033223 0.0022030 0.0022044 0.0044864 0.0033460 0.0022030 0.0022035 0.0022035 0.0045180 0.0022146 0.0022030 0.0022030 0.0056454 0.0056061 0.0022030 0.0010944 0.0044852 0.0022035 0.0044852 0.0033252 0.0010944 0.0044852 0.0033454 0.0033454 0.0033482 0.6398022 1.5406459 
HSV2_5                                  0.8088822 0.8139213 0.8208997 0.8127113 0.8127113 0.8150772 0.8172834 0.8165329 0.8078489 0.8165329 0.8105504 0.8259172 0.8288184 0.8084403 0.8230426 0.8200616 0.8200616 0.8104294 0.0083029 0.0103256 0.0096880 0.0044852 0.0000000 0.0095672 0.0049777 0.0103511 0.0055395 0.0082635 0.0026411 0.0053039 0.0038500 0.0024238 0.0033120 0.0073613 0.0016578 0.0032485 0.8245679 0.8210047 0.8065442 0.8167608 0.8222857 0.8234845 0.8302848 0.1489203 0.8134579 0.8027257 0.8145269 0.0010796 0.8145560 0.8316762 0.8216434 0.8216434 0.8216434 0.8087957 0.8084058 0.8224220 0.8163309 0.0026408 0.0010877 0.0012644 0.0033107 0.0031371 0.0013297 0.0027234 0.0021944 0.0021884 0.0027321 0.0033127 0.0027765 0.0021839 0.0021734 0.0038740 0.0021884 0.0021733 0.0032754 0.0032880 0.0016362 0.0021724 0.0021724 0.0038575 0.0016440 0.0021894 0.0021884 0.0021732 0.0032895 0.0016305 0.0032888 0.0038601 0.0021724 0.0038601 0.0032891 0.0032877 0.0038601 0.0027428 0.0010796 0.0038616 0.8108222 1.8911712 
HSV2_6                                  0.7780009 0.7838020 0.7890797 0.7824239 0.7824239 0.7847457 0.7872596 0.7868432 0.7799219 0.7868432 0.7798960 0.7973886 0.7935829 0.7765443 0.7915895 0.7849620 0.7849620 0.7792434 0.0039168 0.0032732 0.0012859 0.0068455 0.0095672 0.0000000 0.0033060 0.0026743 0.0053883 0.0006429 0.0012914 0.0037505 0.0108366 0.0083237 0.0095898 0.0043490 0.0074166 0.0085843 0.7931499 0.7890892 0.7779159 0.7898626 0.7867882 0.7888042 0.7865637 0.1596332 0.7853647 0.7731526 0.7840485 0.0080935 0.7840817 0.8038367 0.7923733 0.7923733 0.7923733 0.7846762 0.7841759 0.7842787 0.7861787 0.0081205 0.0081706 0.0071010 0.0080894 0.0084897 0.0056794 0.0102172 0.0081085 0.0080969 0.0073629 0.0087988 0.0081451 0.0081416 0.0095088 0.0095027 0.0080969 0.0095089 0.0095000 0.0088332 0.0073923 0.0080944 0.0080944 0.0102962 0.0074093 0.0073731 0.0080969 0.0095078 0.0094693 0.0073650 0.0080618 0.0102161 0.0080944 0.0102161 0.0080626 0.0080583 0.0102161 0.0103061 0.0080935 0.0103098 0.7792276 1.7777312 
HSV2_7                                  0.8014058 0.8064587 0.8124336 0.8052486 0.8052486 0.8087265 0.8087769 0.8090841 0.8003579 0.8090841 0.8030735 0.8174556 0.8114457 0.7998075 0.8145874 0.8115826 0.8115826 0.8051211 0.0000030 0.0024033 0.0018384 0.0045446 0.0049777 0.0033060 0.0000000 0.0026256 0.0024507 0.0018315 0.0000023 0.0014796 0.0069525 0.0038889 0.0062551 0.0007041 0.0028034 0.0046194 0.8167497 0.8238448 0.7980003 0.8082567 0.8193481 0.8155193 0.8351645 0.1528545 0.8049454 0.7940913 0.8060112 0.0086446 0.8060404 0.8297303 0.8131596 0.8131596 0.8131596 0.8002115 0.7998059 0.8117783 0.8078284 0.0107298 0.0081134 0.0094596 0.0102067 0.0106944 0.0166818 0.0098540 0.0074757 0.0074536 0.0068339 0.0080479 0.0074986 0.0086959 0.0092519 0.0086428 0.0074536 0.0092520 0.0080449 0.0092817 0.0068604 0.0080486 0.0080486 0.0099181 0.0068758 0.0068419 0.0074536 0.0092511 0.0092164 0.0068355 0.0074265 0.0092462 0.0080486 0.0092462 0.0074271 0.0074238 0.0092462 0.0093149 0.0086446 0.0080486 0.7991032 1.7395865 
HSV2_8                                  0.7538100 0.7595027 0.7623022 0.7581642 0.7581642 0.7579872 0.7604151 0.7625158 0.7556743 0.7625158 0.7556501 0.7704584 0.7699376 0.7464476 0.7647910 0.7631123 0.7631123 0.7524806 0.0032651 0.0039473 0.0019491 0.0068389 0.0103511 0.0026743 0.0026256 0.0000000 0.0060303 0.0026150 0.0012914 0.0037235 0.0113646 0.0089477 0.0103872 0.0042941 0.0081664 0.0092236 0.7661710 0.7622475 0.7511979 0.7629969 0.7636620 0.7607139 0.7629206 0.1627616 0.7585857 0.7462187 0.7566209 0.0088638 0.7572796 0.7744054 0.7654836 0.7654836 0.7654836 0.7591225 0.7585763 0.7600523 0.7593723 0.0098742 0.0089496 0.0088368 0.0098360 0.0101601 0.0073957 0.0102992 0.0088753 0.0088675 0.0081199 0.0095797 0.0089163 0.0096273 0.0103002 0.0102938 0.0088675 0.0103004 0.0102909 0.0096170 0.0081482 0.0088648 0.0088648 0.0103776 0.0081664 0.0081266 0.0088675 0.0102992 0.0102566 0.0081221 0.0088295 0.0110173 0.0088648 0.0110173 0.0088304 0.0088257 0.0110173 0.0111145 0.0088638 0.0103872 0.7525310 1.7370095 
HSV2_9                                  0.7655892 0.7707348 0.7759367 0.7695193 0.7695193 0.7720638 0.7742778 0.7734443 0.7672840 0.7734443 0.7672615 0.7833070 0.7828313 0.7646036 0.7781750 0.7772512 0.7772512 0.7671350 0.0038168 0.0056626 0.0055405 0.0045377 0.0055395 0.0053883 0.0024507 0.0060303 0.0000000 0.0038412 0.0012955 0.0037402 0.0059582 0.0031041 0.0047724 0.0035851 0.0035426 0.0061411 0.7794911 0.7770719 0.7659644 0.7765991 0.7726714 0.7818524 0.7853395 0.1483551 0.7731833 0.7616156 0.7714222 0.0047347 0.7714509 0.7960922 0.7788361 0.7788361 0.7788361 0.7731288 0.7726616 0.7773446 0.7733268 0.0064759 0.0041656 0.0048082 0.0043440 0.0061159 0.0037173 0.0041321 0.0041414 0.0041327 0.0041159 0.0035319 0.0047856 0.0047636 0.0041325 0.0059769 0.0041327 0.0041325 0.0059526 0.0041464 0.0035311 0.0035306 0.0035306 0.0053627 0.0035397 0.0041367 0.0041327 0.0041321 0.0041169 0.0035178 0.0035191 0.0047358 0.0035306 0.0047358 0.0047200 0.0035178 0.0047358 0.0053834 0.0047347 0.0053864 0.7671477 1.8339393 
HSV2_10                                 0.7918538 0.7973388 0.8015508 0.7960293 0.7960293 0.7951614 0.7975338 0.8001991 0.7906997 0.8001991 0.7936565 0.8069961 0.8065123 0.7876343 0.8038984 0.8006109 0.8006109 0.7900370 0.0024678 0.0006044 0.0006017 0.0056837 0.0082635 0.0006429 0.0018315 0.0026150 0.0038412 0.0000000 0.0000021 0.0022271 0.0098334 0.0073898 0.0082019 0.0028405 0.0062236 0.0074254 0.8030650 0.7992367 0.7858177 0.7969743 0.8006137 0.7989657 0.8034283 0.1540585 0.7933782 0.7814470 0.7945266 0.0068419 0.7945582 0.8108396 0.8023117 0.8023117 0.8023117 0.7946201 0.7941683 0.7984104 0.7965127 0.0076776 0.0069023 0.0065946 0.0076446 0.0087219 0.0053732 0.0087877 0.0068604 0.0068446 0.0061765 0.0074884 0.0068896 0.0075340 0.0081389 0.0081342 0.0068446 0.0081390 0.0081321 0.0075153 0.0062025 0.0068427 0.0068427 0.0088504 0.0062184 0.0061843 0.0068446 0.0081381 0.0081070 0.0061781 0.0068175 0.0087869 0.0068427 0.0087869 0.0068182 0.0068149 0.0087869 0.0088583 0.0068419 0.0088613 0.7870328 1.7412928 
HSV2_11                                 0.5953683 0.5926966 0.6024415 0.5953683 0.5953683 0.5934846 0.5934846 0.6025017 0.5909188 0.6025017 0.5953683 0.6142480 0.6026446 0.5731328 0.6024415 0.5988958 0.5988958 0.5882446 0.0000026 0.0026184 0.0012913 0.0014351 0.0026411 0.0012914 0.0000023 0.0012914 0.0012955 0.0000021 0.0000000 0.0000021 0.0053184 0.0000026 0.0039903 0.0000026 0.0000026 0.0026241 0.6044895 0.5890571 0.5838336 0.5954295 0.5999566 0.6036299 0.6007090 0.1361186 0.5944855 0.5683655 0.5890170 0.0013013 0.5907372 0.6053518 0.5997664 0.5997664 0.5997664 0.5996850 0.5996850 0.5846856 0.5934846 0.0015002 0.0013255 0.0014652 0.0030254 0.0013610 0.0015468 0.0039593 0.0012907 0.0000026 0.0012907 0.0012917 0.0000026 0.0013013 0.0039602 0.0012903 0.0000026 0.0039603 0.0013013 0.0039903 0.0000026 0.0026213 0.0026213 0.0039893 0.0000026 0.0000026 0.0000026 0.0039593 0.0025997 0.0000026 0.0000026 0.0026184 0.0026213 0.0026184 0.0012914 0.0000026 0.0026184 0.0013013 0.0013013 0.0026213 0.5838244 1.4063734 
HSV2_12                                 0.6830860 0.6837350 0.6843063 0.6830860 0.6830860 0.6774804 0.6819796 0.6876343 0.6803868 0.6876343 0.6830860 0.6908164 0.6937818 0.6665584 0.6843063 0.6803267 0.6803267 0.6716989 0.0029666 0.0045028 0.0037271 0.0044952 0.0053039 0.0037505 0.0014796 0.0037235 0.0037402 0.0022271 0.0000021 0.0000000 0.0068833 0.0037348 0.0053295 0.0029946 0.0029720 0.0046269 0.6845753 0.6774779 0.6728100 0.6820980 0.6875906 0.6810952 0.6820017 0.1501052 0.6781203 0.6638668 0.6759461 0.0037414 0.6765838 0.6975805 0.6854141 0.6854141 0.6854141 0.6901674 0.6901674 0.6782490 0.6749086 0.0033514 0.0037811 0.0041477 0.0042085 0.0039753 0.0034083 0.0052804 0.0037285 0.0037432 0.0029675 0.0037256 0.0037478 0.0045111 0.0052811 0.0052773 0.0037432 0.0052811 0.0029810 0.0045281 0.0029684 0.0037420 0.0037420 0.0045275 0.0029720 0.0029684 0.0037432 0.0052804 0.0052558 0.0029684 0.0029684 0.0052773 0.0037420 0.0052773 0.0037256 0.0037233 0.0052773 0.0045295 0.0037414 0.0045301 0.6748691 1.6156760 
HSV2_13                                 0.7490682 0.7545702 0.7608595 0.7532795 0.7532795 0.7566648 0.7590211 0.7574879 0.7508661 0.7574879 0.7508430 0.7687809 0.7757670 0.7454355 0.7632783 0.7591900 0.7591900 0.7482701 0.0097770 0.0120443 0.0115268 0.0044922 0.0038500 0.0108366 0.0069525 0.0113646 0.0059582 0.0098334 0.0053184 0.0068833 0.0000000 0.0038694 0.0052478 0.0082901 0.0032076 0.0034011 0.7646098 0.7608029 0.7554390 0.7615302 0.7646414 0.7629925 0.7639196 0.1595900 0.7572457 0.7452159 0.7553353 0.0025396 0.7559745 0.7726095 0.7639466 0.7639466 0.7639466 0.7607941 0.7602666 0.7610922 0.7549576 0.0022603 0.0025624 0.0022324 0.0015029 0.0021487 0.0022976 0.0025402 0.0038499 0.0038670 0.0045050 0.0038827 0.0045598 0.0031834 0.0012609 0.0058791 0.0038670 0.0025610 0.0051426 0.0045415 0.0031979 0.0038649 0.0038649 0.0051848 0.0032076 0.0038670 0.0038670 0.0025402 0.0038509 0.0031979 0.0045062 0.0051868 0.0038649 0.0051868 0.0051679 0.0051652 0.0051868 0.0031979 0.0025396 0.0052316 0.7542829 1.8210343 
HSV2_14                                 0.7697050 0.7750183 0.7803619 0.7737609 0.7737609 0.7763748 0.7786653 0.7778119 0.7714582 0.7778119 0.7714349 0.7879680 0.7922955 0.7687414 0.7826676 0.7793784 0.7793784 0.7683942 0.0073529 0.0095272 0.0089587 0.0022030 0.0024238 0.0083237 0.0038889 0.0089477 0.0031041 0.0073898 0.0000026 0.0037348 0.0038694 0.0000000 0.0055551 0.0058846 0.0005906 0.0033765 0.7840496 0.7826977 0.7700942 0.7810566 0.7840334 0.7853655 0.7862763 0.1601543 0.7769392 0.7656502 0.7757207 0.0017846 0.7757507 0.7940494 0.7833618 0.7833618 0.7833618 0.7792249 0.7787540 0.7841788 0.7747605 0.0021318 0.0017996 0.0020953 0.0028574 0.0020326 0.0021658 0.0029936 0.0011805 0.0011854 0.0017771 0.0017853 0.0017965 0.0023862 0.0029939 0.0030035 0.0011854 0.0029939 0.0042125 0.0036152 0.0005888 0.0029925 0.0029925 0.0036148 0.0005904 0.0011854 0.0011854 0.0029936 0.0029824 0.0005888 0.0017775 0.0023859 0.0029925 0.0023859 0.0023778 0.0023767 0.0023859 0.0024046 0.0017846 0.0048713 0.7713084 1.8314100 
HSV2_15                                 0.7917138 0.7959824 0.8019676 0.7949644 0.7949644 0.7969827 0.8011997 0.7982068 0.7908150 0.7982068 0.7931173 0.8062415 0.8058358 0.7935114 0.8037987 0.8012634 0.8012634 0.7957527 0.0083009 0.0099744 0.0096433 0.0057591 0.0033120 0.0095898 0.0062551 0.0103872 0.0047724 0.0082019 0.0039903 0.0053295 0.0052478 0.0055551 0.0000000 0.0073941 0.0040617 0.0039108 0.8115548 0.8105464 0.7915381 0.8026162 0.8030341 0.8050647 0.8184790 0.1477505 0.7956200 0.7863349 0.7965181 0.0037884 0.7965429 0.8139071 0.8025904 0.8025904 0.8025904 0.7915521 0.7890768 0.8032472 0.7980671 0.0051315 0.0033302 0.0043436 0.0028556 0.0053840 0.0076801 0.0037891 0.0052900 0.0043009 0.0047732 0.0043138 0.0053244 0.0038068 0.0028312 0.0057916 0.0043009 0.0028300 0.0037884 0.0023589 0.0038128 0.0018773 0.0018773 0.0047859 0.0038202 0.0043042 0.0043009 0.0028354 0.0042876 0.0042868 0.0047750 0.0057737 0.0018773 0.0057737 0.0052659 0.0047730 0.0057737 0.0047898 0.0037884 0.0013968 0.7933742 1.9404840 
HSV2_16                                 0.7160828 0.7167458 0.7225817 0.7160828 0.7160828 0.7159618 0.7204412 0.7206109 0.7134407 0.7206109 0.7160828 0.7291232 0.7285756 0.7058233 0.7225817 0.7214356 0.7214356 0.7135728 0.0014034 0.0050213 0.0042790 0.0056731 0.0073613 0.0043490 0.0007041 0.0042941 0.0035851 0.0028405 0.0000026 0.0029946 0.0082901 0.0058846 0.0073941 0.0000000 0.0050806 0.0060234 0.7231039 0.7159521 0.7114259 0.7205626 0.7239306 0.7195424 0.7238130 0.1541654 0.7166130 0.7030587 0.7145051 0.0058158 0.7151679 0.7331401 0.7238408 0.7238408 0.7238408 0.7237227 0.7237227 0.7180934 0.7167455 0.0074568 0.0058758 0.0064779 0.0074274 0.0078666 0.0049663 0.0073255 0.0058270 0.0058185 0.0050468 0.0057921 0.0058561 0.0058534 0.0073264 0.0073213 0.0058185 0.0073265 0.0050704 0.0065961 0.0050686 0.0058166 0.0058166 0.0065953 0.0050806 0.0050542 0.0058185 0.0073255 0.0057930 0.0050483 0.0057914 0.0080838 0.0058166 0.0080838 0.0057921 0.0057888 0.0080838 0.0081602 0.0058158 0.0073941 0.7134060 1.6926971 
HSV2_17                                 0.7830371 0.7875235 0.7958323 0.7864569 0.7864569 0.7905607 0.7905723 0.7898692 0.7820795 0.7898692 0.7845066 0.7983637 0.7989993 0.7823707 0.7977677 0.7911534 0.7911534 0.7872817 0.0062975 0.0079975 0.0077794 0.0022146 0.0016578 0.0074166 0.0028034 0.0081664 0.0035426 0.0062236 0.0000026 0.0029720 0.0032076 0.0005906 0.0040617 0.0050806 0.0000000 0.0025687 0.8001350 0.8038211 0.7809271 0.7925975 0.7998283 0.7990888 0.8136515 0.1440729 0.7871580 0.7772914 0.7880984 0.0014805 0.7881242 0.8118146 0.7945069 0.7945069 0.7945069 0.7828187 0.7824296 0.7951969 0.7897372 0.0017772 0.0009909 0.0017077 0.0018218 0.0011106 0.0079712 0.0024802 0.0004894 0.0004911 0.0009806 0.0014856 0.0009875 0.0019783 0.0019799 0.0019843 0.0004911 0.0019799 0.0029825 0.0024875 0.0000028 0.0019791 0.0019791 0.0035099 0.0000028 0.0004915 0.0004911 0.0019798 0.0024727 0.0000028 0.0009808 0.0014802 0.0019791 0.0014802 0.0014760 0.0014754 0.0014802 0.0019910 0.0014805 0.0030036 0.7847902 1.8862158 
HSV2_18                                 0.7659544 0.7715806 0.7780321 0.7702508 0.7702508 0.7706994 0.7713146 0.7745436 0.7678075 0.7745436 0.7677829 0.7829790 0.7907399 0.7595291 0.7804813 0.7732527 0.7732527 0.7622328 0.0074415 0.0095635 0.0088494 0.0011069 0.0032485 0.0085843 0.0046194 0.0092236 0.0061411 0.0074254 0.0026241 0.0046269 0.0034011 0.0033765 0.0039108 0.0060234 0.0025687 0.0000000 0.7788075 0.7749058 0.7646853 0.7763085 0.7788033 0.7740217 0.7823925 0.1600472 0.7725748 0.7599174 0.7657590 0.0019059 0.7700276 0.7839026 0.7780939 0.7780939 0.7780939 0.7725138 0.7720017 0.7734095 0.7689842 0.0016001 0.0019230 0.0022879 0.0024122 0.0022235 0.0016267 0.0038503 0.0032109 0.0032252 0.0025603 0.0038826 0.0032351 0.0025494 0.0019066 0.0045426 0.0032252 0.0032251 0.0031963 0.0038973 0.0025610 0.0032243 0.0032243 0.0038790 0.0025687 0.0025610 0.0032252 0.0031988 0.0045267 0.0025610 0.0025610 0.0045426 0.0032243 0.0045426 0.0032121 0.0032104 0.0045426 0.0025610 0.0019059 0.0038988 0.7689422 1.7836615 
JN400093_Human_herpesvirus_1            0.0150017 0.0111997 0.0129859 0.0126066 0.0126066 0.0088680 0.0084318 0.0116285 0.0121851 0.0116285 0.0126111 0.0084226 0.0229426 0.0089570 0.0124645 0.0084008 0.0084008 0.0093162 0.8220233 0.8062603 0.7944960 0.6500936 0.8245679 0.7931499 0.8167497 0.7661710 0.7794911 0.8030650 0.6044895 0.6845753 0.7646098 0.7840496 0.8115548 0.7231039 0.8001350 0.7788075 0.0000000 0.0096542 0.0116868 0.0121501 0.0093562 0.0131126 0.0128589 0.8767672 0.0093337 0.0071371 0.0088301 0.9167330 0.0075334 0.0090627 0.0072509 0.0084700 0.0084700 0.0098208 0.0093965 0.0101931 0.0102689 0.8949530 0.9146137 0.8925328 0.8984523 0.9199892 0.9275097 0.9282934 0.9242070 0.9226597 0.9252118 0.9249326 0.9214794 0.9236153 0.9256730 0.9270774 0.9226597 0.9238399 0.9075535 0.9133628 0.9250891 0.9176674 0.9194221 0.9243299 0.9187042 0.9214169 0.9243913 0.9313283 0.9211494 0.9256634 0.9256634 0.9272690 0.9194221 0.9250177 0.9221628 0.9273679 0.9255068 0.9270020 0.9229823 0.9198468 0.0111394 2.1227983 
JN420337_Human_herpesvirus_1            0.0142698 0.0104731 0.0123107 0.0118576 0.0118576 0.0094897 0.0077026 0.0099645 0.0114307 0.0099645 0.0118619 0.0072351 0.0206253 0.0091311 0.0117853 0.0072141 0.0072141 0.0081299 0.8180423 0.8037156 0.7880497 0.6466506 0.8210047 0.7890892 0.8238448 0.7622475 0.7770719 0.7992367 0.5890571 0.6774779 0.7608029 0.7826977 0.8105464 0.7159521 0.8038211 0.7749058 0.0096542 0.0000000 0.0054981 0.0042024 0.0090534 0.0114685 0.0121196 0.8716366 0.0063739 0.0029257 0.0094740 0.9173984 0.0063434 0.0088273 0.0073732 0.0072352 0.0072352 0.0091308 0.0086983 0.0085893 0.0090814 0.8950189 0.9139704 0.8939243 0.8948082 0.9177725 0.9179290 0.9256377 0.9232624 0.9216862 0.9242930 0.9222084 0.9204749 0.9226584 0.9229587 0.9261970 0.9216862 0.9210951 0.9062624 0.9104094 0.9241651 0.9165893 0.9165893 0.9233919 0.9176412 0.9204166 0.9234545 0.9287286 0.9201449 0.9229557 0.9229557 0.9245939 0.9165893 0.9222975 0.9211791 0.9246950 0.9245939 0.9261200 0.9237832 0.9170216 0.0050362 2.1301644 
JN420338_Human_herpesvirus_1            0.0181138 0.0137826 0.0151495 0.0156740 0.0156740 0.0122923 0.0105478 0.0137519 0.0142522 0.0137519 0.0156796 0.0100690 0.0202127 0.0119945 0.0146145 0.0100407 0.0100407 0.0114405 0.8042863 0.7893597 0.7753985 0.6437514 0.8065442 0.7779159 0.7980003 0.7511979 0.7659644 0.7858177 0.5838336 0.6728100 0.7554390 0.7700942 0.7915381 0.7114259 0.7809271 0.7646853 0.0116868 0.0054981 0.0000000 0.0027949 0.0133805 0.0152950 0.0130846 0.8548214 0.0040156 0.0036347 0.0123007 0.8930914 0.0096336 0.0121397 0.0098364 0.0096549 0.0096549 0.0119298 0.0115078 0.0113688 0.0114519 0.8755718 0.8897613 0.8733584 0.8809168 0.8962702 0.9191647 0.9026558 0.8985945 0.8971931 0.8996890 0.8993927 0.8959009 0.8980301 0.9000641 0.9014673 0.8971931 0.8966385 0.8842145 0.8902662 0.8995006 0.8923696 0.8923696 0.8988169 0.8932209 0.8959750 0.8988750 0.9055451 0.8957517 0.9001174 0.9001174 0.9016755 0.8940737 0.8994964 0.8967180 0.9017734 0.8999644 0.9013916 0.8992144 0.8944766 0.0060944 2.1296092 
