91
HM585496_Human_herpesvirus_1            0.0000000 0.0051294 0.0003918 0.0003918 0.0055261 0.0103262 0.0071268 0.0007839 0.0087756 0.0063233 0.0067219 0.0091125 0.0107347 0.0103281 0.0095324 0.0103281 0.2618999 0.2663844 0.2760962 0.1849159 0.2725745 0.2583449 0.2734613 0.2401307 0.2654561 0.2662239 0.2253655 0.2689166 0.2739028 0.2570885 0.2794951 0.2551868 0.2745651 0.2640705 0.0083219 0.0071325 0.0079188 0.0079237 0.0091175 0.0075188 0.0087149 0.2680368 0.0083214 0.0075215 0.0083144 0.2831246 0.0095196 0.0091222 0.0079217 0.0079217 0.0075152 0.0075152 0.0099291 0.0099345 0.2831246 0.2822856 0.2846741 0.2831785 0.2839649 0.2824350 0.2839649 0.2863266 0.2826462 0.2838655 0.2871187 0.2839523 0.2831488 0.2869705 0.2853882 0.2861789 0.2836729 0.2835271 0.2836664 0.2819691 0.2839523 0.2838857 0.2869340 0.2831488 0.2861789 0.2868700 0.2885312 0.2893578 0.2846985 0.2842945 0.2895132 0.2851064 0.2838114 0.0083214 0.2831785 0.0075192 0.6771553 
HM585497_Human_herpesvirus_1            0.0051294 0.0000000 0.0047335 0.0047335 0.0043366 0.0075205 0.0083317 0.0051305 0.0059651 0.0075243 0.0039411 0.0063184 0.0079247 0.0075219 0.0067299 0.0075219 0.2607372 0.2652181 0.2748219 0.1849159 0.2713943 0.2571124 0.2723266 0.2399465 0.2642600 0.2650520 0.2236321 0.2675266 0.2726200 0.2556289 0.2785063 0.2539522 0.2734127 0.2628799 0.0055298 0.0043444 0.0051304 0.0051335 0.0063218 0.0039409 0.0059225 0.2653883 0.0055294 0.0047348 0.0055248 0.2818453 0.0067209 0.0071219 0.0051323 0.0051323 0.0047309 0.0047309 0.0063282 0.0071293 0.2818453 0.2810091 0.2833895 0.2818988 0.2826828 0.2811577 0.2826828 0.2850343 0.2813675 0.2825840 0.2858241 0.2826704 0.2818696 0.2856769 0.2840993 0.2848876 0.2823900 0.2822451 0.2823857 0.2806924 0.2826704 0.2826042 0.2856403 0.2818696 0.2848876 0.2855768 0.2872329 0.2880566 0.2834093 0.2830102 0.2882110 0.2838174 0.2825303 0.0055294 0.2818988 0.0047334 0.6717963 
HM585498_Human_herpesvirus_1            0.0003918 0.0047335 0.0000000 0.0000010 0.0051299 0.0099253 0.0067290 0.0003918 0.0083747 0.0059265 0.0063248 0.0087139 0.0103342 0.0099271 0.0091327 0.0099271 0.2611841 0.2656695 0.2753217 0.1849159 0.2718550 0.2575836 0.2727703 0.2393852 0.2647222 0.2655054 0.2253655 0.2680663 0.2731217 0.2561857 0.2788124 0.2544218 0.2738639 0.2633391 0.0079235 0.0067344 0.0075208 0.0075254 0.0087187 0.0071211 0.0083165 0.2673690 0.0079230 0.0071237 0.0079163 0.2824382 0.0091204 0.0087232 0.0075236 0.0075236 0.0071177 0.0071177 0.0095293 0.0095345 0.2824382 0.2816001 0.2839860 0.2824919 0.2832776 0.2817492 0.2832776 0.2856355 0.2819598 0.2831785 0.2864270 0.2832651 0.2824625 0.2862792 0.2846983 0.2854883 0.2829850 0.2828395 0.2829796 0.2812833 0.2832651 0.2831987 0.2862427 0.2824625 0.2854883 0.2861789 0.2878385 0.2886642 0.2840079 0.2836062 0.2888191 0.2844162 0.2831246 0.0079230 0.2824919 0.0071215 0.6757919 
HM585499_Human_herpesvirus_1            0.0003918 0.0047335 0.0000010 0.0000000 0.0051299 0.0099253 0.0067290 0.0003918 0.0083747 0.0059265 0.0063248 0.0087139 0.0103342 0.0099271 0.0091327 0.0099271 0.2611841 0.2656695 0.2753217 0.1849159 0.2718550 0.2575836 0.2727703 0.2393852 0.2647222 0.2655054 0.2253655 0.2680663 0.2731217 0.2561857 0.2788124 0.2544218 0.2738639 0.2633391 0.0079235 0.0067344 0.0075208 0.0075254 0.0087187 0.0071211 0.0083165 0.2673690 0.0079230 0.0071237 0.0079163 0.2824382 0.0091204 0.0087232 0.0075236 0.0075236 0.0071177 0.0071177 0.0095293 0.0095345 0.2824382 0.2816001 0.2839860 0.2824919 0.2832776 0.2817492 0.2832776 0.2856355 0.2819598 0.2831785 0.2864270 0.2832651 0.2824625 0.2862792 0.2846983 0.2854883 0.2829850 0.2828395 0.2829796 0.2812833 0.2832651 0.2831987 0.2862427 0.2824625 0.2854883 0.2861789 0.2878385 0.2886642 0.2840079 0.2836062 0.2888191 0.2844162 0.2831246 0.0079230 0.2824919 0.0071215 0.6757919 
HM585501_Human_herpesvirus_1            0.0055261 0.0043366 0.0051299 0.0051299 0.0000000 0.0063159 0.0087296 0.0055273 0.0055614 0.0079214 0.0027514 0.0059169 0.0075200 0.0071180 0.0063270 0.0071180 0.2589739 0.2634532 0.2729016 0.1849159 0.2696130 0.2562352 0.2706148 0.2390841 0.2624493 0.2632787 0.2192656 0.2654267 0.2706856 0.2532916 0.2768094 0.2530707 0.2726040 0.2610765 0.0051290 0.0031511 0.0039358 0.0047333 0.0059201 0.0035403 0.0055215 0.2637428 0.0051287 0.0043354 0.0051245 0.2801375 0.0063185 0.0059188 0.0047322 0.0047322 0.0043319 0.0043319 0.0059218 0.0067257 0.2801375 0.2793041 0.2816759 0.2801905 0.2809722 0.2803665 0.2809722 0.2833122 0.2805756 0.2808739 0.2840995 0.2809598 0.2801620 0.2839534 0.2823808 0.2831667 0.2815962 0.2814518 0.2806765 0.2799012 0.2809598 0.2808941 0.2839168 0.2801620 0.2831667 0.2838540 0.2855046 0.2863251 0.2816898 0.2822159 0.2864783 0.2820984 0.2808207 0.0051287 0.2801905 0.0035405 0.6764097 
HM585502_Human_herpesvirus_1            0.0103262 0.0075205 0.0099253 0.0099253 0.0063159 0.0000000 0.0119525 0.0103284 0.0071633 0.0111350 0.0035403 0.0035371 0.0087243 0.0083205 0.0079241 0.0083205 0.2590922 0.2642756 0.2721433 0.1849159 0.2704315 0.2563657 0.2713996 0.2392406 0.2625652 0.2641053 0.2192656 0.2655556 0.2715721 0.2524507 0.2775765 0.2532070 0.2733991 0.2611942 0.0067202 0.0047358 0.0047268 0.0063234 0.0067145 0.0043303 0.0063151 0.2643653 0.0059226 0.0051279 0.0059173 0.2809038 0.0071159 0.0059166 0.0063218 0.0063218 0.0051233 0.0051233 0.0071200 0.0083244 0.2809038 0.2800706 0.2824422 0.2809570 0.2817383 0.2811332 0.2817383 0.2840794 0.2813427 0.2816400 0.2848665 0.2817259 0.2809282 0.2847202 0.2831481 0.2839336 0.2823636 0.2822190 0.2814425 0.2806686 0.2817259 0.2816602 0.2846836 0.2809282 0.2839336 0.2846206 0.2862708 0.2870913 0.2824586 0.2829828 0.2872448 0.2828663 0.2815866 0.0067198 0.2809570 0.0043308 0.6727700 
HM585504_Human_herpesvirus_1            0.0071268 0.0083317 0.0067290 0.0067290 0.0087296 0.0119525 0.0000000 0.0071284 0.0095876 0.0031477 0.0083297 0.0107320 0.0115476 0.0111397 0.0103426 0.0111397 0.2616326 0.2661239 0.2752282 0.1849159 0.2723213 0.2568589 0.2740368 0.2383885 0.2640259 0.2659620 0.2192656 0.2662636 0.2714642 0.2532274 0.2800748 0.2533943 0.2751511 0.2626447 0.0091285 0.0087449 0.0095325 0.0087295 0.0107379 0.0091303 0.0103329 0.2685829 0.0091279 0.0083260 0.0099293 0.2837142 0.0103297 0.0107435 0.0087273 0.0087273 0.0091260 0.0091260 0.0115553 0.0107468 0.2837142 0.2828729 0.2852682 0.2837683 0.2845568 0.2830228 0.2845568 0.2869262 0.2832350 0.2844571 0.2877204 0.2845443 0.2837384 0.2875716 0.2859851 0.2867778 0.2842649 0.2841184 0.2842573 0.2825561 0.2845443 0.2844773 0.2875351 0.2837384 0.2867778 0.2874706 0.2891363 0.2899653 0.2852947 0.2848879 0.2901214 0.2857030 0.2844028 0.0091279 0.2837683 0.0091308 0.6738275 
HM585506_Human_herpesvirus_1            0.0007839 0.0051305 0.0003918 0.0003918 0.0055273 0.0103284 0.0071284 0.0000000 0.0087775 0.0063247 0.0067234 0.0091145 0.0107370 0.0103303 0.0095345 0.0103303 0.2619863 0.2664716 0.2761926 0.1849159 0.2726633 0.2584360 0.2735468 0.2402156 0.2655453 0.2663114 0.2253655 0.2690209 0.2739995 0.2571962 0.2795806 0.2552776 0.2746521 0.2641592 0.0083237 0.0071340 0.0079205 0.0079254 0.0091195 0.0075204 0.0087168 0.2681185 0.0083232 0.0075231 0.0083162 0.2832112 0.0095216 0.0091242 0.0079235 0.0079235 0.0075168 0.0075168 0.0099313 0.0099366 0.2832112 0.2823720 0.2847612 0.2832651 0.2840518 0.2825214 0.2840518 0.2864143 0.2827328 0.2839523 0.2872067 0.2840392 0.2832354 0.2870584 0.2854756 0.2862665 0.2837598 0.2836139 0.2837531 0.2820555 0.2840392 0.2839726 0.2870219 0.2832354 0.2862665 0.2869578 0.2886195 0.2894464 0.2847859 0.2843815 0.2896019 0.2851938 0.2838983 0.0083232 0.2832651 0.0075208 0.6773088 
HM585508_Human_herpesvirus_1            0.0087756 0.0059651 0.0083747 0.0083747 0.0055614 0.0071633 0.0095876 0.0087775 0.0000000 0.0087729 0.0035673 0.0059562 0.0051574 0.0047568 0.0031681 0.0047568 0.2591225 0.2636042 0.2730710 0.1849159 0.2697686 0.2563918 0.2706260 0.2392271 0.2626037 0.2634304 0.2232503 0.2634502 0.2699398 0.2525002 0.2768233 0.2532261 0.2726163 0.2612296 0.0027690 0.0039720 0.0047623 0.0023729 0.0059594 0.0043633 0.0055584 0.2637505 0.0035653 0.0035658 0.0051589 0.2801530 0.0039589 0.0059610 0.0023723 0.0023723 0.0043612 0.0043612 0.0067663 0.0035657 0.2801530 0.2793193 0.2816923 0.2802061 0.2809881 0.2803822 0.2809881 0.2833294 0.2805914 0.2808898 0.2841171 0.2809757 0.2801776 0.2839709 0.2823975 0.2831838 0.2816125 0.2814681 0.2806923 0.2799167 0.2809757 0.2809101 0.2839343 0.2801776 0.2831838 0.2838715 0.2855229 0.2863438 0.2817062 0.2822325 0.2864971 0.2821150 0.2808366 0.0027688 0.2802061 0.0043635 0.6759924 
HM585509_Human_herpesvirus_1            0.0063233 0.0075243 0.0059265 0.0059265 0.0079214 0.0111350 0.0031477 0.0063247 0.0087729 0.0000000 0.0075225 0.0099178 0.0107314 0.0103249 0.0095295 0.0103249 0.2594833 0.2639660 0.2734661 0.1849159 0.2701346 0.2557787 0.2719292 0.2376375 0.2629747 0.2637938 0.2231441 0.2650446 0.2703365 0.2540848 0.2779789 0.2526119 0.2730099 0.2615989 0.0083194 0.0079353 0.0087220 0.0079213 0.0099232 0.0083211 0.0095195 0.2658214 0.0083189 0.0075192 0.0091181 0.2815985 0.0095166 0.0099284 0.0079193 0.0079193 0.0083171 0.0083171 0.0107385 0.0099314 0.2815985 0.2807618 0.2831435 0.2816520 0.2824365 0.2809105 0.2824365 0.2847888 0.2811203 0.2823376 0.2855790 0.2824241 0.2816229 0.2854318 0.2838533 0.2846421 0.2821432 0.2819983 0.2821393 0.2804448 0.2824241 0.2823579 0.2853952 0.2816229 0.2846421 0.2853318 0.2869888 0.2878129 0.2831625 0.2827638 0.2879673 0.2835710 0.2822840 0.0083189 0.2816520 0.0083215 0.6779111 
HM585510_Human_herpesvirus_1            0.0067219 0.0039411 0.0063248 0.0063248 0.0027514 0.0035403 0.0083297 0.0067234 0.0035673 0.0075225 0.0000000 0.0031447 0.0055279 0.0051286 0.0043395 0.0051286 0.2572652 0.2617393 0.2701686 0.1849159 0.2678789 0.2544199 0.2689470 0.2373333 0.2606920 0.2615565 0.2192656 0.2633874 0.2688022 0.2501554 0.2751525 0.2512524 0.2709059 0.2593274 0.0031489 0.0011789 0.0011766 0.0027546 0.0039374 0.0015698 0.0035412 0.2620005 0.0023589 0.0015710 0.0031461 0.2784682 0.0043337 0.0039366 0.0027539 0.0027539 0.0023573 0.0023573 0.0039385 0.0047363 0.2784682 0.2776381 0.2800002 0.2785208 0.2792996 0.2786954 0.2792996 0.2816273 0.2789028 0.2792020 0.2824118 0.2792873 0.2784929 0.2822670 0.2807000 0.2814830 0.2799183 0.2797751 0.2790056 0.2782307 0.2792873 0.2792222 0.2822302 0.2784929 0.2814830 0.2821682 0.2838127 0.2846297 0.2800082 0.2805364 0.2847818 0.2804172 0.2791492 0.0031487 0.2785208 0.0007840 0.6752021 
HM585511_Human_herpesvirus_1            0.0091125 0.0063184 0.0087139 0.0087139 0.0059169 0.0035371 0.0107320 0.0091145 0.0059562 0.0099178 0.0031447 0.0000000 0.0079128 0.0075106 0.0067199 0.0075106 0.2592529 0.2637167 0.2715236 0.1849159 0.2698576 0.2565423 0.2708462 0.2394487 0.2627232 0.2635438 0.2231441 0.2657318 0.2709470 0.2530634 0.2770191 0.2533910 0.2728332 0.2613543 0.0055215 0.0043380 0.0043298 0.0051259 0.0055168 0.0039338 0.0051192 0.2638439 0.0047271 0.0039354 0.0047229 0.2803380 0.0067109 0.0063136 0.0051246 0.0051246 0.0039319 0.0039319 0.0071148 0.0071187 0.2803380 0.2795069 0.2818722 0.2803909 0.2811704 0.2805664 0.2811704 0.2835043 0.2807751 0.2810723 0.2842894 0.2811580 0.2803624 0.2841437 0.2825755 0.2833591 0.2817930 0.2816489 0.2808754 0.2801026 0.2811580 0.2810925 0.2841071 0.2803624 0.2833591 0.2840445 0.2856905 0.2865088 0.2818867 0.2824109 0.2866617 0.2822940 0.2810192 0.0055212 0.2803909 0.0039342 0.6744704 
HM585512_Human_herpesvirus_1            0.0107347 0.0079247 0.0103342 0.0103342 0.0075200 0.0087243 0.0115476 0.0107370 0.0051574 0.0107314 0.0055279 0.0079128 0.0000000 0.0003914 0.0043333 0.0003914 0.2583027 0.2627727 0.2732142 0.1849159 0.2702348 0.2555269 0.2710729 0.2389944 0.2617532 0.2639010 0.2231441 0.2634517 0.2705937 0.2536231 0.2772608 0.2526634 0.2733530 0.2613854 0.0047282 0.0059353 0.0067215 0.0043331 0.0079171 0.0063227 0.0075159 0.2646211 0.0055247 0.0055255 0.0071166 0.2805904 0.0059157 0.0087209 0.0043321 0.0043321 0.0063197 0.0063197 0.0055259 0.0047296 0.2805904 0.2797566 0.2821297 0.2806435 0.2814255 0.2808197 0.2814255 0.2837676 0.2810292 0.2813271 0.2845553 0.2814131 0.2806148 0.2844090 0.2828357 0.2836219 0.2820506 0.2819060 0.2811295 0.2803546 0.2814131 0.2813473 0.2843724 0.2806148 0.2836219 0.2843095 0.2859609 0.2867819 0.2821451 0.2826705 0.2869354 0.2825535 0.2812738 0.0047279 0.2806435 0.0063230 0.6721259 
HM585513_Human_herpesvirus_1            0.0103281 0.0075219 0.0099271 0.0099271 0.0071180 0.0083205 0.0111397 0.0103303 0.0047568 0.0103249 0.0051286 0.0075106 0.0003914 0.0000000 0.0039360 0.0000010 0.2583027 0.2627727 0.2732142 0.1849159 0.2699071 0.2555269 0.2707573 0.2389944 0.2617532 0.2635792 0.2231441 0.2634517 0.2702381 0.2532314 0.2769439 0.2526634 0.2730301 0.2613854 0.0043305 0.0055349 0.0063207 0.0039358 0.0075147 0.0059224 0.0071142 0.2646211 0.0051257 0.0051264 0.0067155 0.2802693 0.0055166 0.0083173 0.0039349 0.0039349 0.0059196 0.0059196 0.0051268 0.0043317 0.2802693 0.2794366 0.2818066 0.2803223 0.2811033 0.2804982 0.2811033 0.2834418 0.2807072 0.2810051 0.2842284 0.2810909 0.2802938 0.2840825 0.2825111 0.2832963 0.2817270 0.2815828 0.2808078 0.2800333 0.2810909 0.2810253 0.2840459 0.2802938 0.2832963 0.2839831 0.2856325 0.2864524 0.2818208 0.2823462 0.2866056 0.2822290 0.2809519 0.0043302 0.2803223 0.0059227 0.6712810 
HM585514_Human_herpesvirus_1            0.0095324 0.0067299 0.0091327 0.0091327 0.0063270 0.0079241 0.0103426 0.0095345 0.0031681 0.0095295 0.0043395 0.0067199 0.0043333 0.0039360 0.0000000 0.0039360 0.2583600 0.2628387 0.2733072 0.1849159 0.2688491 0.2563407 0.2708361 0.2387309 0.2618189 0.2636474 0.2192656 0.2622025 0.2695549 0.2515411 0.2770324 0.2524156 0.2728305 0.2614503 0.0035431 0.0047441 0.0055304 0.0031486 0.0067235 0.0051326 0.0063236 0.2653736 0.0043370 0.0043376 0.0059253 0.2803640 0.0047284 0.0067253 0.0031479 0.0031479 0.0051302 0.0051302 0.0075287 0.0003916 0.2803640 0.2795297 0.2819041 0.2804171 0.2811995 0.2805933 0.2811995 0.2835425 0.2808028 0.2811011 0.2843307 0.2811871 0.2803885 0.2841844 0.2826101 0.2833968 0.2818246 0.2816800 0.2809035 0.2801277 0.2811871 0.2811214 0.2841477 0.2803885 0.2833968 0.2840848 0.2857372 0.2865586 0.2819188 0.2824449 0.2867121 0.2823276 0.2810478 0.0035428 0.2804171 0.0051329 0.6707741 
HM585515_Human_herpesvirus_1            0.0103281 0.0075219 0.0099271 0.0099271 0.0071180 0.0083205 0.0111397 0.0103303 0.0047568 0.0103249 0.0051286 0.0075106 0.0003914 0.0000010 0.0039360 0.0000000 0.2583027 0.2627727 0.2732142 0.1849159 0.2699071 0.2555269 0.2707573 0.2389944 0.2617532 0.2635792 0.2231441 0.2634517 0.2702381 0.2532314 0.2769439 0.2526634 0.2730301 0.2613854 0.0043305 0.0055349 0.0063207 0.0039358 0.0075147 0.0059224 0.0071142 0.2646211 0.0051257 0.0051264 0.0067155 0.2802693 0.0055166 0.0083173 0.0039349 0.0039349 0.0059196 0.0059196 0.0051268 0.0043317 0.2802693 0.2794366 0.2818066 0.2803223 0.2811033 0.2804982 0.2811033 0.2834418 0.2807072 0.2810051 0.2842284 0.2810909 0.2802938 0.2840825 0.2825111 0.2832963 0.2817270 0.2815828 0.2808078 0.2800333 0.2810909 0.2810253 0.2840459 0.2802938 0.2832963 0.2839831 0.2856325 0.2864524 0.2818208 0.2823462 0.2866056 0.2822290 0.2809519 0.0043302 0.2803223 0.0059227 0.6712810 
HSV2_1                                  0.2618999 0.2607372 0.2611841 0.2611841 0.2589739 0.2590922 0.2616326 0.2619863 0.2591225 0.2594833 0.2572652 0.2592529 0.2583027 0.2583027 0.2583600 0.2583027 0.0000000 0.0012868 0.0013777 0.0000010 0.0088538 0.0009152 0.0004279 0.0013929 0.0044073 0.0052658 0.0000028 0.0005004 0.0093333 0.0106826 0.0108690 0.0013866 0.0082998 0.0102904 0.2573806 0.2571404 0.2586290 0.2584984 0.2599002 0.2575827 0.2588390 0.0709132 0.2589956 0.2581983 0.2589239 0.0108716 0.2600101 0.2591324 0.2575226 0.2575226 0.2573357 0.2573357 0.2613357 0.2591575 0.0108716 0.0104295 0.0113889 0.0108690 0.0104311 0.0099956 0.0104311 0.0086648 0.0100008 0.0099900 0.0091040 0.0104300 0.0108748 0.0091006 0.0090975 0.0095369 0.0113269 0.0113227 0.0117471 0.0100080 0.0104300 0.0104283 0.0086603 0.0108748 0.0095369 0.0090975 0.0099781 0.0095363 0.0091220 0.0091056 0.0104203 0.0108776 0.0113099 0.2571177 0.0108690 0.2587714 0.5735308 
HSV2_2                                  0.2663844 0.2652181 0.2656695 0.2656695 0.2634532 0.2642756 0.2661239 0.2664716 0.2636042 0.2639660 0.2617393 0.2637167 0.2627727 0.2627727 0.2628387 0.2627727 0.0012868 0.0000000 0.0000028 0.0000010 0.0092326 0.0013744 0.0008486 0.0000023 0.0048485 0.0056622 0.0000028 0.0010018 0.0097671 0.0111944 0.0112033 0.0000022 0.0086588 0.0107148 0.2626532 0.2616240 0.2631065 0.2629789 0.2643680 0.2620514 0.2633025 0.0733546 0.2634748 0.2626774 0.2633882 0.0112060 0.2652028 0.2636041 0.2627957 0.2627957 0.2618000 0.2618000 0.2658121 0.2636361 0.0112060 0.0116432 0.0117208 0.0112033 0.0107692 0.0103374 0.0107692 0.0090171 0.0103428 0.0107654 0.0094527 0.0107680 0.0112092 0.0094492 0.0094460 0.0098818 0.0116578 0.0116535 0.0129523 0.0103501 0.0107680 0.0107663 0.0090124 0.0112092 0.0098818 0.0094460 0.0103194 0.0098812 0.0094711 0.0094544 0.0107581 0.0112121 0.0116405 0.2623848 0.0112033 0.2632492 0.5699095 
HSV2_3                                  0.2760962 0.2748219 0.2753217 0.2753217 0.2729016 0.2721433 0.2752282 0.2761926 0.2730710 0.2734661 0.2701686 0.2715236 0.2732142 0.2732142 0.2733072 0.2732142 0.0013777 0.0000028 0.0000000 0.0000010 0.0088698 0.0014662 0.0009060 0.0000023 0.0046779 0.0055411 0.0000028 0.0010574 0.0092666 0.0106389 0.0110395 0.0000029 0.0083150 0.0103441 0.2711643 0.2709265 0.2716571 0.2723900 0.2738689 0.2713571 0.2718411 0.0743914 0.2701280 0.2701280 0.2727977 0.0110422 0.2748004 0.2721847 0.2713193 0.2713193 0.2710747 0.2710747 0.2754563 0.2741748 0.0110422 0.0115089 0.0115908 0.0110395 0.0105761 0.0101153 0.0105761 0.0087072 0.0101209 0.0105722 0.0091718 0.0105749 0.0110457 0.0091682 0.0091649 0.0096297 0.0115243 0.0115198 0.0129062 0.0101286 0.0105749 0.0105731 0.0087024 0.0110457 0.0096297 0.0087038 0.0100965 0.0096291 0.0091910 0.0091787 0.0105645 0.0110487 0.0115060 0.2708646 0.0110395 0.2718123 0.5864613 
HSV2_4                                  0.1849159 0.1849159 0.1849159 0.1849159 0.1849159 0.1849159 0.1849159 0.1849159 0.1849159 0.1849159 0.1849159 0.1849159 0.1849159 0.1849159 0.1849159 0.1849159 0.0000010 0.0000010 0.0000010 0.0000000 0.0000010 0.0000010 0.0000010 0.0000010 0.0000010 0.0000010 0.0000010 0.0000010 0.0000010 0.0000010 0.0000010 0.0000010 0.0000010 0.0000010 0.1849159 0.1849159 0.1849159 0.1849159 0.1849159 0.1849159 0.1849159 0.0561849 0.1849159 0.1849159 0.1849159 0.0000010 0.1992101 0.1849159 0.1849159 0.1849159 0.1849159 0.1849159 0.1849159 0.1849159 0.0000010 0.0000010 0.0000010 0.0000010 0.0000010 0.0000010 0.0000010 0.0000010 0.0000010 0.0000010 0.0000010 0.0000010 0.0000010 0.0000010 0.0000010 0.0000010 0.0000010 0.0000010 0.0000010 0.0000010 0.0000010 0.0000010 0.0000010 0.0000010 0.0000010 0.0000010 0.0173995 0.0173995 0.0000010 0.0000010 0.0173995 0.0000010 0.0000010 0.1849159 0.0000010 0.1849159 0.4454343 
HSV2_5                                  0.2725745 0.2713943 0.2718550 0.2718550 0.2696130 0.2704315 0.2723213 0.2726633 0.2697686 0.2701346 0.2678789 0.2698576 0.2702348 0.2699071 0.2688491 0.2699071 0.0088538 0.0092326 0.0088698 0.0000010 0.0000000 0.0084538 0.0081214 0.0080616 0.0044433 0.0008755 0.0075821 0.0081019 0.0004582 0.0011002 0.0016910 0.0080524 0.0000021 0.0017728 0.2688034 0.2677757 0.2694055 0.2691370 0.2697169 0.2681860 0.2676965 0.0722408 0.2696346 0.2688311 0.2687265 0.0016914 0.2713759 0.2697549 0.2689474 0.2689474 0.2671280 0.2671280 0.2719867 0.2696524 0.0016914 0.0021153 0.0021311 0.0016910 0.0012677 0.0016924 0.0012677 0.0000026 0.0008456 0.0012673 0.0004221 0.0012676 0.0016919 0.0004220 0.0004218 0.0008443 0.0021179 0.0021172 0.0033885 0.0008462 0.0012676 0.0021151 0.0008444 0.0016919 0.0008443 0.0004218 0.0012673 0.0016907 0.0008460 0.0012683 0.0016913 0.0021185 0.0021149 0.2685270 0.0016910 0.2694055 0.5820639 
HSV2_6                                  0.2583449 0.2571124 0.2575836 0.2575836 0.2562352 0.2563657 0.2568589 0.2584360 0.2563918 0.2557787 0.2544199 0.2565423 0.2555269 0.2555269 0.2563407 0.2555269 0.0009152 0.0013744 0.0014662 0.0000010 0.0084538 0.0000000 0.0004578 0.0014426 0.0046251 0.0046442 0.0024954 0.0005183 0.0091645 0.0108617 0.0106994 0.0014090 0.0083818 0.0098261 0.2545410 0.2552664 0.2558692 0.2557282 0.2555343 0.2547616 0.2552565 0.0719079 0.2562583 0.2554095 0.2553461 0.0107021 0.2565781 0.2564088 0.2546919 0.2546919 0.2536581 0.2536581 0.2587516 0.2571905 0.0107021 0.0111739 0.0112547 0.0106994 0.0102309 0.0097574 0.0102309 0.0083421 0.0097629 0.0097591 0.0088117 0.0102297 0.0102309 0.0088082 0.0088049 0.0092748 0.0111804 0.0111760 0.0125866 0.0097629 0.0102297 0.0102280 0.0083374 0.0102309 0.0092748 0.0083388 0.0097466 0.0092742 0.0092821 0.0083341 0.0102196 0.0097598 0.0111710 0.2542641 0.0106994 0.2560206 0.5635256 
HSV2_7                                  0.2734613 0.2723266 0.2727703 0.2727703 0.2706148 0.2713996 0.2740368 0.2735468 0.2706260 0.2719292 0.2689470 0.2708462 0.2710729 0.2707573 0.2708361 0.2707573 0.0004279 0.0008486 0.0009060 0.0000010 0.0081214 0.0004578 0.0000000 0.0009253 0.0035114 0.0042944 0.0000028 0.0000010 0.0083285 0.0094212 0.0098368 0.0009242 0.0074682 0.0092780 0.2696977 0.2688499 0.2702764 0.2700189 0.2714831 0.2692408 0.2706274 0.0737285 0.2704968 0.2698634 0.2705288 0.0098362 0.2721694 0.2707495 0.2698361 0.2698361 0.2689906 0.2689906 0.2728948 0.2716099 0.0098362 0.0102512 0.0103173 0.0098340 0.0094215 0.0090111 0.0094215 0.0077593 0.0090155 0.0094184 0.0081727 0.0094205 0.0098389 0.0081699 0.0081672 0.0085809 0.0102634 0.0102599 0.0114944 0.0090216 0.0094205 0.0094191 0.0077555 0.0098389 0.0085809 0.0081672 0.0089962 0.0085805 0.0081879 0.0081742 0.0094123 0.0098413 0.0102490 0.2694312 0.0098340 0.2704150 0.5967988 
HSV2_8                                  0.2401307 0.2399465 0.2393852 0.2393852 0.2390841 0.2392406 0.2383885 0.2402156 0.2392271 0.2376375 0.2373333 0.2394487 0.2389944 0.2389944 0.2387309 0.2389944 0.0013929 0.0000023 0.0000023 0.0000010 0.0080616 0.0014426 0.0009253 0.0000000 0.0046986 0.0042736 0.0000028 0.0010801 0.0089107 0.0105873 0.0103328 0.0000029 0.0079543 0.0095712 0.2382686 0.2381600 0.2387349 0.2385848 0.2384478 0.2376899 0.2373695 0.0649622 0.2391069 0.2382778 0.2382781 0.0103354 0.2401607 0.2392849 0.2384144 0.2384144 0.2366293 0.2366293 0.2415546 0.2395609 0.0103354 0.0108115 0.0108908 0.0103328 0.0098599 0.0093822 0.0098599 0.0079543 0.0093875 0.0093838 0.0084281 0.0098587 0.0098599 0.0084247 0.0084216 0.0088957 0.0108179 0.0108136 0.0122375 0.0093875 0.0098587 0.0098571 0.0079498 0.0098599 0.0088957 0.0084216 0.0093717 0.0088951 0.0089027 0.0084167 0.0098489 0.0093845 0.0108088 0.2380146 0.0103328 0.2388809 0.5447670 
HSV2_9                                  0.2654561 0.2642600 0.2647222 0.2647222 0.2624493 0.2625652 0.2640259 0.2655453 0.2626037 0.2629747 0.2606920 0.2627232 0.2617532 0.2617532 0.2618189 0.2617532 0.0044073 0.0048485 0.0046779 0.0000010 0.0044433 0.0046251 0.0035114 0.0046986 0.0000000 0.0040072 0.0075821 0.0030270 0.0046349 0.0050131 0.0066034 0.0046734 0.0039753 0.0057862 0.2608124 0.2605714 0.2620939 0.2619624 0.2633905 0.2610134 0.2613376 0.0699569 0.2624715 0.2616533 0.2623861 0.0066050 0.2635128 0.2626059 0.2609583 0.2609583 0.2607566 0.2607566 0.2648705 0.2626371 0.0066050 0.0070492 0.0071001 0.0066034 0.0061613 0.0057207 0.0061613 0.0043866 0.0057237 0.0061591 0.0048285 0.0061606 0.0061613 0.0048267 0.0048250 0.0052671 0.0070582 0.0070555 0.0083810 0.0057237 0.0061606 0.0061596 0.0043843 0.0061613 0.0052671 0.0048250 0.0057105 0.0061527 0.0048382 0.0048259 0.0061548 0.0061629 0.0070475 0.2605392 0.0066034 0.2622403 0.5683639 
HSV2_10                                 0.2662239 0.2650520 0.2655054 0.2655054 0.2632787 0.2641053 0.2659620 0.2663114 0.2634304 0.2637938 0.2615565 0.2635438 0.2639010 0.2635792 0.2636474 0.2635792 0.0052658 0.0056622 0.0055411 0.0000010 0.0008755 0.0046442 0.0042944 0.0042736 0.0040072 0.0000000 0.0000028 0.0045641 0.0013821 0.0000023 0.0004255 0.0042118 0.0012909 0.0004392 0.2616750 0.2614402 0.2638754 0.2628020 0.2633977 0.2618702 0.2621865 0.0697872 0.2633004 0.2624991 0.2632136 0.0004256 0.2650367 0.2634305 0.2618180 0.2618180 0.2616178 0.2616178 0.2656489 0.2644506 0.0004256 0.0008511 0.0008577 0.0004255 0.0000020 0.0004259 0.0000020 0.0012807 0.0000020 0.0004255 0.0012807 0.0004256 0.0004257 0.0012802 0.0017072 0.0017072 0.0008521 0.0008518 0.0021316 0.0000020 0.0004256 0.0008511 0.0017076 0.0004257 0.0017072 0.0012802 0.0021357 0.0021357 0.0017111 0.0017096 0.0025652 0.0029990 0.0008509 0.2614066 0.0004255 0.2630737 0.5793555 
HSV2_11                                 0.2253655 0.2236321 0.2253655 0.2253655 0.2192656 0.2192656 0.2192656 0.2253655 0.2232503 0.2231441 0.2192656 0.2231441 0.2231441 0.2231441 0.2192656 0.2231441 0.0000028 0.0000028 0.0000028 0.0000010 0.0075821 0.0024954 0.0000028 0.0000028 0.0075821 0.0000028 0.0000000 0.0000028 0.0075821 0.0075821 0.0075821 0.0000028 0.0075821 0.0075821 0.2192656 0.2192656 0.2192656 0.2243919 0.2243919 0.2236321 0.2192656 0.0725383 0.2192656 0.2192656 0.2235649 0.0075821 0.2236919 0.2192656 0.2192656 0.2192656 0.2192656 0.2192656 0.2236321 0.2235649 0.0075821 0.0075821 0.0075821 0.0075821 0.0075821 0.0075821 0.0075821 0.0075821 0.0075821 0.0075821 0.0075821 0.0075821 0.0075821 0.0075821 0.0075821 0.0075821 0.0075821 0.0075821 0.0075821 0.0075821 0.0075821 0.0075821 0.0075821 0.0075821 0.0075821 0.0075821 0.0101419 0.0101419 0.0075821 0.0075821 0.0101419 0.0076431 0.0075821 0.2192656 0.0075821 0.2192656 0.4248238 
HSV2_12                                 0.2689166 0.2675266 0.2680663 0.2680663 0.2654267 0.2655556 0.2662636 0.2690209 0.2634502 0.2650446 0.2633874 0.2657318 0.2634517 0.2634517 0.2622025 0.2634517 0.0005004 0.0010018 0.0010574 0.0000010 0.0081019 0.0005183 0.0000010 0.0010801 0.0030270 0.0045641 0.0000028 0.0000000 0.0082747 0.0090270 0.0106730 0.0010560 0.0076596 0.0096494 0.2614262 0.2632545 0.2640234 0.2636980 0.2665080 0.2637557 0.2642959 0.0744055 0.2642855 0.2633403 0.2653418 0.0106760 0.2646445 0.2646560 0.2625366 0.2625366 0.2634553 0.2634553 0.2682304 0.2631450 0.0106760 0.0111914 0.0112799 0.0106730 0.0101612 0.0091383 0.0101612 0.0080985 0.0096580 0.0096458 0.0086112 0.0096458 0.0106797 0.0086076 0.0086041 0.0091171 0.0112080 0.0112031 0.0127353 0.0096661 0.0096458 0.0096440 0.0075830 0.0106797 0.0091171 0.0080951 0.0096323 0.0091165 0.0086312 0.0081036 0.0101489 0.0106829 0.0111883 0.2620507 0.0106730 0.2641927 0.5594080 
HSV2_13                                 0.2739028 0.2726200 0.2731217 0.2731217 0.2706856 0.2715721 0.2714642 0.2739995 0.2699398 0.2703365 0.2688022 0.2709470 0.2705937 0.2702381 0.2695549 0.2702381 0.0093333 0.0097671 0.0092666 0.0000010 0.0004582 0.0091645 0.0083285 0.0089107 0.0046349 0.0013821 0.0075821 0.0082747 0.0000000 0.0022147 0.0018317 0.0082460 0.0004587 0.0027880 0.2689357 0.2686923 0.2703034 0.2701692 0.2699254 0.2691342 0.2686018 0.0703669 0.2696307 0.2687607 0.2697197 0.0018321 0.2725995 0.2699669 0.2690918 0.2690918 0.2679853 0.2679853 0.2732618 0.2704256 0.0018321 0.0022919 0.0023104 0.0018317 0.0013734 0.0027527 0.0013734 0.0004559 0.0018338 0.0022908 0.0000022 0.0022913 0.0018327 0.0000022 0.0009135 0.0004557 0.0022949 0.0022940 0.0036716 0.0018352 0.0022913 0.0027507 0.0013712 0.0018327 0.0004557 0.0004557 0.0009139 0.0013714 0.0004560 0.0013728 0.0013719 0.0013738 0.0022913 0.2686360 0.0018317 0.2704600 0.5747411 
HSV2_14                                 0.2570885 0.2556289 0.2561857 0.2561857 0.2532916 0.2524507 0.2532274 0.2571962 0.2525002 0.2540848 0.2501554 0.2530634 0.2536231 0.2532314 0.2515411 0.2532314 0.0106826 0.0111944 0.0106389 0.0000010 0.0011002 0.0108617 0.0094212 0.0105873 0.0050131 0.0000023 0.0075821 0.0090270 0.0022147 0.0000000 0.0010885 0.0104589 0.0016389 0.0005563 0.2503644 0.2509795 0.2530394 0.2527621 0.2537641 0.2515611 0.2522605 0.0602500 0.2513855 0.2513855 0.2525435 0.0010888 0.2546648 0.2525022 0.2505419 0.2505419 0.2515455 0.2515455 0.2562661 0.2525419 0.0010888 0.0016345 0.0016505 0.0010885 0.0005442 0.0005441 0.0005442 0.0016381 0.0000024 0.0005440 0.0021858 0.0005441 0.0005442 0.0021848 0.0021838 0.0027328 0.0016356 0.0016349 0.0032736 0.0000024 0.0005441 0.0005441 0.0021845 0.0005442 0.0027328 0.0016374 0.0032816 0.0038318 0.0027353 0.0021838 0.0032816 0.0032878 0.0010888 0.2500432 0.0010885 0.2520378 0.5738690 
HSV2_15                                 0.2794951 0.2785063 0.2788124 0.2788124 0.2768094 0.2775765 0.2800748 0.2795806 0.2768233 0.2779789 0.2751525 0.2770191 0.2772608 0.2769439 0.2770324 0.2769439 0.0108690 0.0112033 0.0110395 0.0000010 0.0016910 0.0106994 0.0098368 0.0103328 0.0066034 0.0004255 0.0075821 0.0106730 0.0018317 0.0010885 0.0000000 0.0098443 0.0020551 0.0008706 0.2758986 0.2750690 0.2773743 0.2762214 0.2784187 0.2754366 0.2766697 0.0747123 0.2766921 0.2760656 0.2767056 0.0007920 0.2783477 0.2762545 0.2760358 0.2760358 0.2751834 0.2751834 0.2790626 0.2777981 0.0007920 0.0011893 0.0011977 0.0000030 0.0003960 0.0015864 0.0003960 0.0019870 0.0007924 0.0011887 0.0015885 0.0011890 0.0007922 0.0015880 0.0015875 0.0011908 0.0003965 0.0003964 0.0015853 0.0007929 0.0011890 0.0019835 0.0031828 0.0007922 0.0011908 0.0023844 0.0023854 0.0027842 0.0011935 0.0023871 0.0027850 0.0023897 0.0011890 0.2756293 0.0000030 0.2766099 0.6125739 
HSV2_16                                 0.2551868 0.2539522 0.2544218 0.2544218 0.2530707 0.2532070 0.2533943 0.2552776 0.2532261 0.2526119 0.2512524 0.2533910 0.2526634 0.2526634 0.2524156 0.2526634 0.0013866 0.0000022 0.0000029 0.0000010 0.0080524 0.0014090 0.0009242 0.0000029 0.0046734 0.0042118 0.0000028 0.0010560 0.0082460 0.0104589 0.0098443 0.0000000 0.0079627 0.0094577 0.2513720 0.2521022 0.2527047 0.2525609 0.2523760 0.2515997 0.2512529 0.0689001 0.2530940 0.2522418 0.2521898 0.0098468 0.2541776 0.2532508 0.2515232 0.2515232 0.2504952 0.2504952 0.2555992 0.2532678 0.0098468 0.0103220 0.0103982 0.0098443 0.0093728 0.0093713 0.0093728 0.0079447 0.0093766 0.0093728 0.0079447 0.0098468 0.0093728 0.0079417 0.0084111 0.0084111 0.0103281 0.0103240 0.0117448 0.0093766 0.0098468 0.0098452 0.0079403 0.0093728 0.0084111 0.0079417 0.0088865 0.0084105 0.0084184 0.0079371 0.0093624 0.0088986 0.0098468 0.2510973 0.0098443 0.2528564 0.5586272 
HSV2_17                                 0.2745651 0.2734127 0.2738639 0.2738639 0.2726040 0.2733991 0.2751511 0.2746521 0.2726163 0.2730099 0.2709059 0.2728332 0.2733530 0.2730301 0.2728305 0.2730301 0.0082998 0.0086588 0.0083150 0.0000010 0.0000021 0.0083818 0.0074682 0.0079543 0.0039753 0.0012909 0.0075821 0.0076596 0.0004587 0.0016389 0.0020551 0.0079627 0.0000000 0.0022018 0.2716703 0.2708114 0.2722592 0.2719986 0.2719149 0.2712026 0.2716884 0.0698889 0.2724838 0.2718398 0.2717281 0.0020551 0.2741851 0.2727379 0.2718112 0.2718112 0.2701656 0.2701656 0.2749219 0.2736174 0.0020551 0.0024673 0.0024852 0.0020546 0.0016432 0.0020548 0.0016432 0.0000010 0.0012316 0.0016427 0.0004097 0.0016430 0.0016432 0.0004097 0.0004095 0.0008196 0.0024677 0.0024677 0.0037052 0.0012316 0.0016430 0.0024671 0.0008197 0.0016432 0.0008196 0.0004095 0.0012303 0.0016411 0.0008199 0.0012295 0.0016416 0.0012317 0.0024668 0.2713976 0.0020546 0.2724003 0.5952471 
HSV2_18                                 0.2640705 0.2628799 0.2633391 0.2633391 0.2610765 0.2611942 0.2626447 0.2641592 0.2612296 0.2615989 0.2593274 0.2613543 0.2613854 0.2613854 0.2614503 0.2613854 0.0102904 0.0107148 0.0103441 0.0000010 0.0017728 0.0098261 0.0092780 0.0095712 0.0057862 0.0004392 0.0075821 0.0096494 0.0027880 0.0005563 0.0008706 0.0094577 0.0022018 0.0000000 0.2594465 0.2592043 0.2616844 0.2605911 0.2620179 0.2596493 0.2599740 0.0707614 0.2610987 0.2602836 0.2610182 0.0017433 0.2614072 0.2612349 0.2595919 0.2595919 0.2593948 0.2593948 0.2634896 0.2622674 0.0017433 0.0021803 0.0021972 0.0008706 0.0013068 0.0008711 0.0013068 0.0021842 0.0008716 0.0013063 0.0026228 0.0013066 0.0017439 0.0026218 0.0017456 0.0021834 0.0013086 0.0013081 0.0026170 0.0008722 0.0013066 0.0013064 0.0021831 0.0017439 0.0021834 0.0021834 0.0034996 0.0039389 0.0021889 0.0021862 0.0039402 0.0035065 0.0021798 0.2591757 0.0008706 0.2608688 0.5816247 
JN400093_Human_herpesvirus_1            0.0083219 0.0055298 0.0079235 0.0079235 0.0051290 0.0067202 0.0091285 0.0083237 0.0027690 0.0083194 0.0031489 0.0055215 0.0047282 0.0043305 0.0035431 0.0043305 0.2573806 0.2626532 0.2711643 0.1849159 0.2688034 0.2545410 0.2696977 0.2382686 0.2608124 0.2616750 0.2192656 0.2614262 0.2689357 0.2503644 0.2758986 0.2513720 0.2716703 0.2594465 0.0000000 0.0035500 0.0043355 0.0019634 0.0055245 0.0039393 0.0051263 0.2621948 0.0031471 0.0031475 0.0047295 0.2792201 0.0035383 0.0063225 0.0011765 0.0011765 0.0039374 0.0039374 0.0063256 0.0039387 0.2792201 0.2783885 0.2807551 0.2792729 0.2800530 0.2794481 0.2800530 0.2823864 0.2796563 0.2799551 0.2831722 0.2800407 0.2792447 0.2830269 0.2814572 0.2822416 0.2806741 0.2805304 0.2797582 0.2789831 0.2800407 0.2799753 0.2829901 0.2792447 0.2822416 0.2829278 0.2845752 0.2853938 0.2807657 0.2812930 0.2855464 0.2811746 0.2799021 0.0015693 0.2792729 0.0039395 0.6724426 
JN420337_Human_herpesvirus_1            0.0071325 0.0043444 0.0067344 0.0067344 0.0031511 0.0047358 0.0087449 0.0071340 0.0039720 0.0079353 0.0011789 0.0043380 0.0059353 0.0055349 0.0047441 0.0055349 0.2571404 0.2616240 0.2709265 0.1849159 0.2677757 0.2552664 0.2688499 0.2381600 0.2605714 0.2614402 0.2192656 0.2632545 0.2686923 0.2509795 0.2750690 0.2521022 0.2708114 0.2592043 0.0035500 0.0000000 0.0023609 0.0031548 0.0043403 0.0019664 0.0039430 0.2620375 0.0035498 0.0027582 0.0035469 0.2783909 0.0047377 0.0035465 0.0031540 0.0031540 0.0027560 0.0027560 0.0027566 0.0051419 0.2783909 0.2775592 0.2799257 0.2784435 0.2792238 0.2786185 0.2792238 0.2815557 0.2788262 0.2791260 0.2823417 0.2792115 0.2784156 0.2821967 0.2806267 0.2814112 0.2798435 0.2797001 0.2789293 0.2781528 0.2792115 0.2791463 0.2821598 0.2784156 0.2814112 0.2820977 0.2837453 0.2845639 0.2799335 0.2804628 0.2847161 0.2803434 0.2790732 0.0035498 0.2784435 0.0019664 0.6738133 
JN420338_Human_herpesvirus_1            0.0079188 0.0051304 0.0075208 0.0075208 0.0039358 0.0047268 0.0095325 0.0079205 0.0047623 0.0087220 0.0011766 0.0043298 0.0067215 0.0063207 0.0055304 0.0063207 0.2586290 0.2631065 0.2716571 0.1849159 0.2694055 0.2558692 0.2702764 0.2387349 0.2620939 0.2638754 0.2192656 0.2640234 0.2703034 0.2530394 0.2773743 0.2527047 0.2722592 0.2616844 0.0043355 0.0023609 0.0000000 0.0039404 0.0051255 0.0027508 0.0047279 0.2641522 0.0027525 0.0019641 0.0043317 0.2807045 0.0055230 0.0051244 0.0039395 0.0039395 0.0035406 0.0035406 0.0051270 0.0059284 0.2807045 0.2798706 0.2822442 0.2807577 0.2815398 0.2809340 0.2815398 0.2829689 0.2811436 0.2814414 0.2837555 0.2815274 0.2807290 0.2836098 0.2820385 0.2828236 0.2821653 0.2820206 0.2812438 0.2804688 0.2815274 0.2814616 0.2835731 0.2807290 0.2828236 0.2835105 0.2851597 0.2859794 0.2813473 0.2818738 0.2861324 0.2817560 0.2813880 0.0043353 0.2807577 0.0003916 0.6740050 
JN420339_Human_herpesvirus_1            0.0079237 0.0051335 0.0075254 0.0075254 0.0047333 0.0063234 0.0087295 0.0079254 0.0023729 0.0079213 0.0027546 0.0051259 0.0043331 0.0039358 0.0031486 0.0039358 0.2584984 0.2629789 0.2723900 0.1849159 0.2691370 0.2557282 0.2700189 0.2385848 0.2619624 0.2628020 0.2243919 0.2636980 0.2701692 0.2527621 0.2762214 0.2525609 0.2719986 0.2605911 0.0019634 0.0031548 0.0039404 0.0000000 0.0035410 0.0035445 0.0039379 0.2631676 0.0027530 0.0027534 0.0035423 0.2795472 0.0031444 0.0059258 0.0015700 0.0015700 0.0027524 0.0027524 0.0059288 0.0035439 0.2795472 0.2787145 0.2810844 0.2796001 0.2803813 0.2797757 0.2803813 0.2827185 0.2799843 0.2802832 0.2835053 0.2803689 0.2795718 0.2833596 0.2817879 0.2825733 0.2810038 0.2808598 0.2800860 0.2793104 0.2803689 0.2803034 0.2833229 0.2795718 0.2825733 0.2832603 0.2849099 0.2857297 0.2810962 0.2816234 0.2858826 0.2815052 0.2802301 0.0019633 0.2796001 0.0035446 0.6733394 
JN420340_Human_herpesvirus_1            0.0091175 0.0063218 0.0087187 0.0087187 0.0059201 0.0067145 0.0107379 0.0091195 0.0059594 0.0099232 0.0039374 0.0055168 0.0079171 0.0075147 0.0067235 0.0075147 0.2599002 0.2643680 0.2738689 0.1849159 0.2697169 0.2555343 0.2714831 0.2384478 0.2633905 0.2633977 0.2243919 0.2665080 0.2699254 0.2537641 0.2784187 0.2523760 0.2719149 0.2620179 0.0055245 0.0043403 0.0051255 0.0035410 0.0000000 0.0039359 0.0027494 0.2653386 0.0055242 0.0047304 0.0023554 0.2817480 0.0067145 0.0055226 0.0051274 0.0051274 0.0015688 0.0015688 0.0071187 0.0071225 0.2817480 0.2809143 0.2832877 0.2818014 0.2825831 0.2819780 0.2825831 0.2849275 0.2821881 0.2824846 0.2857149 0.2825707 0.2817723 0.2855682 0.2839953 0.2847812 0.2832103 0.2830652 0.2822868 0.2815137 0.2825707 0.2825047 0.2855317 0.2817723 0.2847812 0.2854685 0.2871196 0.2879408 0.2817616 0.2838296 0.2880947 0.2837141 0.2824311 0.0055242 0.2818014 0.0047289 0.6799490 
JN420341_Human_herpesvirus_1            0.0075188 0.0039409 0.0071211 0.0071211 0.0035403 0.0043303 0.0091303 0.0075204 0.0043633 0.0083211 0.0015698 0.0039338 0.0063227 0.0059224 0.0051326 0.0059224 0.2575827 0.2620514 0.2713571 0.1849159 0.2681860 0.2547616 0.2692408 0.2376899 0.2610134 0.2618702 0.2236321 0.2637557 0.2691342 0.2515611 0.2754366 0.2515997 0.2712026 0.2596493 0.0039393 0.0019664 0.0027508 0.0035445 0.0039359 0.0000000 0.0035398 0.2615121 0.0039390 0.0031481 0.0031449 0.2787503 0.0051258 0.0039351 0.0035436 0.0035436 0.0023564 0.0023564 0.0039383 0.0055302 0.2787503 0.2779207 0.2802815 0.2788029 0.2795812 0.2789775 0.2795812 0.2819081 0.2791849 0.2794836 0.2826921 0.2795689 0.2787749 0.2825473 0.2809812 0.2817638 0.2802000 0.2800568 0.2792873 0.2785133 0.2795689 0.2795038 0.2825105 0.2787749 0.2817638 0.2824485 0.2840920 0.2849086 0.2802904 0.2808176 0.2850606 0.2806989 0.2794308 0.0039390 0.2788029 0.0023566 0.6707520 
JN420342_Human_herpesvirus_1            0.0087149 0.0059225 0.0083165 0.0083165 0.0055215 0.0063151 0.0103329 0.0087168 0.0055584 0.0095195 0.0035412 0.0051192 0.0075159 0.0071142 0.0063236 0.0071142 0.2588390 0.2633025 0.2718411 0.1849159 0.2676965 0.2552565 0.2706274 0.2373695 0.2613376 0.2621865 0.2192656 0.2642959 0.2686018 0.2522605 0.2766697 0.2512529 0.2716884 0.2599740 0.0051263 0.0039430 0.0047279 0.0039379 0.0027494 0.0035398 0.0000000 0.2645148 0.0051260 0.0043331 0.0019615 0.2799889 0.0063151 0.0051245 0.0047296 0.0047296 0.0011757 0.0011757 0.0067185 0.0067221 0.2799889 0.2791578 0.2815232 0.2800418 0.2808213 0.2802172 0.2808213 0.2831548 0.2804256 0.2807233 0.2839399 0.2808090 0.2800134 0.2837944 0.2822260 0.2830097 0.2814434 0.2812995 0.2805265 0.2797531 0.2808090 0.2807435 0.2837578 0.2800134 0.2830097 0.2836952 0.2853415 0.2861597 0.2807654 0.2820615 0.2863125 0.2819442 0.2806703 0.0051260 0.2800418 0.0043318 0.6765100 
JQ360576_Chimpanzee_alpha-1_herpesvirus 0.2680368 0.2653883 0.2673690 0.2673690 0.2637428 0.2643653 0.2685829 0.2681185 0.2637505 0.2658214 0.2620005 0.2638439 0.2646211 0.2646211 0.2653736 0.2646211 0.0709132 0.0733546 0.0743914 0.0561849 0.0722408 0.0719079 0.0737285 0.0649622 0.0699569 0.0697872 0.0725383 0.0744055 0.0703669 0.0602500 0.0747123 0.0689001 0.0698889 0.0707614 0.2621948 0.2620375 0.2641522 0.2631676 0.2653386 0.2615121 0.2645148 0.0000000 0.2634857 0.2628755 0.2636813 0.0761221 0.2652403 0.2645684 0.2629967 0.2629967 0.2622000 0.2622000 0.2656759 0.2661200 0.0761221 0.0766134 0.0769221 0.0751345 0.0756312 0.0741840 0.0756312 0.0762420 0.0747011 0.0756056 0.0767406 0.0746322 0.0751430 0.0772307 0.0762329 0.0767315 0.0752290 0.0757173 0.0771120 0.0742410 0.0746322 0.0746198 0.0762116 0.0751430 0.0767315 0.0772046 0.0782177 0.0787098 0.0754036 0.0757823 0.0787396 0.0750880 0.0765939 0.2626134 0.0751345 0.2634085 0.6473879 
