99
HM585496_Human_herpesvirus_1            0.0000000 0.0011780 0.0153174 0.0007834 0.0007834 0.0170208 0.0139734 0.0011778 0.0003905 0.0011778 0.0003905 0.0126795 0.0148241 0.0161601 0.0153174 0.0126823 0.0118366 0.0126952 0.0122646 0.4083546 0.4356691 0.4330068 0.5057980 0.4228072 0.4144786 0.4490991 0.4173638 0.4199426 0.4173125 0.0000010 0.3983797 0.4027648 0.4372738 0.4531723 0.4070029 0.4512561 0.3940670 0.0139722 0.0129404 0.0136814 0.0145547 0.0127327 0.0122537 0.0131305 0.5008674 0.0135639 0.0135639 0.0153185 0.5281992 0.0135266 0.0144088 0.0126769 0.0126769 0.0114399 0.0114399 0.0127220 0.0135473 0.5256791 0.5267667 0.5263922 0.5267727 0.5267667 0.5256791 0.5293154 0.5287270 0.5306170 0.5275976 0.5303941 0.5301676 0.5303735 0.5265295 0.5296427 0.5280216 0.5279536 0.5292877 0.5278164 0.5294802 0.5263922 0.5242268 0.5314597 0.5291067 0.5294926 0.5295696 0.5280216 0.5287466 0.5287466 0.5303941 0.5253068 0.5275044 0.5278597 0.5259213 0.5290286 0.5297030 0.5249497 0.5301823 0.5272950 0.5281992 0.0131154 1.4244661 
HM585497_Human_herpesvirus_1            0.0011780 0.0000000 0.0140152 0.0011780 0.0011780 0.0157075 0.0126849 0.0015742 0.0007844 0.0015742 0.0007844 0.0114026 0.0144102 0.0148528 0.0140152 0.0114051 0.0105659 0.0114167 0.0109900 0.4074927 0.4349398 0.4322868 0.5057980 0.4220589 0.4135798 0.4484301 0.4164579 0.4191507 0.4165200 0.0000010 0.3974071 0.4018181 0.4364666 0.4525050 0.4060869 0.4505840 0.3931477 0.0126839 0.0116361 0.0123889 0.0132507 0.0114502 0.0109803 0.0118477 0.4993272 0.0122771 0.0122771 0.0140161 0.5266516 0.0122434 0.0131163 0.0114003 0.0114003 0.0101700 0.0101700 0.0114408 0.0122621 0.5241356 0.5252254 0.5248504 0.5252305 0.5252254 0.5241356 0.5277740 0.5271856 0.5290767 0.5260550 0.5288521 0.5286285 0.5288343 0.5249884 0.5281010 0.5264804 0.5264117 0.5277474 0.5262754 0.5279387 0.5248504 0.5226767 0.5299215 0.5275666 0.5279511 0.5280252 0.5264804 0.5272046 0.5272046 0.5288523 0.5237640 0.5259596 0.5263187 0.5243768 0.5274829 0.5281611 0.5234040 0.5286433 0.5257528 0.5266516 0.0118340 1.4253780 
HM585498_Human_herpesvirus_1            0.0153174 0.0140152 0.0000000 0.0153174 0.0153174 0.0055990 0.0084787 0.0157666 0.0148862 0.0157666 0.0148862 0.0084993 0.0101877 0.0072289 0.0000010 0.0093428 0.0085107 0.0093442 0.0089303 0.4145119 0.4399233 0.4401472 0.5417944 0.4324206 0.4182086 0.4530756 0.4240197 0.4238850 0.4194279 0.0000010 0.4045615 0.4088547 0.4433667 0.4593796 0.4145840 0.4578705 0.4058609 0.0101626 0.0065327 0.0094510 0.0102911 0.0080976 0.0080836 0.0084945 0.4917036 0.0072495 0.0072495 0.0097711 0.5242058 0.0093286 0.0080677 0.0084976 0.0084976 0.0076477 0.0076477 0.0106092 0.0085088 0.5240214 0.5227993 0.5247330 0.5228030 0.5227993 0.5240214 0.5253299 0.5247455 0.5266254 0.5236209 0.5263996 0.5261822 0.5263863 0.5248705 0.5256543 0.5240457 0.5262871 0.5253052 0.5238424 0.5278071 0.5247330 0.5202544 0.5274677 0.5251261 0.5255056 0.5255747 0.5240457 0.5247636 0.5247636 0.5264002 0.5213455 0.5235229 0.5238853 0.5219516 0.5239498 0.5257136 0.5209836 0.5261970 0.5256312 0.5242058 0.0076569 1.4355965 
HM585499_Human_herpesvirus_1            0.0007834 0.0011780 0.0153174 0.0000000 0.0000010 0.0170208 0.0139734 0.0011778 0.0003905 0.0011778 0.0003905 0.0126795 0.0148241 0.0161601 0.0153174 0.0126823 0.0118366 0.0126952 0.0122646 0.4083546 0.4356691 0.4330068 0.5145955 0.4228072 0.4144786 0.4490991 0.4173638 0.4199426 0.4173125 0.0000010 0.3983797 0.4027648 0.4372738 0.4531723 0.4070029 0.4512561 0.3940670 0.0139722 0.0129404 0.0136814 0.0145547 0.0127327 0.0122537 0.0131305 0.4985848 0.0135639 0.0135639 0.0153185 0.5281992 0.0135266 0.0144088 0.0126769 0.0126769 0.0114399 0.0114399 0.0127220 0.0135473 0.5256791 0.5267667 0.5263922 0.5267727 0.5267667 0.5256791 0.5293154 0.5287270 0.5306170 0.5275976 0.5303941 0.5301676 0.5303735 0.5265295 0.5296427 0.5280216 0.5279536 0.5292877 0.5278164 0.5294802 0.5263922 0.5242268 0.5314597 0.5291067 0.5294926 0.5295696 0.5280216 0.5287466 0.5287466 0.5303941 0.5253068 0.5275044 0.5278597 0.5259213 0.5290286 0.5297030 0.5249497 0.5301823 0.5272950 0.5281992 0.0131154 1.4212075 
HM585500_Human_herpesvirus_1            0.0007834 0.0011780 0.0153174 0.0000010 0.0000000 0.0170208 0.0139734 0.0011778 0.0003905 0.0011778 0.0003905 0.0126795 0.0148241 0.0161601 0.0153174 0.0126823 0.0118366 0.0126952 0.0122646 0.4083546 0.4356691 0.4330068 0.5145955 0.4228072 0.4144786 0.4490991 0.4173638 0.4199426 0.4173125 0.0000010 0.3983797 0.4027648 0.4372738 0.4531723 0.4070029 0.4512561 0.3940670 0.0139722 0.0129404 0.0136814 0.0145547 0.0127327 0.0122537 0.0131305 0.4985848 0.0135639 0.0135639 0.0153185 0.5281992 0.0135266 0.0144088 0.0126769 0.0126769 0.0114399 0.0114399 0.0127220 0.0135473 0.5256791 0.5267667 0.5263922 0.5267727 0.5267667 0.5256791 0.5293154 0.5287270 0.5306170 0.5275976 0.5303941 0.5301676 0.5303735 0.5265295 0.5296427 0.5280216 0.5279536 0.5292877 0.5278164 0.5294802 0.5263922 0.5242268 0.5314597 0.5291067 0.5294926 0.5295696 0.5280216 0.5287466 0.5287466 0.5303941 0.5253068 0.5275044 0.5278597 0.5259213 0.5290286 0.5297030 0.5249497 0.5301823 0.5272950 0.5281992 0.0131154 1.4212075 
HM585501_Human_herpesvirus_1            0.0170208 0.0157075 0.0055990 0.0170208 0.0170208 0.0000000 0.0101206 0.0174751 0.0165862 0.0174751 0.0165862 0.0101448 0.0076511 0.0105499 0.0055990 0.0109967 0.0101585 0.0109983 0.0105820 0.4156330 0.4423039 0.4411732 0.5599345 0.4334536 0.4209680 0.4540797 0.4268370 0.4263595 0.4218724 0.0000010 0.4074271 0.4116784 0.4460254 0.4604012 0.4173556 0.4588935 0.4085601 0.0109767 0.0086273 0.0111158 0.0119671 0.0089079 0.0097257 0.0093041 0.4964153 0.0088838 0.0088838 0.0114259 0.5304530 0.0109799 0.0088749 0.0101427 0.0101427 0.0093206 0.0093206 0.0114266 0.0101561 0.5302420 0.5290070 0.5309542 0.5290142 0.5290070 0.5302420 0.5315638 0.5309737 0.5328679 0.5298425 0.5326467 0.5324152 0.5326221 0.5310901 0.5318925 0.5302656 0.5325246 0.5315345 0.5300596 0.5340584 0.5309542 0.5264719 0.5337099 0.5313526 0.5317417 0.5318231 0.5302656 0.5309941 0.5309941 0.5326465 0.5275447 0.5297520 0.5301031 0.5281635 0.5301916 0.5319533 0.5271905 0.5324300 0.5318628 0.5304530 0.0092935 1.4402987 
HM585502_Human_herpesvirus_1            0.0139734 0.0126849 0.0084787 0.0139734 0.0139734 0.0101206 0.0000000 0.0144164 0.0135466 0.0144164 0.0135466 0.0072246 0.0105792 0.0109662 0.0084787 0.0080566 0.0072341 0.0080579 0.0076483 0.4044914 0.4308366 0.4299040 0.5084927 0.4233660 0.4091823 0.4431818 0.4148227 0.4158000 0.4114293 0.0000010 0.3951462 0.3995900 0.4347338 0.4493756 0.4055071 0.4478373 0.3969937 0.0072127 0.0056849 0.0081549 0.0089821 0.0051880 0.0068139 0.0055820 0.4961032 0.0068072 0.0068072 0.0068226 0.5224134 0.0080445 0.0051691 0.0072231 0.0072231 0.0080648 0.0080648 0.0093071 0.0072325 0.5222357 0.5210113 0.5229507 0.5210140 0.5210113 0.5222357 0.5235469 0.5229612 0.5248462 0.5218330 0.5246180 0.5244036 0.5246079 0.5230892 0.5238716 0.5222603 0.5245077 0.5235233 0.5220568 0.5260312 0.5229507 0.5184511 0.5256928 0.5233442 0.5237228 0.5237888 0.5222603 0.5229787 0.5229787 0.5246188 0.5195529 0.5217323 0.5220998 0.5201583 0.5221577 0.5239308 0.5191869 0.5244185 0.5238503 0.5224134 0.0072121 1.4337476 
HM585503_Human_herpesvirus_1            0.0011778 0.0015742 0.0157666 0.0011778 0.0011778 0.0174751 0.0144164 0.0000000 0.0007843 0.0000010 0.0007843 0.0131177 0.0152700 0.0166117 0.0157666 0.0131206 0.0122720 0.0131339 0.0127017 0.4064707 0.4339461 0.4313186 0.5057980 0.4211035 0.4124807 0.4474544 0.4153339 0.4181544 0.4155362 0.0000010 0.3963122 0.4007278 0.4353584 0.4515117 0.4050086 0.4495933 0.3921351 0.0144151 0.0133881 0.0141254 0.0150033 0.0131728 0.0126904 0.0135710 0.5010144 0.0140060 0.0140060 0.0157678 0.5283712 0.0139675 0.0148535 0.0131149 0.0131149 0.0118747 0.0118747 0.0131616 0.0139889 0.5258483 0.5269367 0.5265619 0.5269428 0.5269367 0.5258483 0.5294878 0.5288989 0.5307905 0.5277686 0.5305675 0.5303405 0.5305466 0.5266993 0.5298154 0.5281927 0.5281248 0.5294599 0.5279873 0.5296528 0.5265619 0.5243954 0.5316337 0.5292788 0.5296651 0.5297425 0.5281927 0.5289185 0.5289185 0.5305676 0.5254756 0.5276754 0.5280307 0.5260909 0.5292012 0.5298758 0.5251185 0.5303553 0.5274655 0.5283712 0.0135553 1.4244661 
HM585504_Human_herpesvirus_1            0.0003905 0.0007844 0.0148862 0.0003905 0.0003905 0.0165862 0.0135466 0.0007843 0.0000000 0.0007843 0.0000010 0.0122562 0.0143954 0.0157273 0.0148862 0.0122590 0.0114151 0.0122714 0.0118420 0.4068776 0.4343370 0.4316999 0.5057980 0.4214815 0.4129171 0.4478358 0.4157796 0.4185491 0.4159264 0.0000010 0.3967501 0.4011630 0.4357939 0.4518993 0.4054382 0.4499803 0.3925409 0.0135455 0.0125081 0.0132534 0.0141230 0.0123076 0.0118315 0.0127054 0.4998223 0.0131376 0.0131376 0.0148871 0.5271221 0.0131014 0.0139808 0.0122537 0.0122537 0.0110186 0.0110186 0.0122973 0.0131215 0.5246074 0.5256954 0.5253210 0.5257008 0.5256954 0.5246074 0.5282414 0.5276536 0.5295425 0.5265246 0.5293186 0.5290944 0.5293000 0.5254586 0.5285682 0.5269491 0.5268807 0.5282145 0.5267442 0.5284060 0.5253210 0.5231520 0.5303858 0.5280339 0.5284184 0.5284933 0.5269491 0.5276728 0.5276728 0.5293188 0.5242359 0.5264299 0.5267875 0.5248487 0.5279520 0.5286283 0.5238772 0.5291092 0.5262225 0.5271221 0.0126908 1.4221888 
HM585505_Human_herpesvirus_1            0.0011778 0.0015742 0.0157666 0.0011778 0.0011778 0.0174751 0.0144164 0.0000010 0.0007843 0.0000000 0.0007843 0.0131177 0.0152700 0.0166117 0.0157666 0.0131206 0.0122720 0.0131339 0.0127017 0.4064707 0.4339461 0.4313186 0.5057980 0.4211035 0.4124807 0.4474544 0.4153339 0.4181544 0.4155362 0.0000010 0.3963122 0.4007278 0.4353584 0.4515117 0.4050086 0.4495933 0.3921351 0.0144151 0.0133881 0.0141254 0.0150033 0.0131728 0.0126904 0.0135710 0.5010144 0.0140060 0.0140060 0.0157678 0.5283712 0.0139675 0.0148535 0.0131149 0.0131149 0.0118747 0.0118747 0.0131616 0.0139889 0.5258483 0.5269367 0.5265619 0.5269428 0.5269367 0.5258483 0.5294878 0.5288989 0.5307905 0.5277686 0.5305675 0.5303405 0.5305466 0.5266993 0.5298154 0.5281927 0.5281248 0.5294599 0.5279873 0.5296528 0.5265619 0.5243954 0.5316337 0.5292788 0.5296651 0.5297425 0.5281927 0.5289185 0.5289185 0.5305676 0.5254756 0.5276754 0.5280307 0.5260909 0.5292012 0.5298758 0.5251185 0.5303553 0.5274655 0.5283712 0.0135553 1.4244661 
HM585506_Human_herpesvirus_1            0.0003905 0.0007844 0.0148862 0.0003905 0.0003905 0.0165862 0.0135466 0.0007843 0.0000010 0.0007843 0.0000000 0.0122562 0.0143954 0.0157273 0.0148862 0.0122590 0.0114151 0.0122714 0.0118420 0.4068776 0.4343370 0.4316999 0.5057980 0.4214815 0.4129171 0.4478358 0.4157796 0.4185491 0.4159264 0.0000010 0.3967501 0.4011630 0.4357939 0.4518993 0.4054382 0.4499803 0.3925409 0.0135455 0.0125081 0.0132534 0.0141230 0.0123076 0.0118315 0.0127054 0.4998223 0.0131376 0.0131376 0.0148871 0.5271221 0.0131014 0.0139808 0.0122537 0.0122537 0.0110186 0.0110186 0.0122973 0.0131215 0.5246074 0.5256954 0.5253210 0.5257008 0.5256954 0.5246074 0.5282414 0.5276536 0.5295425 0.5265246 0.5293186 0.5290944 0.5293000 0.5254586 0.5285682 0.5269491 0.5268807 0.5282145 0.5267442 0.5284060 0.5253210 0.5231520 0.5303858 0.5280339 0.5284184 0.5284933 0.5269491 0.5276728 0.5276728 0.5293188 0.5242359 0.5264299 0.5267875 0.5248487 0.5279520 0.5286283 0.5238772 0.5291092 0.5262225 0.5271221 0.0126908 1.4221888 
HM585508_Human_herpesvirus_1            0.0126795 0.0114026 0.0084993 0.0126795 0.0126795 0.0101448 0.0072246 0.0131177 0.0122562 0.0131177 0.0122562 0.0000000 0.0110094 0.0101430 0.0084993 0.0047679 0.0039639 0.0047687 0.0043673 0.4094174 0.4350359 0.4342819 0.5422902 0.4278142 0.4143879 0.4471633 0.4217332 0.4204610 0.4157869 0.0000010 0.4022385 0.4065650 0.4397020 0.4533987 0.4123357 0.4518728 0.4036722 0.0068028 0.0052812 0.0032100 0.0056396 0.0051965 0.0003905 0.0055911 0.4942845 0.0060058 0.0060058 0.0076635 0.5254614 0.0015707 0.0068171 0.0015710 0.0015710 0.0051860 0.0051860 0.0080614 0.0031622 0.5252712 0.5240435 0.5259847 0.5240479 0.5240435 0.5252712 0.5265856 0.5259986 0.5278860 0.5248700 0.5276606 0.5274398 0.5276450 0.5261222 0.5269116 0.5252954 0.5275458 0.5265599 0.5250911 0.5290723 0.5259847 0.5214944 0.5287303 0.5263798 0.5267622 0.5268339 0.5252954 0.5260172 0.5260172 0.5276610 0.5225845 0.5247732 0.5251342 0.5231947 0.5262920 0.5269714 0.5222233 0.5274546 0.5268872 0.5254614 0.0055848 1.4255015 
HM585509_Human_herpesvirus_1            0.0148241 0.0144102 0.0101877 0.0148241 0.0148241 0.0076511 0.0105792 0.0152700 0.0143954 0.0152700 0.0143954 0.0110094 0.0000000 0.0135749 0.0101877 0.0118686 0.0110244 0.0118702 0.0105965 0.4094911 0.4371614 0.4361201 0.5204466 0.4265713 0.4144632 0.4504543 0.4201974 0.4221487 0.4177120 0.0000010 0.4006682 0.4050195 0.4397606 0.4567302 0.4108210 0.4552131 0.3989071 0.0105875 0.0090858 0.0119936 0.0128540 0.0093608 0.0105871 0.0097585 0.4994648 0.0110253 0.0110253 0.0110498 0.5289415 0.0118504 0.0093260 0.0110071 0.0110071 0.0097758 0.0097758 0.0110364 0.0101792 0.5264132 0.5275025 0.5271274 0.5275089 0.5275025 0.5264132 0.5300575 0.5294677 0.5313617 0.5283361 0.5311391 0.5309106 0.5311171 0.5272646 0.5303857 0.5287604 0.5286926 0.5300292 0.5285546 0.5302228 0.5271274 0.5249606 0.5322054 0.5298477 0.5302351 0.5303137 0.5287604 0.5294876 0.5294876 0.5311391 0.5260398 0.5282436 0.5285981 0.5266565 0.5286809 0.5304462 0.5256831 0.5309254 0.5280324 0.5289415 0.0114409 1.4202230 
HM585510_Human_herpesvirus_1            0.0161601 0.0148528 0.0072289 0.0161601 0.0161601 0.0105499 0.0109662 0.0166117 0.0157273 0.0166117 0.0157273 0.0101430 0.0135749 0.0000000 0.0072289 0.0109947 0.0101567 0.0101555 0.0105800 0.4094777 0.4366652 0.4356343 0.5176840 0.4278500 0.4144458 0.4486991 0.4201961 0.4205064 0.4160920 0.0000010 0.3990269 0.4034036 0.4397278 0.4549456 0.4092366 0.4534257 0.4022035 0.0101356 0.0086301 0.0111138 0.0119649 0.0097411 0.0097240 0.0101374 0.4905214 0.0105610 0.0105610 0.0097453 0.5231421 0.0109779 0.0105502 0.0101409 0.0101409 0.0101643 0.0101643 0.0122831 0.0101543 0.5229622 0.5217421 0.5236738 0.5217452 0.5217421 0.5229622 0.5242686 0.5236851 0.5255627 0.5225615 0.5253361 0.5251211 0.5253248 0.5238115 0.5245922 0.5229866 0.5252252 0.5242447 0.5227837 0.5267430 0.5236738 0.5191953 0.5264052 0.5240660 0.5244440 0.5245110 0.5229866 0.5237028 0.5237028 0.5253368 0.5202897 0.5224622 0.5228266 0.5208937 0.5239703 0.5246513 0.5199264 0.5251359 0.5245703 0.5231421 0.0101261 1.4261611 
HM585511_Human_herpesvirus_1            0.0153174 0.0140152 0.0000010 0.0153174 0.0153174 0.0055990 0.0084787 0.0157666 0.0148862 0.0157666 0.0148862 0.0084993 0.0101877 0.0072289 0.0000000 0.0093428 0.0085107 0.0093442 0.0089303 0.4145119 0.4399233 0.4401472 0.5417944 0.4324206 0.4182086 0.4530756 0.4240197 0.4238850 0.4194279 0.0000010 0.4045615 0.4088547 0.4433667 0.4593796 0.4145840 0.4578705 0.4058609 0.0101626 0.0065327 0.0094510 0.0102911 0.0080976 0.0080836 0.0084945 0.4917036 0.0072495 0.0072495 0.0097711 0.5242058 0.0093286 0.0080677 0.0084976 0.0084976 0.0076477 0.0076477 0.0106092 0.0085088 0.5240214 0.5227993 0.5247330 0.5228030 0.5227993 0.5240214 0.5253299 0.5247455 0.5266254 0.5236209 0.5263996 0.5261822 0.5263863 0.5248705 0.5256543 0.5240457 0.5262871 0.5253052 0.5238424 0.5278071 0.5247330 0.5202544 0.5274677 0.5251261 0.5255056 0.5255747 0.5240457 0.5247636 0.5247636 0.5264002 0.5213455 0.5235229 0.5238853 0.5219516 0.5239498 0.5257136 0.5209836 0.5261970 0.5256312 0.5242058 0.0076569 1.4355965 
HM585512_Human_herpesvirus_1            0.0126823 0.0114051 0.0093428 0.0126823 0.0126823 0.0109967 0.0080566 0.0131206 0.0122590 0.0131206 0.0122590 0.0047679 0.0118686 0.0109947 0.0093428 0.0000000 0.0007835 0.0047697 0.0011771 0.4126366 0.4397796 0.4386926 0.5318969 0.4322886 0.4196108 0.4516833 0.4270672 0.4251421 0.4206702 0.0000010 0.4076838 0.4119260 0.4447174 0.4579782 0.4175921 0.4564634 0.4067935 0.0068099 0.0061162 0.0056584 0.0064684 0.0052019 0.0043646 0.0055969 0.5006179 0.0068314 0.0068314 0.0076652 0.5311931 0.0055746 0.0068242 0.0047669 0.0047669 0.0060056 0.0060056 0.0080700 0.0047690 0.5309785 0.5297395 0.5316922 0.5297472 0.5297395 0.5309785 0.5323045 0.5317126 0.5336121 0.5305784 0.5333911 0.5331575 0.5333650 0.5294692 0.5326344 0.5310021 0.5332676 0.5322745 0.5307953 0.5348061 0.5316922 0.5272007 0.5344559 0.5320920 0.5324830 0.5325661 0.5310021 0.5317332 0.5317332 0.5333908 0.5282735 0.5304885 0.5308390 0.5288949 0.5320243 0.5326955 0.5279195 0.5331723 0.5326038 0.5311931 0.0064058 1.4293754 
HM585513_Human_herpesvirus_1            0.0118366 0.0105659 0.0085107 0.0118366 0.0118366 0.0101585 0.0072341 0.0122720 0.0114151 0.0122720 0.0114151 0.0039639 0.0110244 0.0101567 0.0085107 0.0007835 0.0000000 0.0039655 0.0003907 0.4096740 0.4371093 0.4360678 0.5318969 0.4296187 0.4164767 0.4491542 0.4238760 0.4223402 0.4178952 0.0000010 0.4043999 0.4086986 0.4417395 0.4554236 0.4144352 0.4539007 0.4037097 0.0059947 0.0052881 0.0048411 0.0056470 0.0043913 0.0035627 0.0047862 0.4985251 0.0060137 0.0060137 0.0068425 0.5290298 0.0047671 0.0060074 0.0039631 0.0039631 0.0051928 0.0051928 0.0072459 0.0039649 0.5288242 0.5275879 0.5295387 0.5275944 0.5275879 0.5288242 0.5301475 0.5295567 0.5314541 0.5284231 0.5312312 0.5310021 0.5312090 0.5296755 0.5304764 0.5288481 0.5311108 0.5301192 0.5286419 0.5326467 0.5295387 0.5250419 0.5322992 0.5299373 0.5303255 0.5304044 0.5288481 0.5295766 0.5295766 0.5312311 0.5261227 0.5283306 0.5286855 0.5267406 0.5298619 0.5305370 0.5257655 0.5310169 0.5304481 0.5290298 0.0055921 1.4248047 
HM585514_Human_herpesvirus_1            0.0126952 0.0114167 0.0093442 0.0126952 0.0126952 0.0109983 0.0080579 0.0131339 0.0122714 0.0131339 0.0122714 0.0047687 0.0118702 0.0101555 0.0093442 0.0047697 0.0039655 0.0000000 0.0043690 0.4161327 0.4424288 0.4412944 0.5422902 0.4349223 0.4210999 0.4542144 0.4254010 0.4278910 0.4233829 0.0000010 0.4047155 0.4102019 0.4476839 0.4605464 0.4175030 0.4590370 0.4051334 0.0076322 0.0061173 0.0056594 0.0064695 0.0060188 0.0043654 0.0064141 0.5001418 0.0068325 0.0068325 0.0076664 0.5310443 0.0055756 0.0076481 0.0047678 0.0047678 0.0060066 0.0060066 0.0089016 0.0039581 0.5308302 0.5295908 0.5315443 0.5295984 0.5295908 0.5308302 0.5321567 0.5315645 0.5334649 0.5304298 0.5332436 0.5330102 0.5332178 0.5316804 0.5324867 0.5308538 0.5331203 0.5321268 0.5306470 0.5346593 0.5315443 0.5270501 0.5343091 0.5319442 0.5323352 0.5324180 0.5308538 0.5315851 0.5315851 0.5332433 0.5281240 0.5303397 0.5306907 0.5287456 0.5318760 0.5325477 0.5277697 0.5330250 0.5324562 0.5310443 0.0064069 1.4249202 
HM585515_Human_herpesvirus_1            0.0122646 0.0109900 0.0089303 0.0122646 0.0122646 0.0105820 0.0076483 0.0127017 0.0118420 0.0127017 0.0118420 0.0043673 0.0105965 0.0105800 0.0089303 0.0011771 0.0003907 0.0043690 0.0000000 0.4096740 0.4386760 0.4376068 0.5318969 0.4311783 0.4164767 0.4506484 0.4238760 0.4239702 0.4195054 0.0000010 0.4043999 0.4086986 0.4417395 0.4569385 0.4144352 0.4554190 0.4037097 0.0064046 0.0057042 0.0052517 0.0060599 0.0047982 0.0039649 0.0051934 0.4997986 0.0064249 0.0064249 0.0072566 0.5303713 0.0051726 0.0064182 0.0043665 0.0043665 0.0056012 0.0056012 0.0076609 0.0043684 0.5301599 0.5289209 0.5308745 0.5289281 0.5289209 0.5301599 0.5314860 0.5308940 0.5327943 0.5297590 0.5325723 0.5323403 0.5325478 0.5310108 0.5318157 0.5301836 0.5324499 0.5314566 0.5299769 0.5339887 0.5308745 0.5263772 0.5336392 0.5312741 0.5316644 0.5317460 0.5301836 0.5309143 0.5309143 0.5325721 0.5274539 0.5296681 0.5300205 0.5280745 0.5312035 0.5318767 0.5270984 0.5323551 0.5317860 0.5303713 0.0060011 1.4216027 
HSV2_1                                  0.4083546 0.4074927 0.4145119 0.4083546 0.4083546 0.4156330 0.4044914 0.4064707 0.4068776 0.4064707 0.4068776 0.4094174 0.4094911 0.4094777 0.4145119 0.4126366 0.4096740 0.4161327 0.4096740 0.0000000 0.0050693 0.0050672 0.0170995 0.0115802 0.0020704 0.0037522 0.0014106 0.0019393 0.0013052 0.0000010 0.0021668 0.0050745 0.0115655 0.0108793 0.0028048 0.0102408 0.0106404 0.4103160 0.4122249 0.4159641 0.4094174 0.4079582 0.4109155 0.4097836 0.0860983 0.4127688 0.4127688 0.4113725 0.0102172 0.4120010 0.4131567 0.4109155 0.4109155 0.4079582 0.4079582 0.4077319 0.4145122 0.0115109 0.0115141 0.0115109 0.0108618 0.0115141 0.0115109 0.0115257 0.0122160 0.0108618 0.0128788 0.0101941 0.0108502 0.0101941 0.0115200 0.0108547 0.0108547 0.0115186 0.0108547 0.0101941 0.0115296 0.0115109 0.0109110 0.0101941 0.0108547 0.0115151 0.0115483 0.0108547 0.0115232 0.0115232 0.0108507 0.0121723 0.0144053 0.0108547 0.0128580 0.0108924 0.0115104 0.0135046 0.0108580 0.0115109 0.0102172 0.4153962 1.0720424 
HSV2_2                                  0.4356691 0.4349398 0.4399233 0.4356691 0.4356691 0.4423039 0.4308366 0.4339461 0.4343370 0.4339461 0.4343370 0.4350359 0.4371614 0.4366652 0.4399233 0.4397796 0.4371093 0.4424288 0.4386760 0.0050693 0.0000000 0.0005490 0.0317657 0.0134782 0.0025913 0.0038323 0.0046689 0.0035265 0.0011530 0.0000010 0.0027528 0.0054332 0.0140441 0.0141527 0.0032814 0.0123895 0.0134607 0.4347805 0.4378097 0.4412888 0.4352906 0.4339769 0.4363834 0.4356533 0.0937736 0.4369957 0.4369957 0.4370741 0.0135604 0.4373378 0.4386933 0.4363834 0.4363834 0.4326470 0.4326470 0.4324218 0.4399330 0.0134860 0.0134893 0.0134860 0.0129147 0.0134893 0.0134860 0.0135011 0.0141127 0.0129147 0.0146966 0.0123222 0.0129026 0.0123222 0.0134954 0.0135094 0.0129073 0.0134940 0.0129073 0.0129026 0.0135051 0.0134860 0.0129744 0.0123222 0.0134903 0.0141146 0.0135233 0.0129073 0.0141233 0.0141233 0.0129032 0.0140695 0.0148574 0.0129073 0.0146767 0.0135436 0.0135240 0.0148126 0.0135320 0.0134860 0.0135604 0.4406705 1.1758056 
HSV2_3                                  0.4330068 0.4322868 0.4401472 0.4330068 0.4330068 0.4411732 0.4299040 0.4313186 0.4316999 0.4313186 0.4316999 0.4342819 0.4361201 0.4356343 0.4401472 0.4386926 0.4360678 0.4412944 0.4376068 0.0050672 0.0005490 0.0000000 0.0317657 0.0127495 0.0025955 0.0090423 0.0039765 0.0029291 0.0011779 0.0000010 0.0027754 0.0047404 0.0126835 0.0129739 0.0032801 0.0111527 0.0134416 0.4337801 0.4367586 0.4401736 0.4342819 0.4329905 0.4356072 0.4346372 0.0928466 0.4359572 0.4359572 0.4360342 0.0122906 0.4365466 0.4376253 0.4356072 0.4356072 0.4316831 0.4316831 0.4314626 0.4388430 0.0122233 0.0122262 0.0122233 0.0116594 0.0122262 0.0122233 0.0122368 0.0128377 0.0116594 0.0134131 0.0110767 0.0116486 0.0110767 0.0122317 0.0122443 0.0116528 0.0122304 0.0116528 0.0116486 0.0122404 0.0122233 0.0117133 0.0110767 0.0122272 0.0128394 0.0122573 0.0116528 0.0128472 0.0128472 0.0122368 0.0127981 0.0135661 0.0116528 0.0133946 0.0122749 0.0128348 0.0135249 0.0122652 0.0122233 0.0122906 0.4395704 1.1719194 
HSV2_4                                  0.5057980 0.5057980 0.5417944 0.5145955 0.5145955 0.5599345 0.5084927 0.5057980 0.5057980 0.5057980 0.5057980 0.5422902 0.5204466 0.5176840 0.5417944 0.5318969 0.5318969 0.5422902 0.5318969 0.0170995 0.0317657 0.0317657 0.0000000 0.0000010 0.0066326 0.0000027 0.0265381 0.0000021 0.0101168 0.0000010 0.0000024 0.0000023 0.0000010 0.0031610 0.0168620 0.0000010 0.0031552 0.5478493 0.5318969 0.5633387 0.5422902 0.5422902 0.5422902 0.5422902 0.1261957 0.5310928 0.5310928 0.5283415 0.0000010 0.5390777 0.5334853 0.5422902 0.5422902 0.5514463 0.5514463 0.5401514 0.5410072 0.0031552 0.0031595 0.0031552 0.0000010 0.0031595 0.0031552 0.0031752 0.0063810 0.0031699 0.0031552 0.0000010 0.0000010 0.0000010 0.0000010 0.0000010 0.0000010 0.0031652 0.0031610 0.0000010 0.0000010 0.0031552 0.0000010 0.0000010 0.0000010 0.0031552 0.0031552 0.0000010 0.0031727 0.0031727 0.0000010 0.0096471 0.0212712 0.0031610 0.0096471 0.0000010 0.0000010 0.0213776 0.0000010 0.0031552 0.0000010 0.5422902 1.8267885 
HSV2_5                                  0.4228072 0.4220589 0.4324206 0.4228072 0.4228072 0.4334536 0.4233660 0.4211035 0.4214815 0.4211035 0.4214815 0.4278142 0.4265713 0.4278500 0.4324206 0.4322886 0.4296187 0.4349223 0.4311783 0.0115802 0.0134782 0.0127495 0.0000010 0.0000000 0.0079162 0.0074091 0.0115300 0.0059147 0.0077789 0.0000010 0.0062478 0.0040447 0.0018092 0.0016405 0.0093584 0.0010928 0.0012833 0.4286324 0.4303353 0.4337803 0.4278142 0.4265007 0.4291623 0.4281672 0.0854290 0.4295127 0.4295127 0.4295906 0.0010914 0.4301233 0.4312057 0.4291623 0.4291623 0.4265007 0.4265007 0.4262808 0.4324390 0.0010912 0.0021909 0.0010912 0.0016414 0.0021909 0.0010912 0.0021929 0.0027517 0.0016414 0.0033068 0.0010914 0.0016400 0.0010914 0.0010919 0.0021942 0.0016405 0.0010918 0.0016405 0.0016400 0.0010927 0.0010912 0.0016453 0.0016400 0.0021911 0.0021911 0.0021974 0.0016405 0.0021924 0.0021924 0.0016400 0.0027422 0.0045013 0.0016405 0.0033010 0.0016469 0.0021903 0.0050739 0.0016409 0.0010912 0.0010914 0.4331938 1.1117719 
HSV2_6                                  0.4144786 0.4135798 0.4182086 0.4144786 0.4144786 0.4209680 0.4091823 0.4124807 0.4129171 0.4124807 0.4129171 0.4143879 0.4144632 0.4144458 0.4182086 0.4196108 0.4164767 0.4210999 0.4164767 0.0020704 0.0025913 0.0025955 0.0066326 0.0079162 0.0000000 0.0012914 0.0013503 0.0000028 0.0000028 0.0000010 0.0000029 0.0027223 0.0073311 0.0072398 0.0006652 0.0065665 0.0076315 0.4153400 0.4173506 0.4197547 0.4143879 0.4128469 0.4159697 0.4147819 0.0835217 0.4163674 0.4163674 0.4148740 0.0065665 0.4171107 0.4183455 0.4159697 0.4159697 0.4128469 0.4128469 0.4126031 0.4197816 0.0079108 0.0079130 0.0079108 0.0072446 0.0079130 0.0079108 0.0079214 0.0079130 0.0072446 0.0085866 0.0065665 0.0065665 0.0065665 0.0079172 0.0079272 0.0072398 0.0079162 0.0072398 0.0065665 0.0079242 0.0079108 0.0065665 0.0065665 0.0079138 0.0079138 0.0072370 0.0072398 0.0079195 0.0079195 0.0072370 0.0085861 0.0108341 0.0072398 0.0092806 0.0072657 0.0072370 0.0099463 0.0065665 0.0079108 0.0065665 0.4191164 1.1100403 
HSV2_7                                  0.4490991 0.4484301 0.4530756 0.4490991 0.4490991 0.4540797 0.4431818 0.4474544 0.4478358 0.4474544 0.4478358 0.4471633 0.4504543 0.4486991 0.4530756 0.4516833 0.4491542 0.4542144 0.4506484 0.0037522 0.0038323 0.0090423 0.0000027 0.0074091 0.0012914 0.0000000 0.0026419 0.0017389 0.0011435 0.0000010 0.0006808 0.0033647 0.0055674 0.0079977 0.0006519 0.0115974 0.0059209 0.4463411 0.4497924 0.4531380 0.4486865 0.4461650 0.4484396 0.4477682 0.0916532 0.4490344 0.4490344 0.4491092 0.0117421 0.4493341 0.4506489 0.4484396 0.4484396 0.4449051 0.4449051 0.4446812 0.4518330 0.0122699 0.0122727 0.0122699 0.0117302 0.0122727 0.0122699 0.0122829 0.0128576 0.0117302 0.0134077 0.0111726 0.0117198 0.0111726 0.0122780 0.0122901 0.0117238 0.0122767 0.0117238 0.0117198 0.0122864 0.0122699 0.0117741 0.0111726 0.0122736 0.0122736 0.0123025 0.0117238 0.0122808 0.0122808 0.0122829 0.0122694 0.0141155 0.0117238 0.0128375 0.0123195 0.0122694 0.0133727 0.0117268 0.0122699 0.0117421 0.4525051 1.2254345 
HSV2_8                                  0.4173638 0.4164579 0.4240197 0.4173638 0.4173638 0.4268370 0.4148227 0.4153339 0.4157796 0.4153339 0.4157796 0.4217332 0.4201974 0.4201961 0.4240197 0.4270672 0.4238760 0.4254010 0.4238760 0.0014106 0.0046689 0.0039765 0.0265381 0.0115300 0.0013503 0.0026419 0.0000000 0.0013184 0.0000024 0.0000010 0.0014104 0.0041797 0.0108896 0.0108265 0.0020046 0.0101255 0.0106323 0.4227071 0.4231362 0.4288367 0.4217332 0.4185560 0.4233436 0.4205335 0.0872206 0.4237562 0.4237562 0.4206249 0.0101255 0.4249550 0.4241606 0.4233436 0.4233436 0.4201643 0.4201643 0.4199085 0.4256273 0.0108223 0.0115251 0.0108223 0.0108339 0.0115251 0.0108223 0.0108223 0.0122693 0.0108339 0.0129721 0.0101255 0.0101255 0.0101255 0.0115314 0.0108409 0.0101255 0.0115300 0.0108265 0.0101255 0.0115416 0.0108223 0.0101255 0.0101255 0.0108223 0.0108223 0.0115614 0.0101255 0.0108313 0.0108313 0.0108223 0.0122228 0.0145924 0.0108265 0.0122228 0.0108217 0.0108223 0.0136355 0.0101255 0.0108223 0.0101255 0.4249347 1.0941985 
HSV2_9                                  0.4199426 0.4191507 0.4238850 0.4199426 0.4199426 0.4263595 0.4158000 0.4181544 0.4185491 0.4181544 0.4185491 0.4204610 0.4221487 0.4205064 0.4238850 0.4251421 0.4223402 0.4278910 0.4239702 0.0019393 0.0035265 0.0029291 0.0000021 0.0059147 0.0000028 0.0017389 0.0013184 0.0000000 0.0000026 0.0000010 0.0000025 0.0020267 0.0055951 0.0052779 0.0006529 0.0046852 0.0053817 0.4213158 0.4231086 0.4266903 0.4204610 0.4190829 0.4218755 0.4208215 0.0855723 0.4222366 0.4222366 0.4209017 0.0046816 0.4228905 0.4240087 0.4218755 0.4218755 0.4190829 0.4190829 0.4188591 0.4252970 0.0058560 0.0058575 0.0058560 0.0052660 0.0058575 0.0058560 0.0058630 0.0064753 0.0052660 0.0070742 0.0046683 0.0046683 0.0046683 0.0058603 0.0058669 0.0052630 0.0058595 0.0052630 0.0052609 0.0058649 0.0058560 0.0046816 0.0046683 0.0058580 0.0058580 0.0058749 0.0052630 0.0058618 0.0058618 0.0052612 0.0064524 0.0084102 0.0052630 0.0070621 0.0052848 0.0052612 0.0076523 0.0052643 0.0058560 0.0046816 0.4246892 1.1581137 
HSV2_10                                 0.4173125 0.4165200 0.4194279 0.4173125 0.4173125 0.4218724 0.4114293 0.4155362 0.4159264 0.4155362 0.4159264 0.4157869 0.4177120 0.4160920 0.4194279 0.4206702 0.4178952 0.4233829 0.4195054 0.0013052 0.0011530 0.0011779 0.0101168 0.0077789 0.0000028 0.0011435 0.0000024 0.0000026 0.0000000 0.0000010 0.0000025 0.0027099 0.0076071 0.0076039 0.0006521 0.0076098 0.0081494 0.4168866 0.4186661 0.4221923 0.4160424 0.4146775 0.4171871 0.4163936 0.0870439 0.4177970 0.4177970 0.4164746 0.0076039 0.4181961 0.4195494 0.4171871 0.4171871 0.4146775 0.4146775 0.4144598 0.4208218 0.0087858 0.0087880 0.0087858 0.0081935 0.0087880 0.0087858 0.0087962 0.0094188 0.0081935 0.0100215 0.0075878 0.0075878 0.0075878 0.0087922 0.0088019 0.0081887 0.0087911 0.0081887 0.0081856 0.0087990 0.0087858 0.0076039 0.0075878 0.0087888 0.0087888 0.0088129 0.0081887 0.0087944 0.0087944 0.0081859 0.0093868 0.0107761 0.0081887 0.0100056 0.0082228 0.0081859 0.0099907 0.0075878 0.0087858 0.0076039 0.4216337 1.1370774 
HSV2_11                                 0.0000010 0.0000010 0.0000010 0.0000010 0.0000010 0.0000010 0.0000010 0.0000010 0.0000010 0.0000010 0.0000010 0.0000010 0.0000010 0.0000010 0.0000010 0.0000010 0.0000010 0.0000010 0.0000010 0.0000010 0.0000010 0.0000010 0.0000010 0.0000010 0.0000010 0.0000010 0.0000010 0.0000010 0.0000010 0.0000000 0.0000010 0.0000010 0.0000010 0.0000010 0.0000010 0.0000010 0.0000010 0.0000010 0.0000010 0.0000010 0.0000010 0.0000010 0.0000010 0.0000010 0.0000010 0.0000010 0.0000010 0.0000010 0.0000010 0.0000010 0.0000010 0.0000010 0.0000010 0.0000010 0.0000010 0.0000010 0.0000010 0.0000010 0.0000010 0.0000010 0.0000010 0.0000010 0.0000010 0.0000010 0.0000010 0.0000010 0.0000010 0.0000010 0.0000010 0.0000010 0.0000010 0.0000010 0.0000010 0.0000010 0.0000010 0.0000010 0.0000010 0.0000010 0.0000010 0.0000010 0.0000010 0.0000010 0.0000010 0.0000010 0.0000010 0.0000010 0.0000010 0.0000010 0.0000010 0.0000010 0.0000010 0.0000010 0.0000010 0.0000010 0.0000010 0.0000010 0.0000010 0.0000010 0.1173735 
HSV2_12                                 0.3983797 0.3974071 0.4045615 0.3983797 0.3983797 0.4074271 0.3951462 0.3963122 0.3967501 0.3963122 0.3967501 0.4022385 0.4006682 0.3990269 0.4045615 0.4076838 0.4043999 0.4047155 0.4043999 0.0021668 0.0027528 0.0027754 0.0000024 0.0062478 0.0000029 0.0006808 0.0014104 0.0000025 0.0000025 0.0000010 0.0000000 0.0028058 0.0056187 0.0048358 0.0000027 0.0048358 0.0058247 0.4032273 0.4036893 0.4077987 0.4022385 0.3989693 0.4038957 0.4009735 0.0801390 0.4059387 0.4059387 0.4010751 0.0048358 0.4051042 0.4047008 0.4038957 0.4038957 0.4006243 0.4006243 0.4003817 0.4061924 0.0062434 0.0062452 0.0062434 0.0055442 0.0062452 0.0062434 0.0062522 0.0062452 0.0048358 0.0069505 0.0048358 0.0048358 0.0048358 0.0062487 0.0055481 0.0048358 0.0062478 0.0055404 0.0048358 0.0062546 0.0062434 0.0048358 0.0048358 0.0055382 0.0055382 0.0055382 0.0048358 0.0062506 0.0062506 0.0055382 0.0069502 0.0092879 0.0055404 0.0069502 0.0055379 0.0055382 0.0083758 0.0048358 0.0062434 0.0048358 0.4055331 1.0688230 
HSV2_13                                 0.4027648 0.4018181 0.4088547 0.4027648 0.4027648 0.4116784 0.3995900 0.4007278 0.4011630 0.4007278 0.4011630 0.4065650 0.4050195 0.4034036 0.4088547 0.4119260 0.4086986 0.4102019 0.4086986 0.0050745 0.0054332 0.0047404 0.0000023 0.0040447 0.0027223 0.0033647 0.0041797 0.0020267 0.0027099 0.0000010 0.0028058 0.0000000 0.0041357 0.0040462 0.0027421 0.0033629 0.0049153 0.4075400 0.4079893 0.4120516 0.4065650 0.4033518 0.4081938 0.4053283 0.0852587 0.4085949 0.4085949 0.4054266 0.0033629 0.4093769 0.4055462 0.4081938 0.4081938 0.4049784 0.4049784 0.4047355 0.4104624 0.0047275 0.0047289 0.0047275 0.0040489 0.0047289 0.0047275 0.0047341 0.0047289 0.0040489 0.0054147 0.0033629 0.0033629 0.0033629 0.0047314 0.0047377 0.0040462 0.0047308 0.0040462 0.0033629 0.0047358 0.0047275 0.0033629 0.0033629 0.0047294 0.0047294 0.0040447 0.0040462 0.0047328 0.0047328 0.0040447 0.0054144 0.0076580 0.0040462 0.0054144 0.0040444 0.0040447 0.0067958 0.0033629 0.0047275 0.0033629 0.4114340 1.1111955 
HSV2_14                                 0.4372738 0.4364666 0.4433667 0.4372738 0.4372738 0.4460254 0.4347338 0.4353584 0.4357939 0.4353584 0.4357939 0.4397020 0.4397606 0.4397278 0.4433667 0.4447174 0.4417395 0.4476839 0.4417395 0.0115655 0.0140441 0.0126835 0.0000010 0.0018092 0.0073311 0.0055674 0.0108896 0.0055951 0.0076071 0.0000010 0.0056187 0.0041357 0.0000000 0.0012019 0.0087005 0.0006002 0.0020083 0.4406199 0.4425090 0.4464137 0.4397020 0.4382374 0.4412050 0.4401129 0.0856852 0.4416073 0.4416073 0.4401903 0.0005990 0.4422649 0.4435034 0.4412050 0.4412050 0.4382374 0.4382374 0.4379806 0.4448907 0.0018057 0.0018062 0.0018057 0.0012026 0.0018062 0.0018057 0.0018080 0.0024212 0.0012026 0.0030309 0.0005990 0.0005990 0.0005990 0.0018071 0.0012034 0.0005990 0.0018068 0.0012019 0.0005990 0.0018086 0.0018057 0.0005990 0.0012015 0.0012015 0.0012015 0.0018121 0.0005990 0.0018075 0.0018075 0.0012015 0.0024119 0.0043420 0.0012019 0.0030250 0.0012071 0.0012015 0.0049734 0.0012022 0.0018057 0.0005990 0.4441947 1.1020423 
HSV2_15                                 0.4531723 0.4525050 0.4593796 0.4531723 0.4531723 0.4604012 0.4493756 0.4515117 0.4518993 0.4515117 0.4518993 0.4533987 0.4567302 0.4549456 0.4593796 0.4579782 0.4554236 0.4605464 0.4569385 0.0108793 0.0141527 0.0129739 0.0031610 0.0016405 0.0072398 0.0079977 0.0108265 0.0052779 0.0076039 0.0000010 0.0048358 0.0040462 0.0012019 0.0000000 0.0086700 0.0015518 0.0019277 0.4525623 0.4560549 0.4594607 0.4536500 0.4523928 0.4546877 0.4540201 0.0892961 0.4552961 0.4552961 0.4553720 0.0005050 0.4555861 0.4569302 0.4546877 0.4546877 0.4511202 0.4511202 0.4508887 0.4581317 0.0025490 0.0025495 0.0025490 0.0020377 0.0025495 0.0025490 0.0025516 0.0030731 0.0020377 0.0035898 0.0015247 0.0020360 0.0015247 0.0025506 0.0025531 0.0020367 0.0025503 0.0020367 0.0020360 0.0025524 0.0025490 0.0020421 0.0020361 0.0025497 0.0020307 0.0025565 0.0020367 0.0020318 0.0020318 0.0025516 0.0030632 0.0047041 0.0020367 0.0035840 0.0015302 0.0020300 0.0052370 0.0015210 0.0025490 0.0005050 0.4587963 1.1842844 
HSV2_16                                 0.4070029 0.4060869 0.4145840 0.4070029 0.4070029 0.4173556 0.4055071 0.4050086 0.4054382 0.4050086 0.4054382 0.4123357 0.4108210 0.4092366 0.4145840 0.4175921 0.4144352 0.4175030 0.4144352 0.0028048 0.0032814 0.0032801 0.0168620 0.0093584 0.0006652 0.0006519 0.0020046 0.0006529 0.0006521 0.0000010 0.0000027 0.0027421 0.0087005 0.0086700 0.0000000 0.0079841 0.0091152 0.4132934 0.4137270 0.4177312 0.4123357 0.4091924 0.4139290 0.4111346 0.0865042 0.4143274 0.4143274 0.4112287 0.0079841 0.4150803 0.4147207 0.4139290 0.4139290 0.4107836 0.4107836 0.4105401 0.4161631 0.0093519 0.0093546 0.0093519 0.0086759 0.0093546 0.0093519 0.0093646 0.0100776 0.0086759 0.0107669 0.0079841 0.0079841 0.0079841 0.0093597 0.0086815 0.0079841 0.0093584 0.0086700 0.0079841 0.0093679 0.0093519 0.0079841 0.0079841 0.0086667 0.0086667 0.0093846 0.0079841 0.0093624 0.0093624 0.0086667 0.0100389 0.0123413 0.0086700 0.0100389 0.0086662 0.0086667 0.0114228 0.0079841 0.0093519 0.0079841 0.4155031 1.1283427 
HSV2_17                                 0.4512561 0.4505840 0.4578705 0.4512561 0.4512561 0.4588935 0.4478373 0.4495933 0.4499803 0.4495933 0.4499803 0.4518728 0.4552131 0.4534257 0.4578705 0.4564634 0.4539007 0.4590370 0.4554190 0.0102408 0.0123895 0.0111527 0.0000010 0.0010928 0.0065665 0.0115974 0.0101255 0.0046852 0.0076098 0.0000010 0.0048358 0.0033629 0.0006002 0.0015518 0.0079841 0.0000000 0.0012822 0.4516406 0.4545373 0.4579475 0.4521243 0.4508631 0.4531660 0.4524936 0.0889369 0.4537744 0.4537744 0.4538504 0.0015313 0.4540684 0.4554129 0.4531660 0.4531660 0.4495865 0.4495865 0.4496459 0.4566169 0.0015267 0.0015270 0.0015267 0.0010168 0.0015270 0.0015267 0.0015283 0.0020453 0.0010168 0.0025597 0.0000026 0.0010160 0.0000026 0.0015277 0.0015292 0.0010163 0.0015275 0.0010163 0.0010160 0.0015287 0.0015267 0.0010191 0.0005073 0.0015271 0.0020456 0.0015312 0.0010163 0.0020467 0.0020467 0.0015283 0.0020386 0.0036560 0.0010163 0.0025555 0.0015326 0.0020449 0.0041864 0.0015321 0.0015267 0.0015313 0.4568929 1.2043375 
HSV2_18                                 0.3940670 0.3931477 0.4058609 0.3940670 0.3940670 0.4085601 0.3969937 0.3921351 0.3925409 0.3921351 0.3925409 0.4036722 0.3989071 0.4022035 0.4058609 0.4067935 0.4037097 0.4051334 0.4037097 0.0106404 0.0134607 0.0134416 0.0031552 0.0012833 0.0076315 0.0059209 0.0106323 0.0053817 0.0081494 0.0000010 0.0058247 0.0049153 0.0020083 0.0019277 0.0091152 0.0012822 0.0000000 0.4046040 0.4050374 0.4104633 0.4036722 0.4005946 0.4052322 0.4024835 0.0829399 0.4056134 0.4056134 0.4021454 0.0012822 0.4077795 0.4059924 0.4052322 0.4052322 0.4021526 0.4021526 0.4019227 0.4053927 0.0000024 0.0025752 0.0000024 0.0019289 0.0025752 0.0000024 0.0025779 0.0032372 0.0019289 0.0032363 0.0012822 0.0012822 0.0012822 0.0012828 0.0025798 0.0019277 0.0012826 0.0019277 0.0012822 0.0012839 0.0000024 0.0012822 0.0012822 0.0025754 0.0025754 0.0025840 0.0019277 0.0025773 0.0025773 0.0019270 0.0032241 0.0053112 0.0019277 0.0038823 0.0019269 0.0019270 0.0059894 0.0012822 0.0000024 0.0012822 0.4083358 1.0410010 
JN400093_Human_herpesvirus_1            0.0139722 0.0126839 0.0101626 0.0139722 0.0139722 0.0109767 0.0072127 0.0144151 0.0135455 0.0144151 0.0135455 0.0068028 0.0105875 0.0101356 0.0101626 0.0068099 0.0059947 0.0076322 0.0064046 0.4103160 0.4347805 0.4337801 0.5478493 0.4286324 0.4153400 0.4463411 0.4227071 0.4213158 0.4168866 0.0000010 0.4032273 0.4075400 0.4406199 0.4525623 0.4132934 0.4516406 0.4046040 0.0000000 0.0069366 0.0077256 0.0085487 0.0035758 0.0063938 0.0039697 0.4960390 0.0076404 0.0076404 0.0076509 0.5248239 0.0076196 0.0043696 0.0068014 0.0068014 0.0047890 0.0047890 0.0051924 0.0076311 0.5246364 0.5234099 0.5253499 0.5234139 0.5234099 0.5246364 0.5259496 0.5253631 0.5272491 0.5242350 0.5270233 0.5268039 0.5270088 0.5254875 0.5262752 0.5246607 0.5269095 0.5259243 0.5244566 0.5284347 0.5253499 0.5208595 0.5280936 0.5257445 0.5261259 0.5261964 0.5246607 0.5253814 0.5253814 0.5270238 0.5219516 0.5241375 0.5244997 0.5225605 0.5256544 0.5263348 0.5215896 0.5268188 0.5262514 0.5248239 0.0080405 1.4161998 
