94
HM585496_Human_herpesvirus_1            0.0000000 0.0031903 0.0080995 0.0007879 0.0007879 0.0149495 0.0097747 0.0007873 0.0218214 0.0007873 0.0007873 0.0007873 0.0130197 0.0209358 0.0158379 0.0080995 0.0162773 0.0162773 0.0181483 0.4742138 0.4744659 0.4786576 0.4666256 0.4862435 0.4794344 0.4780673 0.4734941 0.4851328 0.4679148 0.4618502 0.4714985 0.4871563 0.4908019 0.4854646 0.4583405 0.4871563 0.4876681 0.0081065 0.0081056 0.0056161 0.0056207 0.0136141 0.0184665 0.0154346 0.5156258 0.0131860 0.0131834 0.0114486 0.4899826 0.0162735 0.0194367 0.0149280 0.0153736 0.0153683 0.0127803 0.0132015 0.0150242 0.0185877 0.4873228 0.4873228 0.4850734 0.4850377 0.4860967 0.4849070 0.4837529 0.4899753 0.4860967 0.4859299 0.4883175 0.4873537 0.4869963 0.4893783 0.4893791 0.4893791 0.4882171 0.4882163 0.4887132 0.4861266 0.4859299 0.4894393 0.4894393 0.4859303 0.4897459 0.4897459 0.4859303 0.4895500 0.4880565 0.4895698 0.4877552 0.0149335 0.0149335 0.4862702 0.0136440 1.1409419 
HM585497_Human_herpesvirus_1            0.0031903 0.0000000 0.0064426 0.0031925 0.0031925 0.0132243 0.0081022 0.0031903 0.0200171 0.0031903 0.0031903 0.0031903 0.0103172 0.0191369 0.0141028 0.0064426 0.0145381 0.0145381 0.0163827 0.4710666 0.4710546 0.4754512 0.4664161 0.4830926 0.4762231 0.4749265 0.4709660 0.4819843 0.4647061 0.4630724 0.4680517 0.4840029 0.4876361 0.4823122 0.4548809 0.4840029 0.4845109 0.0072778 0.0085468 0.0056403 0.0056449 0.0119046 0.0176581 0.0136999 0.5150788 0.0114805 0.0114782 0.0098060 0.4868159 0.0145347 0.0186111 0.0132052 0.0136455 0.0136408 0.0110772 0.0114943 0.0132911 0.0177034 0.4841672 0.4841672 0.4819240 0.4818890 0.4829457 0.4817592 0.4806081 0.4868087 0.4829457 0.4827805 0.4851611 0.4841987 0.4838453 0.4862196 0.4862205 0.4862205 0.4850615 0.4850607 0.4855512 0.4829755 0.4827805 0.4862791 0.4862791 0.4827815 0.4865830 0.4865830 0.4827815 0.4863890 0.4849032 0.4864086 0.4845956 0.0132101 0.0132101 0.4831174 0.0110624 1.1379692 
HM585498_Human_herpesvirus_1            0.0080995 0.0064426 0.0000000 0.0080995 0.0080995 0.0098037 0.0031842 0.0080995 0.0231499 0.0080966 0.0080995 0.0080966 0.0085426 0.0227620 0.0098106 0.0000010 0.0136495 0.0136495 0.0154825 0.4759894 0.4765012 0.4807123 0.4700816 0.4882460 0.4814896 0.4800812 0.4766711 0.4871361 0.4699951 0.4720017 0.4735610 0.4891583 0.4928039 0.4874698 0.4604443 0.4891583 0.4894148 0.0072648 0.0098003 0.0072757 0.0072817 0.0162131 0.0203323 0.0128058 0.5183430 0.0157787 0.0157757 0.0089524 0.4919869 0.0127833 0.0221981 0.0114772 0.0119068 0.0119071 0.0097714 0.0101856 0.0124078 0.0167899 0.4893260 0.4893260 0.4870776 0.4870415 0.4880997 0.4869105 0.4857570 0.4919796 0.4880997 0.4879321 0.4903189 0.4893565 0.4889973 0.4913788 0.4913796 0.4913796 0.4902183 0.4902176 0.4907173 0.4881296 0.4879321 0.4914407 0.4914407 0.4879321 0.4917483 0.4917483 0.4879321 0.4915516 0.4900566 0.4915716 0.4897600 0.0114772 0.0114772 0.4882738 0.0110616 1.1314477 
HM585499_Human_herpesvirus_1            0.0007879 0.0031925 0.0080995 0.0000000 0.0000010 0.0149605 0.0097782 0.0000010 0.0213411 0.0000010 0.0000010 0.0000010 0.0130197 0.0209517 0.0158437 0.0080995 0.0162894 0.0162894 0.0181619 0.4744642 0.4749694 0.4791715 0.4657916 0.4867542 0.4799497 0.4785702 0.4739970 0.4856423 0.4684208 0.4618502 0.4720041 0.4876681 0.4913186 0.4859750 0.4588395 0.4876681 0.4879244 0.0081123 0.0081114 0.0056201 0.0056247 0.0136241 0.0184803 0.0154402 0.5161629 0.0131957 0.0131931 0.0114569 0.4904987 0.0162796 0.0194449 0.0149390 0.0153793 0.0153797 0.0127897 0.0132112 0.0150353 0.0186016 0.4878352 0.4878352 0.4855830 0.4855472 0.4866074 0.4854162 0.4842608 0.4904915 0.4866074 0.4864401 0.4888307 0.4878660 0.4875077 0.4898927 0.4898934 0.4898934 0.4887302 0.4887294 0.4892276 0.4866373 0.4864401 0.4899540 0.4899540 0.4864404 0.4902613 0.4902613 0.4864404 0.4900649 0.4885690 0.4900847 0.4882686 0.0149390 0.0149390 0.4867812 0.0136541 1.1388313 
HM585500_Human_herpesvirus_1            0.0007879 0.0031925 0.0080995 0.0000010 0.0000000 0.0149605 0.0097782 0.0000010 0.0213411 0.0000010 0.0000010 0.0000010 0.0130197 0.0209517 0.0158437 0.0080995 0.0162894 0.0162894 0.0181619 0.4744642 0.4749694 0.4791715 0.4657916 0.4867542 0.4799497 0.4785702 0.4739970 0.4856423 0.4684208 0.4618502 0.4720041 0.4876681 0.4913186 0.4859750 0.4588395 0.4876681 0.4879244 0.0081123 0.0081114 0.0056201 0.0056247 0.0136241 0.0184803 0.0154402 0.5161629 0.0131957 0.0131931 0.0114569 0.4904987 0.0162796 0.0194449 0.0149390 0.0153793 0.0153797 0.0127897 0.0132112 0.0150353 0.0186016 0.4878352 0.4878352 0.4855830 0.4855472 0.4866074 0.4854162 0.4842608 0.4904915 0.4866074 0.4864401 0.4888307 0.4878660 0.4875077 0.4898927 0.4898934 0.4898934 0.4887302 0.4887294 0.4892276 0.4866373 0.4864401 0.4899540 0.4899540 0.4864404 0.4902613 0.4902613 0.4864404 0.4900649 0.4885690 0.4900847 0.4882686 0.0149390 0.0149390 0.4867812 0.0136541 1.1388313 
HM585501_Human_herpesvirus_1            0.0149495 0.0132243 0.0098037 0.0149605 0.0149605 0.0000000 0.0106314 0.0149495 0.0250942 0.0149440 0.0149495 0.0149440 0.0046303 0.0251344 0.0023828 0.0098037 0.0068457 0.0068457 0.0085570 0.4748398 0.4750943 0.4792881 0.4748643 0.4868544 0.4800646 0.4785259 0.4743756 0.4857450 0.4685634 0.4720188 0.4721375 0.4877663 0.4914085 0.4860771 0.4587637 0.4877663 0.4882780 0.0102146 0.0110859 0.0119244 0.0119343 0.0131888 0.0181031 0.0060367 0.5151459 0.0127617 0.0136167 0.0060433 0.4905906 0.0085150 0.0204204 0.0072527 0.0076711 0.0076685 0.0089727 0.0093869 0.0060493 0.0098100 0.4879330 0.4879330 0.4856860 0.4856502 0.4867080 0.4855195 0.4843667 0.4905834 0.4867080 0.4865410 0.4889262 0.4879638 0.4876062 0.4899857 0.4891243 0.4891243 0.4888259 0.4888251 0.4893223 0.4867378 0.4865410 0.4900470 0.4900470 0.4865413 0.4903536 0.4903536 0.4865413 0.4901576 0.4886650 0.4901775 0.4883655 0.0072553 0.0072553 0.4868814 0.0068461 1.1277984 
HM585502_Human_herpesvirus_1            0.0097747 0.0081022 0.0031842 0.0097782 0.0097782 0.0106314 0.0000000 0.0097747 0.0249949 0.0097711 0.0097747 0.0097711 0.0107523 0.0246085 0.0106400 0.0031842 0.0136311 0.0136311 0.0154616 0.4792891 0.4795642 0.4838175 0.4745591 0.4901354 0.4846004 0.4819653 0.4785962 0.4890242 0.4731063 0.4778842 0.4766578 0.4910492 0.4947020 0.4893601 0.4647178 0.4910492 0.4913067 0.0089300 0.0089529 0.0089432 0.0089505 0.0153282 0.0221496 0.0127885 0.5179641 0.0148964 0.0148934 0.0097804 0.4938855 0.0136326 0.0231330 0.0123147 0.0127510 0.0127466 0.0097617 0.0101754 0.0123952 0.0167670 0.4912183 0.4912183 0.4889662 0.4889297 0.4899892 0.4887981 0.4876430 0.4938782 0.4899892 0.4898207 0.4922114 0.4912483 0.4908868 0.4932726 0.4924111 0.4924111 0.4921104 0.4921097 0.4926131 0.4900191 0.4898207 0.4933355 0.4933355 0.4898203 0.4936447 0.4936447 0.4898203 0.4934469 0.4919473 0.4934669 0.4916546 0.0123193 0.0123193 0.4901643 0.0110503 1.1352126 
HM585503_Human_herpesvirus_1            0.0007873 0.0031903 0.0080995 0.0000010 0.0000010 0.0149495 0.0097747 0.0000000 0.0218214 0.0000010 0.0000010 0.0000010 0.0130197 0.0209358 0.0158379 0.0080995 0.0162773 0.0162773 0.0181483 0.4742138 0.4744659 0.4786576 0.4650686 0.4862435 0.4794344 0.4780673 0.4734941 0.4851328 0.4679148 0.4618502 0.4714985 0.4871563 0.4908019 0.4854646 0.4583405 0.4871563 0.4876681 0.0081065 0.0081056 0.0056161 0.0056207 0.0136141 0.0184665 0.0154346 0.5156258 0.0131860 0.0131834 0.0114486 0.4899826 0.0162735 0.0194367 0.0149280 0.0153736 0.0153683 0.0127803 0.0132015 0.0150242 0.0185877 0.4873228 0.4873228 0.4850734 0.4850377 0.4860967 0.4849070 0.4837529 0.4899753 0.4860967 0.4859299 0.4883175 0.4873537 0.4869963 0.4893783 0.4893791 0.4893791 0.4882171 0.4882163 0.4887132 0.4861266 0.4859299 0.4894393 0.4894393 0.4859303 0.4897459 0.4897459 0.4859303 0.4895500 0.4880565 0.4895698 0.4877552 0.0149335 0.0149335 0.4862702 0.0136440 1.1368408 
HM585504_Human_herpesvirus_1            0.0218214 0.0200171 0.0231499 0.0213411 0.0213411 0.0250942 0.0249949 0.0218214 0.0000000 0.0218131 0.0218214 0.0218131 0.0239868 0.0077712 0.0246134 0.0231499 0.0255504 0.0255504 0.0275855 0.4796026 0.4796861 0.4839482 0.4820383 0.4902336 0.4847314 0.4832799 0.4789721 0.4891213 0.4721922 0.4812564 0.4767770 0.4911483 0.4948050 0.4894577 0.4632357 0.4911483 0.4902636 0.0227441 0.0255967 0.0236880 0.0237078 0.0260057 0.0155586 0.0241638 0.5150030 0.0255431 0.0259750 0.0255327 0.4939878 0.0279052 0.0155931 0.0255044 0.0259893 0.0259797 0.0260514 0.0255703 0.0247189 0.0289832 0.4913177 0.4913177 0.4890633 0.4890267 0.4900873 0.4888950 0.4877387 0.4939805 0.4900873 0.4899186 0.4923117 0.4913477 0.4909857 0.4933741 0.4933748 0.4933748 0.4922106 0.4922099 0.4927140 0.4904816 0.4899186 0.4934370 0.4934370 0.4899181 0.4937466 0.4937466 0.4899181 0.4935486 0.4920473 0.4935686 0.4917545 0.0255142 0.0255142 0.4902626 0.0250601 1.1321042 
HM585505_Human_herpesvirus_1            0.0007873 0.0031903 0.0080966 0.0000010 0.0000010 0.0149440 0.0097711 0.0000010 0.0218131 0.0000000 0.0000010 0.0000010 0.0130147 0.0209279 0.0158321 0.0080966 0.0162713 0.0162713 0.0181483 0.4739637 0.4742145 0.4784010 0.4650686 0.4859885 0.4791771 0.4778162 0.4734941 0.4848784 0.4676623 0.4618502 0.4712447 0.4869007 0.4905440 0.4852098 0.4580914 0.4869007 0.4874121 0.0081036 0.0081027 0.0056141 0.0056187 0.0136091 0.0184597 0.0154289 0.5153577 0.0131812 0.0131786 0.0114454 0.4897249 0.0162675 0.0194295 0.0149225 0.0153680 0.0153627 0.0127756 0.0131966 0.0150187 0.0185807 0.4870670 0.4870670 0.4848190 0.4847834 0.4858418 0.4846528 0.4834994 0.4897176 0.4858418 0.4856751 0.4880612 0.4870980 0.4867410 0.4891215 0.4891223 0.4891223 0.4879610 0.4879602 0.4884563 0.4858717 0.4856751 0.4891824 0.4891824 0.4856756 0.4894886 0.4894886 0.4856756 0.4892929 0.4878006 0.4893127 0.4874990 0.0149280 0.0149280 0.4860150 0.0136384 1.1358481 
HM585506_Human_herpesvirus_1            0.0007873 0.0031903 0.0080995 0.0000010 0.0000010 0.0149495 0.0097747 0.0000010 0.0218214 0.0000010 0.0000000 0.0000010 0.0130197 0.0209358 0.0158379 0.0080995 0.0162773 0.0162773 0.0181483 0.4742138 0.4744659 0.4786576 0.4650686 0.4862435 0.4794344 0.4780673 0.4734941 0.4851328 0.4679148 0.4618502 0.4714985 0.4871563 0.4908019 0.4854646 0.4583405 0.4871563 0.4876681 0.0081065 0.0081056 0.0056161 0.0056207 0.0136141 0.0184665 0.0154346 0.5156258 0.0131860 0.0131834 0.0114486 0.4899826 0.0162735 0.0194367 0.0149280 0.0153736 0.0153683 0.0127803 0.0132015 0.0150242 0.0185877 0.4873228 0.4873228 0.4850734 0.4850377 0.4860967 0.4849070 0.4837529 0.4899753 0.4860967 0.4859299 0.4883175 0.4873537 0.4869963 0.4893783 0.4893791 0.4893791 0.4882171 0.4882163 0.4887132 0.4861266 0.4859299 0.4894393 0.4894393 0.4859303 0.4897459 0.4897459 0.4859303 0.4895500 0.4880565 0.4895698 0.4877552 0.0149335 0.0149335 0.4862702 0.0136440 1.1368408 
HM585507_Human_herpesvirus_1            0.0007873 0.0031903 0.0080966 0.0000010 0.0000010 0.0149440 0.0097711 0.0000010 0.0218131 0.0000010 0.0000010 0.0000000 0.0130147 0.0209279 0.0158321 0.0080966 0.0162713 0.0162713 0.0181483 0.4739637 0.4742145 0.4784010 0.4650686 0.4859885 0.4791771 0.4778162 0.4734941 0.4848784 0.4676623 0.4618502 0.4712447 0.4869007 0.4905440 0.4852098 0.4580914 0.4869007 0.4874121 0.0081036 0.0081027 0.0056141 0.0056187 0.0136091 0.0184597 0.0154289 0.5153577 0.0131812 0.0131786 0.0114454 0.4897249 0.0162675 0.0194295 0.0149225 0.0153680 0.0153627 0.0127756 0.0131966 0.0150187 0.0185807 0.4870670 0.4870670 0.4848190 0.4847834 0.4858418 0.4846528 0.4834994 0.4897176 0.4858418 0.4856751 0.4880612 0.4870980 0.4867410 0.4891215 0.4891223 0.4891223 0.4879610 0.4879602 0.4884563 0.4858717 0.4856751 0.4891824 0.4891824 0.4856756 0.4894886 0.4894886 0.4856756 0.4892929 0.4878006 0.4893127 0.4874990 0.0149280 0.0149280 0.4860150 0.0136384 1.1358481 
HM585508_Human_herpesvirus_1            0.0130197 0.0103172 0.0085426 0.0130197 0.0130197 0.0046303 0.0107523 0.0130197 0.0239868 0.0130147 0.0130197 0.0130147 0.0000000 0.0245929 0.0063527 0.0085426 0.0080873 0.0080873 0.0099128 0.4576929 0.4581024 0.4635154 0.4484810 0.4717446 0.4643065 0.4632196 0.4585669 0.4705919 0.4522242 0.4425638 0.4560571 0.4726898 0.4764527 0.4709208 0.4408907 0.4726898 0.4729488 0.0094421 0.0126046 0.0121280 0.0121385 0.0139240 0.0177213 0.0076672 0.4939155 0.0134723 0.0125683 0.0072431 0.4755900 0.0063478 0.0205293 0.0054787 0.0054787 0.0059075 0.0090033 0.0094437 0.0072471 0.0112422 0.4728534 0.4728534 0.4705249 0.4704910 0.4715901 0.4703584 0.4702610 0.4755824 0.4715901 0.4714231 0.4738930 0.4728886 0.4725329 0.4737902 0.4738930 0.4738930 0.4737913 0.4737902 0.4742814 0.4716211 0.4714231 0.4750508 0.4750508 0.4714264 0.4753595 0.4753595 0.4714264 0.4737902 0.4748922 0.4751827 0.4720832 0.0054787 0.0054787 0.4717638 0.0041935 1.0382194 
HM585509_Human_herpesvirus_1            0.0209358 0.0191369 0.0227620 0.0209517 0.0209517 0.0251344 0.0246085 0.0209358 0.0077712 0.0209279 0.0209358 0.0209279 0.0245929 0.0000000 0.0251646 0.0227620 0.0251004 0.0251004 0.0271327 0.4745009 0.4753822 0.4787709 0.4774201 0.4854345 0.4803773 0.4790160 0.4746608 0.4843211 0.4654127 0.4785836 0.4724163 0.4863496 0.4900033 0.4846529 0.4572614 0.4863496 0.4868620 0.0218285 0.0242076 0.0227679 0.0227870 0.0245946 0.0155775 0.0242308 0.5133116 0.0241352 0.0245943 0.0255740 0.4891813 0.0274852 0.0156331 0.0250846 0.0255693 0.0255599 0.0246384 0.0250864 0.0242681 0.0285303 0.4865160 0.4865160 0.4842613 0.4842256 0.4852873 0.4840948 0.4829379 0.4891740 0.4852873 0.4851204 0.4875136 0.4865472 0.4865160 0.4885771 0.4885779 0.4885779 0.4874131 0.4874123 0.4879091 0.4853173 0.4851204 0.4886380 0.4886380 0.4851210 0.4889448 0.4889448 0.4851210 0.4887487 0.4872526 0.4887686 0.4869488 0.0250942 0.0250942 0.4854609 0.0246400 1.1227563 
HM585510_Human_herpesvirus_1            0.0158379 0.0141028 0.0098106 0.0158437 0.0158437 0.0023828 0.0106400 0.0158379 0.0246134 0.0158321 0.0158379 0.0158321 0.0063527 0.0251646 0.0000000 0.0098106 0.0076794 0.0076794 0.0094067 0.4786922 0.4789649 0.4832165 0.4772576 0.4907203 0.4839986 0.4823712 0.4782492 0.4896071 0.4724868 0.4786585 0.4760466 0.4916359 0.4952962 0.4899443 0.4626818 0.4916359 0.4918942 0.0119222 0.0119509 0.0127939 0.0128045 0.0149288 0.0181245 0.0068644 0.5190615 0.0144971 0.0153612 0.0068742 0.4944787 0.0093605 0.0204371 0.0080884 0.0085099 0.0085071 0.0106680 0.0110859 0.0068812 0.0106668 0.4918056 0.4918056 0.4895492 0.4895125 0.4905739 0.4893806 0.4882233 0.4944715 0.4905739 0.4904049 0.4928003 0.4918356 0.4914728 0.4938635 0.4930006 0.4930006 0.4926990 0.4926983 0.4932037 0.4906039 0.4904049 0.4916973 0.4916973 0.4904044 0.4942369 0.4942369 0.4904044 0.4940384 0.4925353 0.4940586 0.4922433 0.0080913 0.0080913 0.4907496 0.0076798 1.1301579 
HM585511_Human_herpesvirus_1            0.0080995 0.0064426 0.0000010 0.0080995 0.0080995 0.0098037 0.0031842 0.0080995 0.0231499 0.0080966 0.0080995 0.0080966 0.0085426 0.0227620 0.0098106 0.0000000 0.0136495 0.0136495 0.0154825 0.4759894 0.4765012 0.4807123 0.4700816 0.4882460 0.4814896 0.4800812 0.4766711 0.4871361 0.4699951 0.4720017 0.4735610 0.4891583 0.4928039 0.4874698 0.4604443 0.4891583 0.4894148 0.0072648 0.0098003 0.0072757 0.0072817 0.0162131 0.0203323 0.0128058 0.5183430 0.0157787 0.0157757 0.0089524 0.4919869 0.0127833 0.0221981 0.0114772 0.0119068 0.0119071 0.0097714 0.0101856 0.0124078 0.0167899 0.4893260 0.4893260 0.4870776 0.4870415 0.4880997 0.4869105 0.4857570 0.4919796 0.4880997 0.4879321 0.4903189 0.4893565 0.4889973 0.4913788 0.4913796 0.4913796 0.4902183 0.4902176 0.4907173 0.4881296 0.4879321 0.4914407 0.4914407 0.4879321 0.4917483 0.4917483 0.4879321 0.4915516 0.4900566 0.4915716 0.4897600 0.0114772 0.0114772 0.4882738 0.0110616 1.1314477 
HM585512_Human_herpesvirus_1            0.0162773 0.0145381 0.0136495 0.0162894 0.0162894 0.0068457 0.0136311 0.0162773 0.0255504 0.0162713 0.0162773 0.0162713 0.0080873 0.0251004 0.0076794 0.0136495 0.0000000 0.0000010 0.0023919 0.4771767 0.4774423 0.4816714 0.4752662 0.4893655 0.4824510 0.4810200 0.4767253 0.4882532 0.4709428 0.4722191 0.4745085 0.4902802 0.4939358 0.4885887 0.4611393 0.4902802 0.4907955 0.0123510 0.0123804 0.0132253 0.0132362 0.0153653 0.0176561 0.0056258 0.5172358 0.0149325 0.0157987 0.0081182 0.4931178 0.0072692 0.0199656 0.0060196 0.0064338 0.0064317 0.0110942 0.0115130 0.0040068 0.0035990 0.4904490 0.4904490 0.4881948 0.4881585 0.4892191 0.4880269 0.4868707 0.4931105 0.4892191 0.4890507 0.4914435 0.4904792 0.4901181 0.4925059 0.4916432 0.4916432 0.4913426 0.4913418 0.4918445 0.4892490 0.4890507 0.4925685 0.4925685 0.4890504 0.4928775 0.4928775 0.4890504 0.4926799 0.4911798 0.4926999 0.4908850 0.0060217 0.0060217 0.4893941 0.0056157 1.1343572 
HM585513_Human_herpesvirus_1            0.0162773 0.0145381 0.0136495 0.0162894 0.0162894 0.0068457 0.0136311 0.0162773 0.0255504 0.0162713 0.0162773 0.0162713 0.0080873 0.0251004 0.0076794 0.0136495 0.0000010 0.0000000 0.0023919 0.4771767 0.4774423 0.4816714 0.4752662 0.4893655 0.4824510 0.4810200 0.4767253 0.4882532 0.4709428 0.4722191 0.4745085 0.4902802 0.4939358 0.4885887 0.4611393 0.4902802 0.4907955 0.0123510 0.0123804 0.0132253 0.0132362 0.0153653 0.0176561 0.0056258 0.5172358 0.0149325 0.0157987 0.0081182 0.4931178 0.0072692 0.0199656 0.0060196 0.0064338 0.0064317 0.0110942 0.0115130 0.0040068 0.0035990 0.4904490 0.4904490 0.4881948 0.4881585 0.4892191 0.4880269 0.4868707 0.4931105 0.4892191 0.4890507 0.4914435 0.4904792 0.4901181 0.4925059 0.4916432 0.4916432 0.4913426 0.4913418 0.4918445 0.4892490 0.4890507 0.4925685 0.4925685 0.4890504 0.4928775 0.4928775 0.4890504 0.4926799 0.4911798 0.4926999 0.4908850 0.0060217 0.0060217 0.4893941 0.0056157 1.1343572 
HM585514_Human_herpesvirus_1            0.0181483 0.0163827 0.0154825 0.0181619 0.0181619 0.0085570 0.0154616 0.0181483 0.0275855 0.0181483 0.0181483 0.0181483 0.0099128 0.0271327 0.0094067 0.0154825 0.0023919 0.0023919 0.0000000 0.4758649 0.4761241 0.4803305 0.4711933 0.4880395 0.4811072 0.4797072 0.4751548 0.4869292 0.4696115 0.4694100 0.4731795 0.4889522 0.4925988 0.4872628 0.4610576 0.4889522 0.4894653 0.0141620 0.0141945 0.0150524 0.0150650 0.0172245 0.0195602 0.0073194 0.5171112 0.0167850 0.0176647 0.0098575 0.4917813 0.0089905 0.0219131 0.0077153 0.0081378 0.0081350 0.0128887 0.0133130 0.0056765 0.0011832 0.4891198 0.4891198 0.4868705 0.4868345 0.4878931 0.4867035 0.4855496 0.4917740 0.4878931 0.4877256 0.4901131 0.4891503 0.4887912 0.4911734 0.4903118 0.4903118 0.4900125 0.4900118 0.4905113 0.4879230 0.4877256 0.4912353 0.4912353 0.4877256 0.4915429 0.4915429 0.4877256 0.4913462 0.4898509 0.4913661 0.4895537 0.0077182 0.0077182 0.4880672 0.0073061 1.1420767 
HSV2_1                                  0.4742138 0.4710666 0.4759894 0.4744642 0.4744642 0.4748398 0.4792891 0.4742138 0.4796026 0.4739637 0.4742138 0.4739637 0.4576929 0.4745009 0.4786922 0.4759894 0.4771767 0.4771767 0.4758649 0.0000000 0.0032635 0.0024617 0.0086511 0.0078141 0.0037127 0.0016093 0.0028525 0.0086669 0.0020739 0.0014635 0.0020519 0.0078141 0.0095400 0.0090995 0.0020957 0.0078141 0.0078170 0.4743159 0.4811019 0.4801387 0.4794331 0.4742520 0.4820417 0.4767155 0.1043576 0.4723467 0.4723467 0.4757596 0.0095463 0.4799948 0.4845869 0.4826699 0.4818589 0.4840908 0.4798519 0.4793349 0.4799625 0.4753284 0.0082581 0.0082581 0.0082366 0.0082366 0.0078141 0.0086583 0.0065436 0.0095463 0.0078141 0.0073927 0.0082361 0.0082350 0.0082581 0.0078143 0.0086580 0.0086580 0.0082350 0.0082352 0.0091147 0.0086571 0.0073927 0.0086643 0.0086643 0.0073879 0.0086785 0.0086785 0.0073879 0.0082543 0.0090892 0.0086660 0.0086867 0.4826699 0.4826699 0.0095242 0.4794033 1.0541346 
HSV2_2                                  0.4744659 0.4710546 0.4765012 0.4749694 0.4749694 0.4750943 0.4795642 0.4744659 0.4796861 0.4742145 0.4744659 0.4742145 0.4581024 0.4753822 0.4789649 0.4765012 0.4774423 0.4774423 0.4761241 0.0032635 0.0000000 0.0012207 0.0086773 0.0087153 0.0032967 0.0024349 0.0016185 0.0095789 0.0016581 0.0029520 0.0016346 0.0087153 0.0104640 0.0100173 0.0004145 0.0087153 0.0087187 0.4745677 0.4813853 0.4804166 0.4797091 0.4745034 0.4823312 0.4769792 0.1035897 0.4725897 0.4725897 0.4760184 0.0104710 0.4805275 0.4848892 0.4829608 0.4824022 0.4843875 0.4801298 0.4796102 0.4802421 0.4755849 0.0091667 0.0091667 0.0091428 0.0091429 0.0087153 0.0095693 0.0074285 0.0104710 0.0087153 0.0082890 0.0091423 0.0091410 0.0091667 0.0095693 0.0095690 0.0095690 0.0091410 0.0091413 0.0100339 0.0095679 0.0082890 0.0095760 0.0095760 0.0082835 0.0095917 0.0095917 0.0082835 0.0095778 0.0100059 0.0095779 0.0104613 0.4832171 0.4832171 0.0104469 0.4796793 1.0572549 
HSV2_3                                  0.4786576 0.4754512 0.4807123 0.4791715 0.4791715 0.4792881 0.4838175 0.4786576 0.4839482 0.4784010 0.4786576 0.4784010 0.4635154 0.4787709 0.4832165 0.4807123 0.4816714 0.4816714 0.4803305 0.0024617 0.0012207 0.0000000 0.0081647 0.0079313 0.0020457 0.0016327 0.0012215 0.0087970 0.0004109 0.0022086 0.0016436 0.0079313 0.0096836 0.0092363 0.0008301 0.0079313 0.0079340 0.4787488 0.4856633 0.4846826 0.4839692 0.4786822 0.4866484 0.4812059 0.1027004 0.4767470 0.4767470 0.4802246 0.0096901 0.4847941 0.4892543 0.4872638 0.4867017 0.4887129 0.4831801 0.4826509 0.4845266 0.4797796 0.0083823 0.0083823 0.0083601 0.0083602 0.0079313 0.0087882 0.0066415 0.0096901 0.0079313 0.0075035 0.0083597 0.0079313 0.0083823 0.0087882 0.0087879 0.0087879 0.0083585 0.0083587 0.0092519 0.0087869 0.0075035 0.0087944 0.0087944 0.0074986 0.0088090 0.0088090 0.0074986 0.0087961 0.0092257 0.0087962 0.0096810 0.4875254 0.4875254 0.0096675 0.4839401 1.0445306 
HSV2_4                                  0.4666256 0.4664161 0.4700816 0.4657916 0.4657916 0.4748643 0.4745591 0.4650686 0.4820383 0.4650686 0.4650686 0.4650686 0.4484810 0.4774201 0.4772576 0.4700816 0.4752662 0.4752662 0.4711933 0.0086511 0.0086773 0.0081647 0.0000000 0.0005896 0.0094832 0.0073090 0.0080680 0.0005891 0.0083394 0.0032978 0.0075053 0.0005891 0.0023831 0.0011822 0.0090310 0.0005891 0.0005895 0.4701982 0.4722149 0.4708000 0.4697523 0.4678602 0.4847206 0.4761495 0.1039328 0.4681632 0.4697216 0.4771554 0.0011856 0.4814628 0.4821451 0.4832717 0.4819327 0.4848381 0.4762451 0.4762451 0.4799628 0.4707788 0.0011856 0.0011856 0.0017761 0.0017745 0.0011808 0.0005891 0.0023760 0.0023854 0.0011808 0.0011808 0.0005891 0.0011804 0.0005891 0.0011807 0.0011804 0.0011804 0.0011804 0.0011805 0.0023831 0.0023700 0.0011808 0.0017756 0.0017756 0.0005891 0.0011808 0.0011808 0.0005891 0.0011822 0.0017761 0.0017762 0.0017764 0.4836473 0.4836473 0.0011822 0.4802235 1.1997816 
HSV2_5                                  0.4862435 0.4830926 0.4882460 0.4867542 0.4867542 0.4868544 0.4901354 0.4862435 0.4902336 0.4859885 0.4862435 0.4859885 0.4717446 0.4854345 0.4907203 0.4882460 0.4893655 0.4893655 0.4880395 0.0078141 0.0087153 0.0079313 0.0005896 0.0000000 0.0092336 0.0064967 0.0082933 0.0007909 0.0075986 0.0022021 0.0066681 0.0000026 0.0015901 0.0011886 0.0076803 0.0000026 0.0000026 0.4864783 0.4932760 0.4923149 0.4916226 0.4864102 0.4942910 0.4889149 0.1082517 0.4845175 0.4854087 0.4879378 0.0015911 0.4933168 0.4968730 0.4957488 0.4952046 0.4971759 0.4920382 0.4915096 0.4922003 0.4874905 0.0003954 0.0003954 0.0011884 0.0007903 0.0003943 0.0007902 0.0019862 0.0015911 0.0003943 0.0007902 0.0003942 0.0003942 0.0003954 0.0007902 0.0007901 0.0007901 0.0003942 0.0003942 0.0011908 0.0011863 0.0007902 0.0007907 0.0007907 0.0003946 0.0007921 0.0007921 0.0003946 0.0007908 0.0011873 0.0007908 0.0019912 0.4960092 0.4960092 0.0015871 0.4924891 1.0757509 
HSV2_6                                  0.4794344 0.4762231 0.4814896 0.4799497 0.4799497 0.4800646 0.4846004 0.4794344 0.4847314 0.4791771 0.4794344 0.4791771 0.4643065 0.4803773 0.4839986 0.4814896 0.4824510 0.4824510 0.4811072 0.0037127 0.0032967 0.0020457 0.0094832 0.0092336 0.0000000 0.0028726 0.0016328 0.0101084 0.0012392 0.0029539 0.0028856 0.0092336 0.0110058 0.0105529 0.0029392 0.0092336 0.0092368 0.4795225 0.4864476 0.4854658 0.4847522 0.4794556 0.4874400 0.4819855 0.1020071 0.4775194 0.4775194 0.4810014 0.0105681 0.4855774 0.4900522 0.4880511 0.4874890 0.4895027 0.4828793 0.4823500 0.4842255 0.4805547 0.0096917 0.0096917 0.0096664 0.0096665 0.0092336 0.0100982 0.0079298 0.0110132 0.0092336 0.0088018 0.0096659 0.0092336 0.0096917 0.0100982 0.0100979 0.0100979 0.0096645 0.0096648 0.0105703 0.0100968 0.0088018 0.0101053 0.0101053 0.0087959 0.0101220 0.0101220 0.0087959 0.0101073 0.0105407 0.0101074 0.0110029 0.4883135 0.4883135 0.0109878 0.4847241 1.0479402 
HSV2_7                                  0.4780673 0.4749265 0.4800812 0.4785702 0.4785702 0.4785259 0.4819653 0.4780673 0.4832799 0.4778162 0.4780673 0.4778162 0.4632196 0.4790160 0.4823712 0.4800812 0.4810200 0.4810200 0.4797072 0.0016093 0.0024349 0.0016327 0.0073090 0.0064967 0.0028726 0.0000000 0.0020271 0.0073344 0.0012379 0.0007295 0.0012240 0.0064967 0.0081905 0.0077589 0.0012493 0.0064967 0.0064994 0.4781583 0.4849312 0.4839704 0.4832708 0.4780932 0.4858914 0.4805634 0.1030621 0.4761969 0.4761969 0.4796032 0.0081959 0.4840796 0.4884422 0.4864981 0.4859468 0.4879171 0.4836882 0.4831689 0.4838140 0.4791681 0.0069304 0.0069304 0.0069122 0.0073289 0.0069123 0.0073272 0.0052489 0.0081959 0.0069123 0.0064967 0.0069118 0.0069109 0.0069304 0.0073272 0.0073270 0.0073270 0.0069109 0.0069111 0.0077720 0.0077439 0.0064967 0.0073323 0.0073323 0.0060783 0.0073444 0.0073444 0.0060783 0.0073337 0.0077502 0.0073337 0.0081882 0.4867541 0.4867541 0.0081768 0.4832421 1.0585940 
HSV2_8                                  0.4734941 0.4709660 0.4766711 0.4739970 0.4739970 0.4743756 0.4785962 0.4734941 0.4789721 0.4734941 0.4734941 0.4734941 0.4585669 0.4746608 0.4782492 0.4766711 0.4767253 0.4767253 0.4751548 0.0028525 0.0016185 0.0012215 0.0080680 0.0082933 0.0016328 0.0020271 0.0000000 0.0091547 0.0000027 0.0014628 0.0016326 0.0082933 0.0100372 0.0095919 0.0020902 0.0082933 0.0082961 0.4738493 0.4806742 0.4797044 0.4789944 0.4737853 0.4816157 0.4762611 0.1031595 0.4718689 0.4718689 0.4753006 0.0100439 0.4798143 0.4850747 0.4822496 0.4816898 0.4836784 0.4794157 0.4788962 0.4795251 0.4748676 0.0087427 0.0087427 0.0087199 0.0087199 0.0082933 0.0091455 0.0070099 0.0100439 0.0082933 0.0078678 0.0087194 0.0087182 0.0087427 0.0091455 0.0091453 0.0091453 0.0087182 0.0087184 0.0096079 0.0091443 0.0078678 0.0091520 0.0091520 0.0078626 0.0091670 0.0091670 0.0078626 0.0091537 0.0095810 0.0091538 0.0100345 0.4825059 0.4825059 0.0100207 0.4789644 1.0569997 
HSV2_9                                  0.4851328 0.4819843 0.4871361 0.4856423 0.4856423 0.4857450 0.4890242 0.4851328 0.4891213 0.4848784 0.4851328 0.4848784 0.4705919 0.4843211 0.4896071 0.4871361 0.4882532 0.4882532 0.4869292 0.0086669 0.0095789 0.0087970 0.0005891 0.0007909 0.0101084 0.0073344 0.0091547 0.0000000 0.0084731 0.0022021 0.0075283 0.0007899 0.0023922 0.0003945 0.0085647 0.0007899 0.0007908 0.4853702 0.4921626 0.4912018 0.4905088 0.4853025 0.4931700 0.4878018 0.1081554 0.4834098 0.4843010 0.4868273 0.0023937 0.4922036 0.4957471 0.4946332 0.4940884 0.4960589 0.4909245 0.4903973 0.4910816 0.4863817 0.0011900 0.0011900 0.0019874 0.0015855 0.0011866 0.0015851 0.0027890 0.0023938 0.0011866 0.0015852 0.0011865 0.0011863 0.0011900 0.0015851 0.0015851 0.0015851 0.0011863 0.0011864 0.0019902 0.0019838 0.0015852 0.0015862 0.0015862 0.0011876 0.0015880 0.0015880 0.0011876 0.0015865 0.0019854 0.0015865 0.0011897 0.4948930 0.4948930 0.0007901 0.4913750 1.0757509 
HSV2_10                                 0.4679148 0.4647061 0.4699951 0.4684208 0.4684208 0.4685634 0.4731063 0.4679148 0.4721922 0.4676623 0.4679148 0.4676623 0.4522242 0.4654127 0.4724868 0.4699951 0.4709428 0.4709428 0.4696115 0.0020739 0.0016581 0.0004109 0.0083394 0.0075986 0.0012392 0.0012379 0.0000027 0.0084731 0.0000000 0.0014628 0.0012464 0.0075986 0.0093684 0.0089167 0.0012505 0.0075986 0.0076014 0.4680371 0.4749580 0.4739722 0.4732452 0.4679742 0.4758770 0.4704667 0.0982954 0.4660234 0.4660234 0.4695022 0.0093747 0.4740835 0.4784575 0.4765506 0.4759770 0.4779979 0.4724602 0.4719403 0.4737607 0.4690707 0.0080535 0.0080535 0.0080319 0.0080319 0.0075986 0.0084644 0.0062961 0.0093748 0.0075986 0.0071664 0.0080314 0.0075986 0.0080535 0.0084644 0.0084642 0.0084642 0.0080303 0.0080305 0.0089320 0.0084633 0.0071664 0.0084705 0.0084705 0.0071616 0.0084848 0.0084848 0.0071616 0.0084722 0.0089064 0.0084722 0.0093658 0.4768083 0.4768083 0.0093525 0.4732134 1.0456879 
HSV2_11                                 0.4618502 0.4630724 0.4720017 0.4618502 0.4618502 0.4720188 0.4778842 0.4618502 0.4812564 0.4618502 0.4618502 0.4618502 0.4425638 0.4785836 0.4786585 0.4720017 0.4722191 0.4722191 0.4694100 0.0014635 0.0029520 0.0022086 0.0032978 0.0022021 0.0029539 0.0007295 0.0014628 0.0022021 0.0014628 0.0000000 0.0000021 0.0022021 0.0036932 0.0022021 0.0022086 0.0022021 0.0022021 0.4699394 0.4743550 0.4726080 0.4713150 0.4672279 0.4900831 0.4743231 0.0967236 0.4676017 0.4676017 0.4804707 0.0022021 0.4797022 0.4874536 0.4804592 0.4789856 0.4830369 0.4783908 0.4777540 0.4776430 0.4689009 0.0022021 0.0022021 0.0029424 0.0029434 0.0022021 0.0022021 0.0029423 0.0036976 0.0022021 0.0022021 0.0022021 0.0022021 0.0022021 0.0029430 0.0029423 0.0029423 0.0029423 0.0029424 0.0036932 0.0029423 0.0022021 0.0036919 0.0036919 0.0022021 0.0029434 0.0029434 0.0022021 0.0029477 0.0029477 0.0036932 0.0037029 0.4804592 0.4804592 0.0022021 0.4786286 1.2559531 
HSV2_12                                 0.4714985 0.4680517 0.4735610 0.4720041 0.4720041 0.4721375 0.4766578 0.4714985 0.4767770 0.4712447 0.4714985 0.4712447 0.4560571 0.4724163 0.4760466 0.4735610 0.4745085 0.4745085 0.4731795 0.0020519 0.0016346 0.0016436 0.0075053 0.0066681 0.0028856 0.0012240 0.0016326 0.0075283 0.0012464 0.0000021 0.0000000 0.0066681 0.0084078 0.0079643 0.0012517 0.0066681 0.0066706 0.4716090 0.4784996 0.4775196 0.4768000 0.4715452 0.4794365 0.4740379 0.1017364 0.4696074 0.4696074 0.4742495 0.0079764 0.4763950 0.4820152 0.4788755 0.4783074 0.4803156 0.4760172 0.4754964 0.4773272 0.4726375 0.0071138 0.0071138 0.0070947 0.0070948 0.0066681 0.0075208 0.0053872 0.0084134 0.0066681 0.0062427 0.0070943 0.0070933 0.0071138 0.0075208 0.0075205 0.0075205 0.0070933 0.0070935 0.0079780 0.0075197 0.0062427 0.0075261 0.0075261 0.0062385 0.0075388 0.0075388 0.0062385 0.0075275 0.0079552 0.0075276 0.0084054 0.4791327 0.4791327 0.0083934 0.4767691 1.0405684 
HSV2_13                                 0.4871563 0.4840029 0.4891583 0.4876681 0.4876681 0.4877663 0.4910492 0.4871563 0.4911483 0.4869007 0.4871563 0.4869007 0.4726898 0.4863496 0.4916359 0.4891583 0.4902802 0.4902802 0.4889522 0.0078141 0.0087153 0.0079313 0.0005891 0.0000026 0.0092336 0.0064967 0.0082933 0.0007899 0.0075986 0.0022021 0.0066681 0.0000000 0.0015878 0.0011876 0.0076803 0.0000010 0.0000026 0.4873891 0.4941921 0.4932305 0.4925388 0.4873206 0.4952135 0.4898300 0.1081395 0.4854276 0.4863189 0.4888507 0.0015889 0.4942327 0.4977999 0.4966669 0.4961233 0.4980955 0.4929543 0.4924245 0.4931205 0.4884019 0.0003951 0.0003951 0.0011870 0.0007890 0.0003939 0.0007888 0.0019845 0.0015889 0.0003939 0.0007889 0.0003939 0.0003939 0.0003951 0.0007888 0.0007888 0.0007888 0.0003939 0.0003939 0.0011895 0.0011848 0.0007889 0.0007894 0.0007894 0.0003943 0.0007909 0.0007909 0.0003943 0.0007896 0.0011858 0.0007896 0.0019896 0.4969279 0.4969279 0.0015859 0.4934056 1.0757509 
HSV2_14                                 0.4908019 0.4876361 0.4928039 0.4913186 0.4913186 0.4914085 0.4947020 0.4908019 0.4948050 0.4905440 0.4908019 0.4905440 0.4764527 0.4900033 0.4952962 0.4928039 0.4939358 0.4939358 0.4925988 0.0095400 0.0104640 0.0096836 0.0023831 0.0015901 0.0110058 0.0081905 0.0100372 0.0023922 0.0093684 0.0036932 0.0084078 0.0015878 0.0000000 0.0027970 0.0094702 0.0015878 0.0015898 0.4910267 0.4978565 0.4968926 0.4962025 0.4887352 0.4989046 0.4934871 0.1102662 0.4868397 0.4877322 0.4924982 0.0023857 0.4978965 0.5015109 0.5003420 0.4997999 0.5017772 0.4966181 0.4960830 0.4968007 0.4920429 0.0011858 0.0011858 0.0027956 0.0023896 0.0019887 0.0023891 0.0036029 0.0015866 0.0019887 0.0023892 0.0019885 0.0019883 0.0019932 0.0023891 0.0023890 0.0023890 0.0019883 0.0019883 0.0011848 0.0027907 0.0023892 0.0015872 0.0015872 0.0019902 0.0023948 0.0023948 0.0019902 0.0023911 0.0027929 0.0015875 0.0036110 0.5006054 0.5006054 0.0031991 0.4970714 1.0824453 
HSV2_15                                 0.4854646 0.4823122 0.4874698 0.4859750 0.4859750 0.4860771 0.4893601 0.4854646 0.4894577 0.4852098 0.4854646 0.4852098 0.4709208 0.4846529 0.4899443 0.4874698 0.4885887 0.4885887 0.4872628 0.0090995 0.0100173 0.0092363 0.0011822 0.0011886 0.0105529 0.0077589 0.0095919 0.0003945 0.0089167 0.0022021 0.0079643 0.0011876 0.0027970 0.0000000 0.0090133 0.0011876 0.0011884 0.4857015 0.4925025 0.4915406 0.4908471 0.4856336 0.4935132 0.4881371 0.1088675 0.4837390 0.4846310 0.4871608 0.0027987 0.4925435 0.4960946 0.4949763 0.4944311 0.4964040 0.4912632 0.4907350 0.4914220 0.4867142 0.0015902 0.0015902 0.0015867 0.0019862 0.0015868 0.0019857 0.0031943 0.0027987 0.0015868 0.0019858 0.0015867 0.0015864 0.0015902 0.0019857 0.0019856 0.0019856 0.0015864 0.0015865 0.0023946 0.0023858 0.0019858 0.0019870 0.0019870 0.0015870 0.0019905 0.0019905 0.0015870 0.0019874 0.0023877 0.0019874 0.0015898 0.4952366 0.4952366 0.0003942 0.4917143 1.0775827 
HSV2_16                                 0.4583405 0.4548809 0.4604443 0.4588395 0.4588395 0.4587637 0.4647178 0.4583405 0.4632357 0.4580914 0.4583405 0.4580914 0.4408907 0.4572614 0.4626818 0.4604443 0.4611393 0.4611393 0.4610576 0.0020957 0.0004145 0.0008301 0.0090310 0.0076803 0.0029392 0.0012493 0.0020902 0.0085647 0.0012505 0.0022086 0.0012517 0.0076803 0.0094702 0.0090133 0.0000000 0.0076803 0.0076826 0.4582494 0.4651750 0.4641848 0.4634455 0.4581897 0.4660337 0.4606534 0.0975162 0.4562251 0.4562251 0.4608897 0.0090270 0.4633028 0.4674181 0.4657866 0.4652017 0.4672310 0.4626630 0.4621518 0.4639226 0.4605241 0.0081405 0.0081405 0.0081184 0.0081185 0.0076803 0.0085558 0.0063633 0.0094767 0.0076803 0.0072433 0.0081180 0.0076803 0.0081405 0.0085558 0.0085556 0.0085556 0.0081168 0.0081171 0.0090289 0.0085546 0.0072433 0.0085620 0.0085620 0.0072384 0.0085766 0.0085766 0.0072384 0.0085637 0.0090027 0.0085638 0.0094675 0.4660402 0.4660402 0.0094540 0.4636561 1.0318186 
HSV2_17                                 0.4871563 0.4840029 0.4891583 0.4876681 0.4876681 0.4877663 0.4910492 0.4871563 0.4911483 0.4869007 0.4871563 0.4869007 0.4726898 0.4863496 0.4916359 0.4891583 0.4902802 0.4902802 0.4889522 0.0078141 0.0087153 0.0079313 0.0005891 0.0000026 0.0092336 0.0064967 0.0082933 0.0007899 0.0075986 0.0022021 0.0066681 0.0000010 0.0015878 0.0011876 0.0076803 0.0000000 0.0000026 0.4873891 0.4941921 0.4932305 0.4925388 0.4873206 0.4952135 0.4898300 0.1081395 0.4854276 0.4863189 0.4888507 0.0015889 0.4942327 0.4977999 0.4966669 0.4961233 0.4980955 0.4929543 0.4924245 0.4931205 0.4884019 0.0003951 0.0003951 0.0011870 0.0007890 0.0003939 0.0007888 0.0019845 0.0015889 0.0003939 0.0007889 0.0003939 0.0003939 0.0003951 0.0007888 0.0007888 0.0007888 0.0003939 0.0003939 0.0011895 0.0011848 0.0007889 0.0007894 0.0007894 0.0003943 0.0007909 0.0007909 0.0003943 0.0007896 0.0011858 0.0007896 0.0019896 0.4969279 0.4969279 0.0015859 0.4934056 1.0757509 
HSV2_18                                 0.4876681 0.4845109 0.4894148 0.4879244 0.4879244 0.4882780 0.4913067 0.4876681 0.4902636 0.4874121 0.4876681 0.4874121 0.4729488 0.4868620 0.4918942 0.4894148 0.4907955 0.4907955 0.4894653 0.0078170 0.0087187 0.0079340 0.0005895 0.0000026 0.0092368 0.0064994 0.0082961 0.0007908 0.0076014 0.0022021 0.0066706 0.0000026 0.0015898 0.0011884 0.0076826 0.0000026 0.0000000 0.4879000 0.4947112 0.4937487 0.4930568 0.4878312 0.4957371 0.4900875 0.1082346 0.4859365 0.4868286 0.4893640 0.0015908 0.4947518 0.4980638 0.4971892 0.4966455 0.4986197 0.4934726 0.4929417 0.4936411 0.4889139 0.0003954 0.0003954 0.0011883 0.0007902 0.0003942 0.0007901 0.0019859 0.0015908 0.0003942 0.0007901 0.0003942 0.0003941 0.0003954 0.0007901 0.0007900 0.0007900 0.0003941 0.0003941 0.0011906 0.0011861 0.0007901 0.0007906 0.0007906 0.0003945 0.0007920 0.0007920 0.0003945 0.0007907 0.0011871 0.0007907 0.0019910 0.4974508 0.4974508 0.0015869 0.4939245 1.0766458 
JN400093_Human_herpesvirus_1            0.0081065 0.0072778 0.0072648 0.0081123 0.0081123 0.0102146 0.0089300 0.0081065 0.0227441 0.0081036 0.0081065 0.0081036 0.0094421 0.0218285 0.0119222 0.0072648 0.0123510 0.0123510 0.0141620 0.4743159 0.4745677 0.4787488 0.4701982 0.4864783 0.4795225 0.4781583 0.4738493 0.4853702 0.4680371 0.4699394 0.4716090 0.4873891 0.4910267 0.4857015 0.4582494 0.4873891 0.4879000 0.0000000 0.0081025 0.0056142 0.0056187 0.0110433 0.0193786 0.0098259 0.5159797 0.0106218 0.0114659 0.0097768 0.4902095 0.0145225 0.0190559 0.0131941 0.0136340 0.0136293 0.0060447 0.0064521 0.0115367 0.0145868 0.4875554 0.4875554 0.4853110 0.4852754 0.4863320 0.4851449 0.4839935 0.4902022 0.4863320 0.4861654 0.4885477 0.4875862 0.4872294 0.4896060 0.4896068 0.4896068 0.4884475 0.4884467 0.4889428 0.4863618 0.4861654 0.4896671 0.4896671 0.4861658 0.4899731 0.4899731 0.4861658 0.4897775 0.4882871 0.4897973 0.4879871 0.0131990 0.0131990 0.4865051 0.0119218 1.1304679 
JN420337_Human_herpesvirus_1            0.0081056 0.0085468 0.0098003 0.0081114 0.0081114 0.0110859 0.0089529 0.0081056 0.0255967 0.0081027 0.0081056 0.0081027 0.0126046 0.0242076 0.0119509 0.0098003 0.0123804 0.0123804 0.0141945 0.4811019 0.4813853 0.4856633 0.4722149 0.4932760 0.4864476 0.4849312 0.4806742 0.4921626 0.4749580 0.4743550 0.4784996 0.4941921 0.4978565 0.4925025 0.4651750 0.4941921 0.4947112 0.0081025 0.0000000 0.0043878 0.0043913 0.0136309 0.0202666 0.0115489 0.5170999 0.0140617 0.0149233 0.0084963 0.4970411 0.0145557 0.0217530 0.0132251 0.0136658 0.0136610 0.0102250 0.0106401 0.0115644 0.0154945 0.4943635 0.4943635 0.4921057 0.4920685 0.4931300 0.4919361 0.4907782 0.4970338 0.4931300 0.4929599 0.4953570 0.4943929 0.4940274 0.4964203 0.4955584 0.4955584 0.4952553 0.4952546 0.4957643 0.4931600 0.4929599 0.4964847 0.4964847 0.4929589 0.4967965 0.4967965 0.4929589 0.4965969 0.4950899 0.4966172 0.4948037 0.0132299 0.0132299 0.4933068 0.0119504 1.1445313 
JN420338_Human_herpesvirus_1            0.0056161 0.0056403 0.0072757 0.0056201 0.0056201 0.0119244 0.0089432 0.0056161 0.0236880 0.0056141 0.0056161 0.0056141 0.0121280 0.0227679 0.0127939 0.0072757 0.0132253 0.0132253 0.0150524 0.4801387 0.4804166 0.4846826 0.4708000 0.4923149 0.4854658 0.4839704 0.4797044 0.4912018 0.4739722 0.4726080 0.4775196 0.4932305 0.4968926 0.4915406 0.4641848 0.4932305 0.4937487 0.0056142 0.0043878 0.0000000 0.0007876 0.0153437 0.0193253 0.0123920 0.5161440 0.0149114 0.0157765 0.0080834 0.4960766 0.0154105 0.0207957 0.0140725 0.0145156 0.0145106 0.0102141 0.0106298 0.0124086 0.0163562 0.4934013 0.4934013 0.4911445 0.4911076 0.4921688 0.4909753 0.4898179 0.4960693 0.4921688 0.4919991 0.4943950 0.4934309 0.4930665 0.4954580 0.4954587 0.4954587 0.4942935 0.4942928 0.4948007 0.4921988 0.4919991 0.4955220 0.4955220 0.4919983 0.4958331 0.4958331 0.4919983 0.4956339 0.4941288 0.4956542 0.4938404 0.0140777 0.0140777 0.4923451 0.0127933 1.1427568 
