94
HM585496_Human_herpesvirus_1            0.0000000 0.0039527 0.0075506 0.0007853 0.0007853 0.0055499 0.0071966 0.0011799 0.0100561 0.0011799 0.0019695 0.0059487 0.0096463 0.0059875 0.0071474 0.0071528 0.0067500 0.0059494 0.0067500 0.2579060 0.2613370 0.2568781 0.2253643 0.2664302 0.2372017 0.2622162 0.2342673 0.2619627 0.2594227 0.1676893 0.2315404 0.2535237 0.2632603 0.2657705 0.2215938 0.2660959 0.2528292 0.0055516 0.0039524 0.0063526 0.0071604 0.0047446 0.0051523 0.0063514 0.2518052 0.0047490 0.0055523 0.0055544 0.2689459 0.0083656 0.0059462 0.0063481 0.0063481 0.0055496 0.0055496 0.0067533 0.0063516 0.2696922 0.2699927 0.2689459 0.2687133 0.2695175 0.2679685 0.2687782 0.2679685 0.2695267 0.2679685 0.2687811 0.2687041 0.2690726 0.2717045 0.2687277 0.2690539 0.2679703 0.2679703 0.2679685 0.2689459 0.2676822 0.2673983 0.2690726 0.2695734 0.2695734 0.2669976 0.2679010 0.2684720 0.2687133 0.2693907 0.2689459 0.2671571 0.2693907 0.2687133 0.2671015 0.0063510 0.4969407 
HM585497_Human_herpesvirus_1            0.0039527 0.0000000 0.0035535 0.0031588 0.0031588 0.0031575 0.0039773 0.0035553 0.0084193 0.0035553 0.0043519 0.0027610 0.0080121 0.0027796 0.0031561 0.0039522 0.0035541 0.0027614 0.0035541 0.2546024 0.2587733 0.2535052 0.2249500 0.2638555 0.2348975 0.2596597 0.2301897 0.2593799 0.2568658 0.1664110 0.2307350 0.2506419 0.2613395 0.2632092 0.2183267 0.2635252 0.2509626 0.0023664 0.0031570 0.0031590 0.0039563 0.0039476 0.0051496 0.0031585 0.2515691 0.0047465 0.0055494 0.0055514 0.2663683 0.0051505 0.0035521 0.0031568 0.0031568 0.0055466 0.0055466 0.0035559 0.0031585 0.2671113 0.2674076 0.2663683 0.2661390 0.2669393 0.2653976 0.2662031 0.2653976 0.2669483 0.2653976 0.2662060 0.2661300 0.2664939 0.2691170 0.2661533 0.2664754 0.2653994 0.2653994 0.2653976 0.2663683 0.2651149 0.2648303 0.2664939 0.2669914 0.2669914 0.2644333 0.2637835 0.2659012 0.2661390 0.2668140 0.2663683 0.2645894 0.2668140 0.2661390 0.2645339 0.0063477 0.4949204 
HM585498_Human_herpesvirus_1            0.0075506 0.0035535 0.0000000 0.0067486 0.0067486 0.0051422 0.0059781 0.0071489 0.0120903 0.0071489 0.0079553 0.0047436 0.0116780 0.0047748 0.0003922 0.0059413 0.0055408 0.0047441 0.0055408 0.2571704 0.2613472 0.2561269 0.2292284 0.2658588 0.2374159 0.2622274 0.2328195 0.2613845 0.2594332 0.1705098 0.2334737 0.2516692 0.2634586 0.2652019 0.2216532 0.2655256 0.2538320 0.0043479 0.0051414 0.0051447 0.0059476 0.0067401 0.0079482 0.0051438 0.2534762 0.0067389 0.0075479 0.0075507 0.2683776 0.0071471 0.0055376 0.0051411 0.0051411 0.0075441 0.0075441 0.0055435 0.0051439 0.2691241 0.2694241 0.2683776 0.2681454 0.2689498 0.2674005 0.2682102 0.2674005 0.2689590 0.2674005 0.2682131 0.2681363 0.2685042 0.2711374 0.2681599 0.2684855 0.2674023 0.2674023 0.2674005 0.2683776 0.2671146 0.2668302 0.2685042 0.2690051 0.2690051 0.2664298 0.2657777 0.2679046 0.2681454 0.2688232 0.2683776 0.2665890 0.2688232 0.2681454 0.2665333 0.0083497 0.5001170 
HM585499_Human_herpesvirus_1            0.0007853 0.0031588 0.0067486 0.0000000 0.0000010 0.0047520 0.0063905 0.0003924 0.0092422 0.0003924 0.0011804 0.0051501 0.0088334 0.0051839 0.0063465 0.0063513 0.0059495 0.0051507 0.0059495 0.2563399 0.2597711 0.2552788 0.2240662 0.2648608 0.2356561 0.2606558 0.2326822 0.2603862 0.2578607 0.1664110 0.2298999 0.2519298 0.2624029 0.2642092 0.2200314 0.2645290 0.2512181 0.0047535 0.0031586 0.0055526 0.0063580 0.0039496 0.0043550 0.0055516 0.2502990 0.0039533 0.0047541 0.0047558 0.2673763 0.0075607 0.0051479 0.0055486 0.0055486 0.0047517 0.0047517 0.0059525 0.0055517 0.2681210 0.2684191 0.2673763 0.2671456 0.2679479 0.2664025 0.2672101 0.2664025 0.2679570 0.2664025 0.2672129 0.2671365 0.2675024 0.2701303 0.2671600 0.2674838 0.2664043 0.2664043 0.2664025 0.2673763 0.2661183 0.2658337 0.2675024 0.2680010 0.2680010 0.2654351 0.2663354 0.2669063 0.2671456 0.2678219 0.2673763 0.2655931 0.2678219 0.2671456 0.2655376 0.0055512 0.4943747 
HM585500_Human_herpesvirus_1            0.0007853 0.0031588 0.0067486 0.0000010 0.0000000 0.0047520 0.0063905 0.0003924 0.0092422 0.0003924 0.0011804 0.0051501 0.0088334 0.0051839 0.0063465 0.0063513 0.0059495 0.0051507 0.0059495 0.2563399 0.2597711 0.2552788 0.2240662 0.2648608 0.2356561 0.2606558 0.2326822 0.2603862 0.2578607 0.1664110 0.2298999 0.2519298 0.2624029 0.2642092 0.2200314 0.2645290 0.2512181 0.0047535 0.0031586 0.0055526 0.0063580 0.0039496 0.0043550 0.0055516 0.2502990 0.0039533 0.0047541 0.0047558 0.2673763 0.0075607 0.0051479 0.0055486 0.0055486 0.0047517 0.0047517 0.0059525 0.0055517 0.2681210 0.2684191 0.2673763 0.2671456 0.2679479 0.2664025 0.2672101 0.2664025 0.2679570 0.2664025 0.2672129 0.2671365 0.2675024 0.2701303 0.2671600 0.2674838 0.2664043 0.2664043 0.2664025 0.2673763 0.2661183 0.2658337 0.2675024 0.2680010 0.2680010 0.2654351 0.2663354 0.2669063 0.2671456 0.2678219 0.2673763 0.2655931 0.2678219 0.2671456 0.2655376 0.0055512 0.4943747 
HM585501_Human_herpesvirus_1            0.0055499 0.0031575 0.0051422 0.0047520 0.0047520 0.0000000 0.0047762 0.0051505 0.0100516 0.0051505 0.0059519 0.0035527 0.0096419 0.0027770 0.0047428 0.0047464 0.0043474 0.0035531 0.0043474 0.2557095 0.2591446 0.2546340 0.2266874 0.2642365 0.2359612 0.2600312 0.2320242 0.2597548 0.2572323 0.1677560 0.2318735 0.2510051 0.2617386 0.2635870 0.2201190 0.2639049 0.2513311 0.0031576 0.0039494 0.0039519 0.0047513 0.0055428 0.0059466 0.0039512 0.2519155 0.0047453 0.0055480 0.0055500 0.2667535 0.0059475 0.0035512 0.0039491 0.0039491 0.0055452 0.0055452 0.0051457 0.0039513 0.2674982 0.2677956 0.2667535 0.2665234 0.2673255 0.2657794 0.2665877 0.2657794 0.2673346 0.2657794 0.2665906 0.2665144 0.2668785 0.2695081 0.2665377 0.2668610 0.2657812 0.2657812 0.2657794 0.2667535 0.2654966 0.2652116 0.2668785 0.2673785 0.2673785 0.2648128 0.2657123 0.2662847 0.2665234 0.2671998 0.2667535 0.2649705 0.2671998 0.2665234 0.2649149 0.0063461 0.4948260 
HM585502_Human_herpesvirus_1            0.0071966 0.0039773 0.0059781 0.0063905 0.0063905 0.0047762 0.0000000 0.0067929 0.0108065 0.0067929 0.0076032 0.0035765 0.0103978 0.0019695 0.0055753 0.0047777 0.0043762 0.0035769 0.0043762 0.2588634 0.2630429 0.2576273 0.2326808 0.2681449 0.2390803 0.2639182 0.2344569 0.2636823 0.2611248 0.1727986 0.2349656 0.2549716 0.2658830 0.2674763 0.2225173 0.2678081 0.2553496 0.0031789 0.0047755 0.0039782 0.0039816 0.0047772 0.0075964 0.0039775 0.2556810 0.0063813 0.0071940 0.0071967 0.2706633 0.0043782 0.0039980 0.0039754 0.0039754 0.0071904 0.0071904 0.0019828 0.0039776 0.2714120 0.2717153 0.2706633 0.2704284 0.2712354 0.2696813 0.2704938 0.2696813 0.2712447 0.2696813 0.2704967 0.2704191 0.2707907 0.2734289 0.2704429 0.2707718 0.2696831 0.2696831 0.2696813 0.2706633 0.2693925 0.2691090 0.2707907 0.2712933 0.2712933 0.2687057 0.2680538 0.2701847 0.2704284 0.2711076 0.2706633 0.2688670 0.2711076 0.2704284 0.2688111 0.0079999 0.4961055 
HM585503_Human_herpesvirus_1            0.0011799 0.0035553 0.0071489 0.0003924 0.0003924 0.0051505 0.0067929 0.0000000 0.0096483 0.0000010 0.0015746 0.0055488 0.0092391 0.0055851 0.0067463 0.0067514 0.0063492 0.0055495 0.0063492 0.2570975 0.2605294 0.2560531 0.2252935 0.2656203 0.2364059 0.2614106 0.2334514 0.2611491 0.2586169 0.1676341 0.2306962 0.2527019 0.2632077 0.2649646 0.2207906 0.2652871 0.2519985 0.0051520 0.0035551 0.0059520 0.0067585 0.0043466 0.0047532 0.0059509 0.2510287 0.0043506 0.0051527 0.0051546 0.2681355 0.0079624 0.0055465 0.0059478 0.0059478 0.0051501 0.0051501 0.0063523 0.0059510 0.2688809 0.2691801 0.2681355 0.2679038 0.2687070 0.2671600 0.2679685 0.2671600 0.2687162 0.2671600 0.2679714 0.2678947 0.2682618 0.2708915 0.2679183 0.2682432 0.2671618 0.2671618 0.2671600 0.2681355 0.2668748 0.2665906 0.2682618 0.2687620 0.2687620 0.2661909 0.2670927 0.2676636 0.2679038 0.2685807 0.2681355 0.2663497 0.2685807 0.2679038 0.2662941 0.0059506 0.4955932 
HM585504_Human_herpesvirus_1            0.0100561 0.0084193 0.0120903 0.0092422 0.0092422 0.0100516 0.0108065 0.0096483 0.0000000 0.0096483 0.0104679 0.0104576 0.0035531 0.0095893 0.0116780 0.0116871 0.0112751 0.0104588 0.0112751 0.2581194 0.2615592 0.2568657 0.2282089 0.2666661 0.2390628 0.2624401 0.2351899 0.2621882 0.2604462 0.1717059 0.2333460 0.2534463 0.2643094 0.2660036 0.2222181 0.2663307 0.2546433 0.0100547 0.0100500 0.0108721 0.0116996 0.0108573 0.0096409 0.0108701 0.2535090 0.0108676 0.0116974 0.0100528 0.2691880 0.0129273 0.0104531 0.0108642 0.0108642 0.0100439 0.0100439 0.0112808 0.0108704 0.2699363 0.2702380 0.2691880 0.2689544 0.2697608 0.2682076 0.2690195 0.2682076 0.2697700 0.2682076 0.2690224 0.2689452 0.2693151 0.2719543 0.2689689 0.2692957 0.2682094 0.2682094 0.2682076 0.2691880 0.2679203 0.2676356 0.2693151 0.2698174 0.2698174 0.2672338 0.2681398 0.2687121 0.2689544 0.2696335 0.2691880 0.2673939 0.2696335 0.2689544 0.2673381 0.0105126 0.4950235 
HM585505_Human_herpesvirus_1            0.0011799 0.0035553 0.0071489 0.0003924 0.0003924 0.0051505 0.0067929 0.0000010 0.0096483 0.0000000 0.0015746 0.0055488 0.0092391 0.0055851 0.0067463 0.0067514 0.0063492 0.0055495 0.0063492 0.2570975 0.2605294 0.2560531 0.2252935 0.2656203 0.2364059 0.2614106 0.2334514 0.2611491 0.2586169 0.1676341 0.2306962 0.2527019 0.2632077 0.2649646 0.2207906 0.2652871 0.2519985 0.0051520 0.0035551 0.0059520 0.0067585 0.0043466 0.0047532 0.0059509 0.2510287 0.0043506 0.0051527 0.0051546 0.2681355 0.0079624 0.0055465 0.0059478 0.0059478 0.0051501 0.0051501 0.0063523 0.0059510 0.2688809 0.2691801 0.2681355 0.2679038 0.2687070 0.2671600 0.2679685 0.2671600 0.2687162 0.2671600 0.2679714 0.2678947 0.2682618 0.2708915 0.2679183 0.2682432 0.2671618 0.2671618 0.2671600 0.2681355 0.2668748 0.2665906 0.2682618 0.2687620 0.2687620 0.2661909 0.2670927 0.2676636 0.2679038 0.2685807 0.2681355 0.2663497 0.2685807 0.2679038 0.2662941 0.0059506 0.4955932 
HM585506_Human_herpesvirus_1            0.0019695 0.0043519 0.0079553 0.0011804 0.0011804 0.0059519 0.0076032 0.0015746 0.0104679 0.0015746 0.0000000 0.0063512 0.0100574 0.0063924 0.0075515 0.0075572 0.0071537 0.0063519 0.0071537 0.2555526 0.2589815 0.2544757 0.2240662 0.2640639 0.2358355 0.2598670 0.2328672 0.2605623 0.2570733 0.1664110 0.2300925 0.2521099 0.2625883 0.2634163 0.2202190 0.2637330 0.2519842 0.0059537 0.0043517 0.0067558 0.0075652 0.0051447 0.0055538 0.0067546 0.2514502 0.0051495 0.0059544 0.0059566 0.2665762 0.0087721 0.0063485 0.0067511 0.0067511 0.0059514 0.0059514 0.0071572 0.0067548 0.2673194 0.2676160 0.2665762 0.2663467 0.2671472 0.2656051 0.2664109 0.2656051 0.2671562 0.2656051 0.2664137 0.2663377 0.2667019 0.2693253 0.2663610 0.2666834 0.2656069 0.2656069 0.2656051 0.2665762 0.2653222 0.2650377 0.2667019 0.2672004 0.2672004 0.2646404 0.2655383 0.2661087 0.2663467 0.2670218 0.2665762 0.2647976 0.2670218 0.2663467 0.2647422 0.0067542 0.4962453 
HM585508_Human_herpesvirus_1            0.0059487 0.0027610 0.0047436 0.0051501 0.0051501 0.0035527 0.0035765 0.0055488 0.0104576 0.0055488 0.0063512 0.0000000 0.0100474 0.0023805 0.0043448 0.0035538 0.0031564 0.0023648 0.0031564 0.2560758 0.2602465 0.2550105 0.2276761 0.2653317 0.2363605 0.2611285 0.2316862 0.2608640 0.2583369 0.1690500 0.2332962 0.2531296 0.2629038 0.2646781 0.2207471 0.2649992 0.2534830 0.0003925 0.0035521 0.0003926 0.0027621 0.0051436 0.0063455 0.0003925 0.2549250 0.0051428 0.0059466 0.0051465 0.2678441 0.0047500 0.0031546 0.0003923 0.0003923 0.0059437 0.0059437 0.0039515 0.0019689 0.2685885 0.2688869 0.2678441 0.2676131 0.2684150 0.2668703 0.2676776 0.2668703 0.2684241 0.2668703 0.2676805 0.2676040 0.2679702 0.2705964 0.2676275 0.2679516 0.2668721 0.2668721 0.2668703 0.2678441 0.2665858 0.2663018 0.2679702 0.2684696 0.2684696 0.2659029 0.2652533 0.2673735 0.2676131 0.2682890 0.2678441 0.2660613 0.2682890 0.2676131 0.2660058 0.0067454 0.4960162 
HM585509_Human_herpesvirus_1            0.0096463 0.0080121 0.0116780 0.0088334 0.0088334 0.0096419 0.0103978 0.0092391 0.0035531 0.0092391 0.0100574 0.0100474 0.0000000 0.0091823 0.0112664 0.0112751 0.0108639 0.0100486 0.0108639 0.2575029 0.2609385 0.2562390 0.2248642 0.2644797 0.2384772 0.2618207 0.2345964 0.2599957 0.2598278 0.1697473 0.2327337 0.2512432 0.2619948 0.2638286 0.2216532 0.2641476 0.2516393 0.0096449 0.0096404 0.0104612 0.0112872 0.0104469 0.0100519 0.0104593 0.2536443 0.0104568 0.0112850 0.0104647 0.2669974 0.0125133 0.0100431 0.0104536 0.0104536 0.0104554 0.0104554 0.0108693 0.0104595 0.2677436 0.2680406 0.2669974 0.2667677 0.2675706 0.2660232 0.2668311 0.2660232 0.2675797 0.2660232 0.2668340 0.2667586 0.2671237 0.2697551 0.2667820 0.2671058 0.2660251 0.2660251 0.2660232 0.2669974 0.2657388 0.2654547 0.2671237 0.2676240 0.2676240 0.2650554 0.2659561 0.2665285 0.2667677 0.2674446 0.2669974 0.2652135 0.2674446 0.2667677 0.2651579 0.0112747 0.4978203 
HM585510_Human_herpesvirus_1            0.0059875 0.0027796 0.0047748 0.0051839 0.0051839 0.0027770 0.0019695 0.0055851 0.0095893 0.0055851 0.0063924 0.0023805 0.0091823 0.0000000 0.0043735 0.0035775 0.0031776 0.0023808 0.0031776 0.2564712 0.2606497 0.2551874 0.2288007 0.2657436 0.2367162 0.2615313 0.2320412 0.2612707 0.2587356 0.1675370 0.2324534 0.2525372 0.2633376 0.2650877 0.2201353 0.2654109 0.2528835 0.0019836 0.0035759 0.0027803 0.0035813 0.0051774 0.0063866 0.0027798 0.2533703 0.0051765 0.0059853 0.0059876 0.2682616 0.0039778 0.0027944 0.0027784 0.0027784 0.0059823 0.0059823 0.0031769 0.0027799 0.2690077 0.2693073 0.2682616 0.2680296 0.2688335 0.2672851 0.2680944 0.2672851 0.2688427 0.2672851 0.2680973 0.2680205 0.2683881 0.2710200 0.2680441 0.2683694 0.2672869 0.2672869 0.2672851 0.2682616 0.2669995 0.2667152 0.2683881 0.2688887 0.2688887 0.2663151 0.2656642 0.2677891 0.2680296 0.2687070 0.2682616 0.2664741 0.2687070 0.2680296 0.2664184 0.0067889 0.4947203 
HM585511_Human_herpesvirus_1            0.0071474 0.0031561 0.0003922 0.0063465 0.0063465 0.0047428 0.0055753 0.0067463 0.0116780 0.0067463 0.0075515 0.0043448 0.0112664 0.0043735 0.0000000 0.0055408 0.0051409 0.0043453 0.0051409 0.2562054 0.2603790 0.2551420 0.2276971 0.2648843 0.2364763 0.2612598 0.2318625 0.2604084 0.2584676 0.1690667 0.2324768 0.2506944 0.2624270 0.2642323 0.2207168 0.2645523 0.2528383 0.0039494 0.0047421 0.0047452 0.0055466 0.0063385 0.0075447 0.0047443 0.2525464 0.0063374 0.0071449 0.0071476 0.2674005 0.0067446 0.0051379 0.0047418 0.0047418 0.0071413 0.0071413 0.0051434 0.0047444 0.2681454 0.2684436 0.2674005 0.2671696 0.2679722 0.2664263 0.2672341 0.2664263 0.2679813 0.2664263 0.2672370 0.2671606 0.2675266 0.2701553 0.2671840 0.2675080 0.2664281 0.2664281 0.2664263 0.2674005 0.2661420 0.2658574 0.2675266 0.2680254 0.2680254 0.2654585 0.2648075 0.2669303 0.2671696 0.2678462 0.2674005 0.2656167 0.2678462 0.2671696 0.2655611 0.0079457 0.4983006 
HM585512_Human_herpesvirus_1            0.0071528 0.0039522 0.0059413 0.0063513 0.0063513 0.0047464 0.0047777 0.0067514 0.0116871 0.0067514 0.0075572 0.0035538 0.0112751 0.0035775 0.0055408 0.0000000 0.0003922 0.0035542 0.0003922 0.2607703 0.2649570 0.2598013 0.2320004 0.2700696 0.2409405 0.2658266 0.2363522 0.2656105 0.2630320 0.1734350 0.2371539 0.2569071 0.2679213 0.2693907 0.2241725 0.2697296 0.2573112 0.0031586 0.0047456 0.0039532 0.0047529 0.0063433 0.0075504 0.0039524 0.2575188 0.0063422 0.0071503 0.0071530 0.2725921 0.0059494 0.0043462 0.0039504 0.0039504 0.0071467 0.0071467 0.0051473 0.0039525 0.2733437 0.2736504 0.2725921 0.2723544 0.2731650 0.2716044 0.2724205 0.2716044 0.2731744 0.2716044 0.2724234 0.2723450 0.2727204 0.2753668 0.2723691 0.2727012 0.2716062 0.2716062 0.2716044 0.2725921 0.2713127 0.2710295 0.2727204 0.2732251 0.2732251 0.2706232 0.2699697 0.2721079 0.2723544 0.2730360 0.2725921 0.2707865 0.2730360 0.2723544 0.2707304 0.0079517 0.4991784 
HM585513_Human_herpesvirus_1            0.0067500 0.0035541 0.0055408 0.0059495 0.0059495 0.0043474 0.0043762 0.0063492 0.0112751 0.0063492 0.0071537 0.0031564 0.0108639 0.0031776 0.0051409 0.0003922 0.0000000 0.0031568 0.0000010 0.2597951 0.2639780 0.2588060 0.2304569 0.2690843 0.2399911 0.2648501 0.2353853 0.2646238 0.2620561 0.1719767 0.2361462 0.2559176 0.2668780 0.2684107 0.2232282 0.2687459 0.2563083 0.0027616 0.0043467 0.0035550 0.0043533 0.0059421 0.0071473 0.0035544 0.2565792 0.0059411 0.0067476 0.0067501 0.2716044 0.0055484 0.0039480 0.0035525 0.0035525 0.0067443 0.0067443 0.0047475 0.0035544 0.2723544 0.2726594 0.2716044 0.2713681 0.2721768 0.2706197 0.2714338 0.2706197 0.2721862 0.2706197 0.2714368 0.2713588 0.2717322 0.2743742 0.2713828 0.2717132 0.2706215 0.2706215 0.2706197 0.2716044 0.2703295 0.2700462 0.2717322 0.2722358 0.2722358 0.2696415 0.2689889 0.2711231 0.2713681 0.2720485 0.2716044 0.2698037 0.2720485 0.2713681 0.2697478 0.0075481 0.4977411 
HM585514_Human_herpesvirus_1            0.0059494 0.0027614 0.0047441 0.0051507 0.0051507 0.0035531 0.0035769 0.0055495 0.0104588 0.0055495 0.0063519 0.0023648 0.0100486 0.0023808 0.0043453 0.0035542 0.0031568 0.0000000 0.0031568 0.2580857 0.2622643 0.2570610 0.2301020 0.2673624 0.2383158 0.2631411 0.2336766 0.2628971 0.2603475 0.1702630 0.2343662 0.2541811 0.2650537 0.2666978 0.2217500 0.2670267 0.2545486 0.0019704 0.0035526 0.0027620 0.0035579 0.0051442 0.0063462 0.0027615 0.2549305 0.0051434 0.0059473 0.0059495 0.2698797 0.0047506 0.0031550 0.0027601 0.0027601 0.0059444 0.0059444 0.0039520 0.0027616 0.2706273 0.2709294 0.2698797 0.2696458 0.2704516 0.2688997 0.2697109 0.2688997 0.2704608 0.2688997 0.2697139 0.2696366 0.2700067 0.2726423 0.2696603 0.2699879 0.2689015 0.2689015 0.2688997 0.2698797 0.2686120 0.2683283 0.2700067 0.2705086 0.2705086 0.2679262 0.2672748 0.2694032 0.2696458 0.2703243 0.2698797 0.2680867 0.2703243 0.2696458 0.2680309 0.0067462 0.4984940 
HM585515_Human_herpesvirus_1            0.0067500 0.0035541 0.0055408 0.0059495 0.0059495 0.0043474 0.0043762 0.0063492 0.0112751 0.0063492 0.0071537 0.0031564 0.0108639 0.0031776 0.0051409 0.0003922 0.0000010 0.0031568 0.0000000 0.2597951 0.2639780 0.2588060 0.2304569 0.2690843 0.2399911 0.2648501 0.2353853 0.2646238 0.2620561 0.1719767 0.2361462 0.2559176 0.2668780 0.2684107 0.2232282 0.2687459 0.2563083 0.0027616 0.0043467 0.0035550 0.0043533 0.0059421 0.0071473 0.0035544 0.2565792 0.0059411 0.0067476 0.0067501 0.2716044 0.0055484 0.0039480 0.0035525 0.0035525 0.0067443 0.0067443 0.0047475 0.0035544 0.2723544 0.2726594 0.2716044 0.2713681 0.2721768 0.2706197 0.2714338 0.2706197 0.2721862 0.2706197 0.2714368 0.2713588 0.2717322 0.2743742 0.2713828 0.2717132 0.2706215 0.2706215 0.2706197 0.2716044 0.2703295 0.2700462 0.2717322 0.2722358 0.2722358 0.2696415 0.2689889 0.2711231 0.2713681 0.2720485 0.2716044 0.2698037 0.2720485 0.2713681 0.2697478 0.0075481 0.4977411 
HSV2_1                                  0.2579060 0.2546024 0.2571704 0.2563399 0.2563399 0.2557095 0.2588634 0.2570975 0.2581194 0.2570975 0.2555526 0.2560758 0.2575029 0.2564712 0.2562054 0.2607703 0.2597951 0.2580857 0.2597951 0.0000000 0.0012088 0.0004107 0.0071880 0.0098357 0.0008271 0.0008045 0.0021491 0.0082971 0.0020212 0.0007811 0.0018040 0.0097931 0.0083094 0.0097957 0.0017320 0.0102366 0.0104067 0.2553337 0.2580394 0.2570396 0.2590686 0.2592919 0.2603409 0.2551061 0.0565575 0.2596043 0.2587836 0.2579691 0.0097994 0.2598213 0.2562103 0.2568193 0.2568193 0.2585400 0.2585400 0.2585424 0.2563653 0.0102122 0.0102178 0.0097994 0.0097956 0.0097955 0.0093833 0.0097973 0.0093833 0.0097956 0.0102179 0.0097974 0.0097955 0.0102157 0.0114489 0.0097960 0.0106270 0.0110599 0.0110599 0.0106330 0.0097994 0.0097994 0.0097974 0.0102157 0.0102141 0.0102141 0.0110459 0.0102083 0.0097918 0.0097956 0.0110348 0.0097994 0.0097956 0.0110348 0.0102101 0.0102091 0.2605179 0.5059713 
HSV2_2                                  0.2613370 0.2587733 0.2613472 0.2597711 0.2597711 0.2591446 0.2630429 0.2605294 0.2615592 0.2605294 0.2589815 0.2602465 0.2609385 0.2606497 0.2603790 0.2649570 0.2639780 0.2622643 0.2639780 0.0012088 0.0000000 0.0008244 0.0077920 0.0097541 0.0012429 0.0011985 0.0017188 0.0082281 0.0020068 0.0015636 0.0022403 0.0097121 0.0086736 0.0097218 0.0021680 0.0101521 0.0103154 0.2595046 0.2614724 0.2612151 0.2632511 0.2627212 0.2637755 0.2592731 0.0561931 0.2630401 0.2622197 0.2614060 0.0097251 0.2640045 0.2603895 0.2609900 0.2609900 0.2619769 0.2619769 0.2627201 0.2605402 0.0101348 0.0101403 0.0097251 0.0097214 0.0101327 0.0093120 0.0097230 0.0093120 0.0101328 0.0101404 0.0097231 0.0097213 0.0101383 0.0113618 0.0097218 0.0105427 0.0109753 0.0109753 0.0105523 0.0097251 0.0097251 0.0097231 0.0101383 0.0101366 0.0101366 0.0109614 0.0101310 0.0097176 0.0097214 0.0109504 0.0101366 0.0097214 0.0109504 0.0101328 0.0101317 0.2639565 0.5055052 
HSV2_3                                  0.2568781 0.2535052 0.2561269 0.2552788 0.2552788 0.2546340 0.2576273 0.2560531 0.2568657 0.2560531 0.2544757 0.2550105 0.2562390 0.2551874 0.2551420 0.2598013 0.2588060 0.2570610 0.2588060 0.0004107 0.0008244 0.0000000 0.0072364 0.0087844 0.0004211 0.0004112 0.0017511 0.0071930 0.0016539 0.0007811 0.0013547 0.0086866 0.0079507 0.0087544 0.0013223 0.0091981 0.0101868 0.2542523 0.2570136 0.2559943 0.2580640 0.2582942 0.2593635 0.2540209 0.0550838 0.2586112 0.2577718 0.2569407 0.0087575 0.2588323 0.2551468 0.2557695 0.2557695 0.2575237 0.2575237 0.2575276 0.2553048 0.0091787 0.0091839 0.0087575 0.0087541 0.0087540 0.0083333 0.0087556 0.0083333 0.0087541 0.0091840 0.0087557 0.0087540 0.0091820 0.0104407 0.0087544 0.0096017 0.0100414 0.0100414 0.0096065 0.0087575 0.0087575 0.0087557 0.0091820 0.0091804 0.0091804 0.0100283 0.0091752 0.0087506 0.0087541 0.0100180 0.0087575 0.0087541 0.0100180 0.0091768 0.0091759 0.2595441 0.4973211 
HSV2_4                                  0.2253643 0.2249500 0.2292284 0.2240662 0.2240662 0.2266874 0.2326808 0.2252935 0.2282089 0.2252935 0.2240662 0.2276761 0.2248642 0.2288007 0.2276971 0.2320004 0.2304569 0.2301020 0.2304569 0.0071880 0.0077920 0.0072364 0.0000000 0.0027951 0.0059994 0.0077657 0.0092256 0.0013965 0.0070909 0.0044892 0.0078972 0.0027951 0.0006961 0.0013933 0.0078600 0.0006961 0.0020922 0.2276761 0.2280048 0.2276761 0.2289092 0.2300842 0.2292225 0.2276761 0.0458630 0.2295728 0.2282411 0.2293640 0.0013941 0.2317577 0.2263699 0.2276761 0.2276761 0.2279115 0.2279115 0.2313791 0.2301232 0.0020927 0.0020947 0.0013941 0.0013932 0.0034976 0.0006959 0.0006959 0.0006959 0.0013936 0.0013941 0.0013936 0.0027942 0.0013936 0.0041991 0.0006959 0.0020914 0.0006959 0.0006959 0.0020934 0.0013941 0.0006959 0.0013936 0.0013936 0.0027951 0.0027951 0.0020920 0.0020914 0.0027924 0.0013932 0.0027898 0.0020934 0.0013932 0.0027898 0.0020920 0.0020917 0.2310181 0.4420012 
HSV2_5                                  0.2664302 0.2638555 0.2658588 0.2648608 0.2648608 0.2642365 0.2681449 0.2656203 0.2666661 0.2656203 0.2640639 0.2653317 0.2644797 0.2657436 0.2648843 0.2700696 0.2690843 0.2673624 0.2690843 0.0098357 0.0097541 0.0087844 0.0027951 0.0000000 0.0092660 0.0093206 0.0095902 0.0004030 0.0101897 0.0047141 0.0081231 0.0004138 0.0017028 0.0015895 0.0105597 0.0019881 0.0033745 0.2639780 0.2665693 0.2656958 0.2677435 0.2678160 0.2680943 0.2643513 0.0559879 0.2679705 0.2671487 0.2663332 0.0007936 0.2691113 0.2647289 0.2660760 0.2660760 0.2676687 0.2676687 0.2671856 0.2656304 0.0011910 0.0011916 0.0007936 0.0007939 0.0003963 0.0011916 0.0015898 0.0011916 0.0019880 0.0019895 0.0015898 0.0000021 0.0019891 0.0015879 0.0015896 0.0011914 0.0027908 0.0027908 0.0023888 0.0015901 0.0015901 0.0015898 0.0019891 0.0011912 0.0011912 0.0027874 0.0019877 0.0007936 0.0007939 0.0019873 0.0011912 0.0015895 0.0019873 0.0019880 0.0019878 0.2688928 0.5019750 
HSV2_6                                  0.2372017 0.2348975 0.2374159 0.2356561 0.2356561 0.2359612 0.2390803 0.2364059 0.2390628 0.2364059 0.2358355 0.2363605 0.2384772 0.2367162 0.2364763 0.2409405 0.2399911 0.2383158 0.2399911 0.0008271 0.0012429 0.0004211 0.0059994 0.0092660 0.0000000 0.0008273 0.0017525 0.0076513 0.0012460 0.0007811 0.0018452 0.0091747 0.0076305 0.0092278 0.0017388 0.0096792 0.0097808 0.2356239 0.2373202 0.2372993 0.2392720 0.2385778 0.2395739 0.2354170 0.0524048 0.2388440 0.2380326 0.2372278 0.0092310 0.2407722 0.2364778 0.2370978 0.2370978 0.2377878 0.2377878 0.2387699 0.2366279 0.0096552 0.0096607 0.0092310 0.0092273 0.0092272 0.0088041 0.0092289 0.0088041 0.0092273 0.0096607 0.0092290 0.0092272 0.0096586 0.0109257 0.0092277 0.0100811 0.0105248 0.0105248 0.0100870 0.0092310 0.0092310 0.0092290 0.0096586 0.0096570 0.0096570 0.0105111 0.0096514 0.0092236 0.0092273 0.0105003 0.0092310 0.0092273 0.0105003 0.0096532 0.0096522 0.2397306 0.5011168 
HSV2_7                                  0.2622162 0.2596597 0.2622274 0.2606558 0.2606558 0.2600312 0.2639182 0.2614106 0.2624401 0.2614106 0.2598670 0.2611285 0.2618207 0.2615313 0.2612598 0.2658266 0.2648501 0.2631411 0.2648501 0.0008045 0.0011985 0.0004112 0.0077657 0.0093206 0.0008273 0.0000000 0.0021483 0.0077938 0.0020061 0.0015636 0.0017873 0.0092627 0.0077811 0.0092835 0.0017308 0.0097179 0.0098554 0.2603882 0.2623518 0.2620943 0.2641256 0.2635957 0.2646485 0.2601561 0.0560883 0.2639153 0.2630978 0.2622864 0.0096913 0.2648767 0.2605257 0.2618691 0.2618691 0.2628557 0.2628557 0.2635959 0.2614212 0.0100996 0.0101051 0.0096913 0.0096877 0.0100974 0.0092799 0.0096892 0.0092799 0.0100975 0.0101052 0.0096894 0.0096876 0.0101030 0.0113220 0.0096880 0.0101045 0.0109370 0.0109370 0.0101049 0.0096913 0.0096913 0.0096894 0.0101030 0.0101014 0.0101014 0.0109232 0.0100958 0.0096839 0.0096877 0.0109123 0.0096913 0.0096877 0.0109123 0.0096877 0.0100965 0.2648291 0.5100421 
HSV2_8                                  0.2342673 0.2301897 0.2328195 0.2326822 0.2326822 0.2320242 0.2344569 0.2334514 0.2351899 0.2334514 0.2328672 0.2316862 0.2345964 0.2320412 0.2318625 0.2363522 0.2353853 0.2336766 0.2353853 0.0021491 0.0017188 0.0017511 0.0092256 0.0095902 0.0017525 0.0021483 0.0000000 0.0083369 0.0034427 0.0031352 0.0032957 0.0094761 0.0083736 0.0100199 0.0026373 0.0100214 0.0109619 0.2309328 0.2336295 0.2326419 0.2346501 0.2349219 0.2359351 0.2307259 0.0499393 0.2351866 0.2343551 0.2335304 0.0095793 0.2354711 0.2318023 0.2324402 0.2324402 0.2341033 0.2341033 0.2340177 0.2312005 0.0100195 0.0100253 0.0095793 0.0100195 0.0095753 0.0095793 0.0100213 0.0095793 0.0100195 0.0104697 0.0100214 0.0095753 0.0104673 0.0113376 0.0100199 0.0104592 0.0113696 0.0113696 0.0109132 0.0095793 0.0100236 0.0100214 0.0104673 0.0100214 0.0100214 0.0113541 0.0100195 0.0100153 0.0100195 0.0113419 0.0095793 0.0100195 0.0113419 0.0104612 0.0104600 0.2360923 0.4544618 
HSV2_9                                  0.2619627 0.2593799 0.2613845 0.2603862 0.2603862 0.2597548 0.2636823 0.2611491 0.2621882 0.2611491 0.2605623 0.2608640 0.2599957 0.2612707 0.2604084 0.2656105 0.2646238 0.2628971 0.2646238 0.0082971 0.0082281 0.0071930 0.0013965 0.0004030 0.0076513 0.0077938 0.0083369 0.0000000 0.0086569 0.0039273 0.0068042 0.0008376 0.0008541 0.0008055 0.0088545 0.0004025 0.0025441 0.2595019 0.2620989 0.2612241 0.2622341 0.2633564 0.2638016 0.2598822 0.0553606 0.2636793 0.2628531 0.2620333 0.0008054 0.2646506 0.2602548 0.2616124 0.2616124 0.2633753 0.2633753 0.2625856 0.2608782 0.0012091 0.0012098 0.0008054 0.0004020 0.0008052 0.0004020 0.0008052 0.0004020 0.0012089 0.0012098 0.0008052 0.0004020 0.0012096 0.0020163 0.0008051 0.0008051 0.0020207 0.0020207 0.0016140 0.0008054 0.0008054 0.0008052 0.0012096 0.0012094 0.0012094 0.0016136 0.0012087 0.0004019 0.0004020 0.0016122 0.0012094 0.0008051 0.0016122 0.0012089 0.0012088 0.2646028 0.4890607 
HSV2_10                                 0.2594227 0.2568658 0.2594332 0.2578607 0.2578607 0.2572323 0.2611248 0.2586169 0.2604462 0.2586169 0.2570733 0.2583369 0.2598278 0.2587356 0.2584676 0.2630320 0.2620561 0.2603475 0.2620561 0.0020212 0.0020068 0.0016539 0.0070909 0.0101897 0.0012460 0.0020061 0.0034427 0.0086569 0.0000000 0.0007811 0.0031480 0.0101657 0.0091218 0.0101666 0.0030400 0.0105887 0.0107519 0.2575959 0.2595568 0.2593014 0.2613309 0.2608052 0.2618541 0.2573665 0.0558616 0.2611197 0.2603009 0.2594877 0.0101700 0.2620826 0.2577311 0.2590788 0.2590788 0.2600580 0.2600580 0.2608032 0.2586279 0.0105815 0.0105873 0.0101700 0.0101661 0.0101660 0.0097551 0.0101678 0.0097551 0.0101661 0.0105874 0.0101679 0.0101660 0.0105852 0.0118141 0.0101665 0.0109912 0.0114272 0.0114272 0.0110012 0.0101700 0.0101700 0.0101679 0.0105852 0.0105834 0.0105834 0.0114127 0.0105775 0.0101621 0.0101661 0.0114013 0.0101700 0.0101661 0.0114013 0.0105794 0.0105783 0.2620329 0.5089892 
HSV2_11                                 0.1676893 0.1664110 0.1705098 0.1664110 0.1664110 0.1677560 0.1727986 0.1676341 0.1717059 0.1676341 0.1664110 0.1690500 0.1697473 0.1675370 0.1690667 0.1734350 0.1719767 0.1702630 0.1719767 0.0007811 0.0015636 0.0007811 0.0044892 0.0047141 0.0007811 0.0015636 0.0031352 0.0039273 0.0007811 0.0000000 0.0000027 0.0047141 0.0039246 0.0039246 0.0007811 0.0039246 0.0055067 0.1690500 0.1678390 0.1690500 0.1690667 0.1700004 0.1702663 0.1690500 0.0364110 0.1690667 0.1677560 0.1699724 0.0039251 0.1730385 0.1677527 0.1690500 0.1690500 0.1700564 0.1700564 0.1721441 0.1690667 0.0039251 0.0047190 0.0039251 0.0047141 0.0047141 0.0039251 0.0047156 0.0039251 0.0039251 0.0047176 0.0047157 0.0047141 0.0047157 0.0055046 0.0039251 0.0047141 0.0039251 0.0039251 0.0055105 0.0039251 0.0039251 0.0039251 0.0047157 0.0047157 0.0047157 0.0055064 0.0047141 0.0055046 0.0047141 0.0055046 0.0039251 0.0047141 0.0055046 0.0047157 0.0047144 0.1704224 0.3814589 
HSV2_12                                 0.2315404 0.2307350 0.2334737 0.2298999 0.2298999 0.2318735 0.2349656 0.2306962 0.2333460 0.2306962 0.2300925 0.2332962 0.2327337 0.2324534 0.2324768 0.2371539 0.2361462 0.2343662 0.2361462 0.0018040 0.0022403 0.0013547 0.0078972 0.0081231 0.0018452 0.0017873 0.0032957 0.0068042 0.0031480 0.0000027 0.0000000 0.0078830 0.0080444 0.0085798 0.0023701 0.0081232 0.0102827 0.2326376 0.2327283 0.2344238 0.2344988 0.2340720 0.2328581 0.2322926 0.0511851 0.2329608 0.2320989 0.2328430 0.0081239 0.2361722 0.2316291 0.2340830 0.2340830 0.2318372 0.2318372 0.2347210 0.2333101 0.0085794 0.0085846 0.0081239 0.0085794 0.0085774 0.0081239 0.0085810 0.0081239 0.0090372 0.0085832 0.0085811 0.0081204 0.0085811 0.0099449 0.0085798 0.0090354 0.0090476 0.0090476 0.0090410 0.0085831 0.0085831 0.0085811 0.0085811 0.0081220 0.0081220 0.0095006 0.0090354 0.0085757 0.0085794 0.0099488 0.0085811 0.0085794 0.0099488 0.0090372 0.0090362 0.2338979 0.4597312 
HSV2_13                                 0.2535237 0.2506419 0.2516692 0.2519298 0.2519298 0.2510051 0.2549716 0.2527019 0.2534463 0.2527019 0.2521099 0.2531296 0.2512432 0.2525372 0.2506944 0.2569071 0.2559176 0.2541811 0.2559176 0.0097931 0.0097121 0.0086866 0.0027951 0.0004138 0.0091747 0.0092627 0.0094761 0.0008376 0.0101657 0.0047141 0.0078830 0.0000000 0.0013172 0.0020755 0.0104442 0.0024922 0.0039437 0.2517459 0.2533746 0.2534840 0.2555457 0.2546530 0.2539081 0.2531296 0.0521250 0.2547805 0.2539459 0.2541100 0.0012435 0.2559441 0.2515195 0.2538879 0.2538879 0.2536967 0.2536967 0.2538729 0.2534213 0.0016588 0.0016597 0.0012435 0.0012440 0.0008283 0.0016597 0.0020759 0.0016597 0.0024921 0.0024940 0.0020760 0.0004131 0.0024935 0.0012427 0.0020757 0.0016594 0.0033331 0.0033331 0.0029117 0.0020764 0.0020764 0.0020760 0.0024935 0.0016591 0.0016591 0.0033288 0.0024917 0.0012435 0.0012440 0.0024912 0.0016591 0.0020756 0.0024912 0.0024921 0.0024918 0.2557065 0.4868063 
HSV2_14                                 0.2632603 0.2613395 0.2634586 0.2624029 0.2624029 0.2617386 0.2658830 0.2632077 0.2643094 0.2632077 0.2625883 0.2629038 0.2619948 0.2633376 0.2624270 0.2679213 0.2668780 0.2650537 0.2668780 0.0083094 0.0086736 0.0079507 0.0006961 0.0017028 0.0076305 0.0077811 0.0083736 0.0008541 0.0091218 0.0039246 0.0080444 0.0013172 0.0000000 0.0008484 0.0094134 0.0012746 0.0026940 0.2614689 0.2642117 0.2632874 0.2633120 0.2655367 0.2660116 0.2618671 0.0586276 0.2658816 0.2650098 0.2641447 0.0008487 0.2669065 0.2622639 0.2636940 0.2636940 0.2656236 0.2656236 0.2648668 0.2632187 0.0012737 0.0012744 0.0008487 0.0008484 0.0021263 0.0004240 0.0008485 0.0004240 0.0012734 0.0012744 0.0008485 0.0016999 0.0012741 0.0021256 0.0008484 0.0016986 0.0021289 0.0021289 0.0017002 0.0008487 0.0008487 0.0008485 0.0012741 0.0021272 0.0021272 0.0021261 0.0012732 0.0016993 0.0008484 0.0021239 0.0012739 0.0008484 0.0021239 0.0012734 0.0012733 0.2668581 0.4895568 
HSV2_15                                 0.2657705 0.2632092 0.2652019 0.2642092 0.2642092 0.2635870 0.2674763 0.2649646 0.2660036 0.2649646 0.2634163 0.2646781 0.2638286 0.2650877 0.2642323 0.2693907 0.2684107 0.2666978 0.2684107 0.0097957 0.0097218 0.0087544 0.0013933 0.0015895 0.0092278 0.0092835 0.0100199 0.0008055 0.0101666 0.0039246 0.0085798 0.0020755 0.0008484 0.0000000 0.0109928 0.0011891 0.0025222 0.2633315 0.2659085 0.2650396 0.2670762 0.2671497 0.2675996 0.2637030 0.0580688 0.2674764 0.2666585 0.2658468 0.0007897 0.2684376 0.2640783 0.2654188 0.2654188 0.2671759 0.2671759 0.2665220 0.2649747 0.0011863 0.0011869 0.0007897 0.0007894 0.0019803 0.0003949 0.0007895 0.0003949 0.0011861 0.0011869 0.0007895 0.0015832 0.0011867 0.0031722 0.0007894 0.0015826 0.0019825 0.0019825 0.0015835 0.0007897 0.0007897 0.0007895 0.0011867 0.0019810 0.0019810 0.0019801 0.0011859 0.0015827 0.0007894 0.0019782 0.0011865 0.0007894 0.0019782 0.0011861 0.0003949 0.2683940 0.5062883 
HSV2_16                                 0.2215938 0.2183267 0.2216532 0.2200314 0.2200314 0.2201190 0.2225173 0.2207906 0.2222181 0.2207906 0.2202190 0.2207471 0.2216532 0.2201353 0.2207168 0.2241725 0.2232282 0.2217500 0.2232282 0.0017320 0.0021680 0.0013223 0.0078600 0.0105597 0.0017388 0.0017308 0.0026373 0.0088545 0.0030400 0.0007811 0.0023701 0.0104442 0.0094134 0.0109928 0.0000000 0.0105475 0.0111010 0.2200008 0.2217036 0.2216838 0.2236505 0.2229917 0.2239666 0.2198065 0.0493844 0.2232261 0.2224064 0.2225401 0.0105475 0.2242144 0.2199117 0.2214942 0.2214942 0.2221544 0.2221544 0.2220920 0.2200134 0.0109923 0.0109988 0.0105475 0.0109923 0.0105431 0.0105475 0.0109943 0.0105475 0.0109923 0.0114492 0.0109944 0.0105431 0.0114465 0.0123245 0.0109928 0.0114375 0.0123595 0.0123595 0.0118972 0.0105475 0.0109969 0.0109944 0.0114465 0.0109944 0.0109944 0.0123425 0.0109923 0.0109877 0.0109923 0.0123292 0.0105475 0.0109923 0.0123292 0.0114397 0.0114385 0.2241108 0.4534438 
HSV2_17                                 0.2660959 0.2635252 0.2655256 0.2645290 0.2645290 0.2639049 0.2678081 0.2652871 0.2663307 0.2652871 0.2637330 0.2649992 0.2641476 0.2654109 0.2645523 0.2697296 0.2687459 0.2670267 0.2687459 0.0102366 0.0101521 0.0091981 0.0006961 0.0019881 0.0096792 0.0097179 0.0100214 0.0004025 0.0105887 0.0039246 0.0081232 0.0024922 0.0012746 0.0011891 0.0105475 0.0000000 0.0021010 0.2636480 0.2662346 0.2653625 0.2674069 0.2674798 0.2679322 0.2640204 0.0573018 0.2678085 0.2669877 0.2661731 0.0011895 0.2687729 0.2643976 0.2657426 0.2657426 0.2675069 0.2675069 0.2668500 0.2652972 0.0015867 0.0015875 0.0011895 0.0011891 0.0023838 0.0007915 0.0011893 0.0007915 0.0015863 0.0015875 0.0011893 0.0019853 0.0015872 0.0035793 0.0011891 0.0015861 0.0023864 0.0023864 0.0019856 0.0011895 0.0011895 0.0011893 0.0015872 0.0023846 0.0023846 0.0015873 0.0015861 0.0019841 0.0011891 0.0023812 0.0015869 0.0011891 0.0023812 0.0015863 0.0015862 0.2687296 0.5022524 
HSV2_18                                 0.2528292 0.2509626 0.2538320 0.2512181 0.2512181 0.2513311 0.2553496 0.2519985 0.2546433 0.2519985 0.2519842 0.2534830 0.2516393 0.2528835 0.2528383 0.2573112 0.2563083 0.2545486 0.2563083 0.0104067 0.0103154 0.0101868 0.0020922 0.0033745 0.0097808 0.0098554 0.0109619 0.0025441 0.0107519 0.0055067 0.0102827 0.0039437 0.0026940 0.0025222 0.0111010 0.0021010 0.0000000 0.2520817 0.2537315 0.2528489 0.2559321 0.2542573 0.2554621 0.2524829 0.0573348 0.2553394 0.2544935 0.2546602 0.0025228 0.2556257 0.2518519 0.2534830 0.2534830 0.2550270 0.2550270 0.2542361 0.2534974 0.0029452 0.0029468 0.0025228 0.0025218 0.0037931 0.0021010 0.0025223 0.0021010 0.0029446 0.0029469 0.0016800 0.0033694 0.0021021 0.0050637 0.0025219 0.0029440 0.0037976 0.0037976 0.0025242 0.0025228 0.0025228 0.0025223 0.0021021 0.0029480 0.0029480 0.0025235 0.0029440 0.0033681 0.0025218 0.0037888 0.0029457 0.0025218 0.0037888 0.0021010 0.0029443 0.2562778 0.4771999 
JN400093_Human_herpesvirus_1            0.0055516 0.0023664 0.0043479 0.0047535 0.0047535 0.0031576 0.0031789 0.0051520 0.0100547 0.0051520 0.0059537 0.0003925 0.0096449 0.0019836 0.0039494 0.0031586 0.0027616 0.0019704 0.0027616 0.2553337 0.2595046 0.2542523 0.2276761 0.2639780 0.2356239 0.2603882 0.2309328 0.2595019 0.2575959 0.1690500 0.2326376 0.2517459 0.2614689 0.2633315 0.2200008 0.2636480 0.2520817 0.0000000 0.0031572 0.0007856 0.0023665 0.0047475 0.0059463 0.0007857 0.2542041 0.0047467 0.0055497 0.0047502 0.2664923 0.0043538 0.0027600 0.0007853 0.0007853 0.0055469 0.0055469 0.0035561 0.0015749 0.2672357 0.2675323 0.2664923 0.2662628 0.2670635 0.2655209 0.2663270 0.2655209 0.2670726 0.2655209 0.2663298 0.2662538 0.2666180 0.2692423 0.2662771 0.2665995 0.2655228 0.2655228 0.2655209 0.2664923 0.2652380 0.2649533 0.2666180 0.2671166 0.2671166 0.2645560 0.2639066 0.2660248 0.2662628 0.2669381 0.2664923 0.2647132 0.2669381 0.2662628 0.2646578 0.0063480 0.4951682 
JN420337_Human_herpesvirus_1            0.0039524 0.0031570 0.0051414 0.0031586 0.0031586 0.0039494 0.0047755 0.0035551 0.0100500 0.0035551 0.0043517 0.0035521 0.0096404 0.0035759 0.0047421 0.0047456 0.0043467 0.0035526 0.0043467 0.2580394 0.2614724 0.2570136 0.2280048 0.2665693 0.2373202 0.2623518 0.2336295 0.2620989 0.2595568 0.1678390 0.2327283 0.2533746 0.2642117 0.2659085 0.2217036 0.2662346 0.2537315 0.0031572 0.0000000 0.0039513 0.0039547 0.0023635 0.0043478 0.0039506 0.2526523 0.0023631 0.0031576 0.0039525 0.2690866 0.0059466 0.0035507 0.0039485 0.0039485 0.0039491 0.0039491 0.0043488 0.0039507 0.2698336 0.2701345 0.2690866 0.2688537 0.2696586 0.2681083 0.2689186 0.2681083 0.2696678 0.2681083 0.2689215 0.2688445 0.2692134 0.2718474 0.2688681 0.2691947 0.2681101 0.2681101 0.2681083 0.2690866 0.2678217 0.2675376 0.2692134 0.2697147 0.2697147 0.2671364 0.2664852 0.2686120 0.2688537 0.2695317 0.2690866 0.2672962 0.2695317 0.2688537 0.2672405 0.0039504 0.4941480 
JN420338_Human_herpesvirus_1            0.0063526 0.0031590 0.0051447 0.0055526 0.0055526 0.0039519 0.0039782 0.0059520 0.0108721 0.0059520 0.0067558 0.0003926 0.0104612 0.0027803 0.0047452 0.0039532 0.0035550 0.0027620 0.0035550 0.2570396 0.2612151 0.2559943 0.2276761 0.2656958 0.2372993 0.2620943 0.2326419 0.2612241 0.2593014 0.1690500 0.2344238 0.2534840 0.2632874 0.2650396 0.2216838 0.2653625 0.2528489 0.0007856 0.0039513 0.0000000 0.0031592 0.0055456 0.0067475 0.0007859 0.2558603 0.0055447 0.0063503 0.0055487 0.2682116 0.0051517 0.0035530 0.0007854 0.0007854 0.0063472 0.0063472 0.0043516 0.0023653 0.2689573 0.2692567 0.2682116 0.2679798 0.2687832 0.2672357 0.2680445 0.2672357 0.2687924 0.2672357 0.2680474 0.2679707 0.2683380 0.2709684 0.2679942 0.2683194 0.2672375 0.2672375 0.2672357 0.2682116 0.2669504 0.2666661 0.2683380 0.2688383 0.2688383 0.2662663 0.2656158 0.2677394 0.2679798 0.2686568 0.2682116 0.2664252 0.2686568 0.2679798 0.2663696 0.0071504 0.4963586 
