98
HM585496_Human_herpesvirus_1            0.0000000 0.0139593 0.0157849 0.0000010 0.0000010 0.0085414 0.0106196 0.0170742 0.0003931 0.0170742 0.0000010 0.0175194 0.0085136 0.0127345 0.0175246 0.0157849 0.0127359 0.0127359 0.0136474 0.0127873 0.5342050 0.5342737 0.5361114 0.5000688 0.5341614 0.5404056 0.5535976 0.5386841 0.5254934 0.5452140 0.4421628 0.5204152 0.5429571 0.5371635 0.5519609 0.5300661 0.5518551 0.5279443 0.0135819 0.0089511 0.0106049 0.0106106 0.0110493 0.0131833 0.0106317 0.5511183 0.0136135 0.0131825 0.0080837 0.5651254 0.0085074 0.0119486 0.0093417 0.0093417 0.0110305 0.0110305 0.0110751 0.0136474 0.5682009 0.5682009 0.5671876 0.5650948 0.5646031 0.5719375 0.5660723 0.5686276 0.5707485 0.5680691 0.5644533 0.5692100 0.5667362 0.5613073 0.5685118 0.5690972 0.5670362 0.5682970 0.5682970 0.5662523 0.5668104 0.5707485 0.5676756 0.5669563 0.5698127 0.5696209 0.5691477 0.5684545 0.5665291 0.5665291 0.5680666 0.5634405 0.5637304 0.5707121 0.5663122 0.5661225 0.5655860 0.5693357 0.0118945 1.1730912 
HM585497_Human_herpesvirus_1            0.0139593 0.0000000 0.0072686 0.0139912 0.0139912 0.0175753 0.0197548 0.0044005 0.0143936 0.0044005 0.0139593 0.0048083 0.0175204 0.0188530 0.0064533 0.0072686 0.0101808 0.0101808 0.0110690 0.0102215 0.5377274 0.5378015 0.5396580 0.4901077 0.5353289 0.5439716 0.5560234 0.5422552 0.5290404 0.5483834 0.4406276 0.5212237 0.5441211 0.5383341 0.5531102 0.5320518 0.5530058 0.5291218 0.0118664 0.0193206 0.0122822 0.0122889 0.0127335 0.0114688 0.0123219 0.5530306 0.0118948 0.0114685 0.0174951 0.5662638 0.0175074 0.0132153 0.0183890 0.0183890 0.0127123 0.0127123 0.0127629 0.0110690 0.5693370 0.5693370 0.5683232 0.5662333 0.5657429 0.5730792 0.5672076 0.5697631 0.5718877 0.5692054 0.5655901 0.5703483 0.5678775 0.5624419 0.5696534 0.5702337 0.5681714 0.5694335 0.5694335 0.5673885 0.5679514 0.5718877 0.5688170 0.5680946 0.5709517 0.5707595 0.5702845 0.5695916 0.5676674 0.5676674 0.5692024 0.5645811 0.5648690 0.5718560 0.5674548 0.5672574 0.5667254 0.5704729 0.0118874 1.1584227 
HM585498_Human_herpesvirus_1            0.0157849 0.0072686 0.0000000 0.0158206 0.0158206 0.0123108 0.0152972 0.0076694 0.0162267 0.0076694 0.0157849 0.0080862 0.0139497 0.0178683 0.0064199 0.0000010 0.0092865 0.0092865 0.0093210 0.0093233 0.5343339 0.5330537 0.5348825 0.4906869 0.5342901 0.5390379 0.5537079 0.5388107 0.5256309 0.5436504 0.4445935 0.5183632 0.5430773 0.5372897 0.5520715 0.5277828 0.5519659 0.5255569 0.0118444 0.0174596 0.0114172 0.0114234 0.0109728 0.0105593 0.0097146 0.5515967 0.0118994 0.0114471 0.0148450 0.5652235 0.0148047 0.0114404 0.0147982 0.0147982 0.0118708 0.0118708 0.0109984 0.0093210 0.5682962 0.5682962 0.5672837 0.5651929 0.5647017 0.5720301 0.5661693 0.5687225 0.5708419 0.5681645 0.5645518 0.5693046 0.5668332 0.5614083 0.5686073 0.5691918 0.5671324 0.5683923 0.5683923 0.5663492 0.5669073 0.5708419 0.5677717 0.5657302 0.5699068 0.5697152 0.5692422 0.5685496 0.5653035 0.5653035 0.5681619 0.5622162 0.5638297 0.5683331 0.5650824 0.5662194 0.5656838 0.5694301 0.0109740 1.1437870 
HM585499_Human_herpesvirus_1            0.0000010 0.0139912 0.0158206 0.0000000 0.0000010 0.0085603 0.0106433 0.0170742 0.0003939 0.0170742 0.0000010 0.0175194 0.0085325 0.0127630 0.0175643 0.0158206 0.0127644 0.0127644 0.0136782 0.0128160 0.5322207 0.5322865 0.5341178 0.5000688 0.5321809 0.5383562 0.5516673 0.5366813 0.5234776 0.5432581 0.4421628 0.5206856 0.5410009 0.5351843 0.5500478 0.5280362 0.5499395 0.5259345 0.0136123 0.0089710 0.0106284 0.0106342 0.0110739 0.0132130 0.0106555 0.5492236 0.0136442 0.0132121 0.0081016 0.5632571 0.0085262 0.0119754 0.0093624 0.0093624 0.0110551 0.0110551 0.0110999 0.0136782 0.5663426 0.5663426 0.5653280 0.5632264 0.5627314 0.5700778 0.5642109 0.5667714 0.5688904 0.5662105 0.5625863 0.5673502 0.5648665 0.5598335 0.5666452 0.5672403 0.5651771 0.5664385 0.5664385 0.5643899 0.5649413 0.5688904 0.5658075 0.5650919 0.5679529 0.5677615 0.5672902 0.5665951 0.5646637 0.5646637 0.5662086 0.5615652 0.5618588 0.5688463 0.5644396 0.5642621 0.5637170 0.5674779 0.0119212 1.1667773 
HM585500_Human_herpesvirus_1            0.0000010 0.0139912 0.0158206 0.0000010 0.0000000 0.0085603 0.0106433 0.0170742 0.0003939 0.0170742 0.0000010 0.0175194 0.0085325 0.0127630 0.0175643 0.0158206 0.0127644 0.0127644 0.0136782 0.0128160 0.5322207 0.5322865 0.5341178 0.5000688 0.5321809 0.5383562 0.5516673 0.5366813 0.5234776 0.5432581 0.4421628 0.5206856 0.5410009 0.5351843 0.5500478 0.5280362 0.5499395 0.5259345 0.0136123 0.0089710 0.0106284 0.0106342 0.0110739 0.0132130 0.0106555 0.5492236 0.0136442 0.0132121 0.0081016 0.5632571 0.0085262 0.0119754 0.0093624 0.0093624 0.0110551 0.0110551 0.0110999 0.0136782 0.5663426 0.5663426 0.5653280 0.5632264 0.5627314 0.5700778 0.5642109 0.5667714 0.5688904 0.5662105 0.5625863 0.5673502 0.5648665 0.5598335 0.5666452 0.5672403 0.5651771 0.5664385 0.5664385 0.5643899 0.5649413 0.5688904 0.5658075 0.5650919 0.5679529 0.5677615 0.5672902 0.5665951 0.5646637 0.5646637 0.5662086 0.5615652 0.5618588 0.5688463 0.5644396 0.5642621 0.5637170 0.5674779 0.0119212 1.1667773 
HM585501_Human_herpesvirus_1            0.0085414 0.0175753 0.0123108 0.0085603 0.0085603 0.0000000 0.0035899 0.0179942 0.0089625 0.0179942 0.0085414 0.0184430 0.0019773 0.0105981 0.0157606 0.0123108 0.0131535 0.0131535 0.0114919 0.0132066 0.5325564 0.5309461 0.5330968 0.5019442 0.5325161 0.5372986 0.5508349 0.5370201 0.5238186 0.5419066 0.4532433 0.5187624 0.5413313 0.5355189 0.5503703 0.5270083 0.5502625 0.5234282 0.0157997 0.0068637 0.0102167 0.0102223 0.0097753 0.0144714 0.0085207 0.5501671 0.0158354 0.0153969 0.0027883 0.5635716 0.0031816 0.0106586 0.0031803 0.0031803 0.0106426 0.0106426 0.0097984 0.0114919 0.5666552 0.5666552 0.5656409 0.5635408 0.5630464 0.5703906 0.5645242 0.5670837 0.5692029 0.5665232 0.5629005 0.5676631 0.5651812 0.5597524 0.5669593 0.5675527 0.5654900 0.5667512 0.5667512 0.5647033 0.5652558 0.5692029 0.5661218 0.5640818 0.5682658 0.5680743 0.5676027 0.5669079 0.5636540 0.5636540 0.5665212 0.5605557 0.5621739 0.5666849 0.5634262 0.5645751 0.5640315 0.5677904 0.0131716 1.1541557 
HM585502_Human_herpesvirus_1            0.0106196 0.0197548 0.0152972 0.0106433 0.0106433 0.0035899 0.0000000 0.0192961 0.0110460 0.0192961 0.0106196 0.0197482 0.0051954 0.0118473 0.0170282 0.0152972 0.0144192 0.0144192 0.0136021 0.0144776 0.5312087 0.5296003 0.5317415 0.4954025 0.5311712 0.5358974 0.5494900 0.5356515 0.5224662 0.5405622 0.4457040 0.5173988 0.5399865 0.5341691 0.5478943 0.5256399 0.5477836 0.5220807 0.0153248 0.0080918 0.0097697 0.0097750 0.0093312 0.0140036 0.0114447 0.5496493 0.0171244 0.0166829 0.0056179 0.5611118 0.0051916 0.0102083 0.0060061 0.0060061 0.0101933 0.0101933 0.0093533 0.0136021 0.5641987 0.5641987 0.5631860 0.5610809 0.5605839 0.5679200 0.5620705 0.5646284 0.5667384 0.5640666 0.5604445 0.5652014 0.5627143 0.5573030 0.5644908 0.5650951 0.5630361 0.5642940 0.5642940 0.5622477 0.5627896 0.5667384 0.5636541 0.5616252 0.5658022 0.5656118 0.5651442 0.5644491 0.5611975 0.5611975 0.5640655 0.5580960 0.5597143 0.5642174 0.5609608 0.5621225 0.5615692 0.5653309 0.0127105 1.1542525 
HM585503_Human_herpesvirus_1            0.0170742 0.0044005 0.0076694 0.0170742 0.0170742 0.0179942 0.0192961 0.0000000 0.0175195 0.0000010 0.0170742 0.0003940 0.0188314 0.0183968 0.0044011 0.0076694 0.0097592 0.0097592 0.0123291 0.0097982 0.5351700 0.5338847 0.5357255 0.4875106 0.5351239 0.5399244 0.5546114 0.5396761 0.5264393 0.5445176 0.4385652 0.5195316 0.5439423 0.5381378 0.5529594 0.5280608 0.5528545 0.5263623 0.0122843 0.0197610 0.0127018 0.0127087 0.0131541 0.0118869 0.0135934 0.5520876 0.0123139 0.0118865 0.0188048 0.5661509 0.0188175 0.0136399 0.0197060 0.0197060 0.0131332 0.0131332 0.0131847 0.0123291 0.5692328 0.5692328 0.5682163 0.5661203 0.5656284 0.5729848 0.5670976 0.5696601 0.5717902 0.5691008 0.5654755 0.5702466 0.5677688 0.5627180 0.5695495 0.5701319 0.5680641 0.5693295 0.5693295 0.5672789 0.5678429 0.5717902 0.5687109 0.5666582 0.5708517 0.5706590 0.5701829 0.5694880 0.5662299 0.5662299 0.5690978 0.5631333 0.5647523 0.5692741 0.5660115 0.5671476 0.5666137 0.5703717 0.0123063 1.1482736 
HM585504_Human_herpesvirus_1            0.0003931 0.0143936 0.0162267 0.0003939 0.0003939 0.0089625 0.0110460 0.0175195 0.0000000 0.0175195 0.0003931 0.0179662 0.0089334 0.0131668 0.0179712 0.0162267 0.0131680 0.0131680 0.0140836 0.0132212 0.5345342 0.5346036 0.5364445 0.4992422 0.5337831 0.5407532 0.5539405 0.5390218 0.5258175 0.5455514 0.4421628 0.5207381 0.5425730 0.5367819 0.5515746 0.5303980 0.5514684 0.5275680 0.0140163 0.0093730 0.0110306 0.0110366 0.0114770 0.0136174 0.0110585 0.5524374 0.0140488 0.0136164 0.0085017 0.5647327 0.0089269 0.0123807 0.0097637 0.0097637 0.0114577 0.0114577 0.0115038 0.0140836 0.5678067 0.5678067 0.5667943 0.5647021 0.5642103 0.5715386 0.5656799 0.5682334 0.5703513 0.5676750 0.5640617 0.5688143 0.5663414 0.5609188 0.5681155 0.5687023 0.5666432 0.5679027 0.5679027 0.5658595 0.5664156 0.5703513 0.5672799 0.5665623 0.5694163 0.5692248 0.5687526 0.5680598 0.5661354 0.5661354 0.5676726 0.5630483 0.5633387 0.5703134 0.5659172 0.5657303 0.5651926 0.5689402 0.0123246 1.1745486 
HM585505_Human_herpesvirus_1            0.0170742 0.0044005 0.0076694 0.0170742 0.0170742 0.0179942 0.0192961 0.0000010 0.0175195 0.0000000 0.0170742 0.0003940 0.0188314 0.0183968 0.0044011 0.0076694 0.0097592 0.0097592 0.0123291 0.0097982 0.5351700 0.5338847 0.5357255 0.4875106 0.5351239 0.5399244 0.5546114 0.5396761 0.5264393 0.5445176 0.4385652 0.5195316 0.5439423 0.5381378 0.5529594 0.5280608 0.5528545 0.5263623 0.0122843 0.0197610 0.0127018 0.0127087 0.0131541 0.0118869 0.0135934 0.5520876 0.0123139 0.0118865 0.0188048 0.5661509 0.0188175 0.0136399 0.0197060 0.0197060 0.0131332 0.0131332 0.0131847 0.0123291 0.5692328 0.5692328 0.5682163 0.5661203 0.5656284 0.5729848 0.5670976 0.5696601 0.5717902 0.5691008 0.5654755 0.5702466 0.5677688 0.5627180 0.5695495 0.5701319 0.5680641 0.5693295 0.5693295 0.5672789 0.5678429 0.5717902 0.5687109 0.5666582 0.5708517 0.5706590 0.5701829 0.5694880 0.5662299 0.5662299 0.5690978 0.5631333 0.5647523 0.5692741 0.5660115 0.5671476 0.5666137 0.5703717 0.0123063 1.1482736 
HM585506_Human_herpesvirus_1            0.0000010 0.0139593 0.0157849 0.0000010 0.0000010 0.0085414 0.0106196 0.0170742 0.0003931 0.0170742 0.0000000 0.0175194 0.0085136 0.0127345 0.0175246 0.0157849 0.0127359 0.0127359 0.0136474 0.0127873 0.5342050 0.5342737 0.5361114 0.5000688 0.5341614 0.5404056 0.5535976 0.5386841 0.5254934 0.5452140 0.4421628 0.5204152 0.5429571 0.5371635 0.5519609 0.5300661 0.5518551 0.5279443 0.0135819 0.0089511 0.0106049 0.0106106 0.0110493 0.0131833 0.0106317 0.5511183 0.0136135 0.0131825 0.0080837 0.5651254 0.0085074 0.0119486 0.0093417 0.0093417 0.0110305 0.0110305 0.0110751 0.0136474 0.5682009 0.5682009 0.5671876 0.5650948 0.5646031 0.5719375 0.5660723 0.5686276 0.5707485 0.5680691 0.5644533 0.5692100 0.5667362 0.5613073 0.5685118 0.5690972 0.5670362 0.5682970 0.5682970 0.5662523 0.5668104 0.5707485 0.5676756 0.5669563 0.5698127 0.5696209 0.5691477 0.5684545 0.5665291 0.5665291 0.5680666 0.5634405 0.5637304 0.5707121 0.5663122 0.5661225 0.5655860 0.5693357 0.0118945 1.1730912 
HM585507_Human_herpesvirus_1            0.0175194 0.0048083 0.0080862 0.0175194 0.0175194 0.0184430 0.0197482 0.0003940 0.0179662 0.0003940 0.0175194 0.0000000 0.0192817 0.0179527 0.0048090 0.0080862 0.0101824 0.0101824 0.0127608 0.0102231 0.5340019 0.5327166 0.5345509 0.4848172 0.5339584 0.5387116 0.5534485 0.5384903 0.5252645 0.5433548 0.4385652 0.5183518 0.5427792 0.5369686 0.5518098 0.5268757 0.5517035 0.5251906 0.0127147 0.0202147 0.0131332 0.0131404 0.0135875 0.0123170 0.0140283 0.5509501 0.0127452 0.0123165 0.0192546 0.5650108 0.0192674 0.0132075 0.0201586 0.0201586 0.0135660 0.0135660 0.0136190 0.0127608 0.5680947 0.5680947 0.5670787 0.5649801 0.5644869 0.5718407 0.5659605 0.5685226 0.5706487 0.5679626 0.5643371 0.5691062 0.5666256 0.5615809 0.5684059 0.5689934 0.5669270 0.5681910 0.5681910 0.5661409 0.5667000 0.5706487 0.5675674 0.5655196 0.5697105 0.5695182 0.5690439 0.5683488 0.5650914 0.5650914 0.5679600 0.5619928 0.5636121 0.5681308 0.5648687 0.5660109 0.5654725 0.5692324 0.0127374 1.1511676 
HM585508_Human_herpesvirus_1            0.0085136 0.0175204 0.0139497 0.0085325 0.0085325 0.0019773 0.0051954 0.0188314 0.0089334 0.0188314 0.0085136 0.0192817 0.0000000 0.0113862 0.0174568 0.0139497 0.0130822 0.0130822 0.0114294 0.0131347 0.5322679 0.5320074 0.5341556 0.5012471 0.5322284 0.5383738 0.5504670 0.5367071 0.5235689 0.5429177 0.4525237 0.5204177 0.5410048 0.5352168 0.5500080 0.5286506 0.5499002 0.5256910 0.0157142 0.0068262 0.0101611 0.0101666 0.0097221 0.0143930 0.0084743 0.5488259 0.0157854 0.0153135 0.0019766 0.5631553 0.0023672 0.0106003 0.0023672 0.0023672 0.0106083 0.0106083 0.0097450 0.0114294 0.5662264 0.5662264 0.5652167 0.5631246 0.5626319 0.5699435 0.5641049 0.5666533 0.5687620 0.5660949 0.5624877 0.5672291 0.5647568 0.5593540 0.5665271 0.5671200 0.5650666 0.5663219 0.5663219 0.5642829 0.5648313 0.5687620 0.5656934 0.5649814 0.5678290 0.5676385 0.5671696 0.5664777 0.5645553 0.5645553 0.5660931 0.5614711 0.5617635 0.5687176 0.5643317 0.5641558 0.5636128 0.5673563 0.0131002 1.1582934 
HM585509_Human_herpesvirus_1            0.0127345 0.0188530 0.0178683 0.0127630 0.0127630 0.0105981 0.0118473 0.0183968 0.0131668 0.0183968 0.0127345 0.0179527 0.0113862 0.0000000 0.0196822 0.0178683 0.0156774 0.0156774 0.0174787 0.0153081 0.5222430 0.5211895 0.5227238 0.4856331 0.5234733 0.5267974 0.5404802 0.5267620 0.5137191 0.5315853 0.4426404 0.5090884 0.5312366 0.5251790 0.5413480 0.5172938 0.5412304 0.5136772 0.0183624 0.0118351 0.0135631 0.0135705 0.0131089 0.0170155 0.0152709 0.5404127 0.0184442 0.0179582 0.0118361 0.5545482 0.0113778 0.0131580 0.0122227 0.0122227 0.0140285 0.0140285 0.0131390 0.0174787 0.5576296 0.5576296 0.5566252 0.5545168 0.5540152 0.5612973 0.5555180 0.5580610 0.5601370 0.5574971 0.5538939 0.5586142 0.5561248 0.5507837 0.5578890 0.5585194 0.5564788 0.5577229 0.5577229 0.5556890 0.5562012 0.5601370 0.5570580 0.5550667 0.5592064 0.5590197 0.5585658 0.5578723 0.5539411 0.5539411 0.5574984 0.5508415 0.5531573 0.5553597 0.5543828 0.5555726 0.5549969 0.5587480 0.0156991 1.1604417 
HM585510_Human_herpesvirus_1            0.0175246 0.0064533 0.0064199 0.0175643 0.0175643 0.0157606 0.0170282 0.0044011 0.0179712 0.0044011 0.0175246 0.0048090 0.0174568 0.0196822 0.0000000 0.0064199 0.0101400 0.0101400 0.0110214 0.0101804 0.5360123 0.5347295 0.5365710 0.4850024 0.5359649 0.5395787 0.5554162 0.5405224 0.5273019 0.5453397 0.4385652 0.5183276 0.5447663 0.5389756 0.5526100 0.5277438 0.5525048 0.5272225 0.0127193 0.0192525 0.0131367 0.0131439 0.0126841 0.0114236 0.0122739 0.5536462 0.0127493 0.0123206 0.0183803 0.5657831 0.0174448 0.0131650 0.0183241 0.0183241 0.0135695 0.0135695 0.0127135 0.0110214 0.5688608 0.5688608 0.5678460 0.5657526 0.5652610 0.5726049 0.5667293 0.5692876 0.5714131 0.5687289 0.5651094 0.5698723 0.5673975 0.5619585 0.5691752 0.5697583 0.5676943 0.5689572 0.5689572 0.5669100 0.5674716 0.5714131 0.5683380 0.5662901 0.5704761 0.5702838 0.5698091 0.5691153 0.5658625 0.5658625 0.5687261 0.5627702 0.5643867 0.5689003 0.5656431 0.5667793 0.5662449 0.5699975 0.0118408 1.1496229 
HM585511_Human_herpesvirus_1            0.0157849 0.0072686 0.0000010 0.0158206 0.0158206 0.0123108 0.0152972 0.0076694 0.0162267 0.0076694 0.0157849 0.0080862 0.0139497 0.0178683 0.0064199 0.0000000 0.0092865 0.0092865 0.0093210 0.0093233 0.5343339 0.5330537 0.5348825 0.4906869 0.5342901 0.5390379 0.5537079 0.5388107 0.5256309 0.5436504 0.4445935 0.5183632 0.5430773 0.5372897 0.5520715 0.5277828 0.5519659 0.5255569 0.0118444 0.0174596 0.0114172 0.0114234 0.0109728 0.0105593 0.0097146 0.5515967 0.0118994 0.0114471 0.0148450 0.5652235 0.0148047 0.0114404 0.0147982 0.0147982 0.0118708 0.0118708 0.0109984 0.0093210 0.5682962 0.5682962 0.5672837 0.5651929 0.5647017 0.5720301 0.5661693 0.5687225 0.5708419 0.5681645 0.5645518 0.5693046 0.5668332 0.5614083 0.5686073 0.5691918 0.5671324 0.5683923 0.5683923 0.5663492 0.5669073 0.5708419 0.5677717 0.5657302 0.5699068 0.5697152 0.5692422 0.5685496 0.5653035 0.5653035 0.5681619 0.5622162 0.5638297 0.5683331 0.5650824 0.5662194 0.5656838 0.5694301 0.0109740 1.1437870 
HM585512_Human_herpesvirus_1            0.0127359 0.0101808 0.0092865 0.0127644 0.0127644 0.0131535 0.0144192 0.0097592 0.0131680 0.0097592 0.0127359 0.0101824 0.0130822 0.0156774 0.0101400 0.0092865 0.0000000 0.0000010 0.0039825 0.0000010 0.5347138 0.5347831 0.5366176 0.4968502 0.5346692 0.5420318 0.5540439 0.5391861 0.5260327 0.5453513 0.4451328 0.5201470 0.5434366 0.5376635 0.5524075 0.5295527 0.5523025 0.5284758 0.0064156 0.0126913 0.0076459 0.0076500 0.0072190 0.0051830 0.0059965 0.5516613 0.0048143 0.0043973 0.0135401 0.5655290 0.0130725 0.0080754 0.0139260 0.0139260 0.0080791 0.0080791 0.0072362 0.0039825 0.5685948 0.5685948 0.5675842 0.5654986 0.5650087 0.5723224 0.5664721 0.5690200 0.5711360 0.5684634 0.5648584 0.5696016 0.5671362 0.5617207 0.5689067 0.5694886 0.5674332 0.5686907 0.5686907 0.5666518 0.5672100 0.5711360 0.5680728 0.5673545 0.5702029 0.5700115 0.5695391 0.5688480 0.5669286 0.5669286 0.5684607 0.5638498 0.5641382 0.5711013 0.5667139 0.5665220 0.5659887 0.5697266 0.0047775 1.1509563 
HM585513_Human_herpesvirus_1            0.0127359 0.0101808 0.0092865 0.0127644 0.0127644 0.0131535 0.0144192 0.0097592 0.0131680 0.0097592 0.0127359 0.0101824 0.0130822 0.0156774 0.0101400 0.0092865 0.0000010 0.0000000 0.0039825 0.0000010 0.5347138 0.5347831 0.5366176 0.4968502 0.5346692 0.5420318 0.5540439 0.5391861 0.5260327 0.5453513 0.4451328 0.5201470 0.5434366 0.5376635 0.5524075 0.5295527 0.5523025 0.5284758 0.0064156 0.0126913 0.0076459 0.0076500 0.0072190 0.0051830 0.0059965 0.5516613 0.0048143 0.0043973 0.0135401 0.5655290 0.0130725 0.0080754 0.0139260 0.0139260 0.0080791 0.0080791 0.0072362 0.0039825 0.5685948 0.5685948 0.5675842 0.5654986 0.5650087 0.5723224 0.5664721 0.5690200 0.5711360 0.5684634 0.5648584 0.5696016 0.5671362 0.5617207 0.5689067 0.5694886 0.5674332 0.5686907 0.5686907 0.5666518 0.5672100 0.5711360 0.5680728 0.5673545 0.5702029 0.5700115 0.5695391 0.5688480 0.5669286 0.5669286 0.5684607 0.5638498 0.5641382 0.5711013 0.5667139 0.5665220 0.5659887 0.5697266 0.0047775 1.1509563 
HM585514_Human_herpesvirus_1            0.0136474 0.0110690 0.0093210 0.0136782 0.0136782 0.0114919 0.0136021 0.0123291 0.0140836 0.0123291 0.0136474 0.0127608 0.0114294 0.0174787 0.0110214 0.0093210 0.0039825 0.0039825 0.0000000 0.0039981 0.5340513 0.5337913 0.5359531 0.4923727 0.5340081 0.5413525 0.5534109 0.5385201 0.5253547 0.5447052 0.4425494 0.5183552 0.5427886 0.5370044 0.5528339 0.5288706 0.5527293 0.5274764 0.0080912 0.0135156 0.0093379 0.0093430 0.0089021 0.0068388 0.0052013 0.5503286 0.0064337 0.0060099 0.0118806 0.5659656 0.0114210 0.0097773 0.0114258 0.0114258 0.0097814 0.0097814 0.0089232 0.0000010 0.5690338 0.5690338 0.5680220 0.5659352 0.5654453 0.5727677 0.5669085 0.5694592 0.5715790 0.5689024 0.5652936 0.5700426 0.5675756 0.5621517 0.5693481 0.5699287 0.5678706 0.5691300 0.5691300 0.5670888 0.5676494 0.5715790 0.5685133 0.5677931 0.5706448 0.5704530 0.5699794 0.5692877 0.5673667 0.5673667 0.5688995 0.5642854 0.5645734 0.5715461 0.5671534 0.5669583 0.5664261 0.5701673 0.0064274 1.1534413 
HM585515_Human_herpesvirus_1            0.0127873 0.0102215 0.0093233 0.0128160 0.0128160 0.0132066 0.0144776 0.0097982 0.0132212 0.0097982 0.0127873 0.0102231 0.0131347 0.0153081 0.0101804 0.0093233 0.0000010 0.0000010 0.0039981 0.0000000 0.5340894 0.5341578 0.5359903 0.4968502 0.5320099 0.5413872 0.5534359 0.5385558 0.5253987 0.5447361 0.4451328 0.5195022 0.5434366 0.5370406 0.5498658 0.5289129 0.5497574 0.5278435 0.0064409 0.0127423 0.0076761 0.0076802 0.0072475 0.0052033 0.0060201 0.5491419 0.0048333 0.0044146 0.0135946 0.5636586 0.0131249 0.0081074 0.0139820 0.0139820 0.0081112 0.0081112 0.0072648 0.0039981 0.5661504 0.5661504 0.5651367 0.5636278 0.5631340 0.5704712 0.5640205 0.5665790 0.5686958 0.5660184 0.5629880 0.5677461 0.5652668 0.5598428 0.5670432 0.5670474 0.5649860 0.5662462 0.5662462 0.5641992 0.5662066 0.5686958 0.5662066 0.5646590 0.5677591 0.5675679 0.5670972 0.5664025 0.5644725 0.5644725 0.5660166 0.5619696 0.5622622 0.5686510 0.5648408 0.5640717 0.5641181 0.5672847 0.0047962 1.1548612 
HSV2_1                                  0.5342050 0.5377274 0.5343339 0.5322207 0.5322207 0.5325564 0.5312087 0.5351700 0.5345342 0.5351700 0.5342050 0.5340019 0.5322679 0.5222430 0.5360123 0.5343339 0.5347138 0.5347138 0.5340513 0.5340894 0.0000000 0.0021255 0.0034047 0.0151474 0.0136252 0.0035222 0.0004198 0.0034323 0.0004245 0.0012623 0.0000022 0.0013029 0.0151156 0.0126601 0.0122012 0.0012951 0.0140198 0.0123460 0.5389652 0.5316496 0.5370672 0.5370672 0.5356663 0.5366666 0.5352566 0.1039211 0.5367800 0.5350640 0.5328544 0.0141034 0.5306845 0.5314229 0.5310010 0.5310010 0.5376281 0.5376281 0.5359891 0.5340513 0.0140254 0.0140254 0.0126423 0.0136363 0.0140946 0.0154810 0.0140097 0.0140032 0.0145037 0.0158413 0.0149993 0.0154506 0.0141349 0.0150241 0.0154831 0.0144583 0.0126510 0.0135424 0.0135424 0.0131259 0.0145846 0.0145037 0.0145846 0.0149637 0.0140565 0.0154382 0.0140001 0.0140233 0.0140778 0.0140778 0.0131006 0.0141564 0.0141055 0.0145437 0.0132140 0.0135689 0.0141118 0.0140032 0.5353237 1.1832730 
HSV2_2                                  0.5342737 0.5378015 0.5330537 0.5322865 0.5322865 0.5309461 0.5296003 0.5338847 0.5346036 0.5338847 0.5342737 0.5327166 0.5320074 0.5211895 0.5347295 0.5330537 0.5347831 0.5347831 0.5337913 0.5341578 0.0021255 0.0000000 0.0029796 0.0129137 0.0132104 0.0030803 0.0064467 0.0030039 0.0012801 0.0042638 0.0000022 0.0026193 0.0188167 0.0123115 0.0118330 0.0021669 0.0136798 0.0114338 0.5390411 0.5317141 0.5371403 0.5371403 0.5357373 0.5367390 0.5349971 0.1019670 0.5368523 0.5351337 0.5325938 0.0178809 0.5304235 0.5314874 0.5307399 0.5307399 0.5377023 0.5377023 0.5360606 0.5337913 0.0177804 0.0177804 0.0163585 0.0169242 0.0179120 0.0192860 0.0178028 0.0177520 0.0182732 0.0191700 0.0187928 0.0192496 0.0179182 0.0188240 0.0192918 0.0182179 0.0163699 0.0172785 0.0172785 0.0168438 0.0183761 0.0182732 0.0183761 0.0187806 0.0178176 0.0192336 0.0177480 0.0173151 0.0178507 0.0178507 0.0168295 0.0179515 0.0178967 0.0178614 0.0169795 0.0173128 0.0178915 0.0177520 0.5353941 1.1797019 
HSV2_3                                  0.5361114 0.5396580 0.5348825 0.5341178 0.5341178 0.5330968 0.5317415 0.5357255 0.5364445 0.5357255 0.5361114 0.5345509 0.5341556 0.5227238 0.5365710 0.5348825 0.5366176 0.5366176 0.5359531 0.5359903 0.0034047 0.0029796 0.0000000 0.0151300 0.0136158 0.0035197 0.0025508 0.0025648 0.0021335 0.0025472 0.0000022 0.0039370 0.0150894 0.0127187 0.0122576 0.0021612 0.0140849 0.0118631 0.5409019 0.5335294 0.5389928 0.5389928 0.5375814 0.5385877 0.5371670 0.1011359 0.5386997 0.5369661 0.5347484 0.0141745 0.5325597 0.5333161 0.5328800 0.5328800 0.5395623 0.5395623 0.5379080 0.5359531 0.0140956 0.0140956 0.0127053 0.0137049 0.0141655 0.0155590 0.0140797 0.0131626 0.0145764 0.0159208 0.0150750 0.0155283 0.0142061 0.0150999 0.0155613 0.0145306 0.0127141 0.0136100 0.0136100 0.0131916 0.0146582 0.0145764 0.0146582 0.0150299 0.0141269 0.0155158 0.0140700 0.0140935 0.0141402 0.0141402 0.0131660 0.0142196 0.0141766 0.0141490 0.0132723 0.0136367 0.0141829 0.0140731 0.5372343 1.1814961 
HSV2_4                                  0.5000688 0.4901077 0.4906869 0.5000688 0.5000688 0.5019442 0.4954025 0.4875106 0.4992422 0.4875106 0.5000688 0.4848172 0.5012471 0.4856331 0.4850024 0.4906869 0.4968502 0.4968502 0.4923727 0.4968502 0.0151474 0.0129137 0.0151300 0.0000000 0.0000029 0.0141335 0.0107422 0.0141210 0.0063339 0.0129299 0.0016471 0.0117585 0.0010293 0.0010273 0.0010273 0.0141106 0.0010267 0.0031085 0.5001620 0.4998473 0.4986040 0.4986040 0.4986040 0.4974218 0.4997765 0.0894519 0.4982164 0.4954990 0.4992904 0.0020651 0.4979933 0.4958651 0.4986813 0.4986813 0.4986040 0.4986040 0.4993160 0.4923727 0.0020651 0.0020651 0.0020633 0.0020633 0.0000029 0.0020601 0.0010267 0.0010273 0.0020601 0.0010285 0.0010284 0.0000029 0.0010273 0.0010285 0.0000029 0.0031029 0.0020633 0.0031058 0.0031058 0.0020651 0.0020601 0.0020601 0.0020601 0.0010293 0.0010273 0.0000029 0.0010273 0.0020633 0.0063060 0.0063060 0.0020633 0.0063060 0.0052202 0.0062813 0.0020662 0.0010287 0.0020680 0.0020610 0.4949169 1.2703326 
HSV2_5                                  0.5341614 0.5353289 0.5342901 0.5321809 0.5321809 0.5325161 0.5311712 0.5351239 0.5337831 0.5351239 0.5341614 0.5339584 0.5322284 0.5234733 0.5359649 0.5342901 0.5346692 0.5346692 0.5340081 0.5320099 0.0136252 0.0132104 0.0136158 0.0000029 0.0000000 0.0150650 0.0113768 0.0137278 0.0073725 0.0122658 0.0012775 0.0102627 0.0021215 0.0008400 0.0020956 0.0129876 0.0012559 0.0021241 0.5389118 0.5316113 0.5370177 0.5370177 0.5356197 0.5366180 0.5352109 0.1010470 0.5367310 0.5350188 0.5328136 0.0021098 0.5306482 0.5313846 0.5309640 0.5309640 0.5375773 0.5375773 0.5359418 0.5340081 0.0020987 0.0020987 0.0016761 0.0025358 0.0012627 0.0042533 0.0012554 0.0029440 0.0033807 0.0029440 0.0012619 0.0025325 0.0029722 0.0021105 0.0016876 0.0033687 0.0016772 0.0025199 0.0025199 0.0021018 0.0034000 0.0033807 0.0033988 0.0029548 0.0029564 0.0016835 0.0012546 0.0029481 0.0038149 0.0038149 0.0020979 0.0038354 0.0038208 0.0042448 0.0021153 0.0016773 0.0021110 0.0020955 0.5352779 1.1736541 
HSV2_6                                  0.5404056 0.5439716 0.5390379 0.5383562 0.5383562 0.5372986 0.5358974 0.5399244 0.5407532 0.5399244 0.5404056 0.5387116 0.5383738 0.5267974 0.5395787 0.5390379 0.5420318 0.5420318 0.5413525 0.5413872 0.0035222 0.0030803 0.0035197 0.0141335 0.0150650 0.0000000 0.0035327 0.0017468 0.0026527 0.0026363 0.0012931 0.0040593 0.0166054 0.0141310 0.0136494 0.0031263 0.0155554 0.0132400 0.5464710 0.5352966 0.5445030 0.5445030 0.5430411 0.5440785 0.5426073 0.1051722 0.5441863 0.5423819 0.5389909 0.0156522 0.5367223 0.5386537 0.5370563 0.5370563 0.5451057 0.5451057 0.5433831 0.5413525 0.0155618 0.0155618 0.0141103 0.0151616 0.0156420 0.0170938 0.0155436 0.0145872 0.0160642 0.0174631 0.0165889 0.0170595 0.0156875 0.0166174 0.0170977 0.0160129 0.0141204 0.0150526 0.0150526 0.0146040 0.0161577 0.0160642 0.0161577 0.0165376 0.0155967 0.0170450 0.0155325 0.0150746 0.0156130 0.0156130 0.0145911 0.0157037 0.0151187 0.0156230 0.0147136 0.0150834 0.0156618 0.0155361 0.5426760 1.2010432 
HSV2_7                                  0.5535976 0.5560234 0.5537079 0.5516673 0.5516673 0.5508349 0.5494900 0.5546114 0.5539405 0.5546114 0.5535976 0.5534485 0.5504670 0.5404802 0.5554162 0.5537079 0.5540439 0.5540439 0.5534109 0.5534359 0.0004198 0.0064467 0.0025508 0.0107422 0.0113768 0.0035327 0.0000000 0.0025719 0.0004250 0.0020837 0.0000029 0.0017439 0.0182654 0.0108475 0.0107854 0.0004312 0.0125963 0.0105486 0.5585864 0.5498203 0.5552781 0.5544875 0.5538777 0.5560215 0.5546102 0.1038783 0.5561085 0.5543560 0.5510701 0.0128121 0.5488798 0.5497318 0.5492085 0.5492085 0.5572425 0.5572425 0.5542126 0.5534109 0.0127434 0.0127434 0.0114093 0.0123618 0.0128071 0.0141437 0.0131761 0.0131610 0.0132042 0.0144983 0.0136791 0.0141163 0.0128405 0.0137010 0.0141448 0.0131634 0.0114168 0.0122792 0.0122792 0.0118737 0.0132756 0.0132042 0.0132756 0.0145398 0.0127715 0.0136611 0.0127210 0.0127416 0.0132417 0.0132417 0.0118515 0.0133135 0.0132670 0.0136926 0.0119592 0.0118635 0.0128194 0.0127238 0.5546739 1.1915322 
HSV2_8                                  0.5386841 0.5422552 0.5388107 0.5366813 0.5366813 0.5370201 0.5356515 0.5396761 0.5390218 0.5396761 0.5386841 0.5384903 0.5367071 0.5267620 0.5405224 0.5388107 0.5391861 0.5391861 0.5385201 0.5385558 0.0034323 0.0030039 0.0025648 0.0141210 0.0137278 0.0017468 0.0025719 0.0000000 0.0021475 0.0025690 0.0012917 0.0039656 0.0151991 0.0128237 0.0123589 0.0021795 0.0142006 0.0124073 0.5435069 0.5337079 0.5415862 0.5415862 0.5401629 0.5411754 0.5397429 0.1031571 0.5412839 0.5395326 0.5373071 0.0142865 0.5350975 0.5358756 0.5354221 0.5354221 0.5421663 0.5421663 0.5404940 0.5385201 0.0142064 0.0142064 0.0128055 0.0133442 0.0142774 0.0151672 0.0141903 0.0132662 0.0141836 0.0160451 0.0151936 0.0151371 0.0138100 0.0152189 0.0156836 0.0146445 0.0128144 0.0137169 0.0137169 0.0132956 0.0142634 0.0141836 0.0142634 0.0151515 0.0137328 0.0156376 0.0141804 0.0142043 0.0142550 0.0142550 0.0132697 0.0143356 0.0137745 0.0147320 0.0133811 0.0137441 0.0142950 0.0141836 0.5398103 1.1919014 
HSV2_9                                  0.5254934 0.5290404 0.5256309 0.5234776 0.5234776 0.5238186 0.5224662 0.5264393 0.5258175 0.5264393 0.5254934 0.5252645 0.5235689 0.5137191 0.5273019 0.5256309 0.5260327 0.5260327 0.5253547 0.5253987 0.0004245 0.0012801 0.0021335 0.0063339 0.0073725 0.0026527 0.0004250 0.0021475 0.0000000 0.0008509 0.0000021 0.0008699 0.0087552 0.0064954 0.0060512 0.0008670 0.0073768 0.0065123 0.5302931 0.5229625 0.5283751 0.5283751 0.5269703 0.5279808 0.5265667 0.0979437 0.5281064 0.5264015 0.5241488 0.0078691 0.5219830 0.5226675 0.5222945 0.5222945 0.5289181 0.5289181 0.5272881 0.5253547 0.0078259 0.0078259 0.0064864 0.0069688 0.0078641 0.0087388 0.0078171 0.0078135 0.0078135 0.0096035 0.0087521 0.0087203 0.0074157 0.0087664 0.0092165 0.0082574 0.0064908 0.0073668 0.0073668 0.0069440 0.0078566 0.0078135 0.0078566 0.0087315 0.0073751 0.0091915 0.0078118 0.0078248 0.0083018 0.0083018 0.0069307 0.0083478 0.0083180 0.0087548 0.0069902 0.0073811 0.0078737 0.0078135 0.5266354 1.1671296 
HSV2_10                                 0.5452140 0.5483834 0.5436504 0.5432581 0.5432581 0.5419066 0.5405622 0.5445176 0.5455514 0.5445176 0.5452140 0.5433548 0.5429177 0.5315853 0.5453397 0.5436504 0.5453513 0.5453513 0.5447052 0.5447361 0.0012623 0.0042638 0.0025472 0.0129299 0.0122658 0.0026363 0.0020837 0.0025690 0.0008509 0.0000000 0.0000023 0.0017398 0.0192692 0.0117285 0.0112193 0.0017307 0.0130337 0.0105284 0.5499499 0.5420132 0.5474537 0.5474537 0.5460531 0.5476565 0.5462444 0.1022855 0.5477556 0.5460161 0.5432438 0.0134537 0.5413311 0.5421374 0.5416550 0.5416550 0.5480375 0.5480375 0.5463829 0.5447052 0.0133804 0.0133804 0.0120216 0.0129949 0.0139031 0.0148085 0.0138205 0.0133595 0.0138500 0.0151661 0.0143354 0.0147796 0.0134836 0.0143586 0.0148101 0.0138070 0.0120297 0.0129068 0.0129068 0.0124957 0.0139261 0.0138500 0.0139261 0.0147515 0.0134100 0.0143157 0.0133566 0.0133785 0.0134313 0.0134313 0.0124719 0.0135053 0.0134652 0.0134395 0.0125798 0.0124848 0.0134615 0.0133595 0.5463097 1.1794556 
HSV2_11                                 0.4421628 0.4406276 0.4445935 0.4421628 0.4421628 0.4532433 0.4457040 0.4385652 0.4421628 0.4385652 0.4421628 0.4385652 0.4525237 0.4426404 0.4385652 0.4445935 0.4451328 0.4451328 0.4425494 0.4451328 0.0000022 0.0000022 0.0000022 0.0016471 0.0012775 0.0012931 0.0000029 0.0012917 0.0000021 0.0000023 0.0000000 0.0000028 0.0025682 0.0000022 0.0000022 0.0012880 0.0025628 0.0000022 0.4448419 0.4494311 0.4459110 0.4459110 0.4459110 0.4416009 0.4479200 0.0763441 0.4476607 0.4444210 0.4501031 0.0012816 0.4494311 0.4459110 0.4494311 0.4494311 0.4459110 0.4459110 0.4497057 0.4425494 0.0012816 0.0012816 0.0000022 0.0000022 0.0012775 0.0012777 0.0012775 0.0000022 0.0012777 0.0025683 0.0025682 0.0012775 0.0000022 0.0012775 0.0012775 0.0012775 0.0000022 0.0000022 0.0000022 0.0000022 0.0012777 0.0012777 0.0012777 0.0012775 0.0000022 0.0012775 0.0000022 0.0012802 0.0000022 0.0000022 0.0000022 0.0000022 0.0012816 0.0000022 0.0000022 0.0000022 0.0012838 0.0012783 0.4417036 1.0255149 
HSV2_12                                 0.5204152 0.5212237 0.5183632 0.5206856 0.5206856 0.5187624 0.5173988 0.5195316 0.5207381 0.5195316 0.5204152 0.5183518 0.5204177 0.5090884 0.5183276 0.5183632 0.5201470 0.5201470 0.5183552 0.5195022 0.0013029 0.0026193 0.0039370 0.0117585 0.0102627 0.0040593 0.0017439 0.0039656 0.0008699 0.0017398 0.0000028 0.0000000 0.0112507 0.0093559 0.0084394 0.0026327 0.0107322 0.0084494 0.5230224 0.5198088 0.5210803 0.5210803 0.5210803 0.5221043 0.5206783 0.0997865 0.5203017 0.5191248 0.5195889 0.0107976 0.5188127 0.5167087 0.5191259 0.5191259 0.5210803 0.5210803 0.5213965 0.5183552 0.0107366 0.0107366 0.0088878 0.0098602 0.0103248 0.0116900 0.0107243 0.0107192 0.0107192 0.0125778 0.0112466 0.0116655 0.0103247 0.0112576 0.0117306 0.0111799 0.0093491 0.0097979 0.0097979 0.0093672 0.0107800 0.0107192 0.0107800 0.0116739 0.0102665 0.0112328 0.0102590 0.0107350 0.0103303 0.0103303 0.0098047 0.0103892 0.0098942 0.0103368 0.0098854 0.0098156 0.0108042 0.0102613 0.5207485 1.1412397 
HSV2_13                                 0.5429571 0.5441211 0.5430773 0.5410009 0.5410009 0.5413313 0.5399865 0.5439423 0.5425730 0.5439423 0.5429571 0.5427792 0.5410048 0.5312366 0.5447663 0.5430773 0.5434366 0.5434366 0.5427886 0.5434366 0.0151156 0.0188167 0.0150894 0.0010293 0.0021215 0.0166054 0.0182654 0.0151991 0.0087552 0.0192692 0.0025682 0.0112507 0.0000000 0.0025506 0.0072763 0.0144691 0.0064210 0.0034296 0.5479618 0.5403735 0.5458045 0.5450060 0.5444054 0.5453972 0.5439891 0.1080199 0.5454986 0.5437690 0.5426680 0.0112160 0.5394213 0.5419996 0.5397434 0.5397434 0.5477480 0.5477480 0.5447337 0.5427886 0.0112160 0.0112160 0.0098796 0.0112116 0.0103247 0.0130314 0.0103196 0.0120950 0.0130314 0.0112096 0.0081153 0.0112402 0.0125909 0.0112197 0.0090137 0.0116540 0.0107700 0.0112014 0.0112014 0.0099032 0.0130314 0.0130314 0.0130314 0.0112370 0.0125909 0.0099205 0.0089932 0.0121151 0.0130377 0.0130377 0.0112116 0.0130377 0.0125458 0.0134957 0.0107830 0.0112130 0.0112226 0.0107546 0.5440546 1.1808480 
HSV2_14                                 0.5371635 0.5383341 0.5372897 0.5351843 0.5351843 0.5355189 0.5341691 0.5381378 0.5367819 0.5381378 0.5371635 0.5369686 0.5352168 0.5251790 0.5389756 0.5372897 0.5376635 0.5376635 0.5370044 0.5370406 0.0126601 0.0123115 0.0127187 0.0010273 0.0008400 0.0141310 0.0108475 0.0128237 0.0064954 0.0117285 0.0000022 0.0093559 0.0025506 0.0000000 0.0012533 0.0120738 0.0012535 0.0012718 0.5419240 0.5345927 0.5400273 0.5400273 0.5386238 0.5396234 0.5382108 0.1008063 0.5397331 0.5380085 0.5358071 0.0008398 0.5336297 0.5343883 0.5339488 0.5339488 0.5405959 0.5405959 0.5389492 0.5370044 0.0008346 0.0008346 0.0008344 0.0012613 0.0008392 0.0029617 0.0008337 0.0016734 0.0021019 0.0025158 0.0021050 0.0021042 0.0016895 0.0016838 0.0025336 0.0020943 0.0004168 0.0016741 0.0016741 0.0012570 0.0021131 0.0021019 0.0021131 0.0025250 0.0016805 0.0029517 0.0012530 0.0016758 0.0025297 0.0025297 0.0008343 0.0025432 0.0025336 0.0029555 0.0008419 0.0008345 0.0008402 0.0012532 0.5382776 1.1719949 
HSV2_15                                 0.5519609 0.5531102 0.5520715 0.5500478 0.5500478 0.5503703 0.5478943 0.5529594 0.5515746 0.5529594 0.5519609 0.5518098 0.5500080 0.5413480 0.5526100 0.5520715 0.5524075 0.5524075 0.5528339 0.5498658 0.0122012 0.0118330 0.0122576 0.0010273 0.0020956 0.0136494 0.0107854 0.0123589 0.0060512 0.0112193 0.0000022 0.0084394 0.0072763 0.0012533 0.0000000 0.0116052 0.0028630 0.0025523 0.5566226 0.5504187 0.5547722 0.5547722 0.5533853 0.5543612 0.5529656 0.1026150 0.5544500 0.5527195 0.5516592 0.0028761 0.5484362 0.5492776 0.5498134 0.5498134 0.5553662 0.5553662 0.5537167 0.5528339 0.0028613 0.0028613 0.0016280 0.0032912 0.0028744 0.0045469 0.0028582 0.0036840 0.0036972 0.0045130 0.0024589 0.0037012 0.0033017 0.0037071 0.0032921 0.0040981 0.0024491 0.0020371 0.0020371 0.0016316 0.0037177 0.0036972 0.0037164 0.0045292 0.0032846 0.0036985 0.0016266 0.0036897 0.0041216 0.0041216 0.0028602 0.0041432 0.0045462 0.0045394 0.0028842 0.0024488 0.0028777 0.0016269 0.5530288 1.1829694 
HSV2_16                                 0.5300661 0.5320518 0.5277828 0.5280362 0.5280362 0.5270083 0.5256399 0.5280608 0.5303980 0.5280608 0.5300661 0.5268757 0.5286506 0.5172938 0.5277438 0.5277828 0.5295527 0.5295527 0.5288706 0.5289129 0.0012951 0.0021669 0.0021612 0.0141106 0.0129876 0.0031263 0.0004312 0.0021795 0.0008670 0.0017307 0.0012880 0.0026327 0.0144691 0.0120738 0.0116052 0.0000000 0.0134643 0.0111666 0.5338755 0.5280258 0.5319361 0.5319361 0.5305111 0.5315330 0.5300986 0.1021892 0.5311017 0.5299195 0.5292453 0.0135517 0.5270366 0.5261660 0.5273569 0.5273569 0.5319361 0.5319361 0.5308358 0.5288706 0.0134748 0.0134748 0.0120609 0.0126006 0.0135429 0.0149617 0.0134593 0.0129905 0.0139636 0.0153330 0.0144691 0.0149314 0.0135829 0.0144935 0.0149634 0.0139185 0.0120693 0.0129818 0.0129818 0.0125539 0.0140434 0.0139636 0.0140434 0.0144251 0.0135058 0.0144489 0.0134499 0.0134728 0.0135182 0.0135182 0.0125289 0.0135956 0.0130845 0.0135268 0.0126328 0.0125425 0.0135598 0.0134529 0.5301677 1.1632688 
HSV2_17                                 0.5518551 0.5530058 0.5519659 0.5499395 0.5499395 0.5502625 0.5477836 0.5528545 0.5514684 0.5528545 0.5518551 0.5517035 0.5499002 0.5412304 0.5525048 0.5519659 0.5523025 0.5523025 0.5527293 0.5497574 0.0140198 0.0136798 0.0140849 0.0010267 0.0012559 0.0155554 0.0125963 0.0142006 0.0073768 0.0130337 0.0025628 0.0107322 0.0064210 0.0012535 0.0028630 0.0134643 0.0000000 0.0025527 0.5565224 0.5503117 0.5546697 0.5546697 0.5532812 0.5542583 0.5528611 0.1014729 0.5543474 0.5526151 0.5515532 0.0020530 0.5483267 0.5491684 0.5497054 0.5497054 0.5552641 0.5552641 0.5536129 0.5527293 0.0020415 0.0020415 0.0020409 0.0024668 0.0012278 0.0045547 0.0012211 0.0036900 0.0037032 0.0028641 0.0028785 0.0028772 0.0033071 0.0020536 0.0028839 0.0032771 0.0016312 0.0032779 0.0032779 0.0028713 0.0037238 0.0037032 0.0037226 0.0028743 0.0032900 0.0032913 0.0028623 0.0028680 0.0041270 0.0041270 0.0020408 0.0041486 0.0037160 0.0045459 0.0020582 0.0024528 0.0020542 0.0028629 0.5529244 1.1803437 
HSV2_18                                 0.5279443 0.5291218 0.5255569 0.5259345 0.5259345 0.5234282 0.5220807 0.5263623 0.5275680 0.5263623 0.5279443 0.5251906 0.5256910 0.5136772 0.5272225 0.5255569 0.5284758 0.5284758 0.5274764 0.5278435 0.0123460 0.0114338 0.0118631 0.0031085 0.0021241 0.0132400 0.0105486 0.0124073 0.0065123 0.0105284 0.0000022 0.0084494 0.0034296 0.0012718 0.0025523 0.0111666 0.0025527 0.0000000 0.5327399 0.5254028 0.5308248 0.5308248 0.5294190 0.5304280 0.5286870 0.0984348 0.5305503 0.5288398 0.5262726 0.0021378 0.5241055 0.5251266 0.5244182 0.5244182 0.5313736 0.5313736 0.5297386 0.5274764 0.0021264 0.0021264 0.0012713 0.0012780 0.0021365 0.0038593 0.0021241 0.0029820 0.0029820 0.0034121 0.0034296 0.0029853 0.0025682 0.0030007 0.0038699 0.0025508 0.0008466 0.0021232 0.0021232 0.0017005 0.0029979 0.0029820 0.0029979 0.0025577 0.0025545 0.0034274 0.0025516 0.0016991 0.0017037 0.0017037 0.0012712 0.0017129 0.0017078 0.0017048 0.0008531 0.0012726 0.0021391 0.0025522 0.5290814 1.1641534 
JN400093_Human_herpesvirus_1            0.0135819 0.0118664 0.0118444 0.0136123 0.0136123 0.0157997 0.0153248 0.0122843 0.0140163 0.0122843 0.0135819 0.0127147 0.0157142 0.0183624 0.0127193 0.0118444 0.0064156 0.0064156 0.0080912 0.0064409 0.5389652 0.5390411 0.5409019 0.5001620 0.5389118 0.5464710 0.5585864 0.5435069 0.5302931 0.5499499 0.4448419 0.5230224 0.5479618 0.5419240 0.5566226 0.5338755 0.5565224 0.5327399 0.0000000 0.0161829 0.0059970 0.0059970 0.0064186 0.0019773 0.0084850 0.5524459 0.0072641 0.0068358 0.0152561 0.5700100 0.0157026 0.0072697 0.0165725 0.0165725 0.0064213 0.0064213 0.0072534 0.0080912 0.5730745 0.5730745 0.5720595 0.5699800 0.5694941 0.5768331 0.5709435 0.5734980 0.5756339 0.5729431 0.5693315 0.5740922 0.5716325 0.5661773 0.5734086 0.5739715 0.5719063 0.5731717 0.5731717 0.5711270 0.5717055 0.5756339 0.5725721 0.5718398 0.5746979 0.5745043 0.5740237 0.5733322 0.5714129 0.5714129 0.5729387 0.5683355 0.5686169 0.5756176 0.5712143 0.5709916 0.5704750 0.5742134 0.0039792 1.1524973 
