29
HM585496_Human_herpesvirus_1 0.0000000 0.0110676 0.0141124 0.0003985 0.0003986 0.0127391 0.0122111 0.0144847 0.0003971 0.0144833 0.0003983 0.0146157 0.0193940 0.0161898 0.0139692 1.2345337 1.2360504 1.2405955 1.2450272 1.2429147 1.2345238 1.2336612 1.2328822 1.2345678 1.2335830 1.2462823 1.2356557 1.2384939 1.2422038 
HM585497_Human_herpesvirus_1 0.0110676 0.0000000 0.0102902 0.0111117 0.0111117 0.0100104 0.0123722 0.0081704 0.0110732 0.0081704 0.0113416 0.0082882 0.0215378 0.0068810 0.0100407 1.2282478 1.2297049 1.2343383 1.2387066 1.2364296 1.2282487 1.2273186 1.2258070 1.2267797 1.2272374 1.2393630 1.2277886 1.2321458 1.2364548 
HM585498_Human_herpesvirus_1 0.0141124 0.0102902 0.0000000 0.0141696 0.0141709 0.0097446 0.0085786 0.0097422 0.0141214 0.0097413 0.0144087 0.0098633 0.0212702 0.0094711 0.0000993 1.2321676 1.2347401 1.2401467 1.2436119 1.2391161 1.2347896 1.2338181 1.2316777 1.2341522 1.2323163 1.2443850 1.2330165 1.2378981 1.2400716 
HM585499_Human_herpesvirus_1 0.0003985 0.0111117 0.0141696 0.0000000 0.0000010 0.0127899 0.0122602 0.0145343 0.0003987 0.0145329 0.0001983 0.0146657 0.0194746 0.0165113 0.0140257 1.2332136 1.2347322 1.2392836 1.2437176 1.2416011 1.2332059 1.2323426 1.2315632 1.2332470 1.2322638 1.2449744 1.2343348 1.2371761 1.2408906 
HM585500_Human_herpesvirus_1 0.0003986 0.0111117 0.0141709 0.0000010 0.0000000 0.0127914 0.0122602 0.0145343 0.0003987 0.0145343 0.0001983 0.0146671 0.0194765 0.0165113 0.0140257 1.2333579 1.2348765 1.2394278 1.2438622 1.2417458 1.2333499 1.2324866 1.2317071 1.2333914 1.2324079 1.2451189 1.2344793 1.2373206 1.2410351 
HM585501_Human_herpesvirus_1 0.0127391 0.0100104 0.0097446 0.0127899 0.0127914 0.0000000 0.0045556 0.0093471 0.0127470 0.0093463 0.0130256 0.0094669 0.0194835 0.0056536 0.0096160 1.2262676 1.2277269 1.2316534 1.2360230 1.2338037 1.2262720 1.2253416 1.2238720 1.2268810 1.2252594 1.2366817 1.2258078 1.2293735 1.2338294 
HM585502_Human_herpesvirus_1 0.0122111 0.0123722 0.0085786 0.0122602 0.0122602 0.0045556 0.0000000 0.0116075 0.0122175 0.0116075 0.0124939 0.0117331 0.0197214 0.0087938 0.0084506 1.2304286 1.2312116 1.2357979 1.2401676 1.2372211 1.2304257 1.2281732 1.2266811 1.2303080 1.2294153 1.2400898 1.2286234 1.2335321 1.2372462 
HM585503_Human_herpesvirus_1 0.0144847 0.0081704 0.0097422 0.0145343 0.0145343 0.0093471 0.0116075 0.0000000 0.0144926 0.0000010 0.0147833 0.0000992 0.0220721 0.0056828 0.0096111 1.2338773 1.2353302 1.2399511 1.2430012 1.2420539 1.2338684 1.2329379 1.2314231 1.2344317 1.2328593 1.2449747 1.2334195 1.2369803 1.2420781 
HM585504_Human_herpesvirus_1 0.0003971 0.0110732 0.0141214 0.0003987 0.0003987 0.0127470 0.0122175 0.0144926 0.0000000 0.0144926 0.0005983 0.0146251 0.0194058 0.0164534 0.0139767 1.2353136 1.2368288 1.2413689 1.2457981 1.2436885 1.2353023 1.2344403 1.2336618 1.2353480 1.2343626 1.2470518 1.2364358 1.2392714 1.2429775 
HM585505_Human_herpesvirus_1 0.0144833 0.0081704 0.0097413 0.0145329 0.0145343 0.0093463 0.0116075 0.0000010 0.0144926 0.0000000 0.0147819 0.0000992 0.0220699 0.0056828 0.0096111 1.2337328 1.2351858 1.2398067 1.2428566 1.2419091 1.2337242 1.2327938 1.2312791 1.2342871 1.2327151 1.2448301 1.2332750 1.2368357 1.2419333 
HM585506_Human_herpesvirus_1 0.0003983 0.0113416 0.0144087 0.0001983 0.0001983 0.0130256 0.0124939 0.0147833 0.0005983 0.0147819 0.0000000 0.0149152 0.0197271 0.0165007 0.0142642 1.2324026 1.2339207 1.2384708 1.2429012 1.2407847 1.2323964 1.2315336 1.2307548 1.2324357 1.2314545 1.2441576 1.2335221 1.2363620 1.2400752 
HM585507_Human_herpesvirus_1 0.0146157 0.0082882 0.0098633 0.0146657 0.0146671 0.0094669 0.0117331 0.0000992 0.0146251 0.0000992 0.0149152 0.0000000 0.0219185 0.0057951 0.0097326 1.2330588 1.2345124 1.2391354 1.2421856 1.2412367 1.2330514 1.2321208 1.2306064 1.2336128 1.2320419 1.2441595 1.2326008 1.2361621 1.2412610 
HM585509_Human_herpesvirus_1 0.0193940 0.0215378 0.0212702 0.0194746 0.0194765 0.0194835 0.0197214 0.0220721 0.0194058 0.0220699 0.0197271 0.0219185 0.0000000 0.0235860 0.0208389 1.2431129 1.2444845 1.2488926 1.2528176 1.2504624 1.2424380 1.2402265 1.2414947 1.2419053 1.2414191 1.2548619 1.2421325 1.2434836 1.2493486 
HM585510_Human_herpesvirus_1 0.0161898 0.0068810 0.0094711 0.0165113 0.0165113 0.0056536 0.0087938 0.0056828 0.0164534 0.0056828 0.0165007 0.0057951 0.0235860 0.0000000 0.0093399 1.2391416 1.2422974 1.2467227 1.2505046 1.2460441 1.2417596 1.2401981 1.2386971 1.2410792 1.2392326 1.2506239 1.2378253 1.2442132 1.2476794 
HM585511_Human_herpesvirus_1 0.0139692 0.0100407 0.0000993 0.0140257 0.0140257 0.0096160 0.0084506 0.0096111 0.0139767 0.0096111 0.0142642 0.0097326 0.0208389 0.0093399 0.0000000 1.2309277 1.2335030 1.2389152 1.2423827 1.2378830 1.2335527 1.2325808 1.2304397 1.2329128 1.2310783 1.2431570 1.2317767 1.2366612 1.2388393 
KR135299_Human_herpesvirus_2 1.2345337 1.2282478 1.2321676 1.2332136 1.2333579 1.2262676 1.2304286 1.2338773 1.2353136 1.2337328 1.2324026 1.2330588 1.2431129 1.2391416 1.2309277 0.0000000 0.0034657 0.0019203 0.0060990 0.0045006 0.0029157 0.0043610 0.0031372 0.0043999 0.0036901 0.0040339 0.0046091 0.0035825 0.0033676 
KR135300_Human_herpesvirus_2 1.2360504 1.2297049 1.2347401 1.2347322 1.2348765 1.2277269 1.2312116 1.2353302 1.2368288 1.2351858 1.2339207 1.2345124 1.2444845 1.2422974 1.2335030 0.0034657 0.0000000 0.0038933 0.0043566 0.0030139 0.0025600 0.0044849 0.0015826 0.0033487 0.0010495 0.0013716 0.0018021 0.0028905 0.0029035 
KR135301_Human_herpesvirus_2 1.2405955 1.2343383 1.2401467 1.2392836 1.2394278 1.2316534 1.2357979 1.2399511 1.2413689 1.2398067 1.2384708 1.2391354 1.2488926 1.2467227 1.2389152 0.0019203 0.0038933 0.0000000 0.0063993 0.0050380 0.0030055 0.0047131 0.0033413 0.0039102 0.0034413 0.0038883 0.0047082 0.0034482 0.0038970 
KR135302_Human_herpesvirus_2 1.2450272 1.2387066 1.2436119 1.2437176 1.2438622 1.2360230 1.2401676 1.2430012 1.2457981 1.2428566 1.2429012 1.2421856 1.2528176 1.2505046 1.2423827 0.0060990 0.0043566 0.0063993 0.0000000 0.0062106 0.0057263 0.0065367 0.0051674 0.0061176 0.0045863 0.0049115 0.0059975 0.0058449 0.0051388 
KR135303_Human_herpesvirus_2 1.2429147 1.2364296 1.2391161 1.2416011 1.2417458 1.2338037 1.2372211 1.2420539 1.2436885 1.2419091 1.2407847 1.2412367 1.2504624 1.2460441 1.2378830 0.0045006 0.0030139 0.0050380 0.0062106 0.0000000 0.0042513 0.0065123 0.0033514 0.0029005 0.0032384 0.0030021 0.0025711 0.0052913 0.0022299 
KR135304_Human_herpesvirus_2 1.2345238 1.2282487 1.2347896 1.2332059 1.2333499 1.2262720 1.2304257 1.2338684 1.2353023 1.2337242 1.2323964 1.2330514 1.2424380 1.2417596 1.2335527 0.0029157 0.0025600 0.0030055 0.0057263 0.0042513 0.0000000 0.0038119 0.0014794 0.0032401 0.0026712 0.0033512 0.0035775 0.0032222 0.0035752 
KR135305_Human_herpesvirus_2 1.2336612 1.2273186 1.2338181 1.2323426 1.2324866 1.2253416 1.2281732 1.2329379 1.2344403 1.2327938 1.2315336 1.2321208 1.2402265 1.2401981 1.2325808 0.0043610 0.0044849 0.0047131 0.0065367 0.0065123 0.0038119 0.0000000 0.0038124 0.0057031 0.0044839 0.0049665 0.0057851 0.0045966 0.0054523 
KR135306_Human_herpesvirus_2 1.2328822 1.2258070 1.2316777 1.2315632 1.2317071 1.2238720 1.2266811 1.2314231 1.2336618 1.2312791 1.2307548 1.2306064 1.2414947 1.2386971 1.2304397 0.0031372 0.0015826 0.0033413 0.0051674 0.0033514 0.0014794 0.0038124 0.0000000 0.0032421 0.0017986 0.0023479 0.0022362 0.0022359 0.0032433 
KR135307_Human_herpesvirus_2 1.2345678 1.2267797 1.2341522 1.2332470 1.2333914 1.2268810 1.2303080 1.2344317 1.2353480 1.2342871 1.2324357 1.2336128 1.2419053 1.2410792 1.2329128 0.0043999 0.0033487 0.0039102 0.0061176 0.0029005 0.0032401 0.0057031 0.0032421 0.0000000 0.0032330 0.0039308 0.0036927 0.0047231 0.0009468 
KR135315_Human_herpesvirus_2 1.2335830 1.2272374 1.2323163 1.2322638 1.2324079 1.2252594 1.2294153 1.2328593 1.2343626 1.2327151 1.2314545 1.2320419 1.2414191 1.2392326 1.2310783 0.0036901 0.0010495 0.0034413 0.0045863 0.0032384 0.0026712 0.0044839 0.0017986 0.0032330 0.0000000 0.0020163 0.0022346 0.0033314 0.0025734 
KR135316_Human_herpesvirus_2 1.2462823 1.2393630 1.2443850 1.2449744 1.2451189 1.2366817 1.2400898 1.2449747 1.2470518 1.2448301 1.2441576 1.2441595 1.2548619 1.2506239 1.2431570 0.0040339 0.0013716 0.0038883 0.0049115 0.0030021 0.0033512 0.0049665 0.0023479 0.0039308 0.0020163 0.0000000 0.0019142 0.0034595 0.0034501 
KR135317_Human_herpesvirus_2 1.2356557 1.2277886 1.2330165 1.2343348 1.2344793 1.2258078 1.2286234 1.2334195 1.2364358 1.2332750 1.2335221 1.2326008 1.2421325 1.2378253 1.2317767 0.0046091 0.0018021 0.0047082 0.0059975 0.0025711 0.0035775 0.0057851 0.0022362 0.0036927 0.0022346 0.0019142 0.0000000 0.0040212 0.0031250 
KR135318_Human_herpesvirus_2 1.2384939 1.2321458 1.2378981 1.2371761 1.2373206 1.2293735 1.2335321 1.2369803 1.2392714 1.2368357 1.2363620 1.2361621 1.2434836 1.2442132 1.2366612 0.0035825 0.0028905 0.0034482 0.0058449 0.0052913 0.0032222 0.0045966 0.0022359 0.0047231 0.0033314 0.0034595 0.0040212 0.0000000 0.0049557 
KR135319_Human_herpesvirus_2 1.2422038 1.2364548 1.2400716 1.2408906 1.2410351 1.2338294 1.2372462 1.2420781 1.2429775 1.2419333 1.2400752 1.2412610 1.2493486 1.2476794 1.2388393 0.0033676 0.0029035 0.0038970 0.0051388 0.0022299 0.0035752 0.0054523 0.0032433 0.0009468 0.0025734 0.0034501 0.0031250 0.0049557 0.0000000 
