28
HM585496_Human_herpesvirus_1 0.0000000 0.0056445 0.0049398 0.0004929 0.0004929 0.0063152 0.0057464 0.0005921 0.0114613 0.0005921 0.0002948 0.0114712 0.0058451 0.0064364 0.4457962 0.4463014 0.4457922 0.4455537 0.4458529 0.4447667 0.4458560 0.4466520 0.4456064 0.4451431 0.4461094 0.4460869 0.4458925 0.4456064 
HM585497_Human_herpesvirus_1 0.0056445 0.0000000 0.0053846 0.0057636 0.0057636 0.0030635 0.0032892 0.0058766 0.0123298 0.0058766 0.0055319 0.0126044 0.0027529 0.0043650 0.4465750 0.4464122 0.4465710 0.4456639 0.4466318 0.4452586 0.4466352 0.4474320 0.4463852 0.4459213 0.4462200 0.4461976 0.4463857 0.4463852 
HM585498_Human_herpesvirus_1 0.0049398 0.0053846 0.0000000 0.0050558 0.0050558 0.0044770 0.0046013 0.0051667 0.0124942 0.0051667 0.0048293 0.0126372 0.0047053 0.0012979 0.4465705 0.4470762 0.4465665 0.4463281 0.4466273 0.4455407 0.4466307 0.4474269 0.4463809 0.4459173 0.4468843 0.4468618 0.4466669 0.4463809 
HM585499_Human_herpesvirus_1 0.0004929 0.0057636 0.0050558 0.0000000 0.0000010 0.0064364 0.0058657 0.0004934 0.0116028 0.0004934 0.0003939 0.0116129 0.0059644 0.0065582 0.4461441 0.4466496 0.4461401 0.4459016 0.4462008 0.4451144 0.4462041 0.4470003 0.4459544 0.4454908 0.4464576 0.4464351 0.4462405 0.4459544 
HM585500_Human_herpesvirus_1 0.0004929 0.0057636 0.0050558 0.0000010 0.0000000 0.0064364 0.0058657 0.0004934 0.0116028 0.0004934 0.0003939 0.0116129 0.0059644 0.0065582 0.4461441 0.4466496 0.4461401 0.4459016 0.4462008 0.4451144 0.4462041 0.4470003 0.4459544 0.4454908 0.4464576 0.4464351 0.4462405 0.4459544 
HM585501_Human_herpesvirus_1 0.0063152 0.0030635 0.0044770 0.0064364 0.0064364 0.0000000 0.0037081 0.0065507 0.0126793 0.0065507 0.0062013 0.0125603 0.0035962 0.0032726 0.4452719 0.4457768 0.4452680 0.4450293 0.4453286 0.4439568 0.4453315 0.4461275 0.4450821 0.4446189 0.4455847 0.4455623 0.4450824 0.4450821 
HM585502_Human_herpesvirus_1 0.0057464 0.0032892 0.0046013 0.0058657 0.0058657 0.0037081 0.0000000 0.0059787 0.0117812 0.0059787 0.0056337 0.0121827 0.0021143 0.0033893 0.4446714 0.4451761 0.4446675 0.4444288 0.4447281 0.4436423 0.4447308 0.4455267 0.4444815 0.4440185 0.4449838 0.4449614 0.4447677 0.4444815 
HM585503_Human_herpesvirus_1 0.0005921 0.0058766 0.0051667 0.0004934 0.0004934 0.0065507 0.0059787 0.0000000 0.0117309 0.0000010 0.0004929 0.0117413 0.0060774 0.0066728 0.4464387 0.4469444 0.4464347 0.4461963 0.4464955 0.4454089 0.4464988 0.4472950 0.4462490 0.4457854 0.4467524 0.4467299 0.4465351 0.4462490 
HM585504_Human_herpesvirus_1 0.0114613 0.0123298 0.0124942 0.0116028 0.0116028 0.0126793 0.0117812 0.0117309 0.0000000 0.0117309 0.0113333 0.0040216 0.0121374 0.0117042 0.4478736 0.4486638 0.4478696 0.4476313 0.4479305 0.4468431 0.4479343 0.4487309 0.4476842 0.4472200 0.4484721 0.4484495 0.4479701 0.4476842 
HM585505_Human_herpesvirus_1 0.0005921 0.0058766 0.0051667 0.0004934 0.0004934 0.0065507 0.0059787 0.0000010 0.0117309 0.0000000 0.0004929 0.0117413 0.0060774 0.0066728 0.4464387 0.4469444 0.4464347 0.4461963 0.4464955 0.4454089 0.4464988 0.4472950 0.4462490 0.4457854 0.4467524 0.4467299 0.4465351 0.4462490 
HM585506_Human_herpesvirus_1 0.0002948 0.0055319 0.0048293 0.0003939 0.0003939 0.0062013 0.0056337 0.0004929 0.0113333 0.0004929 0.0000000 0.0113431 0.0057324 0.0063221 0.4451396 0.4456444 0.4451356 0.4448970 0.4451962 0.4441104 0.4451991 0.4459950 0.4449497 0.4444866 0.4454522 0.4454298 0.4452358 0.4449497 
HM585509_Human_herpesvirus_1 0.0114712 0.0126044 0.0126372 0.0116129 0.0116129 0.0125603 0.0121827 0.0117413 0.0040216 0.0117413 0.0113431 0.0000000 0.0120201 0.0118441 0.4496604 0.4504516 0.4496565 0.4494184 0.4497176 0.4486291 0.4497219 0.4505191 0.4494713 0.4490064 0.4502602 0.4502375 0.4497572 0.4494713 
HM585510_Human_herpesvirus_1 0.0058451 0.0027529 0.0047053 0.0059644 0.0059644 0.0035962 0.0021143 0.0060774 0.0121374 0.0060774 0.0057324 0.0120201 0.0000000 0.0037054 0.4448642 0.4447007 0.4448603 0.4439540 0.4449208 0.4438354 0.4449236 0.4457192 0.4446743 0.4442114 0.4445085 0.4444861 0.4449604 0.4446743 
HM585511_Human_herpesvirus_1 0.0064364 0.0043650 0.0012979 0.0065582 0.0065582 0.0032726 0.0033893 0.0066728 0.0117042 0.0066728 0.0063221 0.0118441 0.0037054 0.0000000 0.4446696 0.4451742 0.4446657 0.4444269 0.4447262 0.4436404 0.4447290 0.4455249 0.4444796 0.4440166 0.4449820 0.4449595 0.4447658 0.4444796 
KR135299_Human_herpesvirus_2 0.4457962 0.4465750 0.4465705 0.4461441 0.4461441 0.4452719 0.4446714 0.4464387 0.4478736 0.4464387 0.4451396 0.4496604 0.4448642 0.4446696 0.0000000 0.0013128 0.0004995 0.0008020 0.0006005 0.0014221 0.0015347 0.0011165 0.0007011 0.0007009 0.0012107 0.0012107 0.0015258 0.0007011 
KR135300_Human_herpesvirus_2 0.4463014 0.4464122 0.4470762 0.4466496 0.4466496 0.4457768 0.4451761 0.4469444 0.4486638 0.4469444 0.4456444 0.4504516 0.4447007 0.4451742 0.0013128 0.0000000 0.0016212 0.0009040 0.0017256 0.0020468 0.0020593 0.0016337 0.0012108 0.0016213 0.0002992 0.0002992 0.0016287 0.0012108 
KR135301_Human_herpesvirus_2 0.4457922 0.4465710 0.4465665 0.4461401 0.4461401 0.4452680 0.4446675 0.4464347 0.4478696 0.4464347 0.4451356 0.4496565 0.4448603 0.4446657 0.0004995 0.0016212 0.0000000 0.0009033 0.0007013 0.0017327 0.0014307 0.0012193 0.0010050 0.0008019 0.0015186 0.0015186 0.0016293 0.0010050 
KR135302_Human_herpesvirus_2 0.4455537 0.4456639 0.4463281 0.4459016 0.4459016 0.4450293 0.4444288 0.4461963 0.4476313 0.4461963 0.4448970 0.4494184 0.4439540 0.4444269 0.0008020 0.0009040 0.0009033 0.0000000 0.0010054 0.0017330 0.0015349 0.0013237 0.0011080 0.0011077 0.0010057 0.0010057 0.0015260 0.0011080 
KR135303_Human_herpesvirus_2 0.4458529 0.4466318 0.4466273 0.4462008 0.4462008 0.4453286 0.4447281 0.4464955 0.4479305 0.4464955 0.4451962 0.4497176 0.4449208 0.4447262 0.0006005 0.0017256 0.0007013 0.0010054 0.0000000 0.0018376 0.0017441 0.0013242 0.0011084 0.0011081 0.0016225 0.0016225 0.0017339 0.0011084 
KR135304_Human_herpesvirus_2 0.4447667 0.4452586 0.4455407 0.4451144 0.4451144 0.4439568 0.4436423 0.4454089 0.4468431 0.4454089 0.4441104 0.4486291 0.4438354 0.4436404 0.0014221 0.0020468 0.0017327 0.0017330 0.0018376 0.0000000 0.0017334 0.0019386 0.0015258 0.0013190 0.0019427 0.0019427 0.0013132 0.0015258 
KR135305_Human_herpesvirus_2 0.4458560 0.4466352 0.4466307 0.4462041 0.4462041 0.4453315 0.4447308 0.4464988 0.4479343 0.4464988 0.4451991 0.4497219 0.4449236 0.4447290 0.0015347 0.0020593 0.0014307 0.0015349 0.0017441 0.0017334 0.0000000 0.0012147 0.0016392 0.0016388 0.0019545 0.0019545 0.0020489 0.0016392 
KR135306_Human_herpesvirus_2 0.4466520 0.4474320 0.4474269 0.4470003 0.4470003 0.4461275 0.4455267 0.4472950 0.4487309 0.4472950 0.4459950 0.4505191 0.4457192 0.4455249 0.0011165 0.0016337 0.0012193 0.0013237 0.0013242 0.0019386 0.0012147 0.0000000 0.0016348 0.0016343 0.0015302 0.0015302 0.0014190 0.0016348 
KR135307_Human_herpesvirus_2 0.4456064 0.4463852 0.4463809 0.4459544 0.4459544 0.4450821 0.4444815 0.4462490 0.4476842 0.4462490 0.4449497 0.4494713 0.4446743 0.4444796 0.0007011 0.0012108 0.0010050 0.0011080 0.0011084 0.0015258 0.0016392 0.0016348 0.0000000 0.0006002 0.0011088 0.0011086 0.0018375 0.0000010 
KR135315_Human_herpesvirus_2 0.4451431 0.4459213 0.4459173 0.4454908 0.4454908 0.4446189 0.4440185 0.4457854 0.4472200 0.4457854 0.4444866 0.4490064 0.4442114 0.4440166 0.0007009 0.0016213 0.0008019 0.0011077 0.0011081 0.0013190 0.0016388 0.0016343 0.0006002 0.0000000 0.0015185 0.0015185 0.0018369 0.0006002 
KR135316_Human_herpesvirus_2 0.4461094 0.4462200 0.4468843 0.4464576 0.4464576 0.4455847 0.4449838 0.4467524 0.4484721 0.4467524 0.4454522 0.4502602 0.4445085 0.4449820 0.0012107 0.0002992 0.0015186 0.0010057 0.0016225 0.0019427 0.0019545 0.0015302 0.0011088 0.0015185 0.0000000 0.0001992 0.0015255 0.0011088 
KR135317_Human_herpesvirus_2 0.4460869 0.4461976 0.4468618 0.4464351 0.4464351 0.4455623 0.4449614 0.4467299 0.4484495 0.4467299 0.4454298 0.4502375 0.4444861 0.4449595 0.0012107 0.0002992 0.0015186 0.0010057 0.0016225 0.0019427 0.0019545 0.0015302 0.0011086 0.0015185 0.0001992 0.0000000 0.0015255 0.0011086 
KR135318_Human_herpesvirus_2 0.4458925 0.4463857 0.4466669 0.4462405 0.4462405 0.4450824 0.4447677 0.4465351 0.4479701 0.4465351 0.4452358 0.4497572 0.4449604 0.4447658 0.0015258 0.0016287 0.0016293 0.0015260 0.0017339 0.0013132 0.0020489 0.0014190 0.0018375 0.0018369 0.0015255 0.0015255 0.0000000 0.0018375 
KR135319_Human_herpesvirus_2 0.4456064 0.4463852 0.4463809 0.4459544 0.4459544 0.4450821 0.4444815 0.4462490 0.4476842 0.4462490 0.4449497 0.4494713 0.4446743 0.4444796 0.0007011 0.0012108 0.0010050 0.0011080 0.0011084 0.0015258 0.0016392 0.0016348 0.0000010 0.0006002 0.0011088 0.0011086 0.0018375 0.0000000 
