27
HM585496_Human_herpesvirus_1 0.0000000 0.0024387 0.0056824 0.0003948 0.0003948 0.0065110 0.0054796 0.0002956 0.0065412 0.0002956 0.0088055 0.0067355 0.0056649 0.2919328 0.2900813 0.2916663 0.2895418 0.2905750 0.2917174 0.2907907 0.2914046 0.2911627 0.2908768 0.2895287 0.2892711 0.2918407 0.2911627 
HM585497_Human_herpesvirus_1 0.0024387 0.0000000 0.0050019 0.0022296 0.0022296 0.0058057 0.0045735 0.0021247 0.0070200 0.0021247 0.0090561 0.0055523 0.0049740 0.2927009 0.2908480 0.2924341 0.2903082 0.2913421 0.2924854 0.2915580 0.2921724 0.2919303 0.2916441 0.2902950 0.2900378 0.2926087 0.2919303 
HM585498_Human_herpesvirus_1 0.0056824 0.0050019 0.0000000 0.0054571 0.0054571 0.0068348 0.0040189 0.0053430 0.0084481 0.0053430 0.0098072 0.0046505 0.0000989 0.2952666 0.2934125 0.2949993 0.2928730 0.2939067 0.2950512 0.2941235 0.2947381 0.2944962 0.2942098 0.2928595 0.2926040 0.2951745 0.2944962 
HM585499_Human_herpesvirus_1 0.0003948 0.0022296 0.0054571 0.0000000 0.0000010 0.0062805 0.0052546 0.0000983 0.0063105 0.0000983 0.0085591 0.0065004 0.0054362 0.2919125 0.2900609 0.2916460 0.2895213 0.2905546 0.2916971 0.2907703 0.2913843 0.2911423 0.2908564 0.2895082 0.2892506 0.2918204 0.2911423 
HM585500_Human_herpesvirus_1 0.0003948 0.0022296 0.0054571 0.0000010 0.0000000 0.0062805 0.0052546 0.0000983 0.0063105 0.0000983 0.0085591 0.0065004 0.0054362 0.2919125 0.2900609 0.2916460 0.2895213 0.2905546 0.2916971 0.2907703 0.2913843 0.2911423 0.2908564 0.2895082 0.2892506 0.2918204 0.2911423 
HM585501_Human_herpesvirus_1 0.0065110 0.0058057 0.0068348 0.0062805 0.0062805 0.0000000 0.0054865 0.0061636 0.0079630 0.0061636 0.0096640 0.0059885 0.0068355 0.2896735 0.2878243 0.2894077 0.2872850 0.2883172 0.2897351 0.2885327 0.2891458 0.2889039 0.2886185 0.2872722 0.2870134 0.2895815 0.2889039 
HM585502_Human_herpesvirus_1 0.0054796 0.0045735 0.0040189 0.0052546 0.0052546 0.0054865 0.0000000 0.0051407 0.0082409 0.0051407 0.0098405 0.0046542 0.0039762 0.2944179 0.2925652 0.2941509 0.2920260 0.2930591 0.2942026 0.2932747 0.2938888 0.2936470 0.2933609 0.2920126 0.2917567 0.2943258 0.2936470 
HM585503_Human_herpesvirus_1 0.0002956 0.0021247 0.0053430 0.0000983 0.0000983 0.0061636 0.0051407 0.0000000 0.0061930 0.0000010 0.0084333 0.0063810 0.0053204 0.2916325 0.2897813 0.2913661 0.2892418 0.2902749 0.2914171 0.2904906 0.2911044 0.2908624 0.2905766 0.2892287 0.2889710 0.2915404 0.2908624 
HM585504_Human_herpesvirus_1 0.0065412 0.0070200 0.0084481 0.0063105 0.0063105 0.0079630 0.0082409 0.0061930 0.0000000 0.0061930 0.0053693 0.0083392 0.0084751 0.2946768 0.2928220 0.2944098 0.2922822 0.2933166 0.2947416 0.2935325 0.2941483 0.2939052 0.2936187 0.2922687 0.2917441 0.2945849 0.2939052 
HM585505_Human_herpesvirus_1 0.0002956 0.0021247 0.0053430 0.0000983 0.0000983 0.0061636 0.0051407 0.0000010 0.0061930 0.0000000 0.0084333 0.0063810 0.0053204 0.2916325 0.2897813 0.2913661 0.2892418 0.2902749 0.2914171 0.2904906 0.2911044 0.2908624 0.2905766 0.2892287 0.2889710 0.2915404 0.2908624 
HM585509_Human_herpesvirus_1 0.0088055 0.0090561 0.0098072 0.0085591 0.0085591 0.0096640 0.0098405 0.0084333 0.0053693 0.0084333 0.0000000 0.0097894 0.0096853 0.2985854 0.2969729 0.2983156 0.2964242 0.2974761 0.2986531 0.2976956 0.2983208 0.2978050 0.2977862 0.2961383 0.2958799 0.2987647 0.2978050 
HM585510_Human_herpesvirus_1 0.0067355 0.0055523 0.0046505 0.0065004 0.0065004 0.0059885 0.0046542 0.0063810 0.0083392 0.0063810 0.0097894 0.0000000 0.0045406 0.2957344 0.2941243 0.2954651 0.2935755 0.2946266 0.2958004 0.2948458 0.2954698 0.2949540 0.2949362 0.2932900 0.2933026 0.2959134 0.2949540 
HM585511_Human_herpesvirus_1 0.0056649 0.0049740 0.0000989 0.0054362 0.0054362 0.0068355 0.0039762 0.0053204 0.0084751 0.0053204 0.0096853 0.0045406 0.0000000 0.2978884 0.2962757 0.2976188 0.2957272 0.2967789 0.2976695 0.2969984 0.2976239 0.2971078 0.2970890 0.2954405 0.2954546 0.2980671 0.2971078 
KR135299_Human_herpesvirus_2 0.2919328 0.2927009 0.2952666 0.2919125 0.2919125 0.2896735 0.2944179 0.2916325 0.2946768 0.2916325 0.2985854 0.2957344 0.2978884 0.0000000 0.0034138 0.0008030 0.0027705 0.0023448 0.0018354 0.0023553 0.0024513 0.0020338 0.0017232 0.0034137 0.0032006 0.0021398 0.0020338 
KR135300_Human_herpesvirus_2 0.2900813 0.2908480 0.2934125 0.2900609 0.2900609 0.2878243 0.2925652 0.2897813 0.2928220 0.2897813 0.2969729 0.2941243 0.2962757 0.0034138 0.0000000 0.0031958 0.0014169 0.0018306 0.0029949 0.0033198 0.0020360 0.0023517 0.0024541 0.0006003 0.0002995 0.0014158 0.0023517 
KR135301_Human_herpesvirus_2 0.2916663 0.2924341 0.2949993 0.2916460 0.2916460 0.2894077 0.2941509 0.2913661 0.2944098 0.2913661 0.2983156 0.2954651 0.2976188 0.0008030 0.0031958 0.0000000 0.0029861 0.0027675 0.0022553 0.0029924 0.0027703 0.0020370 0.0015199 0.0027726 0.0029837 0.0027724 0.0020370 
KR135302_Human_herpesvirus_2 0.2895418 0.2903082 0.2928730 0.2895213 0.2895213 0.2872850 0.2920260 0.2892418 0.2922822 0.2892418 0.2964242 0.2935755 0.2957272 0.0027705 0.0014169 0.0029861 0.0000000 0.0020359 0.0025651 0.0024643 0.0019303 0.0023495 0.0016199 0.0014169 0.0012121 0.0018287 0.0023495 
KR135303_Human_herpesvirus_2 0.2905750 0.2913421 0.2939067 0.2905546 0.2905546 0.2883172 0.2930591 0.2902749 0.2933166 0.2902749 0.2974761 0.2946266 0.2967789 0.0023448 0.0018306 0.0027675 0.0020359 0.0000000 0.0023539 0.0022487 0.0011069 0.0011065 0.0018246 0.0020378 0.0016239 0.0006014 0.0011065 
KR135304_Human_herpesvirus_2 0.2917174 0.2924854 0.2950512 0.2916971 0.2916971 0.2897351 0.2942026 0.2914171 0.2947416 0.2914171 0.2986531 0.2958004 0.2976695 0.0018354 0.0029949 0.0022553 0.0025651 0.0023539 0.0000000 0.0024705 0.0022472 0.0022511 0.0015213 0.0029949 0.0027829 0.0019371 0.0022511 
KR135305_Human_herpesvirus_2 0.2907907 0.2915580 0.2941235 0.2907703 0.2907703 0.2885327 0.2932747 0.2904906 0.2935325 0.2904906 0.2976956 0.2948458 0.2969984 0.0023553 0.0033198 0.0029924 0.0024643 0.0022487 0.0024705 0.0000000 0.0023555 0.0023547 0.0018337 0.0033198 0.0031063 0.0020444 0.0023547 
KR135306_Human_herpesvirus_2 0.2914046 0.2921724 0.2947381 0.2913843 0.2913843 0.2891458 0.2938888 0.2911044 0.2941483 0.2911044 0.2983208 0.2954698 0.2976239 0.0024513 0.0020360 0.0027703 0.0019303 0.0011069 0.0022472 0.0023555 0.0000000 0.0012095 0.0017198 0.0020360 0.0018288 0.0009037 0.0012095 
KR135307_Human_herpesvirus_2 0.2911627 0.2919303 0.2944962 0.2911423 0.2911423 0.2889039 0.2936470 0.2908624 0.2939052 0.2908624 0.2978050 0.2949540 0.2971078 0.0020338 0.0023517 0.0020370 0.0023495 0.0011065 0.0022511 0.0023547 0.0012095 0.0000000 0.0015173 0.0019354 0.0021429 0.0011086 0.0000010 
KR135315_Human_herpesvirus_2 0.2908768 0.2916441 0.2942098 0.2908564 0.2908564 0.2886185 0.2933609 0.2905766 0.2936187 0.2905766 0.2977862 0.2949362 0.2970890 0.0017232 0.0024541 0.0015199 0.0016199 0.0018246 0.0015213 0.0018337 0.0017198 0.0015173 0.0000000 0.0020374 0.0022450 0.0016185 0.0015173 
KR135316_Human_herpesvirus_2 0.2895287 0.2902950 0.2928595 0.2895082 0.2895082 0.2872722 0.2920126 0.2892287 0.2922687 0.2892287 0.2961383 0.2932900 0.2954405 0.0034137 0.0006003 0.0027726 0.0014169 0.0020378 0.0029949 0.0033198 0.0020360 0.0019354 0.0020374 0.0000000 0.0005002 0.0016212 0.0019354 
KR135317_Human_herpesvirus_2 0.2892711 0.2900378 0.2926040 0.2892506 0.2892506 0.2870134 0.2917567 0.2889710 0.2917441 0.2889710 0.2958799 0.2933026 0.2954546 0.0032006 0.0002995 0.0029837 0.0012121 0.0016239 0.0027829 0.0031063 0.0018288 0.0021429 0.0022450 0.0005002 0.0000000 0.0013144 0.0021429 
KR135318_Human_herpesvirus_2 0.2918407 0.2926087 0.2951745 0.2918204 0.2918204 0.2895815 0.2943258 0.2915404 0.2945849 0.2915404 0.2987647 0.2959134 0.2980671 0.0021398 0.0014158 0.0027724 0.0018287 0.0006014 0.0019371 0.0020444 0.0009037 0.0011086 0.0016185 0.0016212 0.0013144 0.0000000 0.0011086 
KR135319_Human_herpesvirus_2 0.2911627 0.2919303 0.2944962 0.2911423 0.2911423 0.2889039 0.2936470 0.2908624 0.2939052 0.2908624 0.2978050 0.2949540 0.2971078 0.0020338 0.0023517 0.0020370 0.0023495 0.0011065 0.0022511 0.0023547 0.0012095 0.0000010 0.0015173 0.0019354 0.0021429 0.0011086 0.0000000 
