28
HM585496_Human_herpesvirus_1 0.0000000 0.0041028 0.0031481 0.0003925 0.0003926 0.0072230 0.0117593 0.0002940 0.0097808 0.0002940 0.0005901 0.0096440 0.0069946 0.0111594 0.6777082 0.6747453 0.6781564 0.6764469 0.6748980 0.6776424 0.6789480 0.6770407 0.6784098 0.6748378 0.6768675 0.6761691 0.6787576 0.6784098 
HM585497_Human_herpesvirus_1 0.0041028 0.0000000 0.0048465 0.0043174 0.0043175 0.0052090 0.0092834 0.0042092 0.0095594 0.0042092 0.0045342 0.0096637 0.0047699 0.0087297 0.6785710 0.6756085 0.6790189 0.6773094 0.6757609 0.6785052 0.6798109 0.6779032 0.6792725 0.6757015 0.6777304 0.6770321 0.6796205 0.6792725 
HM585498_Human_herpesvirus_1 0.0031481 0.0048465 0.0000000 0.0031500 0.0031501 0.0084860 0.0084532 0.0030445 0.0091037 0.0030445 0.0033615 0.0090426 0.0082525 0.0076618 0.6817120 0.6787492 0.6821586 0.6804487 0.6789012 0.6816456 0.6829527 0.6810429 0.6824135 0.6788442 0.6808710 0.6801728 0.6827623 0.6824135 
HM585499_Human_herpesvirus_1 0.0003925 0.0043174 0.0031500 0.0000000 0.0000010 0.0074520 0.0120105 0.0002942 0.0099433 0.0002942 0.0005905 0.0098878 0.0072226 0.0114060 0.6791352 0.6761720 0.6795830 0.6778731 0.6763244 0.6790693 0.6803755 0.6784671 0.6798369 0.6762654 0.6782943 0.6775959 0.6801851 0.6798369 
HM585500_Human_herpesvirus_1 0.0003926 0.0043175 0.0031501 0.0000010 0.0000000 0.0074522 0.0120108 0.0002942 0.0099436 0.0002942 0.0005906 0.0098881 0.0072228 0.0114063 0.6791607 0.6761974 0.6796085 0.6778985 0.6763498 0.6790948 0.6804011 0.6784926 0.6798624 0.6762908 0.6783198 0.6776214 0.6802107 0.6798624 
HM585501_Human_herpesvirus_1 0.0072230 0.0052090 0.0084860 0.0074520 0.0074522 0.0000000 0.0075959 0.0073360 0.0098077 0.0073360 0.0076845 0.0099240 0.0024128 0.0087333 0.6791505 0.6767600 0.6795983 0.6778880 0.6769111 0.6790853 0.6803911 0.6784831 0.6798530 0.6768525 0.6783103 0.6776119 0.6802012 0.6798530 
HM585502_Human_herpesvirus_1 0.0117593 0.0092834 0.0084532 0.0120105 0.0120108 0.0075959 0.0000000 0.0118824 0.0108991 0.0118824 0.0122678 0.0106863 0.0062329 0.0034885 0.6828855 0.6804956 0.6833317 0.6816216 0.6806467 0.6828192 0.6841266 0.6822162 0.6835871 0.6805912 0.6820447 0.6813466 0.6839361 0.6835871 
HM585503_Human_herpesvirus_1 0.0002940 0.0042092 0.0030445 0.0002942 0.0002942 0.0073360 0.0118824 0.0000000 0.0098200 0.0000010 0.0004915 0.0097639 0.0071072 0.0112803 0.6785253 0.6755626 0.6789733 0.6772637 0.6757151 0.6784595 0.6797653 0.6778576 0.6792269 0.6756556 0.6776847 0.6769864 0.6795749 0.6792269 
HM585504_Human_herpesvirus_1 0.0097808 0.0095594 0.0091037 0.0099433 0.0099436 0.0098077 0.0108991 0.0098200 0.0000000 0.0098200 0.0100623 0.0050346 0.0090887 0.0114365 0.6796732 0.6767102 0.6801207 0.6784108 0.6768625 0.6796072 0.6809135 0.6790049 0.6803748 0.6768039 0.6788323 0.6781340 0.6796098 0.6803748 
HM585505_Human_herpesvirus_1 0.0002940 0.0042092 0.0030445 0.0002942 0.0002942 0.0073360 0.0118824 0.0000010 0.0098200 0.0000000 0.0004915 0.0097639 0.0071072 0.0112803 0.6785253 0.6755626 0.6789733 0.6772637 0.6757151 0.6784595 0.6797653 0.6778576 0.6792269 0.6756556 0.6776847 0.6769864 0.6795749 0.6792269 
HM585506_Human_herpesvirus_1 0.0005901 0.0045342 0.0033615 0.0005905 0.0005906 0.0076845 0.0122678 0.0004915 0.0100623 0.0004915 0.0000000 0.0101366 0.0074541 0.0116583 0.6797420 0.6767785 0.6801895 0.6784794 0.6769308 0.6796759 0.6809825 0.6790735 0.6804437 0.6768723 0.6789010 0.6782025 0.6807921 0.6804437 
HM585509_Human_herpesvirus_1 0.0096440 0.0096637 0.0090426 0.0098878 0.0098881 0.0099240 0.0106863 0.0097639 0.0050346 0.0097639 0.0101366 0.0000000 0.0094415 0.0109627 0.6767375 0.6737806 0.6771853 0.6754793 0.6739332 0.6766721 0.6779746 0.6760718 0.6774377 0.6738724 0.6758986 0.6752017 0.6777846 0.6774377 
HM585510_Human_herpesvirus_1 0.0069946 0.0047699 0.0082525 0.0072226 0.0072228 0.0024128 0.0062329 0.0071072 0.0090887 0.0071072 0.0074541 0.0094415 0.0000000 0.0071088 0.6802071 0.6778175 0.6806543 0.6789446 0.6779686 0.6801416 0.6814475 0.6795393 0.6809091 0.6779108 0.6793670 0.6786688 0.6812575 0.6809091 
HM585511_Human_herpesvirus_1 0.0111594 0.0087297 0.0076618 0.0114060 0.0114063 0.0087333 0.0034885 0.0112803 0.0114365 0.0112803 0.0116583 0.0109627 0.0071088 0.0000000 0.6840463 0.6816567 0.6844920 0.6827820 0.6818077 0.6839796 0.6852876 0.6833764 0.6847476 0.6817531 0.6832053 0.6825073 0.6850969 0.6847476 
KR135299_Human_herpesvirus_2 0.6777082 0.6785710 0.6817120 0.6791352 0.6791607 0.6791505 0.6828855 0.6785253 0.6796732 0.6785253 0.6797420 0.6767375 0.6802071 0.6840463 0.0000000 0.0018486 0.0008105 0.0021705 0.0016354 0.0013222 0.0015349 0.0015317 0.0006056 0.0018641 0.0017436 0.0019534 0.0023805 0.0006056 
KR135300_Human_herpesvirus_2 0.6747453 0.6756085 0.6787492 0.6761720 0.6761974 0.6767600 0.6804956 0.6755626 0.6767102 0.6755626 0.6767785 0.6737806 0.6778175 0.6816567 0.0018486 0.0000000 0.0016362 0.0013306 0.0010161 0.0011199 0.0013296 0.0007091 0.0018498 0.0012328 0.0003017 0.0001004 0.0005054 0.0018498 
KR135301_Human_herpesvirus_2 0.6781564 0.6790189 0.6821586 0.6795830 0.6796085 0.6795983 0.6833317 0.6789733 0.6801207 0.6789733 0.6801895 0.6771853 0.6806543 0.6844920 0.0008105 0.0016362 0.0000000 0.0017467 0.0014249 0.0013208 0.0013246 0.0013218 0.0012217 0.0012305 0.0015319 0.0017403 0.0021640 0.0012217 
KR135302_Human_herpesvirus_2 0.6764469 0.6773094 0.6804487 0.6778731 0.6778985 0.6778880 0.6816216 0.6772637 0.6784108 0.6772637 0.6784794 0.6754793 0.6789446 0.6827820 0.0021705 0.0013306 0.0017467 0.0000000 0.0013306 0.0014345 0.0010169 0.0014356 0.0021721 0.0017619 0.0012266 0.0014345 0.0012240 0.0021721 
KR135303_Human_herpesvirus_2 0.6748980 0.6757609 0.6789012 0.6763244 0.6763498 0.6769111 0.6806467 0.6757151 0.6768625 0.6757151 0.6769308 0.6739332 0.6779686 0.6818077 0.0016354 0.0010161 0.0014249 0.0013306 0.0000000 0.0009111 0.0009137 0.0011183 0.0016366 0.0014417 0.0009134 0.0011201 0.0015375 0.0016366 
KR135304_Human_herpesvirus_2 0.6776424 0.6785052 0.6816456 0.6790693 0.6790948 0.6790853 0.6828192 0.6784595 0.6796072 0.6784595 0.6796759 0.6766721 0.6801416 0.6839796 0.0013222 0.0011199 0.0013208 0.0014345 0.0009111 0.0000000 0.0010152 0.0010138 0.0013230 0.0013369 0.0010158 0.0012230 0.0016414 0.0013230 
KR135305_Human_herpesvirus_2 0.6789480 0.6798109 0.6829527 0.6803755 0.6804011 0.6803911 0.6841266 0.6797653 0.6809135 0.6797653 0.6809825 0.6779746 0.6814475 0.6852876 0.0015349 0.0013296 0.0013246 0.0010169 0.0009137 0.0010152 0.0000000 0.0012233 0.0015361 0.0015494 0.0012257 0.0014334 0.0012231 0.0015361 
KR135306_Human_herpesvirus_2 0.6770407 0.6779032 0.6810429 0.6784671 0.6784926 0.6784831 0.6822162 0.6778576 0.6790049 0.6778576 0.6790735 0.6760718 0.6795393 0.6833764 0.0015317 0.0007091 0.0013218 0.0014356 0.0011183 0.0010138 0.0012233 0.0000000 0.0015327 0.0013391 0.0008107 0.0008113 0.0012261 0.0015327 
KR135307_Human_herpesvirus_2 0.6784098 0.6792725 0.6824135 0.6798369 0.6798624 0.6798530 0.6835871 0.6792269 0.6803748 0.6792269 0.6804437 0.6774377 0.6809091 0.6847476 0.0006056 0.0018498 0.0012217 0.0021721 0.0016366 0.0013230 0.0015361 0.0015327 0.0000000 0.0017591 0.0017447 0.0019546 0.0023820 0.0000010 
KR135315_Human_herpesvirus_2 0.6748378 0.6757015 0.6788442 0.6762654 0.6762908 0.6768525 0.6805912 0.6756556 0.6768039 0.6756556 0.6768723 0.6738724 0.6779108 0.6817531 0.0018641 0.0012328 0.0012305 0.0017619 0.0014417 0.0013369 0.0015494 0.0013391 0.0017591 0.0000000 0.0013372 0.0013382 0.0017616 0.0017591 
KR135316_Human_herpesvirus_2 0.6768675 0.6777304 0.6808710 0.6782943 0.6783198 0.6783103 0.6820447 0.6776847 0.6788323 0.6776847 0.6789010 0.6758986 0.6793670 0.6832053 0.0017436 0.0003017 0.0015319 0.0012266 0.0009134 0.0010158 0.0012257 0.0008107 0.0017447 0.0013372 0.0000000 0.0004027 0.0008108 0.0017447 
KR135317_Human_herpesvirus_2 0.6761691 0.6770321 0.6801728 0.6775959 0.6776214 0.6776119 0.6813466 0.6769864 0.6781340 0.6769864 0.6782025 0.6752017 0.6786688 0.6825073 0.0019534 0.0001004 0.0017403 0.0014345 0.0011201 0.0012230 0.0014334 0.0008113 0.0019546 0.0013382 0.0004027 0.0000000 0.0006071 0.0019546 
KR135318_Human_herpesvirus_2 0.6787576 0.6796205 0.6827623 0.6801851 0.6802107 0.6802012 0.6839361 0.6795749 0.6796098 0.6795749 0.6807921 0.6777846 0.6812575 0.6850969 0.0023805 0.0005054 0.0021640 0.0012240 0.0015375 0.0016414 0.0012231 0.0012261 0.0023820 0.0017616 0.0008108 0.0006071 0.0000000 0.0023820 
KR135319_Human_herpesvirus_2 0.6784098 0.6792725 0.6824135 0.6798369 0.6798624 0.6798530 0.6835871 0.6792269 0.6803748 0.6792269 0.6804437 0.6774377 0.6809091 0.6847476 0.0006056 0.0018498 0.0012217 0.0021721 0.0016366 0.0013230 0.0015361 0.0015327 0.0000010 0.0017591 0.0017447 0.0019546 0.0023820 0.0000000 
