29
HM585496_Human_herpesvirus_1 0.0000000 0.0065458 0.0102108 0.0005011 0.0005011 0.0104595 0.0094922 0.0091459 0.0003995 0.0091467 0.0004005 0.0091467 0.0185312 0.0112587 0.0099508 1.0022700 0.9992353 1.0132585 1.0173561 1.0030652 1.0072380 1.0026308 1.0035709 1.0112939 1.0020428 1.0110911 1.0013035 1.0185206 1.0136551 
HM585497_Human_herpesvirus_1 0.0065458 0.0000000 0.0105023 0.0070121 0.0070121 0.0064976 0.0080403 0.0076028 0.0066534 0.0076028 0.0067856 0.0076028 0.0210814 0.0072181 0.0102405 0.9963693 0.9933454 1.0073869 1.0114910 0.9971898 1.0031126 0.9972790 0.9994102 1.0054189 0.9961526 1.0052255 0.9954274 1.0131661 1.0077732 
HM585498_Human_herpesvirus_1 0.0102108 0.0105023 0.0000000 0.0104737 0.0104737 0.0065494 0.0060982 0.0082291 0.0102033 0.0082276 0.0104733 0.0082276 0.0201507 0.0076210 0.0004005 0.9930622 0.9898673 1.0054533 1.0101829 0.9953696 0.9993018 0.9945332 0.9963264 1.0041060 0.9917096 1.0032968 0.9935850 1.0105861 1.0064120 
HM585499_Human_herpesvirus_1 0.0005011 0.0070121 0.0104737 0.0000000 0.0000010 0.0107239 0.0097512 0.0092842 0.0007022 0.0092851 0.0002991 0.0092851 0.0187093 0.0114060 0.0103314 1.0025016 0.9994672 1.0134865 1.0175831 1.0032957 1.0074673 1.0028625 1.0038012 1.0115225 1.0022740 1.0113194 1.0015344 1.0187475 1.0138835 
HM585500_Human_herpesvirus_1 0.0005011 0.0070121 0.0104737 0.0000010 0.0000000 0.0107239 0.0097512 0.0092842 0.0007022 0.0092851 0.0002991 0.0092851 0.0187093 0.0114060 0.0103314 1.0025016 0.9994672 1.0134865 1.0175831 1.0032957 1.0074673 1.0028625 1.0038012 1.0115225 1.0022740 1.0113194 1.0015344 1.0187475 1.0138835 
HM585501_Human_herpesvirus_1 0.0104595 0.0064976 0.0065494 0.0107239 0.0107239 0.0000000 0.0041621 0.0034311 0.0104518 0.0034314 0.0107235 0.0034314 0.0200513 0.0015224 0.0063118 0.9895151 0.9853844 1.0012441 1.0053313 0.9910049 0.9962463 0.9896934 0.9926748 0.9992518 0.9881894 0.9984988 0.9886941 1.0063267 1.0015978 
HM585502_Human_herpesvirus_1 0.0094922 0.0080403 0.0060982 0.0097512 0.0097512 0.0041621 0.0000000 0.0066734 0.0096027 0.0066740 0.0097508 0.0066740 0.0205303 0.0048336 0.0059735 0.9950199 0.9908731 1.0067378 1.0108239 0.9964885 1.0017317 0.9951995 0.9975861 1.0047459 0.9936820 1.0039827 0.9936007 1.0118249 1.0071013 
HM585503_Human_herpesvirus_1 0.0091459 0.0076028 0.0082291 0.0092842 0.0092842 0.0034311 0.0066734 0.0000000 0.0091392 0.0000010 0.0094027 0.0000010 0.0203216 0.0037755 0.0080955 0.9923334 0.9881664 1.0045941 1.0081308 0.9938136 0.9995879 0.9919356 0.9960358 1.0026224 0.9909755 1.0012885 0.9914748 1.0085768 1.0049759 
HM585504_Human_herpesvirus_1 0.0003995 0.0066534 0.0102033 0.0007022 0.0007022 0.0104518 0.0096027 0.0091392 0.0000000 0.0091401 0.0006014 0.0091401 0.0185140 0.0112492 0.0099426 1.0023631 0.9993295 1.0133467 1.0174426 1.0031576 1.0073286 1.0027238 1.0036631 1.0113829 1.0021358 1.0111801 1.0013966 1.0186067 1.0137433 
HM585505_Human_herpesvirus_1 0.0091467 0.0076028 0.0082276 0.0092851 0.0092851 0.0034314 0.0066740 0.0000010 0.0091401 0.0000000 0.0094036 0.0000010 0.0214459 0.0045589 0.0089609 0.9954235 0.9912570 1.0080159 1.0109946 0.9967070 1.0024689 0.9944754 0.9994746 1.0060496 0.9940617 1.0047119 0.9949210 1.0119901 1.0084030 
HM585506_Human_herpesvirus_1 0.0004005 0.0067856 0.0104733 0.0002991 0.0002991 0.0107235 0.0097508 0.0094027 0.0006014 0.0094036 0.0000000 0.0094036 0.0188469 0.0115287 0.0102114 1.0013900 0.9983578 1.0123796 1.0164770 1.0021887 1.0063611 1.0017503 1.0026943 1.0104151 1.0011644 1.0102138 1.0004275 1.0176403 1.0127746 
HM585507_Human_herpesvirus_1 0.0091467 0.0076028 0.0082276 0.0092851 0.0092851 0.0034314 0.0066740 0.0000010 0.0091401 0.0000010 0.0094036 0.0000000 0.0203237 0.0037752 0.0080947 0.9918494 0.9876834 1.0044794 1.0080158 0.9936998 0.9994737 0.9914516 0.9959218 1.0025078 0.9904925 1.0011743 0.9913613 1.0084617 1.0048609 
HM585509_Human_herpesvirus_1 0.0185312 0.0210814 0.0201507 0.0187093 0.0187093 0.0200513 0.0205303 0.0203216 0.0185140 0.0214459 0.0188469 0.0203237 0.0000000 0.0211307 0.0204601 1.0169582 1.0129520 1.0287711 1.0309550 1.0170250 1.0221521 1.0178331 1.0179953 1.0269341 1.0153231 1.0235511 1.0146799 1.0333017 1.0292396 
HM585510_Human_herpesvirus_1 0.0112587 0.0072181 0.0076210 0.0114060 0.0114060 0.0015224 0.0048336 0.0037755 0.0112492 0.0045589 0.0115287 0.0037752 0.0211307 0.0000000 0.0075610 1.0050802 1.0023979 1.0178816 1.0219256 1.0078710 1.0135302 1.0071024 1.0094299 1.0160071 1.0047727 1.0156960 1.0050263 1.0235565 1.0183037 
HM585511_Human_herpesvirus_1 0.0099508 0.0102405 0.0004005 0.0103314 0.0103314 0.0063118 0.0059735 0.0080955 0.0099426 0.0089609 0.0102114 0.0080947 0.0204601 0.0075610 0.0000000 0.9981081 0.9954334 1.0104138 1.0150849 1.0003497 1.0042574 0.9995412 1.0018485 1.0090768 0.9972665 1.0087766 0.9991219 1.0155214 1.0113772 
KR135299_Human_herpesvirus_2 1.0022700 0.9963693 0.9930622 1.0025016 1.0025016 0.9895151 0.9950199 0.9923334 1.0023631 0.9954235 1.0013900 0.9918494 1.0169582 1.0050802 0.9981081 0.0000000 0.0038527 0.0007430 0.0039693 0.0027083 0.0026106 0.0030523 0.0039655 0.0030490 0.0037434 0.0031595 0.0040873 0.0023808 0.0027123 
KR135300_Human_herpesvirus_2 0.9992353 0.9933454 0.9898673 0.9994672 0.9994672 0.9853844 0.9908731 0.9881664 0.9993295 0.9912570 0.9983578 0.9876834 1.0129520 1.0023979 0.9954334 0.0038527 0.0000000 0.0039484 0.0045472 0.0028166 0.0039560 0.0047797 0.0014946 0.0049842 0.0008460 0.0017119 0.0006340 0.0044115 0.0054834 
KR135301_Human_herpesvirus_2 1.0132585 1.0073869 1.0054533 1.0134865 1.0134865 1.0012441 1.0067378 1.0045941 1.0133467 1.0080159 1.0123796 1.0044794 1.0287711 1.0178816 1.0104138 0.0007430 0.0039484 0.0000000 0.0043919 0.0026949 0.0023648 0.0035191 0.0044003 0.0029107 0.0038358 0.0033581 0.0041664 0.0023587 0.0031495 
KR135302_Human_herpesvirus_2 1.0173561 1.0114910 1.0101829 1.0175831 1.0175831 1.0053313 1.0108239 1.0081308 1.0174426 1.0109946 1.0164770 1.0080158 1.0309550 1.0219256 1.0150849 0.0039693 0.0045472 0.0043919 0.0000000 0.0042929 0.0038330 0.0045368 0.0057058 0.0046321 0.0051329 0.0042797 0.0052431 0.0048516 0.0045184 
KR135303_Human_herpesvirus_2 1.0030652 0.9971898 0.9953696 1.0032957 1.0032957 0.9910049 0.9964885 0.9938136 1.0031576 0.9967070 1.0021887 0.9936998 1.0170250 1.0078710 1.0003497 0.0027083 0.0028166 0.0026949 0.0042929 0.0000000 0.0025825 0.0040691 0.0024685 0.0039218 0.0028188 0.0025783 0.0029202 0.0029123 0.0042808 
KR135304_Human_herpesvirus_2 1.0072380 1.0031126 0.9993018 1.0074673 1.0074673 0.9962463 1.0017317 0.9995879 1.0073286 1.0024689 1.0063611 0.9994737 1.0221521 1.0135302 1.0042574 0.0026106 0.0039560 0.0023648 0.0038330 0.0025825 0.0000000 0.0035105 0.0032547 0.0022459 0.0039588 0.0033532 0.0040585 0.0032471 0.0026994 
KR135305_Human_herpesvirus_2 1.0026308 0.9972790 0.9945332 1.0028625 1.0028625 0.9896934 0.9951995 0.9919356 1.0027238 0.9944754 1.0017503 0.9914516 1.0178331 1.0071024 0.9995412 0.0030523 0.0047797 0.0035191 0.0045368 0.0040691 0.0035105 0.0000000 0.0047788 0.0048959 0.0047862 0.0042999 0.0051448 0.0040732 0.0047812 
KR135306_Human_herpesvirus_2 1.0035709 0.9994102 0.9963264 1.0038012 1.0038012 0.9926748 0.9975861 0.9960358 1.0036631 0.9994746 1.0026943 0.9959218 1.0179953 1.0094299 1.0018485 0.0039655 0.0014946 0.0044003 0.0057058 0.0024685 0.0032547 0.0047788 0.0000000 0.0049643 0.0016033 0.0019178 0.0012730 0.0043859 0.0052166 
KR135307_Human_herpesvirus_2 1.0112939 1.0054189 1.0041060 1.0115225 1.0115225 0.9992518 1.0047459 1.0026224 1.0113829 1.0060496 1.0104151 1.0025078 1.0269341 1.0160071 1.0090768 0.0030490 0.0049842 0.0029107 0.0046321 0.0039218 0.0022459 0.0048959 0.0049643 0.0000000 0.0052128 0.0046025 0.0049673 0.0041536 0.0012746 
KR135315_Human_herpesvirus_2 1.0020428 0.9961526 0.9917096 1.0022740 1.0022740 0.9881894 0.9936820 0.9909755 1.0021358 0.9940617 1.0011644 0.9904925 1.0153231 1.0047727 0.9972665 0.0037434 0.0008460 0.0038358 0.0051329 0.0028188 0.0039588 0.0047862 0.0016033 0.0052128 0.0000000 0.0021461 0.0012770 0.0045320 0.0056010 
KR135316_Human_herpesvirus_2 1.0110911 1.0052255 1.0032968 1.0113194 1.0113194 0.9984988 1.0039827 1.0012885 1.0111801 1.0047119 1.0102138 1.0011743 1.0235511 1.0156960 1.0087766 0.0031595 0.0017119 0.0033581 0.0042797 0.0025783 0.0033532 0.0042999 0.0019178 0.0046025 0.0021461 0.0000000 0.0018156 0.0033514 0.0047295 
KR135317_Human_herpesvirus_2 1.0013035 0.9954274 0.9935850 1.0015344 1.0015344 0.9886941 0.9936007 0.9914748 1.0013966 0.9949210 1.0004275 0.9913613 1.0146799 1.0050263 0.9991219 0.0040873 0.0006340 0.0041664 0.0052431 0.0029202 0.0040585 0.0051448 0.0012730 0.0049673 0.0012770 0.0018156 0.0000000 0.0043971 0.0057051 
KR135318_Human_herpesvirus_2 1.0185206 1.0131661 1.0105861 1.0187475 1.0187475 1.0063267 1.0118249 1.0085768 1.0186067 1.0119901 1.0176403 1.0084617 1.0333017 1.0235565 1.0155214 0.0023808 0.0044115 0.0023587 0.0048516 0.0029123 0.0032471 0.0040732 0.0043859 0.0041536 0.0045320 0.0033514 0.0043971 0.0000000 0.0043946 
KR135319_Human_herpesvirus_2 1.0136551 1.0077732 1.0064120 1.0138835 1.0138835 1.0015978 1.0071013 1.0049759 1.0137433 1.0084030 1.0127746 1.0048609 1.0292396 1.0183037 1.0113772 0.0027123 0.0054834 0.0031495 0.0045184 0.0042808 0.0026994 0.0047812 0.0052166 0.0012746 0.0056010 0.0047295 0.0057051 0.0043946 0.0000000 
