28
HM585496_Human_herpesvirus_1 0.0000000 0.0037599 0.0059286 0.0006975 0.0006975 0.0052220 0.0058340 0.0008007 0.0011068 0.0008007 0.0007992 0.0087386 0.0056944 0.0055706 0.4940067 0.4945384 0.4951079 0.4914978 0.4938933 0.4951752 0.4955465 0.4933218 0.4941194 0.4944782 0.4937144 0.4929956 0.4943048 0.4944661 
HM585497_Human_herpesvirus_1 0.0037599 0.0000000 0.0034457 0.0034316 0.0034316 0.0038853 0.0042397 0.0035463 0.0040998 0.0035463 0.0035395 0.0092560 0.0050006 0.0033410 0.4915330 0.4920618 0.4933669 0.4890248 0.4914206 0.4927000 0.4930707 0.4915811 0.4916435 0.4927363 0.4912390 0.4912539 0.4918313 0.4919901 
HM585498_Human_herpesvirus_1 0.0059286 0.0034457 0.0000000 0.0055808 0.0055808 0.0020299 0.0025659 0.0057056 0.0056022 0.0057056 0.0056944 0.0093949 0.0053260 0.0002976 0.4921901 0.4927197 0.4940244 0.4896818 0.4920775 0.4926240 0.4937283 0.4922384 0.4923012 0.4919208 0.4918966 0.4919116 0.4924884 0.4926479 
HM585499_Human_herpesvirus_1 0.0006975 0.0034316 0.0055808 0.0000000 0.0000010 0.0048810 0.0054860 0.0000989 0.0010042 0.0000989 0.0000987 0.0086422 0.0053487 0.0054730 0.4936816 0.4942128 0.4955168 0.4911730 0.4935683 0.4948498 0.4952210 0.4937304 0.4937940 0.4948873 0.4933891 0.4934043 0.4939797 0.4941407 
HM585500_Human_herpesvirus_1 0.0006975 0.0034316 0.0055808 0.0000010 0.0000000 0.0048810 0.0054860 0.0000989 0.0010042 0.0000989 0.0000987 0.0086422 0.0053487 0.0054730 0.4936816 0.4942128 0.4955168 0.4911730 0.4935683 0.4948498 0.4952210 0.4937304 0.4937940 0.4948873 0.4933891 0.4934043 0.4939797 0.4941407 
HM585501_Human_herpesvirus_1 0.0052220 0.0038853 0.0020299 0.0048810 0.0048810 0.0000000 0.0027765 0.0050024 0.0051250 0.0050024 0.0049926 0.0086470 0.0046511 0.0019283 0.4922829 0.4928127 0.4941177 0.4897740 0.4921702 0.4927169 0.4938216 0.4923313 0.4923941 0.4920136 0.4919894 0.4920044 0.4925812 0.4927409 
HM585502_Human_herpesvirus_1 0.0058340 0.0042397 0.0025659 0.0054860 0.0054860 0.0027765 0.0000000 0.0056107 0.0055071 0.0056107 0.0055998 0.0084719 0.0045341 0.0024631 0.4922141 0.4927437 0.4940482 0.4897061 0.4921015 0.4926480 0.4937522 0.4922625 0.4923252 0.4919448 0.4919207 0.4919357 0.4925124 0.4926719 
HM585503_Human_herpesvirus_1 0.0008007 0.0035463 0.0057056 0.0000989 0.0000989 0.0050024 0.0056107 0.0000000 0.0011080 0.0000010 0.0001980 0.0087815 0.0054724 0.0055975 0.4940496 0.4945814 0.4958853 0.4915407 0.4939361 0.4952182 0.4955895 0.4940986 0.4941623 0.4952559 0.4937573 0.4937726 0.4943477 0.4945091 
HM585504_Human_herpesvirus_1 0.0011068 0.0040998 0.0056022 0.0010042 0.0010042 0.0051250 0.0055071 0.0011080 0.0000000 0.0011080 0.0011059 0.0086431 0.0055974 0.0054941 0.4938059 0.4943377 0.4956424 0.4912957 0.4936925 0.4949750 0.4953464 0.4938548 0.4939184 0.4950126 0.4935133 0.4935286 0.4941042 0.4942654 
HM585505_Human_herpesvirus_1 0.0008007 0.0035463 0.0057056 0.0000989 0.0000989 0.0050024 0.0056107 0.0000010 0.0011080 0.0000000 0.0001980 0.0087815 0.0054724 0.0055975 0.4940496 0.4945814 0.4958853 0.4915407 0.4939361 0.4952182 0.4955895 0.4940986 0.4941623 0.4952559 0.4937573 0.4937726 0.4943477 0.4945091 
HM585506_Human_herpesvirus_1 0.0007992 0.0035395 0.0056944 0.0000987 0.0000987 0.0049926 0.0055998 0.0001980 0.0011059 0.0001980 0.0000000 0.0087642 0.0054617 0.0055865 0.4936697 0.4942009 0.4955048 0.4911613 0.4935564 0.4948378 0.4952089 0.4937185 0.4937820 0.4948753 0.4933772 0.4933924 0.4939678 0.4941287 
HM585509_Human_herpesvirus_1 0.0087386 0.0092560 0.0093949 0.0086422 0.0086422 0.0086470 0.0084719 0.0087815 0.0086431 0.0087815 0.0087642 0.0000000 0.0100951 0.0104828 0.5020865 0.5026229 0.5031803 0.4992836 0.5019708 0.5032491 0.5035982 0.5014079 0.5022054 0.5018260 0.5032595 0.5010884 0.5023814 0.5025468 
HM585510_Human_herpesvirus_1 0.0056944 0.0050006 0.0053260 0.0053487 0.0053487 0.0046511 0.0045341 0.0054724 0.0055974 0.0054724 0.0054617 0.0100951 0.0000000 0.0066347 0.4971283 0.4976595 0.4989513 0.4943241 0.4970146 0.4982893 0.4986379 0.4971780 0.4972429 0.4983285 0.4982931 0.4968562 0.4974239 0.4975870 
HM585511_Human_herpesvirus_1 0.0055706 0.0033410 0.0002976 0.0054730 0.0054730 0.0019283 0.0024631 0.0055975 0.0054941 0.0055975 0.0055865 0.0104828 0.0066347 0.0000000 0.4989562 0.4994886 0.5000483 0.4961562 0.4988419 0.4993874 0.5004645 0.4982781 0.4990722 0.4979653 0.5001343 0.4979574 0.4992511 0.4997726 
KR135299_Human_herpesvirus_2 0.4940067 0.4915330 0.4921901 0.4936816 0.4936816 0.4922829 0.4922141 0.4940496 0.4938059 0.4940496 0.4936697 0.5020865 0.4971283 0.4989562 0.0000000 0.0014320 0.0011281 0.0013294 0.0015369 0.0007106 0.0016490 0.0010196 0.0015360 0.0013329 0.0018636 0.0015390 0.0018463 0.0020754 
KR135300_Human_herpesvirus_2 0.4945384 0.4920618 0.4927197 0.4942128 0.4942128 0.4928127 0.4927437 0.4945814 0.4943377 0.4945814 0.4942009 0.5026229 0.4976595 0.4994886 0.0014320 0.0000000 0.0023996 0.0017464 0.0011218 0.0019622 0.0018625 0.0016454 0.0009130 0.0019599 0.0012307 0.0009148 0.0016372 0.0014391 
KR135301_Human_herpesvirus_2 0.4951079 0.4933669 0.4940244 0.4955168 0.4955168 0.4941177 0.4940482 0.4958853 0.4956424 0.4958853 0.4955048 0.5031803 0.4989513 0.5000483 0.0011281 0.0023996 0.0000000 0.0016547 0.0018652 0.0008164 0.0026282 0.0009169 0.0018641 0.0014429 0.0021989 0.0016501 0.0021784 0.0024139 
KR135302_Human_herpesvirus_2 0.4914978 0.4890248 0.4896818 0.4911730 0.4911730 0.4897740 0.4897061 0.4915407 0.4912957 0.4915407 0.4911613 0.4992836 0.4943241 0.4961562 0.0013294 0.0017464 0.0016547 0.0000000 0.0012245 0.0012285 0.0020743 0.0009174 0.0012238 0.0012281 0.0015466 0.0012261 0.0013248 0.0017568 
KR135303_Human_herpesvirus_2 0.4938933 0.4914206 0.4920775 0.4935683 0.4935683 0.4921702 0.4921015 0.4939361 0.4936925 0.4939361 0.4935564 0.5019708 0.4970146 0.4988419 0.0015369 0.0011218 0.0018652 0.0012245 0.0000000 0.0014361 0.0019693 0.0011236 0.0006075 0.0014356 0.0009212 0.0006086 0.0009127 0.0011285 
KR135304_Human_herpesvirus_2 0.4951752 0.4927000 0.4926240 0.4948498 0.4948498 0.4927169 0.4926480 0.4952182 0.4949750 0.4952182 0.4948378 0.5032491 0.4982893 0.4993874 0.0007106 0.0019622 0.0008164 0.0012285 0.0014361 0.0000000 0.0021853 0.0007102 0.0014352 0.0010203 0.0017620 0.0014380 0.0017457 0.0019738 
KR135305_Human_herpesvirus_2 0.4955465 0.4930707 0.4937283 0.4952210 0.4952210 0.4938216 0.4937522 0.4955895 0.4953464 0.4955895 0.4952089 0.5035982 0.4986379 0.5004645 0.0016490 0.0018625 0.0026282 0.0020743 0.0019693 0.0021853 0.0000000 0.0020771 0.0019682 0.0024022 0.0023043 0.0019720 0.0022827 0.0025195 
KR135306_Human_herpesvirus_2 0.4933218 0.4915811 0.4922384 0.4937304 0.4937304 0.4923313 0.4922625 0.4940986 0.4938548 0.4940986 0.4937185 0.5014079 0.4971780 0.4982781 0.0010196 0.0016454 0.0009169 0.0009174 0.0011236 0.0007102 0.0020771 0.0000000 0.0011230 0.0009165 0.0014450 0.0009150 0.0012242 0.0016551 
KR135307_Human_herpesvirus_2 0.4941194 0.4916435 0.4923012 0.4937940 0.4937940 0.4923941 0.4923252 0.4941623 0.4939184 0.4941623 0.4937820 0.5022054 0.4972429 0.4990722 0.0015360 0.0009130 0.0018641 0.0012238 0.0006075 0.0014352 0.0019682 0.0011230 0.0000000 0.0014336 0.0007127 0.0004036 0.0011174 0.0005079 
KR135315_Human_herpesvirus_2 0.4944782 0.4927363 0.4919208 0.4948873 0.4948873 0.4920136 0.4919448 0.4952559 0.4950126 0.4952559 0.4948753 0.5018260 0.4983285 0.4979653 0.0013329 0.0019599 0.0014429 0.0012281 0.0014356 0.0010203 0.0024022 0.0009165 0.0014336 0.0000000 0.0017600 0.0012237 0.0017451 0.0019715 
KR135316_Human_herpesvirus_2 0.4937144 0.4912390 0.4918966 0.4933891 0.4933891 0.4919894 0.4919207 0.4937573 0.4935133 0.4937573 0.4933772 0.5032595 0.4982931 0.5001343 0.0018636 0.0012307 0.0021989 0.0015466 0.0009212 0.0017620 0.0023043 0.0014450 0.0007127 0.0017600 0.0000000 0.0007141 0.0014378 0.0012380 
KR135317_Human_herpesvirus_2 0.4929956 0.4912539 0.4919116 0.4934043 0.4934043 0.4920044 0.4919357 0.4937726 0.4935286 0.4937726 0.4933924 0.5010884 0.4968562 0.4979574 0.0015390 0.0009148 0.0016501 0.0012261 0.0006086 0.0014380 0.0019720 0.0009150 0.0004036 0.0012237 0.0007141 0.0000000 0.0011195 0.0009201 
KR135318_Human_herpesvirus_2 0.4943048 0.4918313 0.4924884 0.4939797 0.4939797 0.4925812 0.4925124 0.4943477 0.4941042 0.4943477 0.4939678 0.5023814 0.4974239 0.4992511 0.0018463 0.0016372 0.0021784 0.0013248 0.0009127 0.0017457 0.0022827 0.0012242 0.0011174 0.0017451 0.0014378 0.0011195 0.0000000 0.0016469 
KR135319_Human_herpesvirus_2 0.4944661 0.4919901 0.4926479 0.4941407 0.4941407 0.4927409 0.4926719 0.4945091 0.4942654 0.4945091 0.4941287 0.5025468 0.4975870 0.4997726 0.0020754 0.0014391 0.0024139 0.0017568 0.0011285 0.0019738 0.0025195 0.0016551 0.0005079 0.0019715 0.0012380 0.0009201 0.0016469 0.0000000 
