29
HM585496_Human_herpesvirus_1 0.0000000 0.0056599 0.0083773 0.0005921 0.0005920 0.0062604 0.0099841 0.0002946 0.0071284 0.0003931 0.0005918 0.0002946 0.0058837 0.0097268 0.0100554 0.4847582 0.4849152 0.4839500 0.4848147 0.4818944 0.4835637 0.4820611 0.4831664 0.4844052 0.4852208 0.4824755 0.4844852 0.4820764 0.4844052 
HM585497_Human_herpesvirus_1 0.0056599 0.0000000 0.0069452 0.0058875 0.0058875 0.0065068 0.0074671 0.0055437 0.0100995 0.0055437 0.0058851 0.0055437 0.0087622 0.0073433 0.0080734 0.4833974 0.4835535 0.4825884 0.4834540 0.4805305 0.4822009 0.4805848 0.4818049 0.4830439 0.4838601 0.4811112 0.4831225 0.4807132 0.4830439 
HM585498_Human_herpesvirus_1 0.0083773 0.0069452 0.0000000 0.0086215 0.0086215 0.0085056 0.0070524 0.0080225 0.0113831 0.0081363 0.0086179 0.0080225 0.0110086 0.0058362 0.0013064 0.4839827 0.4841391 0.4831744 0.4840392 0.4811183 0.4827875 0.4812844 0.4819850 0.4836295 0.4844452 0.4816989 0.4837087 0.4813006 0.4836295 
HM585499_Human_herpesvirus_1 0.0005921 0.0058875 0.0086215 0.0000000 0.0000010 0.0064923 0.0102359 0.0004925 0.0073639 0.0005914 0.0007914 0.0004925 0.0061125 0.0099791 0.0103110 0.4848304 0.4849875 0.4840220 0.4848870 0.4819657 0.4836355 0.4821325 0.4832381 0.4844773 0.4852932 0.4825471 0.4845574 0.4821477 0.4844773 
HM585500_Human_herpesvirus_1 0.0005920 0.0058875 0.0086215 0.0000010 0.0000000 0.0064923 0.0102359 0.0004925 0.0073639 0.0005914 0.0007914 0.0004925 0.0061125 0.0099791 0.0103110 0.4855031 0.4856607 0.4846947 0.4855596 0.4826388 0.4843087 0.4828061 0.4839105 0.4851501 0.4859660 0.4832207 0.4852308 0.4828206 0.4851501 
HM585501_Human_herpesvirus_1 0.0062604 0.0065068 0.0085056 0.0064923 0.0064923 0.0000000 0.0079476 0.0059215 0.0095240 0.0060312 0.0064896 0.0059215 0.0083139 0.0081643 0.0089360 0.4832978 0.4834535 0.4824904 0.4833543 0.4804365 0.4821036 0.4806019 0.4817085 0.4829449 0.4837595 0.4810160 0.4830234 0.4806189 0.4829449 
HM585502_Human_herpesvirus_1 0.0099841 0.0074671 0.0070524 0.0102359 0.0102359 0.0079476 0.0000000 0.0096185 0.0115728 0.0096185 0.0102316 0.0096185 0.0104298 0.0077939 0.0069917 0.4866750 0.4864349 0.4858672 0.4867315 0.4838127 0.4854820 0.4839808 0.4850827 0.4863224 0.4871380 0.4839965 0.4860055 0.4835957 0.4863224 
HM585503_Human_herpesvirus_1 0.0002946 0.0055437 0.0080225 0.0004925 0.0004925 0.0059215 0.0096185 0.0000000 0.0070074 0.0000010 0.0004923 0.0000010 0.0057667 0.0095957 0.0096843 0.4841210 0.4842775 0.4833126 0.4841775 0.4812566 0.4829259 0.4814228 0.4825294 0.4837678 0.4845835 0.4818373 0.4838472 0.4814389 0.4837678 
HM585504_Human_herpesvirus_1 0.0071284 0.0100995 0.0113831 0.0073639 0.0073639 0.0095240 0.0115728 0.0070074 0.0000000 0.0070074 0.0073608 0.0070074 0.0039981 0.0124383 0.0121332 0.4837895 0.4839455 0.4829820 0.4838459 0.4809282 0.4825955 0.4810939 0.4821998 0.4834366 0.4842513 0.4815080 0.4835156 0.4811104 0.4834366 
HM585505_Human_herpesvirus_1 0.0003931 0.0055437 0.0081363 0.0005914 0.0005914 0.0060312 0.0096185 0.0000010 0.0070074 0.0000000 0.0005912 0.0000010 0.0057667 0.0095957 0.0096843 0.4844619 0.4846187 0.4836536 0.4845184 0.4815979 0.4832671 0.4817643 0.4828702 0.4841088 0.4849244 0.4821788 0.4841885 0.4817800 0.4841088 
HM585506_Human_herpesvirus_1 0.0005918 0.0058851 0.0086179 0.0007914 0.0007914 0.0064896 0.0102316 0.0004923 0.0073608 0.0005912 0.0000000 0.0004923 0.0061099 0.0099749 0.0103067 0.4852242 0.4853817 0.4844158 0.4852808 0.4823598 0.4840296 0.4825268 0.4836318 0.4848712 0.4856871 0.4829414 0.4849516 0.4825416 0.4848712 
HM585507_Human_herpesvirus_1 0.0002946 0.0055437 0.0080225 0.0004925 0.0004925 0.0059215 0.0096185 0.0000010 0.0070074 0.0000010 0.0004923 0.0000000 0.0057667 0.0095957 0.0096843 0.4841210 0.4842775 0.4833126 0.4841775 0.4812566 0.4829259 0.4814228 0.4825294 0.4837678 0.4845835 0.4818373 0.4838472 0.4814389 0.4837678 
HM585509_Human_herpesvirus_1 0.0058837 0.0087622 0.0110086 0.0061125 0.0061125 0.0083139 0.0104298 0.0057667 0.0039981 0.0057667 0.0061099 0.0057667 0.0000000 0.0114091 0.0112129 0.4815601 0.4817145 0.4807520 0.4816166 0.4786963 0.4803640 0.4788050 0.4799707 0.4812067 0.4820216 0.4792749 0.4812835 0.4788797 0.4812067 
HM585510_Human_herpesvirus_1 0.0097268 0.0073433 0.0058362 0.0099791 0.0099791 0.0081643 0.0077939 0.0095957 0.0124383 0.0095957 0.0099749 0.0095957 0.0114091 0.0000000 0.0059938 0.4849606 0.4851177 0.4841531 0.4850171 0.4820993 0.4837672 0.4821544 0.4829642 0.4846080 0.4854229 0.4826801 0.4846880 0.4822810 0.4846080 
HM585511_Human_herpesvirus_1 0.0100554 0.0080734 0.0013064 0.0103110 0.0103110 0.0089360 0.0069917 0.0096843 0.0121332 0.0096843 0.0103067 0.0096843 0.0112129 0.0059938 0.0000000 0.4821839 0.4823387 0.4813766 0.4822403 0.4793231 0.4809893 0.4794876 0.4801902 0.4818310 0.4826452 0.4799016 0.4819083 0.4795060 0.4818310 
KR135299_Human_herpesvirus_2 0.4847582 0.4833974 0.4839827 0.4848304 0.4855031 0.4832978 0.4866750 0.4841210 0.4837895 0.4844619 0.4852242 0.4841210 0.4815601 0.4849606 0.4821839 0.0000000 0.0031693 0.0012355 0.0012365 0.0020849 0.0027275 0.0033930 0.0033845 0.0021932 0.0010279 0.0032843 0.0032809 0.0028528 0.0021932 
KR135300_Human_herpesvirus_2 0.4849152 0.4835535 0.4841391 0.4849875 0.4856607 0.4834535 0.4864349 0.4842775 0.4839455 0.4846187 0.4853817 0.4842775 0.4817145 0.4851177 0.4823387 0.0031693 0.0000000 0.0025190 0.0029467 0.0016594 0.0027240 0.0020793 0.0033959 0.0021811 0.0027317 0.0007156 0.0003048 0.0015526 0.0021811 
KR135301_Human_herpesvirus_2 0.4839500 0.4825884 0.4831744 0.4840220 0.4846947 0.4824904 0.4858672 0.4833126 0.4829820 0.4836536 0.4844158 0.4833126 0.4807520 0.4841531 0.4813766 0.0012355 0.0025190 0.0000000 0.0016554 0.0012370 0.0022967 0.0025164 0.0029470 0.0030536 0.0010257 0.0026313 0.0026286 0.0024201 0.0030536 
KR135302_Human_herpesvirus_2 0.4848147 0.4834540 0.4840392 0.4848870 0.4855596 0.4833543 0.4867315 0.4841775 0.4838459 0.4845184 0.4852808 0.4841775 0.4816166 0.4850171 0.4822403 0.0012365 0.0029467 0.0016554 0.0000000 0.0016601 0.0027236 0.0033881 0.0033900 0.0021917 0.0012384 0.0030605 0.0030574 0.0026333 0.0021917 
KR135303_Human_herpesvirus_2 0.4818944 0.4805305 0.4811183 0.4819657 0.4826388 0.4804365 0.4838127 0.4812566 0.4809282 0.4815979 0.4823598 0.4812566 0.4786963 0.4820993 0.4793231 0.0020849 0.0016594 0.0012370 0.0016601 0.0000000 0.0022997 0.0020829 0.0025134 0.0023988 0.0018693 0.0019792 0.0017653 0.0013493 0.0023988 
KR135304_Human_herpesvirus_2 0.4835637 0.4822009 0.4827875 0.4836355 0.4843087 0.4821036 0.4854820 0.4829259 0.4825955 0.4832671 0.4840296 0.4829259 0.4803640 0.4837672 0.4809893 0.0027275 0.0027240 0.0022967 0.0027236 0.0022997 0.0000000 0.0027295 0.0033987 0.0032608 0.0022953 0.0026223 0.0028338 0.0028406 0.0032608 
KR135305_Human_herpesvirus_2 0.4820611 0.4805848 0.4812844 0.4821325 0.4828061 0.4806019 0.4839808 0.4814228 0.4810939 0.4817643 0.4825268 0.4814228 0.4788050 0.4821544 0.4794876 0.0033930 0.0020793 0.0025164 0.0033881 0.0020829 0.0027295 0.0000000 0.0031751 0.0030462 0.0027289 0.0019776 0.0021871 0.0026264 0.0030462 
KR135306_Human_herpesvirus_2 0.4831664 0.4818049 0.4819850 0.4832381 0.4839105 0.4817085 0.4850827 0.4825294 0.4821998 0.4828702 0.4836318 0.4825294 0.4799707 0.4829642 0.4801902 0.0033845 0.0033959 0.0029470 0.0033900 0.0025134 0.0033987 0.0031751 0.0000000 0.0037231 0.0031705 0.0030700 0.0035083 0.0037391 0.0037231 
KR135307_Human_herpesvirus_2 0.4844052 0.4830439 0.4836295 0.4844773 0.4851501 0.4829449 0.4863224 0.4837678 0.4834366 0.4841088 0.4848712 0.4837678 0.4812067 0.4846080 0.4818310 0.0021932 0.0021811 0.0030536 0.0021917 0.0023988 0.0032608 0.0030462 0.0037231 0.0000000 0.0021917 0.0022914 0.0022891 0.0027205 0.0000010 
KR135315_Human_herpesvirus_2 0.4852208 0.4838601 0.4844452 0.4852932 0.4859660 0.4837595 0.4871380 0.4845835 0.4842513 0.4849244 0.4856871 0.4845835 0.4820216 0.4854229 0.4826452 0.0010279 0.0027317 0.0010257 0.0012384 0.0018693 0.0022953 0.0027289 0.0031705 0.0021917 0.0000000 0.0028448 0.0028419 0.0028487 0.0021917 
KR135316_Human_herpesvirus_2 0.4824755 0.4811112 0.4816989 0.4825471 0.4832207 0.4810160 0.4839965 0.4818373 0.4815080 0.4821788 0.4829414 0.4818373 0.4792749 0.4826801 0.4799016 0.0032843 0.0007156 0.0026313 0.0030605 0.0019792 0.0026223 0.0019776 0.0030700 0.0022914 0.0028448 0.0000000 0.0008193 0.0018713 0.0022914 
KR135317_Human_herpesvirus_2 0.4844852 0.4831225 0.4837087 0.4845574 0.4852308 0.4830234 0.4860055 0.4838472 0.4835156 0.4841885 0.4849516 0.4838472 0.4812835 0.4846880 0.4819083 0.0032809 0.0003048 0.0026286 0.0030574 0.0017653 0.0028338 0.0021871 0.0035083 0.0022891 0.0028419 0.0008193 0.0000000 0.0016590 0.0022891 
KR135318_Human_herpesvirus_2 0.4820764 0.4807132 0.4813006 0.4821477 0.4828206 0.4806189 0.4835957 0.4814389 0.4811104 0.4817800 0.4825416 0.4814389 0.4788797 0.4822810 0.4795060 0.0028528 0.0015526 0.0024201 0.0026333 0.0013493 0.0028406 0.0026264 0.0037391 0.0027205 0.0028487 0.0018713 0.0016590 0.0000000 0.0027205 
KR135319_Human_herpesvirus_2 0.4844052 0.4830439 0.4836295 0.4844773 0.4851501 0.4829449 0.4863224 0.4837678 0.4834366 0.4841088 0.4848712 0.4837678 0.4812067 0.4846080 0.4818310 0.0021932 0.0021811 0.0030536 0.0021917 0.0023988 0.0032608 0.0030462 0.0037231 0.0000010 0.0021917 0.0022914 0.0022891 0.0027205 0.0000000 
