29
HM585496_Human_herpesvirus_1 0.0000000 0.0113668 0.0158991 0.0017193 0.0017193 0.0145317 0.0164666 0.0021255 0.0019182 0.0021255 0.0013070 0.0022277 0.0292774 0.0136638 0.0188985 1.5150487 1.5004440 1.4613865 1.5010099 1.4513843 1.4603947 1.4755246 1.4545828 1.5134104 1.5059332 1.4779237 1.4593763 1.5027721 1.5145567 
HM585497_Human_herpesvirus_1 0.0113668 0.0000000 0.0116588 0.0100900 0.0100900 0.0088155 0.0115266 0.0104285 0.0106434 0.0104285 0.0105536 0.0105410 0.0232256 0.0096482 0.0124724 1.4909991 1.4767089 1.4534054 1.4797491 1.4438458 1.4541100 1.4688661 1.4447391 1.4898801 1.4821857 1.4572513 1.4523244 1.4796415 1.4897710 
HM585498_Human_herpesvirus_1 0.0158991 0.0116588 0.0000000 0.0155379 0.0155379 0.0096262 0.0069734 0.0149047 0.0153857 0.0149047 0.0153869 0.0150231 0.0232018 0.0115361 0.0004038 1.5047977 1.4868072 1.4672811 1.4887241 1.4564163 1.4662217 1.4774549 1.4585772 1.5022545 1.4926867 1.4707653 1.4651666 1.4873200 1.5043172 
HM585499_Human_herpesvirus_1 0.0017193 0.0100900 0.0155379 0.0000000 0.0000010 0.0136039 0.0154945 0.0020243 0.0018187 0.0020243 0.0013095 0.0021265 0.0282965 0.0136707 0.0177789 1.5129887 1.4983477 1.4639466 1.4988772 1.4537435 1.4629419 1.4781063 1.4571384 1.5113478 1.5038482 1.4765334 1.4619183 1.5013022 1.5124985 
HM585500_Human_herpesvirus_1 0.0017193 0.0100900 0.0155379 0.0000010 0.0000000 0.0136039 0.0154945 0.0020241 0.0018187 0.0020241 0.0013095 0.0021263 0.0282965 0.0136707 0.0177789 1.5127810 1.4981415 1.4637391 1.4986702 1.4535353 1.4627354 1.4778967 1.4569315 1.5111404 1.5036412 1.4763277 1.4617124 1.5010955 1.5122912 
HM585501_Human_herpesvirus_1 0.0145317 0.0088155 0.0096262 0.0136039 0.0136039 0.0000000 0.0094985 0.0135637 0.0138941 0.0135637 0.0140442 0.0136796 0.0238970 0.0096257 0.0106150 1.5011112 1.4868798 1.4577318 1.4886086 1.4458706 1.4559734 1.4713196 1.4501613 1.4987015 1.4923354 1.4645465 1.4558222 1.4888325 1.5014680 
HM585502_Human_herpesvirus_1 0.0164666 0.0115266 0.0069734 0.0154945 0.0154945 0.0094985 0.0000000 0.0152048 0.0154716 0.0152048 0.0159517 0.0153231 0.0224933 0.0112742 0.0069688 1.5026443 1.4848203 1.4661167 1.4855701 1.4538075 1.4696666 1.4771548 1.4585490 1.5002421 1.4906881 1.4729486 1.4631266 1.4826127 1.5021678 
HM585503_Human_herpesvirus_1 0.0021255 0.0104285 0.0149047 0.0020243 0.0020241 0.0135637 0.0152048 0.0000000 0.0022245 0.0000010 0.0017134 0.0000992 0.0281792 0.0129144 0.0181153 1.5231160 1.5085099 1.4696475 1.5091079 1.4597196 1.4686168 1.4838150 1.4628485 1.5214724 1.5140090 1.4860556 1.4675848 1.5114639 1.5226125 
HM585504_Human_herpesvirus_1 0.0019182 0.0106434 0.0153857 0.0018187 0.0018187 0.0138941 0.0154716 0.0022245 0.0000000 0.0022245 0.0015082 0.0023267 0.0274515 0.0132605 0.0189443 1.5160955 1.5016942 1.4610263 1.5029812 1.4507939 1.4608828 1.4776366 1.4544490 1.5140542 1.5062992 1.4788206 1.4600107 1.5023628 1.5141244 
HM585505_Human_herpesvirus_1 0.0021255 0.0104285 0.0149047 0.0020243 0.0020241 0.0135637 0.0152048 0.0000010 0.0022245 0.0000000 0.0017134 0.0000992 0.0281792 0.0129144 0.0181153 1.5236694 1.5090655 1.4702228 1.5096656 1.4603017 1.4691895 1.4843900 1.4634252 1.5220256 1.5145644 1.4866193 1.4681568 1.5120193 1.5231651 
HM585506_Human_herpesvirus_1 0.0013070 0.0105536 0.0153869 0.0013095 0.0013095 0.0140442 0.0159517 0.0017134 0.0015082 0.0017134 0.0000000 0.0018150 0.0280933 0.0131787 0.0183668 1.5138299 1.4992200 1.4636715 1.5004044 1.4549428 1.4635156 1.4780173 1.4577209 1.5121919 1.5054816 1.4789524 1.4632267 1.5007150 1.5133396 
HM585507_Human_herpesvirus_1 0.0022277 0.0105410 0.0150231 0.0021265 0.0021263 0.0136796 0.0153231 0.0000992 0.0023267 0.0000992 0.0018150 0.0000000 0.0283147 0.0130301 0.0182373 1.5238870 1.5092815 1.4704398 1.5098825 1.4605196 1.4694054 1.4846093 1.4636416 1.5222429 1.5147812 1.4868347 1.4683722 1.5122358 1.5233823 
HM585509_Human_herpesvirus_1 0.0292774 0.0232256 0.0232018 0.0282965 0.0282965 0.0238970 0.0224933 0.0281792 0.0274515 0.0281792 0.0280933 0.0283147 0.0000000 0.0238964 0.0254205 1.5137088 1.4979446 1.4846132 1.5014591 1.4714871 1.4871953 1.4966830 1.4739322 1.5086805 1.5037376 1.4875823 1.4806583 1.4981538 1.5136897 
HM585510_Human_herpesvirus_1 0.0136638 0.0096482 0.0115361 0.0136707 0.0136707 0.0096257 0.0112742 0.0129144 0.0132605 0.0129144 0.0131787 0.0130301 0.0238964 0.0000000 0.0115282 1.5116461 1.4965320 1.4712234 1.5014184 1.4610273 1.4701952 1.4849152 1.4612058 1.5095961 1.5019916 1.4751951 1.4674591 1.4982876 1.5112239 
HM585511_Human_herpesvirus_1 0.0188985 0.0124724 0.0004038 0.0177789 0.0177789 0.0106150 0.0069688 0.0181153 0.0189443 0.0181153 0.0183668 0.0182373 0.0254205 0.0115282 0.0000000 1.5307802 1.5138223 1.4820005 1.5118136 1.4736269 1.4808195 1.4925608 1.4734418 1.5303903 1.5196690 1.5003137 1.4806528 1.5128763 1.5303337 
KR135299_Human_herpesvirus_2 1.5150487 1.4909991 1.5047977 1.5129887 1.5127810 1.5011112 1.5026443 1.5231160 1.5160955 1.5236694 1.5138299 1.5238870 1.5137088 1.5116461 1.5307802 0.0000000 0.0054459 0.0028906 0.0052198 0.0032855 0.0048449 0.0074493 0.0039999 0.0037224 0.0034983 0.0068896 0.0045930 0.0036176 0.0033612 
KR135300_Human_herpesvirus_2 1.5004440 1.4767089 1.4868072 1.4983477 1.4981415 1.4868798 1.4848203 1.5085099 1.5016942 1.5090655 1.4992200 1.5092815 1.4979446 1.4965320 1.5138223 0.0054459 0.0000000 0.0041168 0.0052137 0.0026689 0.0050931 0.0065204 0.0032498 0.0025400 0.0027812 0.0051270 0.0023707 0.0052011 0.0024250 
KR135301_Human_herpesvirus_2 1.4613865 1.4534054 1.4672811 1.4639466 1.4637391 1.4577318 1.4661167 1.4696475 1.4610263 1.4702228 1.4636715 1.4704398 1.4846132 1.4712234 1.4820005 0.0028906 0.0041168 0.0000000 0.0042570 0.0039092 0.0053986 0.0051557 0.0048659 0.0033685 0.0030022 0.0081020 0.0038722 0.0040016 0.0029974 
KR135302_Human_herpesvirus_2 1.5010099 1.4797491 1.4887241 1.4988772 1.4986702 1.4886086 1.4855701 1.5091079 1.5029812 1.5096656 1.5004044 1.5098825 1.5014591 1.5014184 1.5118136 0.0052198 0.0052137 0.0042570 0.0000000 0.0032882 0.0062487 0.0070537 0.0032574 0.0043533 0.0043592 0.0062783 0.0032335 0.0043579 0.0039832 
KR135303_Human_herpesvirus_2 1.4513843 1.4438458 1.4564163 1.4537435 1.4535353 1.4458706 1.4538075 1.4597196 1.4507939 1.4603017 1.4549428 1.4605196 1.4714871 1.4610273 1.4736269 0.0032855 0.0026689 0.0039092 0.0032882 0.0000000 0.0051802 0.0043075 0.0020486 0.0012007 0.0014424 0.0045513 0.0022991 0.0024247 0.0013212 
KR135304_Human_herpesvirus_2 1.4603947 1.4541100 1.4662217 1.4629419 1.4627354 1.4559734 1.4696666 1.4686168 1.4608828 1.4691895 1.4635156 1.4694054 1.4871953 1.4701952 1.4808195 0.0048449 0.0050931 0.0053986 0.0062487 0.0051802 0.0000000 0.0046370 0.0056472 0.0054740 0.0052220 0.0053888 0.0059900 0.0049791 0.0050866 
KR135305_Human_herpesvirus_2 1.4755246 1.4688661 1.4774549 1.4781063 1.4778967 1.4713196 1.4771548 1.4838150 1.4776366 1.4843900 1.4780173 1.4846093 1.4966830 1.4849152 1.4925608 0.0074493 0.0065204 0.0051557 0.0070537 0.0043075 0.0046370 0.0000000 0.0046385 0.0075832 0.0069430 0.0066665 0.0047757 0.0070557 0.0071829 
KR135306_Human_herpesvirus_2 1.4545828 1.4447391 1.4585772 1.4571384 1.4569315 1.4501613 1.4585490 1.4628485 1.4544490 1.4634252 1.4577209 1.4636416 1.4739322 1.4612058 1.4734418 0.0039999 0.0032498 0.0048659 0.0032574 0.0020486 0.0056472 0.0046385 0.0000000 0.0025155 0.0026404 0.0061440 0.0028823 0.0033790 0.0021517 
KR135307_Human_herpesvirus_2 1.5134104 1.4898801 1.5022545 1.5113478 1.5111404 1.4987015 1.5002421 1.5214724 1.5140542 1.5220256 1.5121919 1.5222429 1.5086805 1.5095961 1.5303903 0.0037224 0.0025400 0.0033685 0.0043533 0.0012007 0.0054740 0.0075832 0.0025155 0.0000000 0.0012579 0.0055098 0.0018897 0.0042192 0.0003395 
KR135315_Human_herpesvirus_2 1.5059332 1.4821857 1.4926867 1.5038482 1.5036412 1.4923354 1.4906881 1.5140090 1.5062992 1.5145644 1.5054816 1.5147812 1.5037376 1.5019916 1.5196690 0.0034983 0.0027812 0.0030022 0.0043592 0.0014424 0.0052220 0.0069430 0.0026404 0.0012579 0.0000000 0.0053912 0.0020124 0.0043492 0.0011438 
KR135316_Human_herpesvirus_2 1.4779237 1.4572513 1.4707653 1.4765334 1.4763277 1.4645465 1.4729486 1.4860556 1.4788206 1.4866193 1.4789524 1.4868347 1.4875823 1.4751951 1.5003137 0.0068896 0.0051270 0.0081020 0.0062783 0.0045513 0.0053888 0.0066665 0.0061440 0.0055098 0.0053912 0.0000000 0.0061659 0.0068834 0.0056320 
KR135317_Human_herpesvirus_2 1.4593763 1.4523244 1.4651666 1.4619183 1.4617124 1.4558222 1.4631266 1.4675848 1.4600107 1.4681568 1.4632267 1.4683722 1.4806583 1.4674591 1.4806528 0.0045930 0.0023707 0.0038722 0.0032335 0.0022991 0.0059900 0.0047757 0.0028823 0.0018897 0.0020124 0.0061659 0.0000000 0.0040938 0.0016510 
KR135318_Human_herpesvirus_2 1.5027721 1.4796415 1.4873200 1.5013022 1.5010955 1.4888325 1.4826127 1.5114639 1.5023628 1.5120193 1.5007150 1.5122358 1.4981538 1.4982876 1.5128763 0.0036176 0.0052011 0.0040016 0.0043579 0.0024247 0.0049791 0.0070557 0.0033790 0.0042192 0.0043492 0.0068834 0.0040938 0.0000000 0.0037345 
KR135319_Human_herpesvirus_2 1.5145567 1.4897710 1.5043172 1.5124985 1.5122912 1.5014680 1.5021678 1.5226125 1.5141244 1.5231651 1.5133396 1.5233823 1.5136897 1.5112239 1.5303337 0.0033612 0.0024250 0.0029974 0.0039832 0.0013212 0.0050866 0.0071829 0.0021517 0.0003395 0.0011438 0.0056320 0.0016510 0.0037345 0.0000000 
