28
HM585496_Human_herpesvirus_1 0.0000000 0.0029413 0.0073070 0.0007934 0.0007934 0.0070773 0.0099081 0.0007929 0.0105730 0.0007929 0.0010942 0.0106623 0.0089919 0.0085889 0.5752922 0.5792967 0.5754142 0.5786662 0.5792006 0.5776426 0.5758778 0.5775660 0.5790521 0.5800861 0.5786397 0.5798715 0.5786042 0.5791165 
HM585497_Human_herpesvirus_1 0.0029413 0.0000000 0.0045333 0.0027320 0.0027320 0.0049630 0.0074366 0.0027309 0.0097183 0.0027309 0.0030450 0.0103943 0.0061062 0.0057428 0.5747355 0.5787385 0.5748573 0.5781094 0.5786422 0.5770854 0.5753214 0.5770090 0.5784944 0.5795279 0.5780818 0.5793135 0.5780468 0.5785587 
HM585498_Human_herpesvirus_1 0.0073070 0.0045333 0.0000000 0.0070788 0.0070788 0.0060694 0.0061699 0.0070749 0.0110478 0.0070749 0.0074188 0.0121124 0.0046543 0.0012969 0.5767356 0.5801317 0.5753836 0.5795007 0.5800363 0.5784796 0.5767172 0.5781088 0.5795928 0.5809196 0.5794759 0.5807051 0.5794396 0.5796572 
HM585499_Human_herpesvirus_1 0.0007934 0.0027320 0.0070788 0.0000000 0.0000010 0.0068502 0.0096679 0.0001972 0.0104444 0.0001972 0.0005938 0.0105358 0.0087550 0.0083547 0.5746607 0.5786631 0.5747825 0.5780342 0.5785668 0.5770103 0.5752466 0.5769339 0.5784191 0.5794525 0.5780065 0.5792381 0.5779716 0.5784835 
HM585500_Human_herpesvirus_1 0.0007934 0.0027320 0.0070788 0.0000010 0.0000000 0.0068502 0.0096679 0.0001972 0.0104444 0.0001972 0.0005938 0.0105358 0.0087550 0.0083547 0.5746607 0.5786631 0.5747825 0.5780342 0.5785668 0.5770103 0.5752466 0.5769339 0.5784191 0.5794525 0.5780065 0.5792381 0.5779716 0.5784835 
HM585501_Human_herpesvirus_1 0.0070773 0.0049630 0.0060694 0.0068502 0.0068502 0.0000000 0.0060690 0.0068465 0.0120575 0.0068465 0.0071887 0.0125495 0.0057667 0.0046360 0.5758945 0.5798904 0.5751454 0.5792602 0.5797949 0.5782396 0.5764784 0.5781629 0.5796459 0.5806779 0.5792350 0.5804636 0.5791990 0.5797103 
HM585502_Human_herpesvirus_1 0.0099081 0.0074366 0.0061699 0.0096679 0.0096679 0.0060690 0.0000000 0.0096623 0.0117799 0.0096623 0.0100255 0.0125277 0.0045292 0.0051749 0.5757520 0.5797508 0.5758740 0.5791205 0.5796552 0.5780989 0.5763365 0.5780222 0.5795063 0.5805390 0.5790949 0.5803245 0.5790590 0.5795707 
HM585503_Human_herpesvirus_1 0.0007929 0.0027309 0.0070749 0.0001972 0.0001972 0.0068465 0.0096623 0.0000000 0.0103229 0.0000010 0.0004944 0.0104125 0.0087500 0.0083500 0.5744061 0.5784090 0.5745278 0.5777805 0.5783125 0.5767562 0.5749922 0.5766798 0.5781651 0.5791986 0.5777523 0.5789843 0.5777176 0.5782295 
HM585504_Human_herpesvirus_1 0.0105730 0.0097183 0.0110478 0.0104444 0.0104444 0.0120575 0.0117799 0.0103229 0.0000000 0.0103229 0.0109284 0.0061383 0.0118486 0.0121798 0.5829334 0.5869190 0.5830577 0.5862983 0.5868271 0.5852588 0.5835133 0.5851799 0.5866689 0.5877057 0.5862868 0.5874890 0.5862192 0.5867341 
HM585505_Human_herpesvirus_1 0.0007929 0.0027309 0.0070749 0.0001972 0.0001972 0.0068465 0.0096623 0.0000010 0.0103229 0.0000000 0.0004944 0.0104125 0.0087500 0.0083500 0.5744061 0.5784090 0.5745278 0.5777805 0.5783125 0.5767562 0.5749922 0.5766798 0.5781651 0.5791986 0.5777523 0.5789843 0.5777176 0.5782295 
HM585506_Human_herpesvirus_1 0.0010942 0.0030450 0.0074188 0.0005938 0.0005938 0.0071887 0.0100255 0.0004944 0.0109284 0.0004944 0.0000000 0.0106563 0.0091078 0.0087035 0.5744476 0.5784492 0.5745692 0.5778208 0.5783527 0.5767968 0.5750335 0.5767205 0.5782054 0.5792385 0.5777927 0.5790242 0.5777580 0.5782697 
HM585509_Human_herpesvirus_1 0.0106623 0.0103943 0.0121124 0.0105358 0.0105358 0.0125495 0.0125277 0.0104125 0.0061383 0.0104125 0.0106563 0.0000000 0.0126768 0.0131767 0.5811013 0.5842598 0.5812249 0.5836196 0.5845942 0.5830302 0.5812656 0.5829521 0.5844390 0.5854736 0.5836029 0.5848307 0.5839906 0.5845039 
HM585510_Human_herpesvirus_1 0.0089919 0.0061062 0.0046543 0.0087550 0.0087550 0.0057667 0.0045292 0.0087500 0.0118486 0.0087500 0.0091078 0.0126768 0.0000000 0.0043322 0.5770869 0.5802126 0.5754667 0.5795816 0.5801172 0.5785612 0.5767996 0.5784845 0.5799678 0.5810001 0.5795570 0.5807856 0.5795207 0.5800322 
HM585511_Human_herpesvirus_1 0.0085889 0.0057428 0.0012969 0.0083547 0.0083547 0.0046360 0.0051749 0.0083500 0.0121798 0.0083500 0.0087035 0.0131767 0.0043322 0.0000000 0.5746613 0.5780571 0.5733097 0.5774301 0.5779605 0.5764067 0.5746453 0.5760364 0.5775196 0.5788458 0.5774012 0.5786318 0.5773670 0.5775838 
KR135299_Human_herpesvirus_2 0.5752922 0.5747355 0.5767356 0.5746607 0.5746607 0.5758945 0.5757520 0.5744061 0.5829334 0.5744061 0.5744476 0.5811013 0.5770869 0.5746613 0.0000000 0.0029131 0.0012214 0.0030213 0.0017443 0.0018435 0.0021581 0.0018470 0.0016343 0.0024740 0.0027017 0.0029141 0.0023690 0.0016343 
KR135300_Human_herpesvirus_2 0.5792967 0.5787385 0.5801317 0.5786631 0.5786631 0.5798904 0.5797508 0.5784090 0.5869190 0.5784090 0.5784492 0.5842598 0.5802126 0.5780571 0.0029131 0.0000000 0.0029161 0.0027861 0.0029210 0.0031272 0.0033495 0.0027069 0.0035608 0.0026966 0.0007078 0.0004028 0.0025908 0.0035608 
KR135301_Human_herpesvirus_2 0.5754142 0.5748573 0.5753836 0.5747825 0.5747825 0.5751454 0.5758740 0.5745278 0.5830577 0.5745278 0.5745692 0.5812249 0.5754667 0.5733097 0.0012214 0.0029161 0.0000000 0.0028050 0.0015368 0.0020536 0.0023700 0.0020535 0.0018438 0.0020553 0.0022789 0.0029171 0.0021600 0.0018438 
KR135302_Human_herpesvirus_2 0.5786662 0.5781094 0.5795007 0.5780342 0.5780342 0.5792602 0.5791205 0.5777805 0.5862983 0.5777805 0.5778208 0.5836196 0.5795816 0.5774301 0.0030213 0.0027861 0.0028050 0.0000000 0.0039025 0.0038883 0.0041121 0.0032416 0.0043294 0.0036702 0.0024726 0.0027862 0.0039941 0.0043298 
KR135303_Human_herpesvirus_2 0.5792006 0.5786422 0.5800363 0.5785668 0.5785668 0.5797949 0.5796552 0.5783125 0.5868271 0.5783125 0.5783527 0.5845942 0.5801172 0.5779605 0.0017443 0.0029210 0.0015368 0.0039025 0.0000000 0.0022658 0.0029045 0.0020607 0.0017406 0.0016361 0.0026027 0.0029217 0.0019477 0.0017406 
KR135304_Human_herpesvirus_2 0.5776426 0.5770854 0.5784796 0.5770103 0.5770103 0.5782396 0.5780989 0.5767562 0.5852588 0.5767562 0.5767968 0.5830302 0.5785612 0.5764067 0.0018435 0.0031272 0.0020536 0.0038883 0.0022658 0.0000000 0.0022590 0.0018412 0.0016318 0.0022571 0.0032396 0.0031273 0.0019427 0.0016318 
KR135305_Human_herpesvirus_2 0.5758778 0.5753214 0.5767172 0.5752466 0.5752466 0.5764784 0.5763365 0.5749922 0.5835133 0.5749922 0.5750335 0.5812656 0.5767996 0.5746453 0.0021581 0.0033495 0.0023700 0.0041121 0.0029045 0.0022590 0.0000000 0.0024740 0.0026826 0.0028942 0.0032435 0.0033500 0.0027883 0.0026826 
KR135306_Human_herpesvirus_2 0.5775660 0.5770090 0.5781088 0.5769339 0.5769339 0.5781629 0.5780222 0.5766798 0.5851799 0.5766798 0.5767205 0.5829521 0.5784845 0.5760364 0.0018470 0.0027069 0.0020535 0.0032416 0.0020607 0.0018412 0.0024740 0.0000000 0.0022607 0.0020528 0.0030320 0.0027076 0.0017405 0.0022609 
KR135307_Human_herpesvirus_2 0.5790521 0.5784944 0.5795928 0.5784191 0.5784191 0.5796459 0.5795063 0.5781651 0.5866689 0.5781651 0.5782054 0.5844390 0.5799678 0.5775196 0.0016343 0.0035608 0.0018438 0.0043294 0.0017406 0.0016318 0.0026826 0.0022607 0.0000000 0.0026800 0.0036753 0.0035616 0.0019457 0.0000010 
KR135315_Human_herpesvirus_2 0.5800861 0.5795279 0.5809196 0.5794525 0.5794525 0.5806779 0.5805390 0.5791986 0.5877057 0.5791986 0.5792385 0.5854736 0.5810001 0.5788458 0.0024740 0.0026966 0.0020553 0.0036702 0.0016361 0.0022571 0.0028942 0.0020528 0.0026800 0.0000000 0.0023824 0.0026972 0.0017327 0.0026800 
KR135316_Human_herpesvirus_2 0.5786397 0.5780818 0.5794759 0.5780065 0.5780065 0.5792350 0.5790949 0.5777523 0.5862868 0.5777523 0.5777927 0.5836029 0.5795570 0.5774012 0.0027017 0.0007078 0.0022789 0.0024726 0.0026027 0.0032396 0.0032435 0.0030320 0.0036753 0.0023824 0.0000000 0.0007079 0.0027000 0.0036753 
KR135317_Human_herpesvirus_2 0.5798715 0.5793135 0.5807051 0.5792381 0.5792381 0.5804636 0.5803245 0.5789843 0.5874890 0.5789843 0.5790242 0.5848307 0.5807856 0.5786318 0.0029141 0.0004028 0.0029171 0.0027862 0.0029217 0.0031273 0.0033500 0.0027076 0.0035616 0.0026972 0.0007079 0.0000000 0.0025909 0.0035616 
KR135318_Human_herpesvirus_2 0.5786042 0.5780468 0.5794396 0.5779716 0.5779716 0.5791990 0.5790590 0.5777176 0.5862192 0.5777176 0.5777580 0.5839906 0.5795207 0.5773670 0.0023690 0.0025908 0.0021600 0.0039941 0.0019477 0.0019427 0.0027883 0.0017405 0.0019457 0.0017327 0.0027000 0.0025909 0.0000000 0.0019457 
KR135319_Human_herpesvirus_2 0.5791165 0.5785587 0.5796572 0.5784835 0.5784835 0.5797103 0.5795707 0.5782295 0.5867341 0.5782295 0.5782697 0.5845039 0.5800322 0.5775838 0.0016343 0.0035608 0.0018438 0.0043298 0.0017406 0.0016318 0.0026826 0.0022609 0.0000010 0.0026800 0.0036753 0.0035616 0.0019457 0.0000000 
