29
HM585496_Human_herpesvirus_1 0.0000000 0.0139377 0.0157300 0.0032548 0.0032548 0.0157223 0.0157998 0.0005922 0.0034635 0.0005922 0.0002954 0.0005632 0.0112437 0.0133902 0.0158669 0.7272931 0.7300126 0.7285372 0.7288322 0.7280268 0.7296107 0.7293152 0.7263165 0.7278842 0.7280881 0.7280881 0.7265255 0.7257770 0.7283397 
HM585497_Human_herpesvirus_1 0.0139377 0.0000000 0.0065299 0.0127364 0.0126173 0.0076404 0.0077038 0.0144285 0.0134140 0.0144285 0.0140528 0.0151676 0.0127040 0.0074401 0.0066436 0.7250297 0.7273009 0.7262718 0.7261217 0.7261913 0.7273340 0.7270402 0.7240531 0.7256208 0.7258235 0.7258235 0.7242642 0.7235152 0.7260753 
HM585498_Human_herpesvirus_1 0.0157300 0.0065299 0.0000000 0.0143448 0.0142226 0.0067777 0.0070197 0.0162362 0.0151680 0.0162362 0.0158490 0.0161513 0.0135637 0.0082697 0.0002952 0.7270433 0.7293168 0.7282869 0.7281366 0.7282066 0.7293509 0.7290557 0.7260668 0.7276342 0.7278380 0.7278380 0.7262761 0.7255276 0.7280896 
HM585499_Human_herpesvirus_1 0.0032548 0.0127364 0.0143448 0.0000000 0.0001966 0.0129392 0.0137860 0.0032533 0.0025167 0.0032533 0.0031489 0.0036132 0.0125383 0.0137926 0.0144776 0.7319144 0.7346331 0.7331587 0.7334538 0.7331050 0.7337772 0.7334795 0.7309409 0.7325037 0.7327095 0.7327095 0.7311449 0.7303998 0.7329599 
HM585500_Human_herpesvirus_1 0.0032548 0.0126173 0.0142226 0.0001966 0.0000000 0.0128201 0.0136642 0.0032536 0.0025168 0.0032536 0.0031489 0.0036136 0.0120277 0.0136716 0.0143551 0.7311561 0.7338741 0.7324000 0.7326949 0.7323461 0.7330181 0.7327209 0.7301823 0.7317455 0.7319509 0.7319509 0.7303871 0.7296416 0.7322014 
HM585501_Human_herpesvirus_1 0.0157223 0.0076404 0.0067777 0.0129392 0.0128201 0.0000000 0.0075195 0.0162239 0.0148794 0.0162239 0.0158390 0.0160088 0.0150051 0.0055058 0.0068924 0.7251898 0.7279047 0.7264315 0.7266218 0.7263762 0.7274934 0.7271996 0.7242135 0.7266706 0.7259833 0.7259833 0.7253143 0.7245661 0.7271253 
HM585502_Human_herpesvirus_1 0.0157998 0.0077038 0.0070197 0.0137860 0.0136642 0.0075195 0.0000000 0.0163031 0.0147237 0.0163031 0.0159168 0.0159220 0.0153239 0.0075630 0.0071351 0.7260572 0.7283292 0.7272999 0.7271497 0.7272195 0.7283628 0.7280683 0.7250809 0.7266481 0.7268514 0.7268514 0.7252910 0.7245424 0.7271030 
HM585503_Human_herpesvirus_1 0.0005922 0.0144285 0.0162362 0.0032533 0.0032536 0.0162239 0.0163031 0.0000000 0.0038815 0.0000010 0.0004929 0.0000010 0.0117130 0.0138753 0.0163742 0.7271508 0.7295230 0.7283945 0.7286894 0.7278842 0.7294676 0.7291723 0.7261744 0.7277418 0.7279456 0.7279456 0.7263835 0.7256351 0.7281972 
HM585504_Human_herpesvirus_1 0.0034635 0.0134140 0.0151680 0.0025167 0.0025168 0.0148794 0.0147237 0.0038815 0.0000000 0.0038815 0.0035663 0.0043357 0.0122813 0.0141431 0.0152168 0.7329097 0.7356290 0.7341545 0.7344496 0.7341010 0.7352209 0.7349223 0.7319366 0.7334988 0.7337050 0.7337050 0.7321396 0.7313949 0.7335081 
HM585505_Human_herpesvirus_1 0.0005922 0.0144285 0.0162362 0.0032533 0.0032536 0.0162239 0.0163031 0.0000010 0.0038815 0.0000000 0.0004929 0.0000010 0.0117130 0.0138753 0.0163742 0.7271508 0.7295230 0.7283945 0.7286894 0.7278842 0.7294676 0.7291723 0.7261744 0.7277418 0.7279456 0.7279456 0.7263835 0.7256351 0.7281972 
HM585506_Human_herpesvirus_1 0.0002954 0.0140528 0.0158490 0.0031489 0.0031489 0.0158390 0.0159168 0.0004929 0.0035663 0.0004929 0.0000000 0.0004499 0.0113552 0.0135044 0.0159860 0.7269103 0.7296294 0.7281541 0.7284491 0.7276438 0.7292273 0.7289321 0.7259336 0.7275014 0.7277052 0.7277052 0.7261430 0.7253943 0.7279568 
HM585507_Human_herpesvirus_1 0.0005632 0.0151676 0.0161513 0.0036132 0.0036136 0.0160088 0.0159220 0.0000010 0.0043357 0.0000010 0.0004499 0.0000000 0.0126065 0.0140511 0.0164650 0.6758486 0.6781579 0.6772508 0.6791151 0.6772017 0.6779070 0.6777084 0.6748108 0.6761686 0.6768031 0.6768031 0.6746351 0.6741945 0.6766746 
HM585509_Human_herpesvirus_1 0.0112437 0.0127040 0.0135637 0.0125383 0.0120277 0.0150051 0.0153239 0.0117130 0.0122813 0.0117130 0.0113552 0.0126065 0.0000000 0.0122490 0.0136951 0.7299551 0.7322626 0.7312010 0.7310811 0.7307712 0.7318198 0.7315228 0.7289789 0.7305459 0.7307512 0.7307512 0.7291853 0.7284377 0.7305459 
HM585510_Human_herpesvirus_1 0.0133902 0.0074401 0.0082697 0.0137926 0.0136716 0.0055058 0.0075630 0.0138753 0.0141431 0.0138753 0.0135044 0.0140511 0.0122490 0.0000000 0.0083879 0.7233502 0.7256219 0.7245923 0.7244421 0.7245365 0.7256541 0.7253612 0.7223723 0.7248323 0.7241440 0.7241440 0.7234754 0.7227256 0.7252868 
HM585511_Human_herpesvirus_1 0.0158669 0.0066436 0.0002952 0.0144776 0.0143551 0.0068924 0.0071351 0.0163742 0.0152168 0.0163742 0.0159860 0.0164650 0.0136951 0.0083879 0.0000000 0.7269331 0.7292061 0.7281765 0.7280262 0.7280962 0.7292402 0.7289451 0.7259568 0.7275240 0.7277277 0.7277277 0.7261661 0.7254178 0.7279792 
KR135299_Human_herpesvirus_2 0.7272931 0.7250297 0.7270433 0.7319144 0.7311561 0.7251898 0.7260572 0.7271508 0.7329097 0.7271508 0.7269103 0.6758486 0.7299551 0.7233502 0.7269331 0.0000000 0.0030366 0.0005084 0.0034744 0.0014445 0.0015409 0.0017493 0.0019676 0.0015474 0.0012326 0.0012326 0.0017488 0.0020783 0.0016542 
KR135300_Human_herpesvirus_2 0.7300126 0.7273009 0.7293168 0.7346331 0.7338741 0.7279047 0.7283292 0.7295230 0.7356290 0.7295230 0.7296294 0.6781579 0.7322626 0.7256219 0.7292061 0.0030366 0.0000000 0.0035795 0.0021720 0.0037143 0.0042409 0.0038026 0.0033755 0.0029398 0.0034862 0.0034862 0.0027137 0.0039375 0.0030517 
KR135301_Human_herpesvirus_2 0.7285372 0.7262718 0.7282869 0.7331587 0.7324000 0.7264315 0.7272999 0.7283945 0.7341545 0.7283945 0.7281541 0.6772508 0.7312010 0.7245923 0.7281765 0.0005084 0.0035795 0.0000000 0.0040222 0.0019709 0.0020657 0.0022762 0.0024990 0.0020743 0.0017555 0.0017555 0.0022754 0.0026120 0.0021829 
KR135302_Human_herpesvirus_2 0.7288322 0.7261217 0.7281366 0.7334538 0.7326949 0.7266218 0.7271497 0.7286894 0.7344496 0.7286894 0.7284491 0.6791151 0.7310811 0.7244421 0.7280262 0.0034744 0.0021720 0.0040222 0.0000000 0.0041610 0.0046899 0.0045599 0.0043618 0.0045773 0.0041487 0.0041487 0.0043393 0.0047036 0.0046944 
KR135303_Human_herpesvirus_2 0.7280268 0.7261913 0.7282066 0.7331050 0.7323461 0.7263762 0.7272195 0.7278842 0.7341010 0.7278842 0.7276438 0.6772017 0.7307712 0.7245365 0.7280962 0.0014445 0.0037143 0.0019709 0.0041610 0.0000000 0.0023987 0.0026117 0.0024034 0.0017562 0.0012322 0.0012322 0.0023981 0.0029538 0.0018637 
KR135304_Human_herpesvirus_2 0.7296107 0.7273340 0.7293509 0.7337772 0.7330181 0.7274934 0.7283628 0.7294676 0.7352209 0.7294676 0.7292273 0.6779070 0.7318198 0.7256541 0.7292402 0.0015409 0.0042409 0.0020657 0.0046899 0.0023987 0.0000000 0.0024854 0.0031460 0.0022837 0.0017542 0.0017542 0.0024917 0.0028317 0.0023929 
KR135305_Human_herpesvirus_2 0.7293152 0.7270402 0.7290557 0.7334795 0.7327209 0.7271996 0.7280683 0.7291723 0.7349223 0.7291723 0.7289321 0.6777084 0.7315228 0.7253612 0.7289451 0.0017493 0.0038026 0.0022762 0.0045599 0.0026117 0.0024854 0.0000000 0.0027162 0.0027141 0.0026042 0.0026042 0.0024905 0.0028302 0.0028249 
KR135306_Human_herpesvirus_2 0.7263165 0.7240531 0.7260668 0.7309409 0.7301823 0.7242135 0.7250809 0.7261744 0.7319366 0.7261744 0.7259336 0.6748108 0.7289789 0.7223723 0.7259568 0.0019676 0.0033755 0.0024990 0.0043618 0.0024034 0.0031460 0.0027162 0.0000000 0.0025060 0.0024034 0.0024034 0.0016478 0.0015489 0.0026163 
KR135307_Human_herpesvirus_2 0.7278842 0.7256208 0.7276342 0.7325037 0.7317455 0.7266706 0.7266481 0.7277418 0.7334988 0.7277418 0.7275014 0.6761686 0.7305459 0.7248323 0.7275240 0.0015474 0.0029398 0.0020743 0.0045773 0.0017562 0.0022837 0.0027141 0.0025060 0.0000000 0.0011243 0.0011243 0.0010266 0.0021983 0.0001008 
KR135315_Human_herpesvirus_2 0.7280881 0.7258235 0.7278380 0.7327095 0.7319509 0.7259833 0.7268514 0.7279456 0.7337050 0.7279456 0.7277052 0.6768031 0.7307512 0.7241440 0.7277277 0.0012326 0.0034862 0.0017555 0.0041487 0.0012322 0.0017542 0.0026042 0.0024034 0.0011243 0.0000000 0.0000010 0.0019690 0.0025164 0.0012293 
KR135316_Human_herpesvirus_2 0.7280881 0.7258235 0.7278380 0.7327095 0.7319509 0.7259833 0.7268514 0.7279456 0.7337050 0.7279456 0.7277052 0.6768031 0.7307512 0.7241440 0.7277277 0.0012326 0.0034862 0.0017555 0.0041487 0.0012322 0.0017542 0.0026042 0.0024034 0.0011243 0.0000010 0.0000000 0.0019690 0.0025164 0.0012293 
KR135317_Human_herpesvirus_2 0.7265255 0.7242642 0.7262761 0.7311449 0.7303871 0.7253143 0.7252910 0.7263835 0.7321396 0.7263835 0.7261430 0.6746351 0.7291853 0.7234754 0.7261661 0.0017488 0.0027137 0.0022754 0.0043393 0.0023981 0.0024917 0.0024905 0.0016478 0.0010266 0.0019690 0.0019690 0.0000000 0.0013422 0.0011318 
KR135318_Human_herpesvirus_2 0.7257770 0.7235152 0.7255276 0.7303998 0.7296416 0.7245661 0.7245424 0.7256351 0.7313949 0.7256351 0.7253943 0.6741945 0.7284377 0.7227256 0.7254178 0.0020783 0.0039375 0.0026120 0.0047036 0.0029538 0.0028317 0.0028302 0.0015489 0.0021983 0.0025164 0.0025164 0.0013422 0.0000000 0.0023082 
KR135319_Human_herpesvirus_2 0.7283397 0.7260753 0.7280896 0.7329599 0.7322014 0.7271253 0.7271030 0.7281972 0.7335081 0.7281972 0.7279568 0.6766746 0.7305459 0.7252868 0.7279792 0.0016542 0.0030517 0.0021829 0.0046944 0.0018637 0.0023929 0.0028249 0.0026163 0.0001008 0.0012293 0.0012293 0.0011318 0.0023082 0.0000000 
