28
HM585496_Human_herpesvirus_1 0.0000000 0.0095184 0.0083756 0.0007899 0.0007899 0.0111478 0.0086148 0.0006906 0.0036660 0.0006906 0.0005914 0.0132320 0.0102299 0.0083756 0.6683868 0.6649423 0.6683868 0.6678383 0.6674432 0.6674212 0.6512914 0.6678071 0.6677159 0.6653574 0.6702150 0.6706729 0.6694361 0.6677159 
HM585497_Human_herpesvirus_1 0.0095184 0.0000000 0.0078834 0.0097491 0.0097491 0.0076330 0.0077805 0.0096307 0.0083162 0.0096307 0.0095126 0.0102338 0.0103366 0.0078834 0.6628279 0.6598346 0.6628279 0.6622798 0.6618858 0.6618706 0.6461991 0.6622558 0.6626090 0.6602545 0.6646578 0.6660158 0.6638802 0.6626090 
HM585498_Human_herpesvirus_1 0.0083756 0.0078834 0.0000000 0.0086009 0.0086009 0.0062563 0.0044140 0.0084857 0.0100442 0.0084857 0.0083706 0.0117850 0.0079217 0.0000010 0.6627059 0.6592683 0.6627059 0.6621580 0.6617641 0.6617489 0.6456439 0.6621339 0.6620418 0.6596886 0.6645351 0.6649914 0.6637577 0.6620418 
HM585499_Human_herpesvirus_1 0.0007899 0.0097491 0.0086009 0.0000000 0.0000010 0.0113840 0.0088410 0.0002939 0.0038746 0.0002939 0.0003933 0.0134760 0.0104625 0.0086009 0.6687664 0.6653224 0.6687664 0.6682178 0.6678227 0.6678008 0.6516710 0.6681867 0.6680956 0.6657371 0.6705947 0.6710527 0.6698159 0.6680956 
HM585500_Human_herpesvirus_1 0.0007899 0.0097491 0.0086009 0.0000010 0.0000000 0.0113840 0.0088410 0.0002939 0.0038746 0.0002939 0.0003933 0.0134760 0.0104625 0.0086009 0.6687664 0.6653224 0.6687664 0.6682178 0.6678227 0.6678008 0.6516710 0.6681867 0.6680956 0.6657371 0.6705947 0.6710527 0.6698159 0.6680956 
HM585501_Human_herpesvirus_1 0.0111478 0.0076330 0.0062563 0.0113840 0.0113840 0.0000000 0.0073771 0.0112622 0.0129222 0.0112622 0.0111407 0.0140608 0.0093836 0.0062563 0.6597166 0.6562782 0.6597166 0.6591690 0.6587757 0.6587597 0.6426661 0.6591444 0.6590518 0.6567013 0.6615421 0.6619975 0.6607654 0.6590518 
HM585502_Human_herpesvirus_1 0.0086148 0.0077805 0.0044140 0.0088410 0.0088410 0.0073771 0.0000000 0.0087252 0.0100544 0.0087252 0.0086096 0.0101400 0.0080393 0.0044140 0.6627447 0.6593078 0.6627447 0.6621969 0.6618030 0.6617878 0.6456860 0.6621728 0.6620807 0.6597280 0.6645736 0.6650298 0.6637963 0.6620807 
HM585503_Human_herpesvirus_1 0.0006906 0.0096307 0.0084857 0.0002939 0.0002939 0.0112622 0.0087252 0.0000000 0.0037692 0.0000010 0.0002939 0.0133495 0.0103429 0.0084857 0.6683323 0.6648882 0.6683323 0.6677838 0.6673888 0.6673668 0.6512391 0.6677526 0.6676614 0.6653033 0.6701602 0.6706180 0.6693814 0.6676614 
HM585504_Human_herpesvirus_1 0.0036660 0.0083162 0.0100442 0.0038746 0.0038746 0.0129222 0.0100544 0.0037692 0.0000000 0.0037692 0.0036640 0.0101919 0.0124643 0.0100442 0.6693661 0.6659189 0.6693661 0.6688169 0.6684213 0.6683996 0.6531550 0.6687859 0.6686948 0.6663335 0.6711970 0.6725589 0.6704172 0.6686948 
HM585505_Human_herpesvirus_1 0.0006906 0.0096307 0.0084857 0.0002939 0.0002939 0.0112622 0.0087252 0.0000010 0.0037692 0.0000000 0.0002939 0.0133495 0.0103429 0.0084857 0.6683323 0.6648882 0.6683323 0.6677838 0.6673888 0.6673668 0.6512391 0.6677526 0.6676614 0.6653033 0.6701602 0.6706180 0.6693814 0.6676614 
HM585506_Human_herpesvirus_1 0.0005914 0.0095126 0.0083706 0.0003933 0.0003933 0.0111407 0.0086096 0.0002939 0.0036640 0.0002939 0.0000000 0.0132233 0.0102235 0.0083706 0.6687970 0.6653529 0.6687970 0.6682484 0.6678533 0.6678314 0.6517007 0.6682173 0.6681262 0.6657676 0.6706255 0.6710835 0.6698466 0.6681262 
HM585509_Human_herpesvirus_1 0.0132320 0.0102338 0.0117850 0.0134760 0.0134760 0.0140608 0.0101400 0.0133495 0.0101919 0.0133495 0.0132233 0.0000000 0.0149921 0.0117850 0.6672419 0.6638027 0.6672419 0.6666930 0.6662979 0.6662838 0.6510483 0.6666698 0.6665784 0.6642192 0.6690783 0.6704391 0.6682991 0.6665784 
HM585510_Human_herpesvirus_1 0.0102299 0.0103366 0.0079217 0.0104625 0.0104625 0.0093836 0.0080393 0.0103429 0.0124643 0.0103429 0.0102235 0.0149921 0.0000000 0.0079217 0.6665817 0.6631460 0.6665817 0.6660335 0.6656389 0.6656247 0.6486037 0.6660101 0.6659187 0.6635626 0.6684152 0.6688725 0.6676371 0.6659187 
HM585511_Human_herpesvirus_1 0.0083756 0.0078834 0.0000010 0.0086009 0.0086009 0.0062563 0.0044140 0.0084857 0.0100442 0.0084857 0.0083706 0.0117850 0.0079217 0.0000000 0.6627059 0.6592683 0.6627059 0.6621580 0.6617641 0.6617489 0.6456439 0.6621339 0.6620418 0.6596886 0.6645351 0.6649914 0.6637577 0.6620418 
KR135299_Human_herpesvirus_2 0.6683868 0.6628279 0.6627059 0.6687664 0.6687664 0.6597166 0.6627447 0.6683323 0.6693661 0.6683323 0.6687970 0.6672419 0.6665817 0.6627059 0.0000000 0.0015525 0.0000010 0.0018661 0.0018519 0.0026135 0.0083384 0.0014364 0.0018508 0.0019574 0.0021890 0.0025135 0.0015566 0.0018508 
KR135300_Human_herpesvirus_2 0.6649423 0.6598346 0.6592683 0.6653224 0.6653224 0.6562782 0.6593078 0.6648882 0.6659189 0.6648882 0.6653529 0.6638027 0.6631460 0.6592683 0.0015525 0.0000000 0.0015525 0.0015425 0.0021839 0.0020698 0.0071854 0.0013405 0.0019705 0.0018630 0.0018651 0.0021861 0.0016563 0.0019705 
KR135301_Human_herpesvirus_2 0.6683868 0.6628279 0.6627059 0.6687664 0.6687664 0.6597166 0.6627447 0.6683323 0.6693661 0.6683323 0.6687970 0.6672419 0.6665817 0.6627059 0.0000010 0.0015525 0.0000000 0.0018661 0.0018519 0.0026135 0.0083384 0.0014364 0.0018508 0.0019574 0.0021890 0.0025135 0.0015566 0.0018508 
KR135302_Human_herpesvirus_2 0.6678383 0.6622798 0.6621580 0.6682178 0.6682178 0.6591690 0.6621969 0.6677838 0.6688169 0.6677838 0.6682484 0.6666930 0.6660335 0.6621580 0.0018661 0.0015425 0.0018661 0.0000000 0.0014425 0.0015434 0.0082873 0.0012328 0.0022912 0.0015503 0.0019685 0.0022900 0.0019705 0.0022912 
KR135303_Human_herpesvirus_2 0.6674432 0.6618858 0.6617641 0.6678227 0.6678227 0.6587757 0.6618030 0.6673888 0.6684213 0.6673888 0.6678533 0.6662979 0.6656389 0.6617641 0.0018519 0.0021839 0.0018519 0.0014425 0.0000000 0.0017626 0.0086952 0.0016442 0.0018533 0.0009178 0.0024054 0.0027319 0.0024079 0.0018533 
KR135304_Human_herpesvirus_2 0.6674212 0.6618706 0.6617489 0.6678008 0.6678008 0.6587597 0.6617878 0.6673668 0.6683996 0.6673668 0.6678314 0.6662838 0.6656247 0.6617489 0.0026135 0.0020698 0.0026135 0.0015434 0.0017626 0.0000000 0.0080626 0.0019713 0.0024016 0.0016579 0.0020732 0.0023954 0.0022869 0.0024016 
KR135305_Human_herpesvirus_2 0.6512914 0.6461991 0.6456439 0.6516710 0.6516710 0.6426661 0.6456860 0.6512391 0.6531550 0.6512391 0.6517007 0.6510483 0.6486037 0.6456439 0.0083384 0.0071854 0.0083384 0.0082873 0.0086952 0.0080626 0.0000000 0.0078415 0.0082035 0.0083137 0.0082025 0.0085826 0.0082113 0.0082035 
KR135306_Human_herpesvirus_2 0.6678071 0.6622558 0.6621339 0.6681867 0.6681867 0.6591444 0.6621728 0.6677526 0.6687859 0.6677526 0.6682173 0.6666698 0.6660101 0.6621339 0.0014364 0.0013405 0.0014364 0.0012328 0.0016442 0.0019713 0.0078415 0.0000000 0.0016460 0.0017522 0.0015521 0.0018712 0.0013441 0.0016460 
KR135307_Human_herpesvirus_2 0.6677159 0.6626090 0.6620418 0.6680956 0.6680956 0.6590518 0.6620807 0.6676614 0.6686948 0.6676614 0.6681262 0.6665784 0.6659187 0.6620418 0.0018508 0.0019705 0.0018508 0.0022912 0.0018533 0.0024016 0.0082035 0.0016460 0.0000000 0.0013296 0.0011370 0.0014538 0.0019803 0.0000010 
KR135315_Human_herpesvirus_2 0.6653574 0.6602545 0.6596886 0.6657371 0.6657371 0.6567013 0.6597280 0.6653033 0.6663335 0.6653033 0.6657676 0.6642192 0.6635626 0.6596886 0.0019574 0.0018630 0.0019574 0.0015503 0.0009178 0.0016579 0.0083137 0.0017522 0.0013296 0.0000000 0.0022994 0.0026252 0.0025155 0.0013296 
KR135316_Human_herpesvirus_2 0.6702150 0.6646578 0.6645351 0.6705947 0.6705947 0.6615421 0.6645736 0.6701602 0.6711970 0.6701602 0.6706255 0.6690783 0.6684152 0.6645351 0.0021890 0.0018651 0.0021890 0.0019685 0.0024054 0.0020732 0.0082025 0.0015521 0.0011370 0.0022994 0.0000000 0.0003036 0.0010196 0.0011370 
KR135317_Human_herpesvirus_2 0.6706729 0.6660158 0.6649914 0.6710527 0.6710527 0.6619975 0.6650298 0.6706180 0.6725589 0.6706180 0.6710835 0.6704391 0.6688725 0.6649914 0.0025135 0.0021861 0.0025135 0.0022900 0.0027319 0.0023954 0.0085826 0.0018712 0.0014538 0.0026252 0.0003036 0.0000000 0.0013317 0.0014538 
KR135318_Human_herpesvirus_2 0.6694361 0.6638802 0.6637577 0.6698159 0.6698159 0.6607654 0.6637963 0.6693814 0.6704172 0.6693814 0.6698466 0.6682991 0.6676371 0.6637577 0.0015566 0.0016563 0.0015566 0.0019705 0.0024079 0.0022869 0.0082113 0.0013441 0.0019803 0.0025155 0.0010196 0.0013317 0.0000000 0.0019803 
KR135319_Human_herpesvirus_2 0.6677159 0.6626090 0.6620418 0.6680956 0.6680956 0.6590518 0.6620807 0.6676614 0.6686948 0.6676614 0.6681262 0.6665784 0.6659187 0.6620418 0.0018508 0.0019705 0.0018508 0.0022912 0.0018533 0.0024016 0.0082035 0.0016460 0.0000010 0.0013296 0.0011370 0.0014538 0.0019803 0.0000000 
