29
HM585496_Human_herpesvirus_1 0.0000000 0.0090157 0.0076980 0.0000977 0.0000977 0.0085394 0.0069946 0.0001955 0.0135596 0.0001955 0.0002935 0.0001955 0.0157180 0.0073334 0.0076980 0.6486981 0.6512595 0.6505988 0.6514872 0.6500546 0.6516808 0.6520989 0.6509554 0.6541085 0.6469005 0.6521650 0.6535241 0.6484657 0.6541758 
HM585497_Human_herpesvirus_1 0.0090157 0.0000000 0.0054596 0.0090033 0.0090033 0.0050962 0.0070797 0.0091180 0.0124725 0.0091188 0.0092333 0.0091180 0.0124316 0.0082382 0.0054601 0.6439312 0.6460489 0.6458282 0.6471359 0.6461875 0.6478094 0.6473207 0.6461847 0.6493269 0.6438997 0.6478135 0.6487456 0.6432584 0.6493936 
HM585498_Human_herpesvirus_1 0.0076980 0.0054596 0.0000000 0.0078137 0.0078137 0.0033886 0.0039263 0.0079262 0.0115167 0.0079269 0.0080392 0.0079262 0.0116200 0.0053504 0.0000010 0.6385483 0.6406630 0.6404442 0.6417493 0.6408008 0.6424197 0.6419294 0.6408011 0.6439354 0.6385137 0.6424265 0.6433566 0.6378714 0.6440016 
HM585499_Human_herpesvirus_1 0.0000977 0.0090033 0.0078137 0.0000000 0.0000010 0.0086573 0.0071086 0.0002936 0.0136884 0.0002936 0.0003930 0.0002936 0.0158506 0.0074480 0.0078137 0.6493239 0.6518863 0.6512252 0.6521131 0.6506810 0.6523071 0.6527266 0.6515818 0.6547368 0.6475259 0.6527923 0.6541520 0.6490919 0.6548041 
HM585500_Human_herpesvirus_1 0.0000977 0.0090033 0.0078137 0.0000010 0.0000000 0.0086573 0.0071086 0.0002936 0.0136884 0.0002936 0.0003930 0.0002936 0.0158506 0.0074480 0.0078137 0.6493239 0.6518863 0.6512252 0.6521131 0.6506810 0.6523071 0.6527266 0.6515818 0.6547368 0.6475259 0.6527923 0.6541520 0.6490919 0.6548041 
HM585501_Human_herpesvirus_1 0.0085394 0.0050962 0.0033886 0.0086573 0.0086573 0.0000000 0.0053556 0.0087715 0.0124074 0.0087722 0.0088863 0.0087715 0.0125084 0.0066203 0.0033886 0.6386844 0.6408001 0.6405812 0.6418869 0.6409380 0.6425576 0.6420672 0.6409382 0.6440740 0.6386499 0.6425644 0.6434949 0.6380074 0.6441403 
HM585502_Human_herpesvirus_1 0.0069946 0.0070797 0.0039263 0.0071086 0.0071086 0.0053556 0.0000000 0.0072197 0.0107144 0.0072203 0.0073312 0.0072197 0.0122365 0.0051228 0.0039263 0.6416795 0.6442351 0.6439730 0.6449248 0.6443316 0.6459540 0.6454643 0.6443299 0.6474722 0.6416467 0.6456029 0.6468913 0.6414412 0.6475388 
HM585503_Human_herpesvirus_1 0.0001955 0.0091180 0.0079262 0.0002936 0.0002936 0.0087715 0.0072197 0.0000000 0.0138108 0.0000010 0.0004916 0.0000010 0.0159772 0.0075595 0.0079262 0.6491747 0.6517364 0.6510755 0.6519631 0.6505314 0.6521570 0.6525763 0.6514320 0.6545859 0.6473772 0.6526421 0.6540013 0.6489426 0.6546532 
HM585504_Human_herpesvirus_1 0.0135596 0.0124725 0.0115167 0.0136884 0.0136884 0.0124074 0.0107144 0.0138108 0.0000000 0.0138121 0.0139343 0.0138108 0.0076669 0.0118855 0.0115177 0.6387921 0.6404384 0.6410816 0.6427794 0.6414661 0.6426907 0.6425666 0.6414660 0.6449941 0.6387577 0.6430628 0.6440206 0.6376484 0.6450603 
HM585505_Human_herpesvirus_1 0.0001955 0.0091188 0.0079269 0.0002936 0.0002936 0.0087722 0.0072203 0.0000010 0.0138121 0.0000000 0.0004917 0.0000010 0.0159787 0.0075602 0.0079269 0.6492422 0.6518041 0.6511432 0.6520309 0.6505990 0.6522248 0.6526442 0.6514997 0.6546540 0.6474445 0.6527099 0.6540693 0.6490102 0.6547213 
HM585506_Human_herpesvirus_1 0.0002935 0.0092333 0.0080392 0.0003930 0.0003930 0.0088863 0.0073312 0.0004916 0.0139343 0.0004917 0.0000000 0.0004916 0.0161051 0.0076716 0.0080392 0.6494825 0.6520431 0.6513831 0.6522708 0.6508392 0.6524648 0.6528842 0.6517396 0.6548936 0.6476852 0.6529498 0.6543090 0.6492507 0.6549609 
HM585507_Human_herpesvirus_1 0.0001955 0.0091180 0.0079262 0.0002936 0.0002936 0.0087715 0.0072197 0.0000010 0.0138108 0.0000010 0.0004916 0.0000000 0.0159772 0.0075595 0.0079262 0.6491747 0.6517364 0.6510755 0.6519631 0.6505314 0.6521570 0.6525763 0.6514320 0.6545859 0.6473772 0.6526421 0.6540013 0.6489426 0.6546532 
HM585509_Human_herpesvirus_1 0.0157180 0.0124316 0.0116200 0.0158506 0.0158506 0.0125084 0.0122365 0.0159772 0.0076669 0.0159787 0.0161051 0.0159772 0.0000000 0.0135500 0.0116211 0.6422112 0.6438605 0.6445027 0.6459145 0.6448613 0.6464825 0.6459934 0.6448592 0.6479996 0.6421787 0.6461986 0.6474189 0.6419727 0.6477074 
HM585510_Human_herpesvirus_1 0.0073334 0.0082382 0.0053504 0.0074480 0.0074480 0.0066203 0.0051228 0.0075595 0.0118855 0.0075602 0.0076716 0.0075595 0.0135500 0.0000000 0.0053504 0.6434659 0.6455849 0.6457589 0.6470674 0.6461184 0.6477412 0.6472522 0.6461156 0.6492596 0.6430085 0.6477453 0.6486780 0.6427923 0.6493263 
HM585511_Human_herpesvirus_1 0.0076980 0.0054601 0.0000010 0.0078137 0.0078137 0.0033886 0.0039263 0.0079262 0.0115177 0.0079269 0.0080392 0.0079262 0.0116211 0.0053504 0.0000000 0.6386146 0.6407296 0.6405108 0.6418160 0.6408674 0.6424865 0.6419962 0.6408677 0.6440024 0.6385801 0.6424933 0.6434235 0.6379378 0.6440686 
KR135299_Human_herpesvirus_2 0.6486981 0.6439312 0.6385483 0.6493239 0.6493239 0.6386844 0.6416795 0.6491747 0.6387921 0.6492422 0.6494825 0.6491747 0.6422112 0.6434659 0.6386146 0.0000000 0.0035445 0.0021477 0.0053905 0.0032097 0.0042876 0.0047342 0.0031010 0.0044004 0.0023760 0.0047449 0.0048498 0.0044964 0.0044008 
KR135300_Human_herpesvirus_2 0.6512595 0.6460489 0.6406630 0.6518863 0.6518863 0.6408001 0.6442351 0.6517364 0.6404384 0.6518041 0.6520431 0.6517364 0.6438605 0.6455849 0.6407296 0.0035445 0.0000000 0.0043012 0.0058668 0.0043162 0.0052061 0.0052019 0.0044083 0.0053218 0.0032322 0.0045257 0.0048649 0.0043894 0.0053223 
KR135301_Human_herpesvirus_2 0.6505988 0.6458282 0.6404442 0.6512252 0.6512252 0.6405812 0.6439730 0.6510755 0.6410816 0.6511432 0.6513831 0.6510755 0.6445027 0.6457589 0.6405108 0.0021477 0.0043012 0.0000000 0.0037377 0.0039590 0.0028906 0.0031003 0.0021462 0.0029992 0.0036569 0.0031070 0.0034341 0.0047060 0.0029994 
KR135302_Human_herpesvirus_2 0.6514872 0.6471359 0.6417493 0.6521131 0.6521131 0.6418869 0.6449248 0.6519631 0.6427794 0.6520309 0.6522708 0.6519631 0.6459145 0.6470674 0.6418160 0.0053905 0.0058668 0.0037377 0.0000000 0.0044083 0.0037567 0.0031016 0.0039651 0.0034345 0.0059899 0.0037581 0.0042022 0.0058345 0.0035442 
KR135303_Human_herpesvirus_2 0.6500546 0.6461875 0.6408008 0.6506810 0.6506810 0.6409380 0.6443316 0.6505314 0.6414661 0.6505990 0.6508392 0.6505314 0.6448613 0.6461184 0.6408674 0.0032097 0.0043162 0.0039590 0.0044083 0.0000000 0.0026742 0.0029967 0.0029983 0.0032096 0.0024691 0.0033179 0.0035366 0.0051668 0.0031021 
KR135304_Human_herpesvirus_2 0.6516808 0.6478094 0.6424197 0.6523071 0.6523071 0.6425576 0.6459540 0.6521570 0.6426907 0.6522248 0.6524648 0.6521570 0.6464825 0.6477412 0.6424865 0.0042876 0.0052061 0.0028906 0.0037567 0.0026742 0.0000000 0.0019452 0.0030042 0.0018350 0.0039754 0.0021543 0.0022563 0.0053983 0.0018354 
KR135305_Human_herpesvirus_2 0.6520989 0.6473207 0.6419294 0.6527266 0.6527266 0.6420672 0.6454643 0.6525763 0.6425666 0.6526442 0.6528842 0.6525763 0.6459934 0.6472522 0.6419962 0.0047342 0.0052019 0.0031003 0.0031016 0.0029967 0.0019452 0.0000000 0.0030025 0.0019462 0.0046386 0.0020516 0.0023704 0.0051735 0.0019467 
KR135306_Human_herpesvirus_2 0.6509554 0.6461847 0.6408011 0.6515818 0.6515818 0.6409382 0.6443299 0.6514320 0.6414660 0.6514997 0.6517396 0.6514320 0.6448592 0.6461156 0.6408677 0.0031010 0.0044083 0.0021462 0.0039651 0.0029983 0.0030042 0.0030025 0.0000000 0.0034399 0.0035396 0.0028950 0.0031120 0.0050312 0.0034402 
KR135307_Human_herpesvirus_2 0.6541085 0.6493269 0.6439354 0.6547368 0.6547368 0.6440740 0.6474722 0.6545859 0.6449941 0.6546540 0.6548936 0.6545859 0.6479996 0.6492596 0.6440024 0.0044004 0.0053218 0.0029992 0.0034345 0.0032096 0.0018350 0.0019462 0.0034399 0.0000000 0.0040873 0.0007066 0.0009096 0.0050719 0.0000010 
KR135315_Human_herpesvirus_2 0.6469005 0.6438997 0.6385137 0.6475259 0.6475259 0.6386499 0.6416467 0.6473772 0.6387577 0.6474445 0.6476852 0.6473772 0.6421787 0.6430085 0.6385801 0.0023760 0.0032322 0.0036569 0.0059899 0.0024691 0.0039754 0.0046386 0.0035396 0.0040873 0.0000000 0.0033166 0.0036450 0.0046181 0.0040876 
KR135316_Human_herpesvirus_2 0.6521650 0.6478135 0.6424265 0.6527923 0.6527923 0.6425644 0.6456029 0.6526421 0.6430628 0.6527099 0.6529498 0.6526421 0.6461986 0.6477453 0.6424933 0.0047449 0.0045257 0.0031070 0.0037581 0.0033179 0.0021543 0.0020516 0.0028950 0.0007066 0.0033166 0.0000000 0.0004010 0.0047244 0.0008087 
KR135317_Human_herpesvirus_2 0.6535241 0.6487456 0.6433566 0.6541520 0.6541520 0.6434949 0.6468913 0.6540013 0.6440206 0.6540693 0.6543090 0.6540013 0.6474189 0.6486780 0.6434235 0.0048498 0.0048649 0.0034341 0.0042022 0.0035366 0.0022563 0.0023704 0.0031120 0.0009096 0.0036450 0.0004010 0.0000000 0.0050637 0.0009098 
KR135318_Human_herpesvirus_2 0.6484657 0.6432584 0.6378714 0.6490919 0.6490919 0.6380074 0.6414412 0.6489426 0.6376484 0.6490102 0.6492507 0.6489426 0.6419727 0.6427923 0.6379378 0.0044964 0.0043894 0.0047060 0.0058345 0.0051668 0.0053983 0.0051735 0.0050312 0.0050719 0.0046181 0.0047244 0.0050637 0.0000000 0.0050723 
KR135319_Human_herpesvirus_2 0.6541758 0.6493936 0.6440016 0.6548041 0.6548041 0.6441403 0.6475388 0.6546532 0.6450603 0.6547213 0.6549609 0.6546532 0.6477074 0.6493263 0.6440686 0.0044008 0.0053223 0.0029994 0.0035442 0.0031021 0.0018354 0.0019467 0.0034402 0.0000010 0.0040876 0.0008087 0.0009098 0.0050723 0.0000000 
