29
HM585496_Human_herpesvirus_1 0.0000000 0.0090422 0.0122651 0.0040196 0.0041298 0.0144089 0.0142426 0.0004967 0.0132265 0.0004967 0.0003972 0.0004974 0.0194140 0.0145441 0.0123923 1.0818290 1.0748068 1.0788249 1.0731905 1.0806264 1.0747751 1.0746179 1.0776958 1.0805269 1.0781274 1.0773313 1.0767854 1.0749241 1.0785332 
HM585497_Human_herpesvirus_1 0.0090422 0.0000000 0.0093810 0.0078996 0.0080215 0.0120479 0.0106906 0.0093890 0.0173878 0.0093890 0.0092735 0.0092755 0.0201543 0.0145598 0.0095003 1.0827099 1.0756814 1.0797028 1.0746219 1.0814673 1.0755128 1.0753181 1.0790716 1.0826474 1.0784098 1.0787988 1.0785222 1.0757991 1.0800429 
HM585498_Human_herpesvirus_1 0.0122651 0.0093810 0.0000000 0.0117718 0.0117858 0.0091435 0.0054112 0.0126299 0.0192516 0.0126287 0.0123856 0.0125105 0.0186999 0.0120548 0.0000991 1.0877469 1.0807107 1.0847347 1.0783383 1.0865426 1.0806807 1.0805286 1.0835478 1.0876892 1.0834416 1.0838700 1.0835562 1.0808293 1.0850842 
HM585499_Human_herpesvirus_1 0.0040196 0.0078996 0.0117718 0.0000000 0.0001985 0.0126249 0.0123714 0.0041244 0.0123356 0.0041244 0.0040188 0.0040189 0.0212719 0.0149890 0.0118966 1.0837780 1.0767356 1.0807646 1.0755857 1.0825722 1.0765669 1.0764109 1.0789615 1.0837164 1.0800653 1.0798978 1.0795824 1.0767161 1.0811072 
HM585500_Human_herpesvirus_1 0.0041298 0.0080215 0.0117858 0.0001985 0.0000000 0.0126402 0.0123863 0.0042345 0.0123504 0.0042345 0.0041290 0.0041287 0.0212740 0.0150077 0.0119108 1.0848956 1.0778508 1.0818807 1.0767016 1.0836895 1.0776822 1.0775272 1.0800777 1.0829139 1.0811814 1.0790982 1.0787827 1.0778314 1.0803058 
HM585501_Human_herpesvirus_1 0.0144089 0.0120479 0.0091435 0.0126249 0.0126402 0.0000000 0.0098201 0.0147831 0.0199964 0.0147816 0.0146568 0.0146601 0.0204273 0.0086180 0.0092623 1.0824101 1.0753768 1.0794011 1.0734686 1.0812057 1.0753452 1.0751883 1.0776236 1.0823473 1.0781071 1.0785350 1.0782195 1.0754944 1.0797408 
HM585502_Human_herpesvirus_1 0.0142426 0.0106906 0.0054112 0.0123714 0.0123863 0.0098201 0.0000000 0.0146163 0.0206062 0.0146149 0.0144919 0.0144938 0.0219053 0.0138921 0.0055217 1.0921077 1.0863895 1.0904172 1.0840192 1.0922304 1.0863611 1.0862139 1.0892309 1.0933824 1.0891237 1.0895531 1.0892408 1.0865092 1.0907773 
HM585503_Human_herpesvirus_1 0.0004967 0.0093890 0.0126299 0.0041244 0.0042345 0.0147831 0.0146163 0.0000000 0.0135947 0.0000010 0.0004970 0.0000010 0.0199510 0.0149191 0.0127567 1.0861537 1.0791152 1.0831411 1.0775002 1.0849488 1.0789470 1.0787934 1.0820121 1.0848532 1.0824426 1.0816455 1.0810996 1.0792336 1.0828565 
HM585504_Human_herpesvirus_1 0.0132265 0.0173878 0.0192516 0.0123356 0.0123504 0.0199964 0.0206062 0.0135947 0.0000000 0.0135933 0.0134696 0.0134739 0.0122775 0.0203176 0.0193959 1.0935243 1.0864675 1.0905017 1.0853243 1.0923180 1.0864390 1.0862917 1.0886997 1.0928319 1.0898023 1.0896363 1.0893481 1.0865874 1.0908626 
HM585505_Human_herpesvirus_1 0.0004967 0.0093890 0.0126287 0.0041244 0.0042345 0.0147816 0.0146149 0.0000010 0.0135933 0.0000000 0.0004970 0.0000010 0.0199489 0.0149176 0.0127554 1.0858867 1.0788501 1.0828750 1.0772352 1.0846821 1.0786820 1.0785281 1.0817462 1.0845863 1.0821766 1.0813797 1.0808339 1.0789684 1.0825900 
HM585506_Human_herpesvirus_1 0.0003972 0.0092735 0.0123856 0.0040188 0.0041290 0.0146568 0.0144919 0.0004970 0.0134696 0.0004970 0.0000000 0.0004969 0.0195477 0.0147897 0.0125130 1.0825716 1.0755455 1.0795656 1.0739292 1.0813684 1.0755140 1.0753575 1.0784364 1.0812696 1.0788678 1.0780715 1.0775254 1.0756631 1.0792751 
HM585507_Human_herpesvirus_1 0.0004974 0.0092755 0.0125105 0.0040189 0.0041287 0.0146601 0.0144938 0.0000010 0.0134739 0.0000010 0.0004969 0.0000000 0.0199509 0.0147958 0.0126370 1.0855050 1.0784688 1.0824936 1.0768536 1.0843005 1.0783006 1.0781463 1.0820020 1.0842043 1.0817952 1.0809983 1.0804524 1.0785870 1.0822080 
HM585509_Human_herpesvirus_1 0.0194140 0.0201543 0.0186999 0.0212719 0.0212740 0.0204273 0.0219053 0.0199510 0.0122775 0.0199489 0.0195477 0.0199509 0.0000000 0.0216441 0.0185699 1.1019397 1.0948954 1.0989191 1.0929988 1.1007358 1.0948693 1.0947300 1.0965126 1.1012188 1.0976280 1.0973586 1.0968418 1.0950164 1.0986182 
HM585510_Human_herpesvirus_1 0.0145441 0.0145598 0.0120548 0.0149890 0.0150077 0.0086180 0.0138921 0.0149191 0.0203176 0.0149176 0.0147897 0.0147958 0.0216441 0.0000000 0.0122300 1.0996817 1.0939824 1.0966635 1.0915077 1.0984782 1.0932349 1.0930941 1.0948688 1.0996354 1.0953726 1.0957773 1.0954921 1.0933821 1.0970344 
HM585511_Human_herpesvirus_1 0.0123923 0.0095003 0.0000991 0.0118966 0.0119108 0.0092623 0.0055217 0.0127567 0.0193959 0.0127554 0.0125130 0.0126370 0.0185699 0.0122300 0.0000000 1.0958923 1.0888739 1.0928852 1.0865149 1.0946918 1.0888462 1.0887019 1.0917045 1.0958425 1.0915973 1.0920006 1.0917149 1.0889935 1.0932473 
KR135299_Human_herpesvirus_2 1.0818290 1.0827099 1.0877469 1.0837780 1.0848956 1.0824101 1.0921077 1.0861537 1.0935243 1.0858867 1.0825716 1.0855050 1.1019397 1.0996817 1.0958923 0.0000000 0.0027082 0.0011708 0.0027144 0.0022647 0.0019355 0.0027219 0.0026057 0.0019442 0.0009561 0.0032901 0.0023820 0.0018245 0.0013915 
KR135300_Human_herpesvirus_2 1.0748068 1.0756814 1.0807107 1.0767356 1.0778508 1.0753768 1.0863895 1.0791152 1.0864675 1.0788501 1.0755455 1.0784688 1.0948954 1.0939824 1.0888739 0.0027082 0.0000000 0.0027012 0.0037134 0.0034839 0.0017089 0.0022573 0.0031582 0.0027185 0.0023688 0.0029332 0.0027103 0.0022570 0.0023782 
KR135301_Human_herpesvirus_2 1.0788249 1.0797028 1.0847347 1.0807646 1.0818807 1.0794011 1.0904172 1.0831411 1.0905017 1.0828750 1.0795656 1.0824936 1.0989191 1.0966635 1.0928852 0.0011708 0.0027012 0.0000000 0.0027067 0.0021479 0.0018202 0.0027149 0.0024862 0.0018282 0.0008464 0.0032809 0.0023755 0.0018199 0.0014968 
KR135302_Human_herpesvirus_2 1.0731905 1.0746219 1.0783383 1.0755857 1.0767016 1.0734686 1.0840192 1.0775002 1.0853243 1.0772352 1.0739292 1.0768536 1.0929988 1.0915077 1.0865149 0.0027144 0.0037134 0.0027067 0.0000000 0.0033787 0.0029364 0.0030474 0.0032731 0.0031691 0.0023736 0.0041984 0.0032697 0.0022559 0.0028250 
KR135303_Human_herpesvirus_2 1.0806264 1.0814673 1.0865426 1.0825722 1.0836895 1.0812057 1.0922304 1.0849488 1.0923180 1.0846821 1.0813684 1.0843005 1.1007358 1.0984782 1.0946918 0.0022647 0.0034839 0.0021479 0.0033787 0.0000000 0.0029292 0.0031652 0.0027120 0.0027137 0.0017126 0.0038414 0.0031557 0.0025886 0.0023746 
KR135304_Human_herpesvirus_2 1.0747751 1.0755128 1.0806807 1.0765669 1.0776822 1.0753452 1.0863611 1.0789470 1.0864390 1.0786820 1.0755140 1.0783006 1.0948693 1.0932349 1.0888462 0.0019355 0.0017089 0.0018202 0.0029364 0.0029292 0.0000000 0.0016053 0.0030541 0.0023864 0.0016032 0.0023780 0.0028279 0.0020427 0.0020494 
KR135305_Human_herpesvirus_2 1.0746179 1.0753181 1.0805286 1.0764109 1.0775272 1.0751883 1.0862139 1.0787934 1.0862917 1.0785281 1.0753575 1.0781463 1.0947300 1.0930941 1.0887019 0.0027219 0.0022573 0.0027149 0.0030474 0.0031652 0.0016053 0.0000000 0.0032840 0.0031796 0.0023806 0.0026062 0.0032803 0.0022627 0.0028340 
KR135306_Human_herpesvirus_2 1.0776958 1.0790716 1.0835478 1.0789615 1.0800777 1.0776236 1.0892309 1.0820121 1.0886997 1.0817462 1.0784364 1.0820020 1.0965126 1.0948688 1.0917045 0.0026057 0.0031582 0.0024862 0.0032731 0.0027120 0.0030541 0.0032840 0.0000000 0.0021626 0.0022657 0.0039679 0.0023764 0.0020468 0.0022748 
KR135307_Human_herpesvirus_2 1.0805269 1.0826474 1.0876892 1.0837164 1.0829139 1.0823473 1.0933824 1.0848532 1.0928319 1.0845863 1.0812696 1.0842043 1.1012188 1.0996354 1.0958425 0.0019442 0.0027185 0.0018282 0.0031691 0.0027137 0.0023864 0.0031796 0.0021626 0.0000000 0.0016100 0.0026033 0.0010641 0.0018315 0.0003176 
KR135315_Human_herpesvirus_2 1.0781274 1.0784098 1.0834416 1.0800653 1.0811814 1.0781071 1.0891237 1.0824426 1.0898023 1.0821766 1.0788678 1.0817952 1.0976280 1.0953726 1.0915973 0.0009561 0.0023688 0.0008464 0.0023736 0.0017126 0.0016032 0.0023806 0.0022657 0.0016100 0.0000000 0.0029430 0.0020447 0.0014936 0.0012806 
KR135316_Human_herpesvirus_2 1.0773313 1.0787988 1.0838700 1.0798978 1.0790982 1.0785350 1.0895531 1.0816455 1.0896363 1.0813797 1.0780715 1.0809983 1.0973586 1.0957773 1.0920006 0.0032901 0.0029332 0.0032809 0.0041984 0.0038414 0.0023780 0.0026062 0.0039679 0.0026033 0.0029430 0.0000000 0.0028230 0.0029399 0.0024898 
KR135317_Human_herpesvirus_2 1.0767854 1.0785222 1.0835562 1.0795824 1.0787827 1.0782195 1.0892408 1.0810996 1.0893481 1.0808339 1.0775254 1.0804524 1.0968418 1.0954921 1.0917149 0.0023820 0.0027103 0.0023755 0.0032697 0.0031557 0.0028279 0.0032803 0.0023764 0.0010641 0.0020447 0.0028230 0.0000000 0.0020439 0.0011723 
KR135318_Human_herpesvirus_2 1.0749241 1.0757991 1.0808293 1.0767161 1.0778314 1.0754944 1.0865092 1.0792336 1.0865874 1.0789684 1.0756631 1.0785870 1.0950164 1.0933821 1.0889935 0.0018245 0.0022570 0.0018199 0.0022559 0.0025886 0.0020427 0.0022627 0.0020468 0.0018315 0.0014936 0.0029399 0.0020439 0.0000000 0.0014995 
KR135319_Human_herpesvirus_2 1.0785332 1.0800429 1.0850842 1.0811072 1.0803058 1.0797408 1.0907773 1.0828565 1.0908626 1.0825900 1.0792751 1.0822080 1.0986182 1.0970344 1.0932473 0.0013915 0.0023782 0.0014968 0.0028250 0.0023746 0.0020494 0.0028340 0.0022748 0.0003176 0.0012806 0.0024898 0.0011723 0.0014995 0.0000000 
