28
HM585496_Human_herpesvirus_1 0.0000000 0.0051303 0.0115411 0.0003946 0.0003946 0.0107980 0.0087924 0.0003939 0.0002949 0.0003939 0.0002951 0.0108131 0.0101377 0.0115411 0.8667054 0.8681479 0.8668749 0.8681001 0.8660176 0.8671520 0.8677164 0.8636952 0.8682643 0.8705280 0.8678660 0.8701163 0.8650167 0.8682643 
HM585497_Human_herpesvirus_1 0.0051303 0.0000000 0.0077969 0.0051447 0.0051447 0.0095508 0.0073259 0.0051345 0.0050200 0.0051345 0.0050238 0.0104252 0.0082622 0.0077969 0.8663350 0.8677744 0.8665039 0.8677264 0.8656491 0.8667807 0.8669675 0.8629554 0.8678905 0.8697733 0.8674931 0.8697381 0.8642736 0.8678905 
HM585498_Human_herpesvirus_1 0.0115411 0.0077969 0.0000000 0.0115768 0.0115768 0.0066712 0.0068598 0.0115512 0.0114150 0.0115512 0.0113506 0.0091012 0.0063793 0.0000010 0.8647156 0.8656643 0.8648843 0.8656143 0.8635380 0.8646689 0.8659136 0.8608426 0.8657801 0.8676630 0.8653825 0.8676279 0.8621604 0.8657801 
HM585499_Human_herpesvirus_1 0.0003946 0.0051447 0.0115768 0.0000000 0.0000010 0.0108312 0.0088187 0.0003949 0.0002956 0.0003949 0.0002958 0.0108464 0.0101685 0.0115768 0.8673812 0.8688236 0.8675509 0.8687764 0.8666926 0.8678277 0.8683922 0.8643695 0.8689400 0.8712046 0.8685417 0.8707929 0.8656917 0.8689400 
HM585500_Human_herpesvirus_1 0.0003946 0.0051447 0.0115768 0.0000010 0.0000000 0.0108312 0.0088187 0.0003949 0.0002956 0.0003949 0.0002958 0.0108464 0.0101685 0.0115768 0.8673812 0.8688236 0.8675509 0.8687764 0.8666926 0.8678277 0.8683922 0.8643695 0.8689400 0.8712046 0.8685417 0.8707929 0.8656917 0.8689400 
HM585501_Human_herpesvirus_1 0.0107980 0.0095508 0.0066712 0.0108312 0.0108312 0.0000000 0.0052770 0.0108073 0.0106737 0.0108073 0.0106080 0.0077745 0.0059730 0.0066712 0.8638659 0.8648169 0.8640346 0.8647661 0.8626873 0.8638195 0.8650660 0.8599874 0.8649328 0.8668184 0.8645345 0.8667832 0.8613068 0.8649328 
HM585502_Human_herpesvirus_1 0.0087924 0.0073259 0.0068598 0.0088187 0.0088187 0.0052770 0.0000000 0.0087995 0.0086726 0.0087995 0.0086800 0.0082460 0.0052458 0.0068598 0.8603661 0.8618124 0.8605337 0.8617589 0.8596852 0.8608144 0.8620591 0.8569874 0.8619278 0.8638104 0.8615298 0.8637753 0.8583040 0.8619278 
HM585503_Human_herpesvirus_1 0.0003939 0.0051345 0.0115512 0.0003949 0.0003949 0.0108073 0.0087995 0.0000000 0.0002951 0.0000010 0.0002953 0.0108224 0.0101462 0.0115512 0.8664730 0.8679160 0.8666424 0.8678680 0.8657852 0.8669197 0.8674842 0.8634624 0.8680323 0.8702965 0.8676339 0.8698847 0.8647840 0.8680323 
HM585504_Human_herpesvirus_1 0.0002949 0.0050200 0.0114150 0.0002956 0.0002956 0.0106737 0.0086726 0.0002951 0.0000000 0.0002951 0.0001965 0.0106882 0.0100148 0.0114150 0.8668215 0.8682640 0.8669910 0.8682163 0.8661336 0.8672681 0.8678325 0.8638111 0.8683804 0.8706443 0.8679821 0.8702326 0.8651326 0.8683804 
HM585505_Human_herpesvirus_1 0.0003939 0.0051345 0.0115512 0.0003949 0.0003949 0.0108073 0.0087995 0.0000010 0.0002951 0.0000000 0.0002953 0.0108224 0.0101462 0.0115512 0.8664730 0.8679160 0.8666424 0.8678680 0.8657852 0.8669197 0.8674842 0.8634624 0.8680323 0.8702965 0.8676339 0.8698847 0.8647840 0.8680323 
HM585506_Human_herpesvirus_1 0.0002951 0.0050238 0.0113506 0.0002958 0.0002958 0.0106080 0.0086800 0.0002953 0.0001965 0.0002953 0.0000000 0.0106223 0.0100236 0.0113506 0.8664204 0.8678633 0.8665898 0.8678153 0.8657328 0.8668671 0.8674316 0.8634101 0.8679796 0.8702436 0.8675813 0.8698318 0.8647316 0.8679796 
HM585509_Human_herpesvirus_1 0.0108131 0.0104252 0.0091012 0.0108464 0.0108464 0.0077745 0.0082460 0.0108224 0.0106882 0.0108224 0.0106223 0.0000000 0.0094838 0.0091012 0.8680474 0.8689954 0.8682173 0.8689484 0.8668637 0.8679993 0.8681869 0.8641622 0.8691120 0.8710009 0.8687135 0.8709656 0.8654849 0.8691120 
HM585510_Human_herpesvirus_1 0.0101377 0.0082622 0.0063793 0.0101685 0.0101685 0.0059730 0.0052458 0.0101462 0.0100148 0.0101462 0.0100236 0.0094838 0.0000000 0.0063793 0.8651082 0.8660548 0.8652767 0.8660053 0.8639325 0.8645692 0.8663039 0.8607502 0.8661704 0.8680500 0.8657735 0.8675225 0.8620654 0.8661704 
HM585511_Human_herpesvirus_1 0.0115411 0.0077969 0.0000010 0.0115768 0.0115768 0.0066712 0.0068598 0.0115512 0.0114150 0.0115512 0.0113506 0.0091012 0.0063793 0.0000000 0.8647156 0.8656643 0.8648843 0.8656143 0.8635380 0.8646689 0.8659136 0.8608426 0.8657801 0.8676630 0.8653825 0.8676279 0.8621604 0.8657801 
KR135299_Human_herpesvirus_2 0.8667054 0.8663350 0.8647156 0.8673812 0.8673812 0.8638659 0.8603661 0.8664730 0.8668215 0.8664730 0.8664204 0.8680474 0.8651082 0.8647156 0.0000000 0.0023129 0.0004066 0.0021881 0.0019733 0.0016557 0.0021909 0.0025081 0.0008193 0.0015501 0.0011283 0.0011307 0.0018647 0.0008193 
KR135300_Human_herpesvirus_2 0.8681479 0.8677744 0.8656643 0.8688236 0.8688236 0.8648169 0.8618124 0.8679160 0.8682640 0.8679160 0.8678633 0.8689954 0.8660548 0.8656643 0.0023129 0.0000000 0.0025314 0.0015591 0.0017750 0.0023099 0.0026399 0.0023109 0.0025264 0.0030683 0.0026296 0.0028527 0.0029699 0.0025264 
KR135301_Human_herpesvirus_2 0.8668749 0.8665039 0.8648843 0.8675509 0.8675509 0.8640346 0.8605337 0.8666424 0.8669910 0.8666424 0.8665898 0.8682173 0.8652767 0.8648843 0.0004066 0.0025314 0.0000000 0.0024042 0.0021876 0.0018688 0.0024069 0.0027253 0.0010273 0.0017626 0.0013378 0.0013402 0.0020788 0.0010273 
KR135302_Human_herpesvirus_2 0.8681001 0.8677264 0.8656143 0.8687764 0.8687764 0.8647661 0.8617589 0.8678680 0.8682163 0.8678680 0.8678153 0.8689484 0.8660053 0.8656143 0.0021881 0.0015591 0.0024042 0.0000000 0.0022973 0.0026194 0.0027338 0.0028370 0.0024011 0.0027267 0.0025039 0.0027245 0.0028393 0.0024011 
KR135303_Human_herpesvirus_2 0.8660176 0.8656491 0.8635380 0.8666926 0.8666926 0.8626873 0.8596852 0.8657852 0.8661336 0.8657852 0.8657328 0.8668637 0.8639325 0.8635380 0.0019733 0.0017750 0.0021876 0.0022973 0.0000000 0.0013392 0.0027241 0.0015487 0.0021840 0.0022892 0.0016512 0.0025046 0.0019772 0.0021840 
KR135304_Human_herpesvirus_2 0.8671520 0.8667807 0.8646689 0.8678277 0.8678277 0.8638195 0.8608144 0.8669197 0.8672681 0.8669197 0.8668671 0.8679993 0.8645692 0.8646689 0.0016557 0.0023099 0.0018688 0.0026194 0.0013392 0.0000000 0.0026167 0.0020773 0.0018652 0.0019698 0.0015460 0.0021841 0.0020832 0.0018652 
KR135305_Human_herpesvirus_2 0.8677164 0.8669675 0.8659136 0.8683922 0.8683922 0.8650660 0.8620591 0.8674842 0.8678325 0.8674842 0.8674316 0.8681869 0.8663039 0.8659136 0.0021909 0.0026399 0.0024069 0.0027338 0.0027241 0.0026167 0.0000000 0.0030498 0.0024028 0.0025083 0.0025054 0.0027257 0.0030594 0.0024028 
KR135306_Human_herpesvirus_2 0.8636952 0.8629554 0.8608426 0.8643695 0.8643695 0.8599874 0.8569874 0.8634624 0.8638111 0.8634624 0.8634101 0.8641622 0.8607502 0.8608426 0.0025081 0.0023109 0.0027253 0.0028370 0.0015487 0.0020773 0.0030498 0.0000000 0.0025056 0.0023967 0.0021807 0.0028284 0.0027282 0.0025056 
KR135307_Human_herpesvirus_2 0.8682643 0.8678905 0.8657801 0.8689400 0.8689400 0.8649328 0.8619278 0.8680323 0.8683804 0.8680323 0.8679796 0.8691120 0.8661704 0.8657801 0.0008193 0.0025264 0.0010273 0.0024011 0.0021840 0.0018652 0.0024028 0.0025056 0.0000000 0.0015486 0.0009201 0.0009220 0.0027285 0.0000010 
KR135315_Human_herpesvirus_2 0.8705280 0.8697733 0.8676630 0.8712046 0.8712046 0.8668184 0.8638104 0.8702965 0.8706443 0.8702965 0.8702436 0.8710009 0.8680500 0.8676630 0.0015501 0.0030683 0.0017626 0.0027267 0.0022892 0.0019698 0.0025083 0.0023967 0.0015486 0.0000000 0.0014409 0.0018653 0.0026185 0.0015486 
KR135316_Human_herpesvirus_2 0.8678660 0.8674931 0.8653825 0.8685417 0.8685417 0.8645345 0.8615298 0.8676339 0.8679821 0.8676339 0.8675813 0.8687135 0.8657735 0.8653825 0.0011283 0.0026296 0.0013378 0.0025039 0.0016512 0.0015460 0.0025054 0.0021807 0.0009201 0.0014409 0.0000000 0.0012315 0.0021869 0.0009201 
KR135317_Human_herpesvirus_2 0.8701163 0.8697381 0.8676279 0.8707929 0.8707929 0.8667832 0.8637753 0.8698847 0.8702326 0.8698847 0.8698318 0.8709656 0.8675225 0.8676279 0.0011307 0.0028527 0.0013402 0.0027245 0.0025046 0.0021841 0.0027257 0.0028284 0.0009220 0.0018653 0.0012315 0.0000000 0.0030545 0.0009220 
KR135318_Human_herpesvirus_2 0.8650167 0.8642736 0.8621604 0.8656917 0.8656917 0.8613068 0.8583040 0.8647840 0.8651326 0.8647840 0.8647316 0.8654849 0.8620654 0.8621604 0.0018647 0.0029699 0.0020788 0.0028393 0.0019772 0.0020832 0.0030594 0.0027282 0.0027285 0.0026185 0.0021869 0.0030545 0.0000000 0.0027285 
KR135319_Human_herpesvirus_2 0.8682643 0.8678905 0.8657801 0.8689400 0.8689400 0.8649328 0.8619278 0.8680323 0.8683804 0.8680323 0.8679796 0.8691120 0.8661704 0.8657801 0.0008193 0.0025264 0.0010273 0.0024011 0.0021840 0.0018652 0.0024028 0.0025056 0.0000010 0.0015486 0.0009201 0.0009220 0.0027285 0.0000000 
